00 00
01 01
02 02
03 03
04 04
05 05
06 06
07 07
08 08
09 09
10 10
11 11
12 12
13 13
14 14
15 15
16 16
17 17
18 18
19 19
20 20
21 21
22 22
23 23
24 24
25 25
26 26
27 27
28 28
29 29
30 30
31 31
32 32
33 33
34 34
35 35
36 36
37 37
38 38
39 39
40 40
41 41
42 42
43 43
44 44
45 45
46 46
47 47
48 48
49 49
50 50
51 51
52 52
53 53
54 54
55 55
56 56
57 57
58 58
59 59
60 60
61 61
62 62
63 63
64 64
65 65
66 66
67 67
68 68
69 69
70 70
71 71
72 72
73 73
74 74
75 75
76 76
77 77
78 78
79 79
80 80
81 81
82 82
83 83
84 84
85 85
86 86
87 87
88 88
89 89
9000 9000
9001 9001
9002 9002
9003 9003
9004 9004
9005 9005
9006 9006
9007 9007
9008 9008
9009 9009
9010 9010
9011 9011
9012 9012
9013 9013
9014 9014
9015 9015
9016 9016
9017 9017
9018 9018
9019 9019
9020 9020
9021 9021
9022 9022
9023 9023
9024 9024
9025 9025
9026 9026
9027 9027
9028 9028
9029 9029
9030 9030
9031 9031
9032 9032
9033 9033
9034 9034
9035 9035
9036 9036
9037 9037
9038 9038
9039 9039
9040 9040
9041 9041
9042 9042
9043 9043
9044 9044
9045 9045
9046 9046
9047 9047
9048 9048
9049 9049
9050 9050
9051 9051
9052 9052
9053 9053
9054 9054
9055 9055
9056 9056
9057 9057
9058 9058
9059 9059
9060 9060
9061 9061
9062 9062
9063 9063
9064 9064
9065 9065
9066 9066
9067 9067
9068 9068
9069 9069
9070 9070
9071 9071
9072 9072
9073 9073
9074 9074
9075 9075
9076 9076
9077 9077
9078 9078
9079 9079
9080 9080
9081 9081
9082 9082
9083 9083
9084 9084
9085 9085
9086 9086
9087 9087
9088 9088
9089 9089
9090 9090
9091 9091
9092 9092
9093 9093
9094 9094
9095 9095
9096 9096
9097 9097
9098 9098
9099 9099
9100 9100
9101 9101
9102 9102
9103 9103
9104 9104
9105 9105
9106 9106
9107 9107
9108 9108
9109 9109
9110 9110
9111 9111
9112 9112
9113 9113
9114 9114
9115 9115
9116 9116
9117 9117
9118 9118
9119 9119
9120 9120
9121 9121
9122 9122
9123 9123
9124 9124
9125 9125
9126 9126
9127 9127
9128 9128
9129 9129
9130 9130
9131 9131
9132 9132
9133 9133
9134 9134
9135 9135
9136 9136
9137 9137
9138 9138
9139 9139
9140 9140
9141 9141
9142 9142
9143 9143
9144 9144
9145 9145
9146 9146
9147 9147
9148 9148
9149 9149
9150 9150
9151 9151
9152 9152
9153 9153
9154 9154
9155 9155
9156 9156
9157 9157
9158 9158
9159 9159
9160 9160
9161 9161
9162 9162
9163 9163
9164 9164
9165 9165
9166 9166
9167 9167
9168 9168
9169 9169
9170 9170
9171 9171
9172 9172
9173 9173
9174 9174
9175 9175
9176 9176
9177 9177
9178 9178
9179 9179
9180 9180
9181 9181
9182 9182
9183 9183
9184 9184
9185 9185
9186 9186
9187 9187
9188 9188
9189 9189
9190 9190
9191 9191
9192 9192
9193 9193
9194 9194
9195 9195
9196 9196
9197 9197
9198 9198
9199 9199
9200 9200
9201 9201
9202 9202
9203 9203
9204 9204
9205 9205
9206 9206
9207 9207
9208 9208
9209 9209
9210 9210
9211 9211
9212 9212
9213 9213
9214 9214
9215 9215
9216 9216
9217 9217
9218 9218
9219 9219
9220 9220
9221 9221
9222 9222
9223 9223
9224 9224
9225 9225
9226 9226
9227 9227
9228 9228
9229 9229
9230 9230
9231 9231
9232 9232
9233 9233
9234 9234
9235 9235
9236 9236
9237 9237
9238 9238
9239 9239
9240 9240
9241 9241
9242 9242
9243 9243
9244 9244
9245 9245
9246 9246
9247 9247
9248 9248
9249 9249
9250 9250
9251 9251
9252 9252
9253 9253
9254 9254
9255 9255
9256 9256
9257 9257
9258 9258
9259 9259
9260 9260
9261 9261
9262 9262
9263 9263
9264 9264
9265 9265
9266 9266
9267 9267
9268 9268
9269 9269
9270 9270
9271 9271
9272 9272
9273 9273
9274 9274
9275 9275
9276 9276
9277 9277
9278 9278
9279 9279
9280 9280
9281 9281
9282 9282
9283 9283
9284 9284
9285 9285
9286 9286
9287 9287
9288 9288
9289 9289
9290 9290
9291 9291
9292 9292
9293 9293
9294 9294
9295 9295
9296 9296
9297 9297
9298 9298
9299 9299
9300 9300
9301 9301
9302 9302
9303 9303
9304 9304
9305 9305
9306 9306
9307 9307
9308 9308
9309 9309
9310 9310
9311 9311
9312 9312
9313 9313
9314 9314
9315 9315
9316 9316
9317 9317
9318 9318
9319 9319
9320 9320
9321 9321
9322 9322
9323 9323
9324 9324
9325 9325
9326 9326
9327 9327
9328 9328
9329 9329
9330 9330
9331 9331
9332 9332
9333 9333
9334 9334
9335 9335
9336 9336
9337 9337
9338 9338
9339 9339
9340 9340
9341 9341
9342 9342
9343 9343
9344 9344
9345 9345
9346 9346
9347 9347
9348 9348
9349 9349
9350 9350
9351 9351
9352 9352
9353 9353
9354 9354
9355 9355
9356 9356
9357 9357
9358 9358
9359 9359
9360 9360
9361 9361
9362 9362
9363 9363
9364 9364
9365 9365
9366 9366
9367 9367
9368 9368
9369 9369
9370 9370
9371 9371
9372 9372
9373 9373
9374 9374
9375 9375
9376 9376
9377 9377
9378 9378
9379 9379
9380 9380
9381 9381
9382 9382
9383 9383
9384 9384
9385 9385
9386 9386
9387 9387
9388 9388
9389 9389
9390 9390
9391 9391
9392 9392
9393 9393
9394 9394
9395 9395
9396 9396
9397 9397
9398 9398
9399 9399
9400 9400
9401 9401
9402 9402
9403 9403
9404 9404
9405 9405
9406 9406
9407 9407
9408 9408
9409 9409
9410 9410
9411 9411
9412 9412
9413 9413
9414 9414
9415 9415
9416 9416
9417 9417
9418 9418
9419 9419
9420 9420
9421 9421
9422 9422
9423 9423
9424 9424
9425 9425
9426 9426
9427 9427
9428 9428
9429 9429
9430 9430
9431 9431
9432 9432
9433 9433
9434 9434
9435 9435
9436 9436
9437 9437
9438 9438
9439 9439
9440 9440
9441 9441
9442 9442
9443 9443
9444 9444
9445 9445
9446 9446
9447 9447
9448 9448
9449 9449
9450 9450
9451 9451
9452 9452
9453 9453
9454 9454
9455 9455
9456 9456
9457 9457
9458 9458
9459 9459
9460 9460
9461 9461
9462 9462
9463 9463
9464 9464
9465 9465
9466 9466
9467 9467
9468 9468
9469 9469
9470 9470
9471 9471
9472 9472
9473 9473
9474 9474
9475 9475
9476 9476
9477 9477
9478 9478
9479 9479
9480 9480
9481 9481
9482 9482
9483 9483
9484 9484
9485 9485
9486 9486
9487 9487
9488 9488
9489 9489
9490 9490
9491 9491
9492 9492
9493 9493
9494 9494
9495 9495
9496 9496
9497 9497
9498 9498
9499 9499
9500 9500
9501 9501
9502 9502
9503 9503
9504 9504
9505 9505
9506 9506
9507 9507
9508 9508
9509 9509
9510 9510
9511 9511
9512 9512
9513 9513
9514 9514
9515 9515
9516 9516
9517 9517
9518 9518
9519 9519
9520 9520
9521 9521
9522 9522
9523 9523
9524 9524
9525 9525
9526 9526
9527 9527
9528 9528
9529 9529
9530 9530
9531 9531
9532 9532
9533 9533
9534 9534
9535 9535
9536 9536
9537 9537
9538 9538
9539 9539
9540 9540
9541 9541
9542 9542
9543 9543
9544 9544
9545 9545
9546 9546
9547 9547
9548 9548
9549 9549
9550 9550
9551 9551
9552 9552
9553 9553
9554 9554
9555 9555
9556 9556
9557 9557
9558 9558
9559 9559
9560 9560
9561 9561
9562 9562
9563 9563
9564 9564
9565 9565
9566 9566
9567 9567
9568 9568
9569 9569
9570 9570
9571 9571
9572 9572
9573 9573
9574 9574
9575 9575
9576 9576
9577 9577
9578 9578
9579 9579
9580 9580
9581 9581
9582 9582
9583 9583
9584 9584
9585 9585
9586 9586
9587 9587
9588 9588
9589 9589
9590 9590
9591 9591
9592 9592
9593 9593
9594 9594
9595 9595
9596 9596
9597 9597
9598 9598
9599 9599
9600 9600
9601 9601
9602 9602
9603 9603
9604 9604
9605 9605
9606 9606
9607 9607
9608 9608
9609 9609
9610 9610
9611 9611
9612 9612
9613 9613
9614 9614
9615 9615
9616 9616
9617 9617
9618 9618
9619 9619
9620 9620
9621 9621
9622 9622
9623 9623
9624 9624
9625 9625
9626 9626
9627 9627
9628 9628
9629 9629
9630 9630
9631 9631
9632 9632
9633 9633
9634 9634
9635 9635
9636 9636
9637 9637
9638 9638
9639 9639
9640 9640
9641 9641
9642 9642
9643 9643
9644 9644
9645 9645
9646 9646
9647 9647
9648 9648
9649 9649
9650 9650
9651 9651
9652 9652
9653 9653
9654 9654
9655 9655
9656 9656
9657 9657
9658 9658
9659 9659
9660 9660
9661 9661
9662 9662
9663 9663
9664 9664
9665 9665
9666 9666
9667 9667
9668 9668
9669 9669
9670 9670
9671 9671
9672 9672
9673 9673
9674 9674
9675 9675
9676 9676
9677 9677
9678 9678
9679 9679
9680 9680
9681 9681
9682 9682
9683 9683
9684 9684
9685 9685
9686 9686
9687 9687
9688 9688
9689 9689
9690 9690
9691 9691
9692 9692
9693 9693
9694 9694
9695 9695
9696 9696
9697 9697
9698 9698
9699 9699
9700 9700
9701 9701
9702 9702
9703 9703
9704 9704
9705 9705
9706 9706
9707 9707
9708 9708
9709 9709
9710 9710
9711 9711
9712 9712
9713 9713
9714 9714
9715 9715
9716 9716
9717 9717
9718 9718
9719 9719
9720 9720
9721 9721
9722 9722
9723 9723
9724 9724
9725 9725
9726 9726
9727 9727
9728 9728
9729 9729
9730 9730
9731 9731
9732 9732
9733 9733
9734 9734
9735 9735
9736 9736
9737 9737
9738 9738
9739 9739
9740 9740
9741 9741
9742 9742
9743 9743
9744 9744
9745 9745
9746 9746
9747 9747
9748 9748
9749 9749
9750 9750
9751 9751
9752 9752
9753 9753
9754 9754
9755 9755
9756 9756
9757 9757
9758 9758
9759 9759
9760 9760
9761 9761
9762 9762
9763 9763
9764 9764
9765 9765
9766 9766
9767 9767
9768 9768
9769 9769
9770 9770
9771 9771
9772 9772
9773 9773
9774 9774
9775 9775
9776 9776
9777 9777
9778 9778
9779 9779
9780 9780
9781 9781
9782 9782
9783 9783
9784 9784
9785 9785
9786 9786
9787 9787
9788 9788
9789 9789
9790 9790
9791 9791
9792 9792
9793 9793
9794 9794
9795 9795
9796 9796
9797 9797
9798 9798
9799 9799
9800 9800
9801 9801
9802 9802
9803 9803
9804 9804
9805 9805
9806 9806
9807 9807
9808 9808
9809 9809
9810 9810
9811 9811
9812 9812
9813 9813
9814 9814
9815 9815
9816 9816
9817 9817
9818 9818
9819 9819
9820 9820
9821 9821
9822 9822
9823 9823
9824 9824
9825 9825
9826 9826
9827 9827
9828 9828
9829 9829
9830 9830
9831 9831
9832 9832
9833 9833
9834 9834
9835 9835
9836 9836
9837 9837
9838 9838
9839 9839
9840 9840
9841 9841
9842 9842
9843 9843
9844 9844
9845 9845
9846 9846
9847 9847
9848 9848
9849 9849
9850 9850
9851 9851
9852 9852
9853 9853
9854 9854
9855 9855
9856 9856
9857 9857
9858 9858
9859 9859
9860 9860
9861 9861
9862 9862
9863 9863
9864 9864
9865 9865
9866 9866
9867 9867
9868 9868
9869 9869
9870 9870
9871 9871
9872 9872
9873 9873
9874 9874
9875 9875
9876 9876
9877 9877
9878 9878
9879 9879
9880 9880
9881 9881
9882 9882
9883 9883
9884 9884
9885 9885
9886 9886
9887 9887
9888 9888
9889 9889
9890 9890
9891 9891
9892 9892
9893 9893
9894 9894
9895 9895
9896 9896
9897 9897
9898 9898
9899 9899
990000 990000
990001 990001
990002 990002
990003 990003
990004 990004
990005 990005
990006 990006
990007 990007
990008 990008
990009 990009
990010 990010
990011 990011
990012 990012
990013 990013
990014 990014
990015 990015
990016 990016
990017 990017
990018 990018
990019 990019
990020 990020
990021 990021
990022 990022
990023 990023
990024 990024
990025 990025
990026 990026
990027 990027
990028 990028
990029 990029
990030 990030
990031 990031
990032 990032
990033 990033
990034 990034
990035 990035
990036 990036
990037 990037
990038 990038
990039 990039
990040 990040
990041 990041
990042 990042
990043 990043
990044 990044
990045 990045
990046 990046
990047 990047
990048 990048
990049 990049
990050 990050
990051 990051
990052 990052
990053 990053
990054 990054
990055 990055
990056 990056
990057 990057
990058 990058
990059 990059
990060 990060
990061 990061
990062 990062
990063 990063
990064 990064
990065 990065
990066 990066
990067 990067
990068 990068
990069 990069
990070 990070
990071 990071
990072 990072
990073 990073
990074 990074
990075 990075
990076 990076
990077 990077
990078 990078
990079 990079
990080 990080
990081 990081
990082 990082
990083 990083
990084 990084
990085 990085
990086 990086
990087 990087
990088 990088
990089 990089
990090 990090
990091 990091
990092 990092
990093 990093
990094 990094
990095 990095
990096 990096
990097 990097
990098 990098
990099 990099
990100 990100
990101 990101
990102 990102
990103 990103
990104 990104
990105 990105
990106 990106
990107 990107
990108 990108
990109 990109
990110 990110
990111 990111
990112 990112
990113 990113
990114 990114
990115 990115
990116 990116
990117 990117
990118 990118
990119 990119
990120 990120
990121 990121
990122 990122
990123 990123
990124 990124
990125 990125
990126 990126
990127 990127
990128 990128
990129 990129
990130 990130
990131 990131
990132 990132
990133 990133
990134 990134
990135 990135
990136 990136
990137 990137
990138 990138
990139 990139
990140 990140
990141 990141
990142 990142
990143 990143
990144 990144
990145 990145
990146 990146
990147 990147
990148 990148
990149 990149
990150 990150
990151 990151
990152 990152
990153 990153
990154 990154
990155 990155
990156 990156
990157 990157
990158 990158
990159 990159
990160 990160
990161 990161
990162 990162
990163 990163
990164 990164
990165 990165
990166 990166
990167 990167
990168 990168
990169 990169
990170 990170
990171 990171
990172 990172
990173 990173
990174 990174
990175 990175
990176 990176
990177 990177
990178 990178
990179 990179
990180 990180
990181 990181
990182 990182
990183 990183
990184 990184
990185 990185
990186 990186
990187 990187
990188 990188
990189 990189
990190 990190
990191 990191
990192 990192
990193 990193
990194 990194
990195 990195
990196 990196
990197 990197
990198 990198
990199 990199
990200 990200
990201 990201
990202 990202
990203 990203
990204 990204
990205 990205
990206 990206
990207 990207
990208 990208
990209 990209
990210 990210
990211 990211
990212 990212
990213 990213
990214 990214
990215 990215
990216 990216
990217 990217
990218 990218
990219 990219
990220 990220
990221 990221
990222 990222
990223 990223
990224 990224
990225 990225
990226 990226
990227 990227
990228 990228
990229 990229
990230 990230
990231 990231
990232 990232
990233 990233
990234 990234
990235 990235
990236 990236
990237 990237
990238 990238
990239 990239
990240 990240
990241 990241
990242 990242
990243 990243
990244 990244
990245 990245
990246 990246
990247 990247
990248 990248
990249 990249
990250 990250
990251 990251
990252 990252
990253 990253
990254 990254
990255 990255
990256 990256
990257 990257
990258 990258
990259 990259
990260 990260
990261 990261
990262 990262
990263 990263
990264 990264
990265 990265
990266 990266
990267 990267
990268 990268
990269 990269
990270 990270
990271 990271
990272 990272
990273 990273
990274 990274
990275 990275
990276 990276
990277 990277
990278 990278
990279 990279
990280 990280
990281 990281
990282 990282
990283 990283
990284 990284
990285 990285
990286 990286
990287 990287
990288 990288
990289 990289
990290 990290
990291 990291
990292 990292
990293 990293
990294 990294
990295 990295
990296 990296
990297 990297
990298 990298
990299 990299
990300 990300
990301 990301
990302 990302
990303 990303
990304 990304
990305 990305
990306 990306
990307 990307
990308 990308
990309 990309
990310 990310
990311 990311
990312 990312
990313 990313
990314 990314
990315 990315
990316 990316
990317 990317
990318 990318
990319 990319
990320 990320
990321 990321
990322 990322
990323 990323
990324 990324
990325 990325
990326 990326
990327 990327
990328 990328
990329 990329
990330 990330
990331 990331
990332 990332
990333 990333
990334 990334
990335 990335
990336 990336
990337 990337
990338 990338
990339 990339
990340 990340
990341 990341
990342 990342
990343 990343
990344 990344
990345 990345
990346 990346
990347 990347
990348 990348
990349 990349
990350 990350
990351 990351
990352 990352
990353 990353
990354 990354
990355 990355
990356 990356
990357 990357
990358 990358
990359 990359
990360 990360
990361 990361
990362 990362
990363 990363
990364 990364
990365 990365
990366 990366
990367 990367
990368 990368
990369 990369
990370 990370
990371 990371
990372 990372
990373 990373
990374 990374
990375 990375
990376 990376
990377 990377
990378 990378
990379 990379
990380 990380
990381 990381
990382 990382
990383 990383
990384 990384
990385 990385
990386 990386
990387 990387
990388 990388
990389 990389
990390 990390
990391 990391
990392 990392
990393 990393
990394 990394
990395 990395
990396 990396
990397 990397
990398 990398
990399 990399
990400 990400
990401 990401
990402 990402
990403 990403
990404 990404
990405 990405
990406 990406
990407 990407
990408 990408
990409 990409
990410 990410
990411 990411
990412 990412
990413 990413
990414 990414
990415 990415
990416 990416
990417 990417
990418 990418
990419 990419
990420 990420
990421 990421
990422 990422
990423 990423
990424 990424
990425 990425
990426 990426
990427 990427
990428 990428
990429 990429
990430 990430
990431 990431
990432 990432
990433 990433
990434 990434
990435 990435
990436 990436
990437 990437
990438 990438
990439 990439
990440 990440
990441 990441
990442 990442
990443 990443
990444 990444
990445 990445
990446 990446
990447 990447
990448 990448
990449 990449
990450 990450
990451 990451
990452 990452
990453 990453
990454 990454
990455 990455
990456 990456
990457 990457
990458 990458
990459 990459
990460 990460
990461 990461
990462 990462
990463 990463
990464 990464
990465 990465
990466 990466
990467 990467
990468 990468
990469 990469
990470 990470
990471 990471
990472 990472
990473 990473
990474 990474
990475 990475
990476 990476
990477 990477
990478 990478
990479 990479
990480 990480
990481 990481
990482 990482
990483 990483
990484 990484
990485 990485
990486 990486
990487 990487
990488 990488
990489 990489
990490 990490
990491 990491
990492 990492
990493 990493
990494 990494
990495 990495
990496 990496
990497 990497
990498 990498
990499 990499
990500 990500
990501 990501
990502 990502
990503 990503
990504 990504
990505 990505
990506 990506
990507 990507
990508 990508
990509 990509
990510 990510
990511 990511
990512 990512
990513 990513
990514 990514
990515 990515
990516 990516
990517 990517
990518 990518
990519 990519
990520 990520
990521 990521
990522 990522
990523 990523
990524 990524
990525 990525
990526 990526
990527 990527
990528 990528
990529 990529
990530 990530
990531 990531
990532 990532
990533 990533
990534 990534
990535 990535
990536 990536
990537 990537
990538 990538
990539 990539
990540 990540
990541 990541
990542 990542
990543 990543
990544 990544
990545 990545
990546 990546
990547 990547
990548 990548
990549 990549
990550 990550
990551 990551
990552 990552
990553 990553
990554 990554
990555 990555
990556 990556
990557 990557
990558 990558
990559 990559
990560 990560
990561 990561
990562 990562
990563 990563
990564 990564
990565 990565
990566 990566
990567 990567
990568 990568
990569 990569
990570 990570
990571 990571
990572 990572
990573 990573
990574 990574
990575 990575
990576 990576
990577 990577
990578 990578
990579 990579
990580 990580
990581 990581
990582 990582
990583 990583
990584 990584
990585 990585
990586 990586
990587 990587
990588 990588
990589 990589
990590 990590
990591 990591
990592 990592
990593 990593
990594 990594
990595 990595
990596 990596
990597 990597
990598 990598
990599 990599
990600 990600
990601 990601
990602 990602
990603 990603
990604 990604
990605 990605
990606 990606
990607 990607
990608 990608
990609 990609
990610 990610
990611 990611
990612 990612
990613 990613
990614 990614
990615 990615
990616 990616
990617 990617
990618 990618
990619 990619
990620 990620
990621 990621
990622 990622
990623 990623
990624 990624
990625 990625
990626 990626
990627 990627
990628 990628
990629 990629
990630 990630
990631 990631
990632 990632
990633 990633
990634 990634
990635 990635
990636 990636
990637 990637
990638 990638
990639 990639
990640 990640
990641 990641
990642 990642
990643 990643
990644 990644
990645 990645
990646 990646
990647 990647
990648 990648
990649 990649
990650 990650
990651 990651
990652 990652
990653 990653
990654 990654
990655 990655
990656 990656
990657 990657
990658 990658
990659 990659
990660 990660
990661 990661
990662 990662
990663 990663
990664 990664
990665 990665
990666 990666
990667 990667
990668 990668
990669 990669
990670 990670
990671 990671
990672 990672
990673 990673
990674 990674
990675 990675
990676 990676
990677 990677
990678 990678
990679 990679
990680 990680
990681 990681
990682 990682
990683 990683
990684 990684
990685 990685
990686 990686
990687 990687
990688 990688
990689 990689
990690 990690
990691 990691
990692 990692
990693 990693
990694 990694
990695 990695
990696 990696
990697 990697
990698 990698
990699 990699
990700 990700
990701 990701
990702 990702
990703 990703
990704 990704
990705 990705
990706 990706
990707 990707
990708 990708
990709 990709
990710 990710
990711 990711
990712 990712
990713 990713
990714 990714
990715 990715
990716 990716
990717 990717
990718 990718
990719 990719
990720 990720
990721 990721
990722 990722
990723 990723
990724 990724
990725 990725
990726 990726
990727 990727
990728 990728
990729 990729
990730 990730
990731 990731
990732 990732
990733 990733
990734 990734
990735 990735
990736 990736
990737 990737
990738 990738
990739 990739
990740 990740
990741 990741
990742 990742
990743 990743
990744 990744
990745 990745
990746 990746
990747 990747
990748 990748
990749 990749
990750 990750
990751 990751
990752 990752
990753 990753
990754 990754
990755 990755
990756 990756
990757 990757
990758 990758
990759 990759
990760 990760
990761 990761
990762 990762
990763 990763
990764 990764
990765 990765
990766 990766
990767 990767
990768 990768
990769 990769
990770 990770
990771 990771
990772 990772
990773 990773
990774 990774
990775 990775
990776 990776
990777 990777
990778 990778
990779 990779
990780 990780
990781 990781
990782 990782
990783 990783
990784 990784
990785 990785
990786 990786
990787 990787
990788 990788
990789 990789
990790 990790
990791 990791
990792 990792
990793 990793
990794 990794
990795 990795
990796 990796
990797 990797
990798 990798
990799 990799
990800 990800
990801 990801
990802 990802
990803 990803
990804 990804
990805 990805
990806 990806
990807 990807
990808 990808
990809 990809
990810 990810
990811 990811
990812 990812
990813 990813
990814 990814
990815 990815
990816 990816
990817 990817
990818 990818
990819 990819
990820 990820
990821 990821
990822 990822
990823 990823
990824 990824
990825 990825
990826 990826
990827 990827
990828 990828
990829 990829
990830 990830
990831 990831
990832 990832
990833 990833
990834 990834
990835 990835
990836 990836
990837 990837
990838 990838
990839 990839
990840 990840
990841 990841
990842 990842
990843 990843
990844 990844
990845 990845
990846 990846
990847 990847
990848 990848
990849 990849
990850 990850
990851 990851
990852 990852
990853 990853
990854 990854
990855 990855
990856 990856
990857 990857
990858 990858
990859 990859
990860 990860
990861 990861
990862 990862
990863 990863
990864 990864
990865 990865
990866 990866
990867 990867
990868 990868
990869 990869
990870 990870
990871 990871
990872 990872
990873 990873
990874 990874
990875 990875
990876 990876
990877 990877
990878 990878
990879 990879
990880 990880
990881 990881
990882 990882
990883 990883
990884 990884
990885 990885
990886 990886
990887 990887
990888 990888
990889 990889
990890 990890
990891 990891
990892 990892
990893 990893
990894 990894
990895 990895
990896 990896
990897 990897
990898 990898
990899 990899
990900 990900
990901 990901
990902 990902
990903 990903
990904 990904
990905 990905
990906 990906
990907 990907
990908 990908
990909 990909
990910 990910
990911 990911
990912 990912
990913 990913
990914 990914
990915 990915
990916 990916
990917 990917
990918 990918
990919 990919
990920 990920
990921 990921
990922 990922
990923 990923
990924 990924
990925 990925
990926 990926
990927 990927
990928 990928
990929 990929
990930 990930
990931 990931
990932 990932
990933 990933
990934 990934
990935 990935
990936 990936
990937 990937
990938 990938
990939 990939
990940 990940
990941 990941
990942 990942
990943 990943
990944 990944
990945 990945
990946 990946
990947 990947
990948 990948
990949 990949
990950 990950
990951 990951
990952 990952
990953 990953
990954 990954
990955 990955
990956 990956
990957 990957
990958 990958
990959 990959
990960 990960
990961 990961
990962 990962
990963 990963
990964 990964
990965 990965
990966 990966
990967 990967
990968 990968
990969 990969
990970 990970
990971 990971
990972 990972
990973 990973
990974 990974
990975 990975
990976 990976
990977 990977
990978 990978
990979 990979
990980 990980
990981 990981
990982 990982
990983 990983
990984 990984
990985 990985
990986 990986
990987 990987
990988 990988
990989 990989
990990 990990
990991 990991
990992 990992
990993 990993
990994 990994
990995 990995
990996 990996
990997 990997
990998 990998
990999 990999
991000 991000
991001 991001
991002 991002
991003 991003
991004 991004
991005 991005
991006 991006
991007 991007
991008 991008
991009 991009
991010 991010
991011 991011
991012 991012
991013 991013
991014 991014
991015 991015
991016 991016
991017 991017
991018 991018
991019 991019
991020 991020
991021 991021
991022 991022
991023 991023
991024 991024
991025 991025
991026 991026
991027 991027
991028 991028
991029 991029
991030 991030
991031 991031
991032 991032
991033 991033
991034 991034
991035 991035
991036 991036
991037 991037
991038 991038
991039 991039
991040 991040
991041 991041
991042 991042
991043 991043
991044 991044
991045 991045
991046 991046
991047 991047
991048 991048
991049 991049
991050 991050
991051 991051
991052 991052
991053 991053
991054 991054
991055 991055
991056 991056
991057 991057
991058 991058
991059 991059
991060 991060
991061 991061
991062 991062
991063 991063
991064 991064
991065 991065
991066 991066
991067 991067
991068 991068
991069 991069
991070 991070
991071 991071
991072 991072
991073 991073
991074 991074
991075 991075
991076 991076
991077 991077
991078 991078
991079 991079
991080 991080
991081 991081
991082 991082
991083 991083
991084 991084
991085 991085
991086 991086
991087 991087
991088 991088
991089 991089
991090 991090
991091 991091
991092 991092
991093 991093
991094 991094
991095 991095
991096 991096
991097 991097
991098 991098
991099 991099
991100 991100
991101 991101
991102 991102
991103 991103
991104 991104
991105 991105
991106 991106
991107 991107
991108 991108
991109 991109
991110 991110
991111 991111
991112 991112
991113 991113
991114 991114
991115 991115
991116 991116
991117 991117
991118 991118
991119 991119
991120 991120
991121 991121
991122 991122
991123 991123
991124 991124
991125 991125
991126 991126
991127 991127
991128 991128
991129 991129
991130 991130
991131 991131
991132 991132
991133 991133
991134 991134
991135 991135
991136 991136
991137 991137
991138 991138
991139 991139
991140 991140
991141 991141
991142 991142
991143 991143
991144 991144
991145 991145
991146 991146
991147 991147
991148 991148
991149 991149
991150 991150
991151 991151
991152 991152
991153 991153
991154 991154
991155 991155
991156 991156
991157 991157
991158 991158
991159 991159
991160 991160
991161 991161
991162 991162
991163 991163
991164 991164
991165 991165
991166 991166
991167 991167
991168 991168
991169 991169
991170 991170
991171 991171
991172 991172
991173 991173
991174 991174
991175 991175
991176 991176
991177 991177
991178 991178
991179 991179
991180 991180
991181 991181
991182 991182
991183 991183
991184 991184
991185 991185
991186 991186
991187 991187
991188 991188
991189 991189
991190 991190
991191 991191
991192 991192
991193 991193
991194 991194
991195 991195
991196 991196
991197 991197
991198 991198
991199 991199
991200 991200
991201 991201
991202 991202
991203 991203
991204 991204
991205 991205
991206 991206
991207 991207
991208 991208
991209 991209
991210 991210
991211 991211
991212 991212
991213 991213
991214 991214
991215 991215
991216 991216
991217 991217
991218 991218
991219 991219
991220 991220
991221 991221
991222 991222
991223 991223
991224 991224
991225 991225
991226 991226
991227 991227
991228 991228
991229 991229
991230 991230
991231 991231
991232 991232
991233 991233
991234 991234
991235 991235
991236 991236
991237 991237
991238 991238
991239 991239
991240 991240
991241 991241
991242 991242
991243 991243
991244 991244
991245 991245
991246 991246
991247 991247
991248 991248
991249 991249
991250 991250
991251 991251
991252 991252
991253 991253
991254 991254
991255 991255
991256 991256
991257 991257
991258 991258
991259 991259
991260 991260
991261 991261
991262 991262
991263 991263
991264 991264
991265 991265
991266 991266
991267 991267
991268 991268
991269 991269
991270 991270
991271 991271
991272 991272
991273 991273
991274 991274
991275 991275
991276 991276
991277 991277
991278 991278
991279 991279
991280 991280
991281 991281
991282 991282
991283 991283
991284 991284
991285 991285
991286 991286
991287 991287
991288 991288
991289 991289
991290 991290
991291 991291
991292 991292
991293 991293
991294 991294
991295 991295
991296 991296
991297 991297
991298 991298
991299 991299
991300 991300
991301 991301
991302 991302
991303 991303
991304 991304
991305 991305
991306 991306
991307 991307
991308 991308
991309 991309
991310 991310
991311 991311
991312 991312
991313 991313
991314 991314
991315 991315
991316 991316
991317 991317
991318 991318
991319 991319
991320 991320
991321 991321
991322 991322
991323 991323
991324 991324
991325 991325
991326 991326
991327 991327
991328 991328
991329 991329
991330 991330
991331 991331
991332 991332
991333 991333
991334 991334
991335 991335
991336 991336
991337 991337
991338 991338
991339 991339
991340 991340
991341 991341
991342 991342
991343 991343
991344 991344
991345 991345
991346 991346
991347 991347
991348 991348
991349 991349
991350 991350
991351 991351
991352 991352
991353 991353
991354 991354
991355 991355
991356 991356
991357 991357
991358 991358
991359 991359
991360 991360
991361 991361
991362 991362
991363 991363
991364 991364
991365 991365
991366 991366
991367 991367
991368 991368
991369 991369
991370 991370
991371 991371
991372 991372
991373 991373
991374 991374
991375 991375
991376 991376
991377 991377
991378 991378
991379 991379
991380 991380
991381 991381
991382 991382
991383 991383
991384 991384
991385 991385
991386 991386
991387 991387
991388 991388
991389 991389
991390 991390
991391 991391
991392 991392
991393 991393
991394 991394
991395 991395
991396 991396
991397 991397
991398 991398
991399 991399
991400 991400
991401 991401
991402 991402
991403 991403
991404 991404
991405 991405
991406 991406
991407 991407
991408 991408
991409 991409
991410 991410
991411 991411
991412 991412
991413 991413
991414 991414
991415 991415
991416 991416
991417 991417
991418 991418
991419 991419
991420 991420
991421 991421
991422 991422
991423 991423
991424 991424
991425 991425
991426 991426
991427 991427
991428 991428
991429 991429
991430 991430
991431 991431
991432 991432
991433 991433
991434 991434
991435 991435
991436 991436
991437 991437
991438 991438
991439 991439
991440 991440
991441 991441
991442 991442
991443 991443
991444 991444
991445 991445
991446 991446
991447 991447
991448 991448
991449 991449
991450 991450
991451 991451
991452 991452
991453 991453
991454 991454
991455 991455
991456 991456
991457 991457
991458 991458
991459 991459
991460 991460
991461 991461
991462 991462
991463 991463
991464 991464
991465 991465
991466 991466
991467 991467
991468 991468
991469 991469
991470 991470
991471 991471
991472 991472
991473 991473
991474 991474
991475 991475
991476 991476
991477 991477
991478 991478
991479 991479
991480 991480
991481 991481
991482 991482
991483 991483
991484 991484
991485 991485
991486 991486
991487 991487
991488 991488
991489 991489
991490 991490
991491 991491
991492 991492
991493 991493
991494 991494
991495 991495
991496 991496
991497 991497
991498 991498
991499 991499
991500 991500
991501 991501
991502 991502
991503 991503
991504 991504
991505 991505
991506 991506
991507 991507
991508 991508
991509 991509
991510 991510
991511 991511
991512 991512
991513 991513
991514 991514
991515 991515
991516 991516
991517 991517
991518 991518
991519 991519
991520 991520
991521 991521
991522 991522
991523 991523
991524 991524
991525 991525
991526 991526
991527 991527
991528 991528
991529 991529
991530 991530
991531 991531
991532 991532
991533 991533
991534 991534
991535 991535
991536 991536
991537 991537
991538 991538
991539 991539
991540 991540
991541 991541
991542 991542
991543 991543
991544 991544
991545 991545
991546 991546
991547 991547
991548 991548
991549 991549
991550 991550
991551 991551
991552 991552
991553 991553
991554 991554
991555 991555
991556 991556
991557 991557
991558 991558
991559 991559
991560 991560
991561 991561
991562 991562
991563 991563
991564 991564
991565 991565
991566 991566
991567 991567
991568 991568
991569 991569
991570 991570
991571 991571
991572 991572
991573 991573
991574 991574
991575 991575
991576 991576
991577 991577
991578 991578
991579 991579
991580 991580
991581 991581
991582 991582
991583 991583
991584 991584
991585 991585
991586 991586
991587 991587
991588 991588
991589 991589
991590 991590
991591 991591
991592 991592
991593 991593
991594 991594
991595 991595
991596 991596
991597 991597
991598 991598
991599 991599
991600 991600
991601 991601
991602 991602
991603 991603
991604 991604
991605 991605
991606 991606
991607 991607
991608 991608
991609 991609
991610 991610
991611 991611
991612 991612
991613 991613
991614 991614
991615 991615
991616 991616
991617 991617
991618 991618
991619 991619
991620 991620
991621 991621
991622 991622
991623 991623
991624 991624
991625 991625
991626 991626
991627 991627
991628 991628
991629 991629
991630 991630
991631 991631
991632 991632
991633 991633
991634 991634
991635 991635
991636 991636
991637 991637
991638 991638
991639 991639
991640 991640
991641 991641
991642 991642
991643 991643
991644 991644
991645 991645
991646 991646
991647 991647
991648 991648
991649 991649
991650 991650
991651 991651
991652 991652
991653 991653
991654 991654
991655 991655
991656 991656
991657 991657
991658 991658
991659 991659
991660 991660
991661 991661
991662 991662
991663 991663
991664 991664
991665 991665
991666 991666
991667 991667
991668 991668
991669 991669
991670 991670
991671 991671
991672 991672
991673 991673
991674 991674
991675 991675
991676 991676
991677 991677
991678 991678
991679 991679
991680 991680
991681 991681
991682 991682
991683 991683
991684 991684
991685 991685
991686 991686
991687 991687
991688 991688
991689 991689
991690 991690
991691 991691
991692 991692
991693 991693
991694 991694
991695 991695
991696 991696
991697 991697
991698 991698
991699 991699
991700 991700
991701 991701
991702 991702
991703 991703
991704 991704
991705 991705
991706 991706
991707 991707
991708 991708
991709 991709
991710 991710
991711 991711
991712 991712
991713 991713
991714 991714
991715 991715
991716 991716
991717 991717
991718 991718
991719 991719
991720 991720
991721 991721
991722 991722
991723 991723
991724 991724
991725 991725
991726 991726
991727 991727
991728 991728
991729 991729
991730 991730
991731 991731
991732 991732
991733 991733
991734 991734
991735 991735
991736 991736
991737 991737
991738 991738
991739 991739
991740 991740
991741 991741
991742 991742
991743 991743
991744 991744
991745 991745
991746 991746
991747 991747
991748 991748
991749 991749
991750 991750
991751 991751
991752 991752
991753 991753
991754 991754
991755 991755
991756 991756
991757 991757
991758 991758
991759 991759
991760 991760
991761 991761
991762 991762
991763 991763
991764 991764
991765 991765
991766 991766
991767 991767
991768 991768
991769 991769
991770 991770
991771 991771
991772 991772
991773 991773
991774 991774
991775 991775
991776 991776
991777 991777
991778 991778
991779 991779
991780 991780
991781 991781
991782 991782
991783 991783
991784 991784
991785 991785
991786 991786
991787 991787
991788 991788
991789 991789
991790 991790
991791 991791
991792 991792
991793 991793
991794 991794
991795 991795
991796 991796
991797 991797
991798 991798
991799 991799
991800 991800
991801 991801
991802 991802
991803 991803
991804 991804
991805 991805
991806 991806
991807 991807
991808 991808
991809 991809
991810 991810
991811 991811
991812 991812
991813 991813
991814 991814
991815 991815
991816 991816
991817 991817
991818 991818
991819 991819
991820 991820
991821 991821
991822 991822
991823 991823
991824 991824
991825 991825
991826 991826
991827 991827
991828 991828
991829 991829
991830 991830
991831 991831
991832 991832
991833 991833
991834 991834
991835 991835
991836 991836
991837 991837
991838 991838
991839 991839
991840 991840
991841 991841
991842 991842
991843 991843
991844 991844
991845 991845
991846 991846
991847 991847
991848 991848
991849 991849
991850 991850
991851 991851
991852 991852
991853 991853
991854 991854
991855 991855
991856 991856
991857 991857
991858 991858
991859 991859
991860 991860
991861 991861
991862 991862
991863 991863
991864 991864
991865 991865
991866 991866
991867 991867
991868 991868
991869 991869
991870 991870
991871 991871
991872 991872
991873 991873
991874 991874
991875 991875
991876 991876
991877 991877
991878 991878
991879 991879
991880 991880
991881 991881
991882 991882
991883 991883
991884 991884
991885 991885
991886 991886
991887 991887
991888 991888
991889 991889
991890 991890
991891 991891
991892 991892
991893 991893
991894 991894
991895 991895
991896 991896
991897 991897
991898 991898
991899 991899
991900 991900
991901 991901
991902 991902
991903 991903
991904 991904
991905 991905
991906 991906
991907 991907
991908 991908
991909 991909
991910 991910
991911 991911
991912 991912
991913 991913
991914 991914
991915 991915
991916 991916
991917 991917
991918 991918
991919 991919
991920 991920
991921 991921
991922 991922
991923 991923
991924 991924
991925 991925
991926 991926
991927 991927
991928 991928
991929 991929
991930 991930
991931 991931
991932 991932
991933 991933
991934 991934
991935 991935
991936 991936
991937 991937
991938 991938
991939 991939
991940 991940
991941 991941
991942 991942
991943 991943
991944 991944
991945 991945
991946 991946
991947 991947
991948 991948
991949 991949
991950 991950
991951 991951
991952 991952
991953 991953
991954 991954
991955 991955
991956 991956
991957 991957
991958 991958
991959 991959
991960 991960
991961 991961
991962 991962
991963 991963
991964 991964
991965 991965
991966 991966
991967 991967
991968 991968
991969 991969
991970 991970
991971 991971
991972 991972
991973 991973
991974 991974
991975 991975
991976 991976
991977 991977
991978 991978
991979 991979
991980 991980
991981 991981
991982 991982
991983 991983
991984 991984
991985 991985
991986 991986
991987 991987
991988 991988
991989 991989
991990 991990
991991 991991
991992 991992
991993 991993
991994 991994
991995 991995
991996 991996
991997 991997
991998 991998
991999 991999
992000 992000
992001 992001
992002 992002
992003 992003
992004 992004
992005 992005
992006 992006
992007 992007
992008 992008
992009 992009
992010 992010
992011 992011
992012 992012
992013 992013
992014 992014
992015 992015
992016 992016
992017 992017
992018 992018
992019 992019
992020 992020
992021 992021
992022 992022
992023 992023
992024 992024
992025 992025
992026 992026
992027 992027
992028 992028
992029 992029
992030 992030
992031 992031
992032 992032
992033 992033
992034 992034
992035 992035
992036 992036
992037 992037
992038 992038
992039 992039
992040 992040
992041 992041
992042 992042
992043 992043
992044 992044
992045 992045
992046 992046
992047 992047
992048 992048
992049 992049
992050 992050
992051 992051
992052 992052
992053 992053
992054 992054
992055 992055
992056 992056
992057 992057
992058 992058
992059 992059
992060 992060
992061 992061
992062 992062
992063 992063
992064 992064
992065 992065
992066 992066
992067 992067
992068 992068
992069 992069
992070 992070
992071 992071
992072 992072
992073 992073
992074 992074
992075 992075
992076 992076
992077 992077
992078 992078
992079 992079
992080 992080
992081 992081
992082 992082
992083 992083
992084 992084
992085 992085
992086 992086
992087 992087
992088 992088
992089 992089
992090 992090
992091 992091
992092 992092
992093 992093
992094 992094
992095 992095
992096 992096
992097 992097
992098 992098
992099 992099
992100 992100
992101 992101
992102 992102
992103 992103
992104 992104
992105 992105
992106 992106
992107 992107
992108 992108
992109 992109
992110 992110
992111 992111
992112 992112
992113 992113
992114 992114
992115 992115
992116 992116
992117 992117
992118 992118
992119 992119
992120 992120
992121 992121
992122 992122
992123 992123
992124 992124
992125 992125
992126 992126
992127 992127
992128 992128
992129 992129
992130 992130
992131 992131
992132 992132
992133 992133
992134 992134
992135 992135
992136 992136
992137 992137
992138 992138
992139 992139
992140 992140
992141 992141
992142 992142
992143 992143
992144 992144
992145 992145
992146 992146
992147 992147
992148 992148
992149 992149
992150 992150
992151 992151
992152 992152
992153 992153
992154 992154
992155 992155
992156 992156
992157 992157
992158 992158
992159 992159
992160 992160
992161 992161
992162 992162
992163 992163
992164 992164
992165 992165
992166 992166
992167 992167
992168 992168
992169 992169
992170 992170
992171 992171
992172 992172
992173 992173
992174 992174
992175 992175
992176 992176
992177 992177
992178 992178
992179 992179
992180 992180
992181 992181
992182 992182
992183 992183
992184 992184
992185 992185
992186 992186
992187 992187
992188 992188
992189 992189
992190 992190
992191 992191
992192 992192
992193 992193
992194 992194
992195 992195
992196 992196
992197 992197
992198 992198
992199 992199
992200 992200
992201 992201
992202 992202
992203 992203
992204 992204
992205 992205
992206 992206
992207 992207
992208 992208
992209 992209
992210 992210
992211 992211
992212 992212
992213 992213
992214 992214
992215 992215
992216 992216
992217 992217
992218 992218
992219 992219
992220 992220
992221 992221
992222 992222
992223 992223
992224 992224
992225 992225
992226 992226
992227 992227
992228 992228
992229 992229
992230 992230
992231 992231
992232 992232
992233 992233
992234 992234
992235 992235
992236 992236
992237 992237
992238 992238
992239 992239
992240 992240
992241 992241
992242 992242
992243 992243
992244 992244
992245 992245
992246 992246
992247 992247
992248 992248
992249 992249
992250 992250
992251 992251
992252 992252
992253 992253
992254 992254
992255 992255
992256 992256
992257 992257
992258 992258
992259 992259
992260 992260
992261 992261
992262 992262
992263 992263
992264 992264
992265 992265
992266 992266
992267 992267
992268 992268
992269 992269
992270 992270
992271 992271
992272 992272
992273 992273
992274 992274
992275 992275
992276 992276
992277 992277
992278 992278
992279 992279
992280 992280
992281 992281
992282 992282
992283 992283
992284 992284
992285 992285
992286 992286
992287 992287
992288 992288
992289 992289
992290 992290
992291 992291
992292 992292
992293 992293
992294 992294
992295 992295
992296 992296
992297 992297
992298 992298
992299 992299
992300 992300
992301 992301
992302 992302
992303 992303
992304 992304
992305 992305
992306 992306
992307 992307
992308 992308
992309 992309
992310 992310
992311 992311
992312 992312
992313 992313
992314 992314
992315 992315
992316 992316
992317 992317
992318 992318
992319 992319
992320 992320
992321 992321
992322 992322
992323 992323
992324 992324
992325 992325
992326 992326
992327 992327
992328 992328
992329 992329
992330 992330
992331 992331
992332 992332
992333 992333
992334 992334
992335 992335
992336 992336
992337 992337
992338 992338
992339 992339
992340 992340
992341 992341
992342 992342
992343 992343
992344 992344
992345 992345
992346 992346
992347 992347
992348 992348
992349 992349
992350 992350
992351 992351
992352 992352
992353 992353
992354 992354
992355 992355
992356 992356
992357 992357
992358 992358
992359 992359
992360 992360
992361 992361
992362 992362
992363 992363
992364 992364
992365 992365
992366 992366
992367 992367
992368 992368
992369 992369
992370 992370
992371 992371
992372 992372
992373 992373
992374 992374
992375 992375
992376 992376
992377 992377
992378 992378
992379 992379
992380 992380
992381 992381
992382 992382
992383 992383
992384 992384
992385 992385
992386 992386
992387 992387
992388 992388
992389 992389
992390 992390
992391 992391
992392 992392
992393 992393
992394 992394
992395 992395
992396 992396
992397 992397
992398 992398
992399 992399
992400 992400
992401 992401
992402 992402
992403 992403
992404 992404
992405 992405
992406 992406
992407 992407
992408 992408
992409 992409
992410 992410
992411 992411
992412 992412
992413 992413
992414 992414
992415 992415
992416 992416
992417 992417
992418 992418
992419 992419
992420 992420
992421 992421
992422 992422
992423 992423
992424 992424
992425 992425
992426 992426
992427 992427
992428 992428
992429 992429
992430 992430
992431 992431
992432 992432
992433 992433
992434 992434
992435 992435
992436 992436
992437 992437
992438 992438
992439 992439
992440 992440
992441 992441
992442 992442
992443 992443
992444 992444
992445 992445
992446 992446
992447 992447
992448 992448
992449 992449
992450 992450
992451 992451
992452 992452
992453 992453
992454 992454
992455 992455
992456 992456
992457 992457
992458 992458
992459 992459
992460 992460
992461 992461
992462 992462
992463 992463
992464 992464
992465 992465
992466 992466
992467 992467
992468 992468
992469 992469
992470 992470
992471 992471
992472 992472
992473 992473
992474 992474
992475 992475
992476 992476
992477 992477
992478 992478
992479 992479
992480 992480
992481 992481
992482 992482
992483 992483
992484 992484
992485 992485
992486 992486
992487 992487
992488 992488
992489 992489
992490 992490
992491 992491
992492 992492
992493 992493
992494 992494
992495 992495
992496 992496
992497 992497
992498 992498
992499 992499
992500 992500
992501 992501
992502 992502
992503 992503
992504 992504
992505 992505
992506 992506
992507 992507
992508 992508
992509 992509
992510 992510
992511 992511
992512 992512
992513 992513
992514 992514
992515 992515
992516 992516
992517 992517
992518 992518
992519 992519
992520 992520
992521 992521
992522 992522
992523 992523
992524 992524
992525 992525
992526 992526
992527 992527
992528 992528
992529 992529
992530 992530
992531 992531
992532 992532
992533 992533
992534 992534
992535 992535
992536 992536
992537 992537
992538 992538
992539 992539
992540 992540
992541 992541
992542 992542
992543 992543
992544 992544
992545 992545
992546 992546
992547 992547
992548 992548
992549 992549
992550 992550
992551 992551
992552 992552
992553 992553
992554 992554
992555 992555
992556 992556
992557 992557
992558 992558
992559 992559
992560 992560
992561 992561
992562 992562
992563 992563
992564 992564
992565 992565
992566 992566
992567 992567
992568 992568
992569 992569
992570 992570
992571 992571
992572 992572
992573 992573
992574 992574
992575 992575
992576 992576
992577 992577
992578 992578
992579 992579
992580 992580
992581 992581
992582 992582
992583 992583
992584 992584
992585 992585
992586 992586
992587 992587
992588 992588
992589 992589
992590 992590
992591 992591
992592 992592
992593 992593
992594 992594
992595 992595
992596 992596
992597 992597
992598 992598
992599 992599
992600 992600
992601 992601
992602 992602
992603 992603
992604 992604
992605 992605
992606 992606
992607 992607
992608 992608
992609 992609
992610 992610
992611 992611
992612 992612
992613 992613
992614 992614
992615 992615
992616 992616
992617 992617
992618 992618
992619 992619
992620 992620
992621 992621
992622 992622
992623 992623
992624 992624
992625 992625
992626 992626
992627 992627
992628 992628
992629 992629
992630 992630
992631 992631
992632 992632
992633 992633
992634 992634
992635 992635
992636 992636
992637 992637
992638 992638
992639 992639
992640 992640
992641 992641
992642 992642
992643 992643
992644 992644
992645 992645
992646 992646
992647 992647
992648 992648
992649 992649
992650 992650
992651 992651
992652 992652
992653 992653
992654 992654
992655 992655
992656 992656
992657 992657
992658 992658
992659 992659
992660 992660
992661 992661
992662 992662
992663 992663
992664 992664
992665 992665
992666 992666
992667 992667
992668 992668
992669 992669
992670 992670
992671 992671
992672 992672
992673 992673
992674 992674
992675 992675
992676 992676
992677 992677
992678 992678
992679 992679
992680 992680
992681 992681
992682 992682
992683 992683
992684 992684
992685 992685
992686 992686
992687 992687
992688 992688
992689 992689
992690 992690
992691 992691
992692 992692
992693 992693
992694 992694
992695 992695
992696 992696
992697 992697
992698 992698
992699 992699
992700 992700
992701 992701
992702 992702
992703 992703
992704 992704
992705 992705
992706 992706
992707 992707
992708 992708
992709 992709
992710 992710
992711 992711
992712 992712
992713 992713
992714 992714
992715 992715
992716 992716
992717 992717
992718 992718
992719 992719
992720 992720
992721 992721
992722 992722
992723 992723
992724 992724
992725 992725
992726 992726
992727 992727
992728 992728
992729 992729
992730 992730
992731 992731
992732 992732
992733 992733
992734 992734
992735 992735
992736 992736
992737 992737
992738 992738
992739 992739
992740 992740
992741 992741
992742 992742
992743 992743
992744 992744
992745 992745
992746 992746
992747 992747
992748 992748
992749 992749
992750 992750
992751 992751
992752 992752
992753 992753
992754 992754
992755 992755
992756 992756
992757 992757
992758 992758
992759 992759
992760 992760
992761 992761
992762 992762
992763 992763
992764 992764
992765 992765
992766 992766
992767 992767
992768 992768
992769 992769
992770 992770
992771 992771
992772 992772
992773 992773
992774 992774
992775 992775
992776 992776
992777 992777
992778 992778
992779 992779
992780 992780
992781 992781
992782 992782
992783 992783
992784 992784
992785 992785
992786 992786
992787 992787
992788 992788
992789 992789
992790 992790
992791 992791
992792 992792
992793 992793
992794 992794
992795 992795
992796 992796
992797 992797
992798 992798
992799 992799
992800 992800
992801 992801
992802 992802
992803 992803
992804 992804
992805 992805
992806 992806
992807 992807
992808 992808
992809 992809
992810 992810
992811 992811
992812 992812
992813 992813
992814 992814
992815 992815
992816 992816
992817 992817
992818 992818
992819 992819
992820 992820
992821 992821
992822 992822
992823 992823
992824 992824
992825 992825
992826 992826
992827 992827
992828 992828
992829 992829
992830 992830
992831 992831
992832 992832
992833 992833
992834 992834
992835 992835
992836 992836
992837 992837
992838 992838
992839 992839
992840 992840
992841 992841
992842 992842
992843 992843
992844 992844
992845 992845
992846 992846
992847 992847
992848 992848
992849 992849
992850 992850
992851 992851
992852 992852
992853 992853
992854 992854
992855 992855
992856 992856
992857 992857
992858 992858
992859 992859
992860 992860
992861 992861
992862 992862
992863 992863
992864 992864
992865 992865
992866 992866
992867 992867
992868 992868
992869 992869
992870 992870
992871 992871
992872 992872
992873 992873
992874 992874
992875 992875
992876 992876
992877 992877
992878 992878
992879 992879
992880 992880
992881 992881
992882 992882
992883 992883
992884 992884
992885 992885
992886 992886
992887 992887
992888 992888
992889 992889
992890 992890
992891 992891
992892 992892
992893 992893
992894 992894
992895 992895
992896 992896
992897 992897
992898 992898
992899 992899
992900 992900
992901 992901
992902 992902
992903 992903
992904 992904
992905 992905
992906 992906
992907 992907
992908 992908
992909 992909
992910 992910
992911 992911
992912 992912
992913 992913
992914 992914
992915 992915
992916 992916
992917 992917
992918 992918
992919 992919
992920 992920
992921 992921
992922 992922
992923 992923
992924 992924
992925 992925
992926 992926
992927 992927
992928 992928
992929 992929
992930 992930
992931 992931
992932 992932
992933 992933
992934 992934
992935 992935
992936 992936
992937 992937
992938 992938
992939 992939
992940 992940
992941 992941
992942 992942
992943 992943
992944 992944
992945 992945
992946 992946
992947 992947
992948 992948
992949 992949
992950 992950
992951 992951
992952 992952
992953 992953
992954 992954
992955 992955
992956 992956
992957 992957
992958 992958
992959 992959
992960 992960
992961 992961
992962 992962
992963 992963
992964 992964
992965 992965
992966 992966
992967 992967
992968 992968
992969 992969
992970 992970
992971 992971
992972 992972
992973 992973
992974 992974
992975 992975
992976 992976
992977 992977
992978 992978
992979 992979
992980 992980
992981 992981
992982 992982
992983 992983
992984 992984
992985 992985
992986 992986
992987 992987
992988 992988
992989 992989
992990 992990
992991 992991
992992 992992
992993 992993
992994 992994
992995 992995
992996 992996
992997 992997
992998 992998
992999 992999
993000 993000
993001 993001
993002 993002
993003 993003
993004 993004
993005 993005
993006 993006
993007 993007
993008 993008
993009 993009
993010 993010
993011 993011
993012 993012
993013 993013
993014 993014
993015 993015
993016 993016
993017 993017
993018 993018
993019 993019
993020 993020
993021 993021
993022 993022
993023 993023
993024 993024
993025 993025
993026 993026
993027 993027
993028 993028
993029 993029
993030 993030
993031 993031
993032 993032
993033 993033
993034 993034
993035 993035
993036 993036
993037 993037
993038 993038
993039 993039
993040 993040
993041 993041
993042 993042
993043 993043
993044 993044
993045 993045
993046 993046
993047 993047
993048 993048
993049 993049
993050 993050
993051 993051
993052 993052
993053 993053
993054 993054
993055 993055
993056 993056
993057 993057
993058 993058
993059 993059
993060 993060
993061 993061
993062 993062
993063 993063
993064 993064
993065 993065
993066 993066
993067 993067
993068 993068
993069 993069
993070 993070
993071 993071
993072 993072
993073 993073
993074 993074
993075 993075
993076 993076
993077 993077
993078 993078
993079 993079
993080 993080
993081 993081
993082 993082
993083 993083
993084 993084
993085 993085
993086 993086
993087 993087
993088 993088
993089 993089
993090 993090
993091 993091
993092 993092
993093 993093
993094 993094
993095 993095
993096 993096
993097 993097
993098 993098
993099 993099
993100 993100
993101 993101
993102 993102
993103 993103
993104 993104
993105 993105
993106 993106
993107 993107
993108 993108
993109 993109
993110 993110
993111 993111
993112 993112
993113 993113
993114 993114
993115 993115
993116 993116
993117 993117
993118 993118
993119 993119
993120 993120
993121 993121
993122 993122
993123 993123
993124 993124
993125 993125
993126 993126
993127 993127
993128 993128
993129 993129
993130 993130
993131 993131
993132 993132
993133 993133
993134 993134
993135 993135
993136 993136
993137 993137
993138 993138
993139 993139
993140 993140
993141 993141
993142 993142
993143 993143
993144 993144
993145 993145
993146 993146
993147 993147
993148 993148
993149 993149
993150 993150
993151 993151
993152 993152
993153 993153
993154 993154
993155 993155
993156 993156
993157 993157
993158 993158
993159 993159
993160 993160
993161 993161
993162 993162
993163 993163
993164 993164
993165 993165
993166 993166
993167 993167
993168 993168
993169 993169
993170 993170
993171 993171
993172 993172
993173 993173
993174 993174
993175 993175
993176 993176
993177 993177
993178 993178
993179 993179
993180 993180
993181 993181
993182 993182
993183 993183
993184 993184
993185 993185
993186 993186
993187 993187
993188 993188
993189 993189
993190 993190
993191 993191
993192 993192
993193 993193
993194 993194
993195 993195
993196 993196
993197 993197
993198 993198
993199 993199
993200 993200
993201 993201
993202 993202
993203 993203
993204 993204
993205 993205
993206 993206
993207 993207
993208 993208
993209 993209
993210 993210
993211 993211
993212 993212
993213 993213
993214 993214
993215 993215
993216 993216
993217 993217
993218 993218
993219 993219
993220 993220
993221 993221
993222 993222
993223 993223
993224 993224
993225 993225
993226 993226
993227 993227
993228 993228
993229 993229
993230 993230
993231 993231
993232 993232
993233 993233
993234 993234
993235 993235
993236 993236
993237 993237
993238 993238
993239 993239
993240 993240
993241 993241
993242 993242
993243 993243
993244 993244
993245 993245
993246 993246
993247 993247
993248 993248
993249 993249
993250 993250
993251 993251
993252 993252
993253 993253
993254 993254
993255 993255
993256 993256
993257 993257
993258 993258
993259 993259
993260 993260
993261 993261
993262 993262
993263 993263
993264 993264
993265 993265
993266 993266
993267 993267
993268 993268
993269 993269
993270 993270
993271 993271
993272 993272
993273 993273
993274 993274
993275 993275
993276 993276
993277 993277
993278 993278
993279 993279
993280 993280
993281 993281
993282 993282
993283 993283
993284 993284
993285 993285
993286 993286
993287 993287
993288 993288
993289 993289
993290 993290
993291 993291
993292 993292
993293 993293
993294 993294
993295 993295
993296 993296
993297 993297
993298 993298
993299 993299
993300 993300
993301 993301
993302 993302
993303 993303
993304 993304
993305 993305
993306 993306
993307 993307
993308 993308
993309 993309
993310 993310
993311 993311
993312 993312
993313 993313
993314 993314
993315 993315
993316 993316
993317 993317
993318 993318
993319 993319
993320 993320
993321 993321
993322 993322
993323 993323
993324 993324
993325 993325
993326 993326
993327 993327
993328 993328
993329 993329
993330 993330
993331 993331
993332 993332
993333 993333
993334 993334
993335 993335
993336 993336
993337 993337
993338 993338
993339 993339
993340 993340
993341 993341
993342 993342
993343 993343
993344 993344
993345 993345
993346 993346
993347 993347
993348 993348
993349 993349
993350 993350
993351 993351
993352 993352
993353 993353
993354 993354
993355 993355
993356 993356
993357 993357
993358 993358
993359 993359
993360 993360
993361 993361
993362 993362
993363 993363
993364 993364
993365 993365
993366 993366
993367 993367
993368 993368
993369 993369
993370 993370
993371 993371
993372 993372
993373 993373
993374 993374
993375 993375
993376 993376
993377 993377
993378 993378
993379 993379
993380 993380
993381 993381
993382 993382
993383 993383
993384 993384
993385 993385
993386 993386
993387 993387
993388 993388
993389 993389
993390 993390
993391 993391
993392 993392
993393 993393
993394 993394
993395 993395
993396 993396
993397 993397
993398 993398
993399 993399
993400 993400
993401 993401
993402 993402
993403 993403
993404 993404
993405 993405
993406 993406
993407 993407
993408 993408
993409 993409
993410 993410
993411 993411
993412 993412
993413 993413
993414 993414
993415 993415
993416 993416
993417 993417
993418 993418
993419 993419
993420 993420
993421 993421
993422 993422
993423 993423
993424 993424
993425 993425
993426 993426
993427 993427
993428 993428
993429 993429
993430 993430
993431 993431
993432 993432
993433 993433
993434 993434
993435 993435
993436 993436
993437 993437
993438 993438
993439 993439
993440 993440
993441 993441
993442 993442
993443 993443
993444 993444
993445 993445
993446 993446
993447 993447
993448 993448
993449 993449
993450 993450
993451 993451
993452 993452
993453 993453
993454 993454
993455 993455
993456 993456
993457 993457
993458 993458
993459 993459
993460 993460
993461 993461
993462 993462
993463 993463
993464 993464
993465 993465
993466 993466
993467 993467
993468 993468
993469 993469
993470 993470
993471 993471
993472 993472
993473 993473
993474 993474
993475 993475
993476 993476
993477 993477
993478 993478
993479 993479
993480 993480
993481 993481
993482 993482
993483 993483
993484 993484
993485 993485
993486 993486
993487 993487
993488 993488
993489 993489
993490 993490
993491 993491
993492 993492
993493 993493
993494 993494
993495 993495
993496 993496
993497 993497
993498 993498
993499 993499
993500 993500
993501 993501
993502 993502
993503 993503
993504 993504
993505 993505
993506 993506
993507 993507
993508 993508
993509 993509
993510 993510
993511 993511
993512 993512
993513 993513
993514 993514
993515 993515
993516 993516
993517 993517
993518 993518
993519 993519
993520 993520
993521 993521
993522 993522
993523 993523
993524 993524
993525 993525
993526 993526
993527 993527
993528 993528
993529 993529
993530 993530
993531 993531
993532 993532
993533 993533
993534 993534
993535 993535
993536 993536
993537 993537
993538 993538
993539 993539
993540 993540
993541 993541
993542 993542
993543 993543
993544 993544
993545 993545
993546 993546
993547 993547
993548 993548
993549 993549
993550 993550
993551 993551
993552 993552
993553 993553
993554 993554
993555 993555
993556 993556
993557 993557
993558 993558
993559 993559
993560 993560
993561 993561
993562 993562
993563 993563
993564 993564
993565 993565
993566 993566
993567 993567
993568 993568
993569 993569
993570 993570
993571 993571
993572 993572
993573 993573
993574 993574
993575 993575
993576 993576
993577 993577
993578 993578
993579 993579
993580 993580
993581 993581
993582 993582
993583 993583
993584 993584
993585 993585
993586 993586
993587 993587
993588 993588
993589 993589
993590 993590
993591 993591
993592 993592
993593 993593
993594 993594
993595 993595
993596 993596
993597 993597
993598 993598
993599 993599
993600 993600
993601 993601
993602 993602
993603 993603
993604 993604
993605 993605
993606 993606
993607 993607
993608 993608
993609 993609
993610 993610
993611 993611
993612 993612
993613 993613
993614 993614
993615 993615
993616 993616
993617 993617
993618 993618
993619 993619
993620 993620
993621 993621
993622 993622
993623 993623
993624 993624
993625 993625
993626 993626
993627 993627
993628 993628
993629 993629
993630 993630
993631 993631
993632 993632
993633 993633
993634 993634
993635 993635
993636 993636
993637 993637
993638 993638
993639 993639
993640 993640
993641 993641
993642 993642
993643 993643
993644 993644
993645 993645
993646 993646
993647 993647
993648 993648
993649 993649
993650 993650
993651 993651
993652 993652
993653 993653
993654 993654
993655 993655
993656 993656
993657 993657
993658 993658
993659 993659
993660 993660
993661 993661
993662 993662
993663 993663
993664 993664
993665 993665
993666 993666
993667 993667
993668 993668
993669 993669
993670 993670
993671 993671
993672 993672
993673 993673
993674 993674
993675 993675
993676 993676
993677 993677
993678 993678
993679 993679
993680 993680
993681 993681
993682 993682
993683 993683
993684 993684
993685 993685
993686 993686
993687 993687
993688 993688
993689 993689
993690 993690
993691 993691
993692 993692
993693 993693
993694 993694
993695 993695
993696 993696
993697 993697
993698 993698
993699 993699
993700 993700
993701 993701
993702 993702
993703 993703
993704 993704
993705 993705
993706 993706
993707 993707
993708 993708
993709 993709
993710 993710
993711 993711
993712 993712
993713 993713
993714 993714
993715 993715
993716 993716
993717 993717
993718 993718
993719 993719
993720 993720
993721 993721
993722 993722
993723 993723
993724 993724
993725 993725
993726 993726
993727 993727
993728 993728
993729 993729
993730 993730
993731 993731
993732 993732
993733 993733
993734 993734
993735 993735
993736 993736
993737 993737
993738 993738
993739 993739
993740 993740
993741 993741
993742 993742
993743 993743
993744 993744
993745 993745
993746 993746
993747 993747
993748 993748
993749 993749
993750 993750
993751 993751
993752 993752
993753 993753
993754 993754
993755 993755
993756 993756
993757 993757
993758 993758
993759 993759
993760 993760
993761 993761
993762 993762
993763 993763
993764 993764
993765 993765
993766 993766
993767 993767
993768 993768
993769 993769
993770 993770
993771 993771
993772 993772
993773 993773
993774 993774
993775 993775
993776 993776
993777 993777
993778 993778
993779 993779
993780 993780
993781 993781
993782 993782
993783 993783
993784 993784
993785 993785
993786 993786
993787 993787
993788 993788
993789 993789
993790 993790
993791 993791
993792 993792
993793 993793
993794 993794
993795 993795
993796 993796
993797 993797
993798 993798
993799 993799
993800 993800
993801 993801
993802 993802
993803 993803
993804 993804
993805 993805
993806 993806
993807 993807
993808 993808
993809 993809
993810 993810
993811 993811
993812 993812
993813 993813
993814 993814
993815 993815
993816 993816
993817 993817
993818 993818
993819 993819
993820 993820
993821 993821
993822 993822
993823 993823
993824 993824
993825 993825
993826 993826
993827 993827
993828 993828
993829 993829
993830 993830
993831 993831
993832 993832
993833 993833
993834 993834
993835 993835
993836 993836
993837 993837
993838 993838
993839 993839
993840 993840
993841 993841
993842 993842
993843 993843
993844 993844
993845 993845
993846 993846
993847 993847
993848 993848
993849 993849
993850 993850
993851 993851
993852 993852
993853 993853
993854 993854
993855 993855
993856 993856
993857 993857
993858 993858
993859 993859
993860 993860
993861 993861
993862 993862
993863 993863
993864 993864
993865 993865
993866 993866
993867 993867
993868 993868
993869 993869
993870 993870
993871 993871
993872 993872
993873 993873
993874 993874
993875 993875
993876 993876
993877 993877
993878 993878
993879 993879
993880 993880
993881 993881
993882 993882
993883 993883
993884 993884
993885 993885
993886 993886
993887 993887
993888 993888
993889 993889
993890 993890
993891 993891
993892 993892
993893 993893
993894 993894
993895 993895
993896 993896
993897 993897
993898 993898
993899 993899
993900 993900
993901 993901
993902 993902
993903 993903
993904 993904
993905 993905
993906 993906
993907 993907
993908 993908
993909 993909
993910 993910
993911 993911
993912 993912
993913 993913
993914 993914
993915 993915
993916 993916
993917 993917
993918 993918
993919 993919
993920 993920
993921 993921
993922 993922
993923 993923
993924 993924
993925 993925
993926 993926
993927 993927
993928 993928
993929 993929
993930 993930
993931 993931
993932 993932
993933 993933
993934 993934
993935 993935
993936 993936
993937 993937
993938 993938
993939 993939
993940 993940
993941 993941
993942 993942
993943 993943
993944 993944
993945 993945
993946 993946
993947 993947
993948 993948
993949 993949
993950 993950
993951 993951
993952 993952
993953 993953
993954 993954
993955 993955
993956 993956
993957 993957
993958 993958
993959 993959
993960 993960
993961 993961
993962 993962
993963 993963
993964 993964
993965 993965
993966 993966
993967 993967
993968 993968
993969 993969
993970 993970
993971 993971
993972 993972
993973 993973
993974 993974
993975 993975
993976 993976
993977 993977
993978 993978
993979 993979
993980 993980
993981 993981
993982 993982
993983 993983
993984 993984
993985 993985
993986 993986
993987 993987
993988 993988
993989 993989
993990 993990
993991 993991
993992 993992
993993 993993
993994 993994
993995 993995
993996 993996
993997 993997
993998 993998
993999 993999
994000 994000
994001 994001
994002 994002
994003 994003
994004 994004
994005 994005
994006 994006
994007 994007
994008 994008
994009 994009
994010 994010
994011 994011
994012 994012
994013 994013
994014 994014
994015 994015
994016 994016
994017 994017
994018 994018
994019 994019
994020 994020
994021 994021
994022 994022
994023 994023
994024 994024
994025 994025
994026 994026
994027 994027
994028 994028
994029 994029
994030 994030
994031 994031
994032 994032
994033 994033
994034 994034
994035 994035
994036 994036
994037 994037
994038 994038
994039 994039
994040 994040
994041 994041
994042 994042
994043 994043
994044 994044
994045 994045
994046 994046
994047 994047
994048 994048
994049 994049
994050 994050
994051 994051
994052 994052
994053 994053
994054 994054
994055 994055
994056 994056
994057 994057
994058 994058
994059 994059
994060 994060
994061 994061
994062 994062
994063 994063
994064 994064
994065 994065
994066 994066
994067 994067
994068 994068
994069 994069
994070 994070
994071 994071
994072 994072
994073 994073
994074 994074
994075 994075
994076 994076
994077 994077
994078 994078
994079 994079
994080 994080
994081 994081
994082 994082
994083 994083
994084 994084
994085 994085
994086 994086
994087 994087
994088 994088
994089 994089
994090 994090
994091 994091
994092 994092
994093 994093
994094 994094
994095 994095
994096 994096
994097 994097
994098 994098
994099 994099
994100 994100
994101 994101
994102 994102
994103 994103
994104 994104
994105 994105
994106 994106
994107 994107
994108 994108
994109 994109
994110 994110
994111 994111
994112 994112
994113 994113
994114 994114
994115 994115
994116 994116
994117 994117
994118 994118
994119 994119
994120 994120
994121 994121
994122 994122
994123 994123
994124 994124
994125 994125
994126 994126
994127 994127
994128 994128
994129 994129
994130 994130
994131 994131
994132 994132
994133 994133
994134 994134
994135 994135
994136 994136
994137 994137
994138 994138
994139 994139
994140 994140
994141 994141
994142 994142
994143 994143
994144 994144
994145 994145
994146 994146
994147 994147
994148 994148
994149 994149
994150 994150
994151 994151
994152 994152
994153 994153
994154 994154
994155 994155
994156 994156
994157 994157
994158 994158
994159 994159
994160 994160
994161 994161
994162 994162
994163 994163
994164 994164
994165 994165
994166 994166
994167 994167
994168 994168
994169 994169
994170 994170
994171 994171
994172 994172
994173 994173
994174 994174
994175 994175
994176 994176
994177 994177
994178 994178
994179 994179
994180 994180
994181 994181
994182 994182
994183 994183
994184 994184
994185 994185
994186 994186
994187 994187
994188 994188
994189 994189
994190 994190
994191 994191
994192 994192
994193 994193
994194 994194
994195 994195
994196 994196
994197 994197
994198 994198
994199 994199
994200 994200
994201 994201
994202 994202
994203 994203
994204 994204
994205 994205
994206 994206
994207 994207
994208 994208
994209 994209
994210 994210
994211 994211
994212 994212
994213 994213
994214 994214
994215 994215
994216 994216
994217 994217
994218 994218
994219 994219
994220 994220
994221 994221
994222 994222
994223 994223
994224 994224
994225 994225
994226 994226
994227 994227
994228 994228
994229 994229
994230 994230
994231 994231
994232 994232
994233 994233
994234 994234
994235 994235
994236 994236
994237 994237
994238 994238
994239 994239
994240 994240
994241 994241
994242 994242
994243 994243
994244 994244
994245 994245
994246 994246
994247 994247
994248 994248
994249 994249
994250 994250
994251 994251
994252 994252
994253 994253
994254 994254
994255 994255
994256 994256
994257 994257
994258 994258
994259 994259
994260 994260
994261 994261
994262 994262
994263 994263
994264 994264
994265 994265
994266 994266
994267 994267
994268 994268
994269 994269
994270 994270
994271 994271
994272 994272
994273 994273
994274 994274
994275 994275
994276 994276
994277 994277
994278 994278
994279 994279
994280 994280
994281 994281
994282 994282
994283 994283
994284 994284
994285 994285
994286 994286
994287 994287
994288 994288
994289 994289
994290 994290
994291 994291
994292 994292
994293 994293
994294 994294
994295 994295
994296 994296
994297 994297
994298 994298
994299 994299
994300 994300
994301 994301
994302 994302
994303 994303
994304 994304
994305 994305
994306 994306
994307 994307
994308 994308
994309 994309
994310 994310
994311 994311
994312 994312
994313 994313
994314 994314
994315 994315
994316 994316
994317 994317
994318 994318
994319 994319
994320 994320
994321 994321
994322 994322
994323 994323
994324 994324
994325 994325
994326 994326
994327 994327
994328 994328
994329 994329
994330 994330
994331 994331
994332 994332
994333 994333
994334 994334
994335 994335
994336 994336
994337 994337
994338 994338
994339 994339
994340 994340
994341 994341
994342 994342
994343 994343
994344 994344
994345 994345
994346 994346
994347 994347
994348 994348
994349 994349
994350 994350
994351 994351
994352 994352
994353 994353
994354 994354
994355 994355
994356 994356
994357 994357
994358 994358
994359 994359
994360 994360
994361 994361
994362 994362
994363 994363
994364 994364
994365 994365
994366 994366
994367 994367
994368 994368
994369 994369
994370 994370
994371 994371
994372 994372
994373 994373
994374 994374
994375 994375
994376 994376
994377 994377
994378 994378
994379 994379
994380 994380
994381 994381
994382 994382
994383 994383
994384 994384
994385 994385
994386 994386
994387 994387
994388 994388
994389 994389
994390 994390
994391 994391
994392 994392
994393 994393
994394 994394
994395 994395
994396 994396
994397 994397
994398 994398
994399 994399
994400 994400
994401 994401
994402 994402
994403 994403
994404 994404
994405 994405
994406 994406
994407 994407
994408 994408
994409 994409
994410 994410
994411 994411
994412 994412
994413 994413
994414 994414
994415 994415
994416 994416
994417 994417
994418 994418
994419 994419
994420 994420
994421 994421
994422 994422
994423 994423
994424 994424
994425 994425
994426 994426
994427 994427
994428 994428
994429 994429
994430 994430
994431 994431
994432 994432
994433 994433
994434 994434
994435 994435
994436 994436
994437 994437
994438 994438
994439 994439
994440 994440
994441 994441
994442 994442
994443 994443
994444 994444
994445 994445
994446 994446
994447 994447
994448 994448
994449 994449
994450 994450
994451 994451
994452 994452
994453 994453
994454 994454
994455 994455
994456 994456
994457 994457
994458 994458
994459 994459
994460 994460
994461 994461
994462 994462
994463 994463
994464 994464
994465 994465
994466 994466
994467 994467
994468 994468
994469 994469
994470 994470
994471 994471
994472 994472
994473 994473
994474 994474
994475 994475
994476 994476
994477 994477
994478 994478
994479 994479
994480 994480
994481 994481
994482 994482
994483 994483
994484 994484
994485 994485
994486 994486
994487 994487
994488 994488
994489 994489
994490 994490
994491 994491
994492 994492
994493 994493
994494 994494
994495 994495
994496 994496
994497 994497
994498 994498
994499 994499
994500 994500
994501 994501
994502 994502
994503 994503
994504 994504
994505 994505
994506 994506
994507 994507
994508 994508
994509 994509
994510 994510
994511 994511
994512 994512
994513 994513
994514 994514
994515 994515
994516 994516
994517 994517
994518 994518
994519 994519
994520 994520
994521 994521
994522 994522
994523 994523
994524 994524
994525 994525
994526 994526
994527 994527
994528 994528
994529 994529
994530 994530
994531 994531
994532 994532
994533 994533
994534 994534
994535 994535
994536 994536
994537 994537
994538 994538
994539 994539
994540 994540
994541 994541
994542 994542
994543 994543
994544 994544
994545 994545
994546 994546
994547 994547
994548 994548
994549 994549
994550 994550
994551 994551
994552 994552
994553 994553
994554 994554
994555 994555
994556 994556
994557 994557
994558 994558
994559 994559
994560 994560
994561 994561
994562 994562
994563 994563
994564 994564
994565 994565
994566 994566
994567 994567
994568 994568
994569 994569
994570 994570
994571 994571
994572 994572
994573 994573
994574 994574
994575 994575
994576 994576
994577 994577
994578 994578
994579 994579
994580 994580
994581 994581
994582 994582
994583 994583
994584 994584
994585 994585
994586 994586
994587 994587
994588 994588
994589 994589
994590 994590
994591 994591
994592 994592
994593 994593
994594 994594
994595 994595
994596 994596
994597 994597
994598 994598
994599 994599
994600 994600
994601 994601
994602 994602
994603 994603
994604 994604
994605 994605
994606 994606
994607 994607
994608 994608
994609 994609
994610 994610
994611 994611
994612 994612
994613 994613
994614 994614
994615 994615
994616 994616
994617 994617
994618 994618
994619 994619
994620 994620
994621 994621
994622 994622
994623 994623
994624 994624
994625 994625
994626 994626
994627 994627
994628 994628
994629 994629
994630 994630
994631 994631
994632 994632
994633 994633
994634 994634
994635 994635
994636 994636
994637 994637
994638 994638
994639 994639
994640 994640
994641 994641
994642 994642
994643 994643
994644 994644
994645 994645
994646 994646
994647 994647
994648 994648
994649 994649
994650 994650
994651 994651
994652 994652
994653 994653
994654 994654
994655 994655
994656 994656
994657 994657
994658 994658
994659 994659
994660 994660
994661 994661
994662 994662
994663 994663
994664 994664
994665 994665
994666 994666
994667 994667
994668 994668
994669 994669
994670 994670
994671 994671
994672 994672
994673 994673
994674 994674
994675 994675
994676 994676
994677 994677
994678 994678
994679 994679
994680 994680
994681 994681
994682 994682
994683 994683
994684 994684
994685 994685
994686 994686
994687 994687
994688 994688
994689 994689
994690 994690
994691 994691
994692 994692
994693 994693
994694 994694
994695 994695
994696 994696
994697 994697
994698 994698
994699 994699
994700 994700
994701 994701
994702 994702
994703 994703
994704 994704
994705 994705
994706 994706
994707 994707
994708 994708
994709 994709
994710 994710
994711 994711
994712 994712
994713 994713
994714 994714
994715 994715
994716 994716
994717 994717
994718 994718
994719 994719
994720 994720
994721 994721
994722 994722
994723 994723
994724 994724
994725 994725
994726 994726
994727 994727
994728 994728
994729 994729
994730 994730
994731 994731
994732 994732
994733 994733
994734 994734
994735 994735
994736 994736
994737 994737
994738 994738
994739 994739
994740 994740
994741 994741
994742 994742
994743 994743
994744 994744
994745 994745
994746 994746
994747 994747
994748 994748
994749 994749
994750 994750
994751 994751
994752 994752
994753 994753
994754 994754
994755 994755
994756 994756
994757 994757
994758 994758
994759 994759
994760 994760
994761 994761
994762 994762
994763 994763
994764 994764
994765 994765
994766 994766
994767 994767
994768 994768
994769 994769
994770 994770
994771 994771
994772 994772
994773 994773
994774 994774
994775 994775
994776 994776
994777 994777
994778 994778
994779 994779
994780 994780
994781 994781
994782 994782
994783 994783
994784 994784
994785 994785
994786 994786
994787 994787
994788 994788
994789 994789
994790 994790
994791 994791
994792 994792
994793 994793
994794 994794
994795 994795
994796 994796
994797 994797
994798 994798
994799 994799
994800 994800
994801 994801
994802 994802
994803 994803
994804 994804
994805 994805
994806 994806
994807 994807
994808 994808
994809 994809
994810 994810
994811 994811
994812 994812
994813 994813
994814 994814
994815 994815
994816 994816
994817 994817
994818 994818
994819 994819
994820 994820
994821 994821
994822 994822
994823 994823
994824 994824
994825 994825
994826 994826
994827 994827
994828 994828
994829 994829
994830 994830
994831 994831
994832 994832
994833 994833
994834 994834
994835 994835
994836 994836
994837 994837
994838 994838
994839 994839
994840 994840
994841 994841
994842 994842
994843 994843
994844 994844
994845 994845
994846 994846
994847 994847
994848 994848
994849 994849
994850 994850
994851 994851
994852 994852
994853 994853
994854 994854
994855 994855
994856 994856
994857 994857
994858 994858
994859 994859
994860 994860
994861 994861
994862 994862
994863 994863
994864 994864
994865 994865
994866 994866
994867 994867
994868 994868
994869 994869
994870 994870
994871 994871
994872 994872
994873 994873
994874 994874
994875 994875
994876 994876
994877 994877
994878 994878
994879 994879
994880 994880
994881 994881
994882 994882
994883 994883
994884 994884
994885 994885
994886 994886
994887 994887
994888 994888
994889 994889
994890 994890
994891 994891
994892 994892
994893 994893
994894 994894
994895 994895
994896 994896
994897 994897
994898 994898
994899 994899
994900 994900
994901 994901
994902 994902
994903 994903
994904 994904
994905 994905
994906 994906
994907 994907
994908 994908
994909 994909
994910 994910
994911 994911
994912 994912
994913 994913
994914 994914
994915 994915
994916 994916
994917 994917
994918 994918
994919 994919
994920 994920
994921 994921
994922 994922
994923 994923
994924 994924
994925 994925
994926 994926
994927 994927
994928 994928
994929 994929
994930 994930
994931 994931
994932 994932
994933 994933
994934 994934
994935 994935
994936 994936
994937 994937
994938 994938
994939 994939
994940 994940
994941 994941
994942 994942
994943 994943
994944 994944
994945 994945
994946 994946
994947 994947
994948 994948
994949 994949
994950 994950
994951 994951
994952 994952
994953 994953
994954 994954
994955 994955
994956 994956
994957 994957
994958 994958
994959 994959
994960 994960
994961 994961
994962 994962
994963 994963
994964 994964
994965 994965
994966 994966
994967 994967
994968 994968
994969 994969
994970 994970
994971 994971
994972 994972
994973 994973
994974 994974
994975 994975
994976 994976
994977 994977
994978 994978
994979 994979
994980 994980
994981 994981
994982 994982
994983 994983
994984 994984
994985 994985
994986 994986
994987 994987
994988 994988
994989 994989
994990 994990
994991 994991
994992 994992
994993 994993
994994 994994
994995 994995
994996 994996
994997 994997
994998 994998
994999 994999
995000 995000
995001 995001
995002 995002
995003 995003
995004 995004
995005 995005
995006 995006
995007 995007
995008 995008
995009 995009
