     1	00
     2	01
     3	02
     4	03
     5	04
     6	05
     7	06
     8	07
     9	08
    10	09
    11	10
    12	11
    13	12
    14	13
    15	14
    16	15
    17	16
    18	17
    19	18
    20	19
    21	20
    22	21
    23	22
    24	23
    25	24
    26	25
    27	26
    28	27
    29	28
    30	29
    31	30
    32	31
    33	32
    34	33
    35	34
    36	35
    37	36
    38	37
    39	38
    40	39
    41	40
    42	41
    43	42
    44	43
    45	44
    46	45
    47	46
    48	47
    49	48
    50	49
    51	50
    52	51
    53	52
    54	53
    55	54
    56	55
    57	56
    58	57
    59	58
    60	59
    61	60
    62	61
    63	62
    64	63
    65	64
    66	65
    67	66
    68	67
    69	68
    70	69
    71	70
    72	71
    73	72
    74	73
    75	74
    76	75
    77	76
    78	77
    79	78
    80	79
    81	80
    82	81
    83	82
    84	83
    85	84
    86	85
    87	86
    88	87
    89	88
    90	89
    91	9000
    92	9001
    93	9002
    94	9003
    95	9004
    96	9005
    97	9006
    98	9007
    99	9008
   100	9009
   101	9010
   102	9011
   103	9012
   104	9013
   105	9014
   106	9015
   107	9016
   108	9017
   109	9018
   110	9019
   111	9020
   112	9021
   113	9022
   114	9023
   115	9024
   116	9025
   117	9026
   118	9027
   119	9028
   120	9029
   121	9030
   122	9031
   123	9032
   124	9033
   125	9034
   126	9035
   127	9036
   128	9037
   129	9038
   130	9039
   131	9040
   132	9041
   133	9042
   134	9043
   135	9044
   136	9045
   137	9046
   138	9047
   139	9048
   140	9049
   141	9050
   142	9051
   143	9052
   144	9053
   145	9054
   146	9055
   147	9056
   148	9057
   149	9058
   150	9059
   151	9060
   152	9061
   153	9062
   154	9063
   155	9064
   156	9065
   157	9066
   158	9067
   159	9068
   160	9069
   161	9070
   162	9071
   163	9072
   164	9073
   165	9074
   166	9075
   167	9076
   168	9077
   169	9078
   170	9079
   171	9080
   172	9081
   173	9082
   174	9083
   175	9084
   176	9085
   177	9086
   178	9087
   179	9088
   180	9089
   181	9090
   182	9091
   183	9092
   184	9093
   185	9094
   186	9095
   187	9096
   188	9097
   189	9098
   190	9099
   191	9100
   192	9101
   193	9102
   194	9103
   195	9104
   196	9105
   197	9106
   198	9107
   199	9108
   200	9109
   201	9110
   202	9111
   203	9112
   204	9113
   205	9114
   206	9115
   207	9116
   208	9117
   209	9118
   210	9119
   211	9120
   212	9121
   213	9122
   214	9123
   215	9124
   216	9125
   217	9126
   218	9127
   219	9128
   220	9129
   221	9130
   222	9131
   223	9132
   224	9133
   225	9134
   226	9135
   227	9136
   228	9137
   229	9138
   230	9139
   231	9140
   232	9141
   233	9142
   234	9143
   235	9144
   236	9145
   237	9146
   238	9147
   239	9148
   240	9149
   241	9150
   242	9151
   243	9152
   244	9153
   245	9154
   246	9155
   247	9156
   248	9157
   249	9158
   250	9159
   251	9160
   252	9161
   253	9162
   254	9163
   255	9164
   256	9165
   257	9166
   258	9167
   259	9168
   260	9169
   261	9170
   262	9171
   263	9172
   264	9173
   265	9174
   266	9175
   267	9176
   268	9177
   269	9178
   270	9179
   271	9180
   272	9181
   273	9182
   274	9183
   275	9184
   276	9185
   277	9186
   278	9187
   279	9188
   280	9189
   281	9190
   282	9191
   283	9192
   284	9193
   285	9194
   286	9195
   287	9196
   288	9197
   289	9198
   290	9199
   291	9200
   292	9201
   293	9202
   294	9203
   295	9204
   296	9205
   297	9206
   298	9207
   299	9208
   300	9209
   301	9210
   302	9211
   303	9212
   304	9213
   305	9214
   306	9215
   307	9216
   308	9217
   309	9218
   310	9219
   311	9220
   312	9221
   313	9222
   314	9223
   315	9224
   316	9225
   317	9226
   318	9227
   319	9228
   320	9229
   321	9230
   322	9231
   323	9232
   324	9233
   325	9234
   326	9235
   327	9236
   328	9237
   329	9238
   330	9239
   331	9240
   332	9241
   333	9242
   334	9243
   335	9244
   336	9245
   337	9246
   338	9247
   339	9248
   340	9249
   341	9250
   342	9251
   343	9252
   344	9253
   345	9254
   346	9255
   347	9256
   348	9257
   349	9258
   350	9259
   351	9260
   352	9261
   353	9262
   354	9263
   355	9264
   356	9265
   357	9266
   358	9267
   359	9268
   360	9269
   361	9270
   362	9271
   363	9272
   364	9273
   365	9274
   366	9275
   367	9276
   368	9277
   369	9278
   370	9279
   371	9280
   372	9281
   373	9282
   374	9283
   375	9284
   376	9285
   377	9286
   378	9287
   379	9288
   380	9289
   381	9290
   382	9291
   383	9292
   384	9293
   385	9294
   386	9295
   387	9296
   388	9297
   389	9298
   390	9299
   391	9300
   392	9301
   393	9302
   394	9303
   395	9304
   396	9305
   397	9306
   398	9307
   399	9308
   400	9309
   401	9310
   402	9311
   403	9312
   404	9313
   405	9314
   406	9315
   407	9316
   408	9317
   409	9318
   410	9319
   411	9320
   412	9321
   413	9322
   414	9323
   415	9324
   416	9325
   417	9326
   418	9327
   419	9328
   420	9329
   421	9330
   422	9331
   423	9332
   424	9333
   425	9334
   426	9335
   427	9336
   428	9337
   429	9338
   430	9339
   431	9340
   432	9341
   433	9342
   434	9343
   435	9344
   436	9345
   437	9346
   438	9347
   439	9348
   440	9349
   441	9350
   442	9351
   443	9352
   444	9353
   445	9354
   446	9355
   447	9356
   448	9357
   449	9358
   450	9359
   451	9360
   452	9361
   453	9362
   454	9363
   455	9364
   456	9365
   457	9366
   458	9367
   459	9368
   460	9369
   461	9370
   462	9371
   463	9372
   464	9373
   465	9374
   466	9375
   467	9376
   468	9377
   469	9378
   470	9379
   471	9380
   472	9381
   473	9382
   474	9383
   475	9384
   476	9385
   477	9386
   478	9387
   479	9388
   480	9389
   481	9390
   482	9391
   483	9392
   484	9393
   485	9394
   486	9395
   487	9396
   488	9397
   489	9398
   490	9399
   491	9400
   492	9401
   493	9402
   494	9403
   495	9404
   496	9405
   497	9406
   498	9407
   499	9408
   500	9409
   501	9410
   502	9411
   503	9412
   504	9413
   505	9414
   506	9415
   507	9416
   508	9417
   509	9418
   510	9419
   511	9420
   512	9421
   513	9422
   514	9423
   515	9424
   516	9425
   517	9426
   518	9427
   519	9428
   520	9429
   521	9430
   522	9431
   523	9432
   524	9433
   525	9434
   526	9435
   527	9436
   528	9437
   529	9438
   530	9439
   531	9440
   532	9441
   533	9442
   534	9443
   535	9444
   536	9445
   537	9446
   538	9447
   539	9448
   540	9449
   541	9450
   542	9451
   543	9452
   544	9453
   545	9454
   546	9455
   547	9456
   548	9457
   549	9458
   550	9459
   551	9460
   552	9461
   553	9462
   554	9463
   555	9464
   556	9465
   557	9466
   558	9467
   559	9468
   560	9469
   561	9470
   562	9471
   563	9472
   564	9473
   565	9474
   566	9475
   567	9476
   568	9477
   569	9478
   570	9479
   571	9480
   572	9481
   573	9482
   574	9483
   575	9484
   576	9485
   577	9486
   578	9487
   579	9488
   580	9489
   581	9490
   582	9491
   583	9492
   584	9493
   585	9494
   586	9495
   587	9496
   588	9497
   589	9498
   590	9499
   591	9500
   592	9501
   593	9502
   594	9503
   595	9504
   596	9505
   597	9506
   598	9507
   599	9508
   600	9509
   601	9510
   602	9511
   603	9512
   604	9513
   605	9514
   606	9515
   607	9516
   608	9517
   609	9518
   610	9519
   611	9520
   612	9521
   613	9522
   614	9523
   615	9524
   616	9525
   617	9526
   618	9527
   619	9528
   620	9529
   621	9530
   622	9531
   623	9532
   624	9533
   625	9534
   626	9535
   627	9536
   628	9537
   629	9538
   630	9539
   631	9540
   632	9541
   633	9542
   634	9543
   635	9544
   636	9545
   637	9546
   638	9547
   639	9548
   640	9549
   641	9550
   642	9551
   643	9552
   644	9553
   645	9554
   646	9555
   647	9556
   648	9557
   649	9558
   650	9559
   651	9560
   652	9561
   653	9562
   654	9563
   655	9564
   656	9565
   657	9566
   658	9567
   659	9568
   660	9569
   661	9570
   662	9571
   663	9572
   664	9573
   665	9574
   666	9575
   667	9576
   668	9577
   669	9578
   670	9579
   671	9580
   672	9581
   673	9582
   674	9583
   675	9584
   676	9585
   677	9586
   678	9587
   679	9588
   680	9589
   681	9590
   682	9591
   683	9592
   684	9593
   685	9594
   686	9595
   687	9596
   688	9597
   689	9598
   690	9599
   691	9600
   692	9601
   693	9602
   694	9603
   695	9604
   696	9605
   697	9606
   698	9607
   699	9608
   700	9609
   701	9610
   702	9611
   703	9612
   704	9613
   705	9614
   706	9615
   707	9616
   708	9617
   709	9618
   710	9619
   711	9620
   712	9621
   713	9622
   714	9623
   715	9624
   716	9625
   717	9626
   718	9627
   719	9628
   720	9629
   721	9630
   722	9631
   723	9632
   724	9633
   725	9634
   726	9635
   727	9636
   728	9637
   729	9638
   730	9639
   731	9640
   732	9641
   733	9642
   734	9643
   735	9644
   736	9645
   737	9646
   738	9647
   739	9648
   740	9649
   741	9650
   742	9651
   743	9652
   744	9653
   745	9654
   746	9655
   747	9656
   748	9657
   749	9658
   750	9659
   751	9660
   752	9661
   753	9662
   754	9663
   755	9664
   756	9665
   757	9666
   758	9667
   759	9668
   760	9669
   761	9670
   762	9671
   763	9672
   764	9673
   765	9674
   766	9675
   767	9676
   768	9677
   769	9678
   770	9679
   771	9680
   772	9681
   773	9682
   774	9683
   775	9684
   776	9685
   777	9686
   778	9687
   779	9688
   780	9689
   781	9690
   782	9691
   783	9692
   784	9693
   785	9694
   786	9695
   787	9696
   788	9697
   789	9698
   790	9699
   791	9700
   792	9701
   793	9702
   794	9703
   795	9704
   796	9705
   797	9706
   798	9707
   799	9708
   800	9709
   801	9710
   802	9711
   803	9712
   804	9713
   805	9714
   806	9715
   807	9716
   808	9717
   809	9718
   810	9719
   811	9720
   812	9721
   813	9722
   814	9723
   815	9724
   816	9725
   817	9726
   818	9727
   819	9728
   820	9729
   821	9730
   822	9731
   823	9732
   824	9733
   825	9734
   826	9735
   827	9736
   828	9737
   829	9738
   830	9739
   831	9740
   832	9741
   833	9742
   834	9743
   835	9744
   836	9745
   837	9746
   838	9747
   839	9748
   840	9749
   841	9750
   842	9751
   843	9752
   844	9753
   845	9754
   846	9755
   847	9756
   848	9757
   849	9758
   850	9759
   851	9760
   852	9761
   853	9762
   854	9763
   855	9764
   856	9765
   857	9766
   858	9767
   859	9768
   860	9769
   861	9770
   862	9771
   863	9772
   864	9773
   865	9774
   866	9775
   867	9776
   868	9777
   869	9778
   870	9779
   871	9780
   872	9781
   873	9782
   874	9783
   875	9784
   876	9785
   877	9786
   878	9787
   879	9788
   880	9789
   881	9790
   882	9791
   883	9792
   884	9793
   885	9794
   886	9795
   887	9796
   888	9797
   889	9798
   890	9799
   891	9800
   892	9801
   893	9802
   894	9803
   895	9804
   896	9805
   897	9806
   898	9807
   899	9808
   900	9809
   901	9810
   902	9811
   903	9812
   904	9813
   905	9814
   906	9815
   907	9816
   908	9817
   909	9818
   910	9819
   911	9820
   912	9821
   913	9822
   914	9823
   915	9824
   916	9825
   917	9826
   918	9827
   919	9828
   920	9829
   921	9830
   922	9831
   923	9832
   924	9833
   925	9834
   926	9835
   927	9836
   928	9837
   929	9838
   930	9839
   931	9840
   932	9841
   933	9842
   934	9843
   935	9844
   936	9845
   937	9846
   938	9847
   939	9848
   940	9849
   941	9850
   942	9851
   943	9852
   944	9853
   945	9854
   946	9855
   947	9856
   948	9857
   949	9858
   950	9859
   951	9860
   952	9861
   953	9862
   954	9863
   955	9864
   956	9865
   957	9866
   958	9867
   959	9868
   960	9869
   961	9870
   962	9871
   963	9872
   964	9873
   965	9874
   966	9875
   967	9876
   968	9877
   969	9878
   970	9879
   971	9880
   972	9881
   973	9882
   974	9883
   975	9884
   976	9885
   977	9886
   978	9887
   979	9888
   980	9889
   981	9890
   982	9891
   983	9892
   984	9893
   985	9894
   986	9895
   987	9896
   988	9897
   989	9898
   990	9899
   991	990000
   992	990001
   993	990002
   994	990003
   995	990004
   996	990005
   997	990006
   998	990007
   999	990008
  1000	990009
  1001	990010
  1002	990011
  1003	990012
  1004	990013
  1005	990014
  1006	990015
  1007	990016
  1008	990017
  1009	990018
  1010	990019
  1011	990020
  1012	990021
  1013	990022
  1014	990023
  1015	990024
  1016	990025
  1017	990026
  1018	990027
  1019	990028
  1020	990029
  1021	990030
  1022	990031
  1023	990032
  1024	990033
  1025	990034
  1026	990035
  1027	990036
  1028	990037
  1029	990038
  1030	990039
  1031	990040
  1032	990041
  1033	990042
  1034	990043
  1035	990044
  1036	990045
  1037	990046
  1038	990047
  1039	990048
  1040	990049
  1041	990050
  1042	990051
  1043	990052
  1044	990053
  1045	990054
  1046	990055
  1047	990056
  1048	990057
  1049	990058
  1050	990059
  1051	990060
  1052	990061
  1053	990062
  1054	990063
  1055	990064
  1056	990065
  1057	990066
  1058	990067
  1059	990068
  1060	990069
  1061	990070
  1062	990071
  1063	990072
  1064	990073
  1065	990074
  1066	990075
  1067	990076
  1068	990077
  1069	990078
  1070	990079
  1071	990080
  1072	990081
  1073	990082
  1074	990083
  1075	990084
  1076	990085
  1077	990086
  1078	990087
  1079	990088
  1080	990089
  1081	990090
  1082	990091
  1083	990092
  1084	990093
  1085	990094
  1086	990095
  1087	990096
  1088	990097
  1089	990098
  1090	990099
  1091	990100
  1092	990101
  1093	990102
  1094	990103
  1095	990104
  1096	990105
  1097	990106
  1098	990107
  1099	990108
  1100	990109
  1101	990110
  1102	990111
  1103	990112
  1104	990113
  1105	990114
  1106	990115
  1107	990116
  1108	990117
  1109	990118
  1110	990119
  1111	990120
  1112	990121
  1113	990122
  1114	990123
  1115	990124
  1116	990125
  1117	990126
  1118	990127
  1119	990128
  1120	990129
  1121	990130
  1122	990131
  1123	990132
  1124	990133
  1125	990134
  1126	990135
  1127	990136
  1128	990137
  1129	990138
  1130	990139
  1131	990140
  1132	990141
  1133	990142
  1134	990143
  1135	990144
  1136	990145
  1137	990146
  1138	990147
  1139	990148
  1140	990149
  1141	990150
  1142	990151
  1143	990152
  1144	990153
  1145	990154
  1146	990155
  1147	990156
  1148	990157
  1149	990158
  1150	990159
  1151	990160
  1152	990161
  1153	990162
  1154	990163
  1155	990164
  1156	990165
  1157	990166
  1158	990167
  1159	990168
  1160	990169
  1161	990170
  1162	990171
  1163	990172
  1164	990173
  1165	990174
  1166	990175
  1167	990176
  1168	990177
  1169	990178
  1170	990179
  1171	990180
  1172	990181
  1173	990182
  1174	990183
  1175	990184
  1176	990185
  1177	990186
  1178	990187
  1179	990188
  1180	990189
  1181	990190
  1182	990191
  1183	990192
  1184	990193
  1185	990194
  1186	990195
  1187	990196
  1188	990197
  1189	990198
  1190	990199
  1191	990200
  1192	990201
  1193	990202
  1194	990203
  1195	990204
  1196	990205
  1197	990206
  1198	990207
  1199	990208
  1200	990209
  1201	990210
  1202	990211
  1203	990212
  1204	990213
  1205	990214
  1206	990215
  1207	990216
  1208	990217
  1209	990218
  1210	990219
  1211	990220
  1212	990221
  1213	990222
  1214	990223
  1215	990224
  1216	990225
  1217	990226
  1218	990227
  1219	990228
  1220	990229
  1221	990230
  1222	990231
  1223	990232
  1224	990233
  1225	990234
  1226	990235
  1227	990236
  1228	990237
  1229	990238
  1230	990239
  1231	990240
  1232	990241
  1233	990242
  1234	990243
  1235	990244
  1236	990245
  1237	990246
  1238	990247
  1239	990248
  1240	990249
  1241	990250
  1242	990251
  1243	990252
  1244	990253
  1245	990254
  1246	990255
  1247	990256
  1248	990257
  1249	990258
  1250	990259
  1251	990260
  1252	990261
  1253	990262
  1254	990263
  1255	990264
  1256	990265
  1257	990266
  1258	990267
  1259	990268
  1260	990269
  1261	990270
  1262	990271
  1263	990272
  1264	990273
  1265	990274
  1266	990275
  1267	990276
  1268	990277
  1269	990278
  1270	990279
  1271	990280
  1272	990281
  1273	990282
  1274	990283
  1275	990284
  1276	990285
  1277	990286
  1278	990287
  1279	990288
  1280	990289
  1281	990290
  1282	990291
  1283	990292
  1284	990293
  1285	990294
  1286	990295
  1287	990296
  1288	990297
  1289	990298
  1290	990299
  1291	990300
  1292	990301
  1293	990302
  1294	990303
  1295	990304
  1296	990305
  1297	990306
  1298	990307
  1299	990308
  1300	990309
  1301	990310
  1302	990311
  1303	990312
  1304	990313
  1305	990314
  1306	990315
  1307	990316
  1308	990317
  1309	990318
  1310	990319
  1311	990320
  1312	990321
  1313	990322
  1314	990323
  1315	990324
  1316	990325
  1317	990326
  1318	990327
  1319	990328
  1320	990329
  1321	990330
  1322	990331
  1323	990332
  1324	990333
  1325	990334
  1326	990335
  1327	990336
  1328	990337
  1329	990338
  1330	990339
  1331	990340
  1332	990341
  1333	990342
  1334	990343
  1335	990344
  1336	990345
  1337	990346
  1338	990347
  1339	990348
  1340	990349
  1341	990350
  1342	990351
  1343	990352
  1344	990353
  1345	990354
  1346	990355
  1347	990356
  1348	990357
  1349	990358
  1350	990359
  1351	990360
  1352	990361
  1353	990362
  1354	990363
  1355	990364
  1356	990365
  1357	990366
  1358	990367
  1359	990368
  1360	990369
  1361	990370
  1362	990371
  1363	990372
  1364	990373
  1365	990374
  1366	990375
  1367	990376
  1368	990377
  1369	990378
  1370	990379
  1371	990380
  1372	990381
  1373	990382
  1374	990383
  1375	990384
  1376	990385
  1377	990386
  1378	990387
  1379	990388
  1380	990389
  1381	990390
  1382	990391
  1383	990392
  1384	990393
  1385	990394
  1386	990395
  1387	990396
  1388	990397
  1389	990398
  1390	990399
  1391	990400
  1392	990401
  1393	990402
  1394	990403
  1395	990404
  1396	990405
  1397	990406
  1398	990407
  1399	990408
  1400	990409
  1401	990410
  1402	990411
  1403	990412
  1404	990413
  1405	990414
  1406	990415
  1407	990416
  1408	990417
  1409	990418
  1410	990419
  1411	990420
  1412	990421
  1413	990422
  1414	990423
  1415	990424
  1416	990425
  1417	990426
  1418	990427
  1419	990428
  1420	990429
  1421	990430
  1422	990431
  1423	990432
  1424	990433
  1425	990434
  1426	990435
  1427	990436
  1428	990437
  1429	990438
  1430	990439
  1431	990440
  1432	990441
  1433	990442
  1434	990443
  1435	990444
  1436	990445
  1437	990446
  1438	990447
  1439	990448
  1440	990449
  1441	990450
  1442	990451
  1443	990452
  1444	990453
  1445	990454
  1446	990455
  1447	990456
  1448	990457
  1449	990458
  1450	990459
  1451	990460
  1452	990461
  1453	990462
  1454	990463
  1455	990464
  1456	990465
  1457	990466
  1458	990467
  1459	990468
  1460	990469
  1461	990470
  1462	990471
  1463	990472
  1464	990473
  1465	990474
  1466	990475
  1467	990476
  1468	990477
  1469	990478
  1470	990479
  1471	990480
  1472	990481
  1473	990482
  1474	990483
  1475	990484
  1476	990485
  1477	990486
  1478	990487
  1479	990488
  1480	990489
  1481	990490
  1482	990491
  1483	990492
  1484	990493
  1485	990494
  1486	990495
  1487	990496
  1488	990497
  1489	990498
  1490	990499
  1491	990500
  1492	990501
  1493	990502
  1494	990503
  1495	990504
  1496	990505
  1497	990506
  1498	990507
  1499	990508
  1500	990509
  1501	990510
  1502	990511
  1503	990512
  1504	990513
  1505	990514
  1506	990515
  1507	990516
  1508	990517
  1509	990518
  1510	990519
  1511	990520
  1512	990521
  1513	990522
  1514	990523
  1515	990524
  1516	990525
  1517	990526
  1518	990527
  1519	990528
  1520	990529
  1521	990530
  1522	990531
  1523	990532
  1524	990533
  1525	990534
  1526	990535
  1527	990536
  1528	990537
  1529	990538
  1530	990539
  1531	990540
  1532	990541
  1533	990542
  1534	990543
  1535	990544
  1536	990545
  1537	990546
  1538	990547
  1539	990548
  1540	990549
  1541	990550
  1542	990551
  1543	990552
  1544	990553
  1545	990554
  1546	990555
  1547	990556
  1548	990557
  1549	990558
  1550	990559
  1551	990560
  1552	990561
  1553	990562
  1554	990563
  1555	990564
  1556	990565
  1557	990566
  1558	990567
  1559	990568
  1560	990569
  1561	990570
  1562	990571
  1563	990572
  1564	990573
  1565	990574
  1566	990575
  1567	990576
  1568	990577
  1569	990578
  1570	990579
  1571	990580
  1572	990581
  1573	990582
  1574	990583
  1575	990584
  1576	990585
  1577	990586
  1578	990587
  1579	990588
  1580	990589
  1581	990590
  1582	990591
  1583	990592
  1584	990593
  1585	990594
  1586	990595
  1587	990596
  1588	990597
  1589	990598
  1590	990599
  1591	990600
  1592	990601
  1593	990602
  1594	990603
  1595	990604
  1596	990605
  1597	990606
  1598	990607
  1599	990608
  1600	990609
  1601	990610
  1602	990611
  1603	990612
  1604	990613
  1605	990614
  1606	990615
  1607	990616
  1608	990617
  1609	990618
  1610	990619
  1611	990620
  1612	990621
  1613	990622
  1614	990623
  1615	990624
  1616	990625
  1617	990626
  1618	990627
  1619	990628
  1620	990629
  1621	990630
  1622	990631
  1623	990632
  1624	990633
  1625	990634
  1626	990635
  1627	990636
  1628	990637
  1629	990638
  1630	990639
  1631	990640
  1632	990641
  1633	990642
  1634	990643
  1635	990644
  1636	990645
  1637	990646
  1638	990647
  1639	990648
  1640	990649
  1641	990650
  1642	990651
  1643	990652
  1644	990653
  1645	990654
  1646	990655
  1647	990656
  1648	990657
  1649	990658
  1650	990659
  1651	990660
  1652	990661
  1653	990662
  1654	990663
  1655	990664
  1656	990665
  1657	990666
  1658	990667
  1659	990668
  1660	990669
  1661	990670
  1662	990671
  1663	990672
  1664	990673
  1665	990674
  1666	990675
  1667	990676
  1668	990677
  1669	990678
  1670	990679
  1671	990680
  1672	990681
  1673	990682
  1674	990683
  1675	990684
  1676	990685
  1677	990686
  1678	990687
  1679	990688
  1680	990689
  1681	990690
  1682	990691
  1683	990692
  1684	990693
  1685	990694
  1686	990695
  1687	990696
  1688	990697
  1689	990698
  1690	990699
  1691	990700
  1692	990701
  1693	990702
  1694	990703
  1695	990704
  1696	990705
  1697	990706
  1698	990707
  1699	990708
  1700	990709
  1701	990710
  1702	990711
  1703	990712
  1704	990713
  1705	990714
  1706	990715
  1707	990716
  1708	990717
  1709	990718
  1710	990719
  1711	990720
  1712	990721
  1713	990722
  1714	990723
  1715	990724
  1716	990725
  1717	990726
  1718	990727
  1719	990728
  1720	990729
  1721	990730
  1722	990731
  1723	990732
  1724	990733
  1725	990734
  1726	990735
  1727	990736
  1728	990737
  1729	990738
  1730	990739
  1731	990740
  1732	990741
  1733	990742
  1734	990743
  1735	990744
  1736	990745
  1737	990746
  1738	990747
  1739	990748
  1740	990749
  1741	990750
  1742	990751
  1743	990752
  1744	990753
  1745	990754
  1746	990755
  1747	990756
  1748	990757
  1749	990758
  1750	990759
  1751	990760
  1752	990761
  1753	990762
  1754	990763
  1755	990764
  1756	990765
  1757	990766
  1758	990767
  1759	990768
  1760	990769
  1761	990770
  1762	990771
  1763	990772
  1764	990773
  1765	990774
  1766	990775
  1767	990776
  1768	990777
  1769	990778
  1770	990779
  1771	990780
  1772	990781
  1773	990782
  1774	990783
  1775	990784
  1776	990785
  1777	990786
  1778	990787
  1779	990788
  1780	990789
  1781	990790
  1782	990791
  1783	990792
  1784	990793
  1785	990794
  1786	990795
  1787	990796
  1788	990797
  1789	990798
  1790	990799
  1791	990800
  1792	990801
  1793	990802
  1794	990803
  1795	990804
  1796	990805
  1797	990806
  1798	990807
  1799	990808
  1800	990809
  1801	990810
  1802	990811
  1803	990812
  1804	990813
  1805	990814
  1806	990815
  1807	990816
  1808	990817
  1809	990818
  1810	990819
  1811	990820
  1812	990821
  1813	990822
  1814	990823
  1815	990824
  1816	990825
  1817	990826
  1818	990827
  1819	990828
  1820	990829
  1821	990830
  1822	990831
  1823	990832
  1824	990833
  1825	990834
  1826	990835
  1827	990836
  1828	990837
  1829	990838
  1830	990839
  1831	990840
  1832	990841
  1833	990842
  1834	990843
  1835	990844
  1836	990845
  1837	990846
  1838	990847
  1839	990848
  1840	990849
  1841	990850
  1842	990851
  1843	990852
  1844	990853
  1845	990854
  1846	990855
  1847	990856
  1848	990857
  1849	990858
  1850	990859
  1851	990860
  1852	990861
  1853	990862
  1854	990863
  1855	990864
  1856	990865
  1857	990866
  1858	990867
  1859	990868
  1860	990869
  1861	990870
  1862	990871
  1863	990872
  1864	990873
  1865	990874
  1866	990875
  1867	990876
  1868	990877
  1869	990878
  1870	990879
  1871	990880
  1872	990881
  1873	990882
  1874	990883
  1875	990884
  1876	990885
  1877	990886
  1878	990887
  1879	990888
  1880	990889
  1881	990890
  1882	990891
  1883	990892
  1884	990893
  1885	990894
  1886	990895
  1887	990896
  1888	990897
  1889	990898
  1890	990899
  1891	990900
  1892	990901
  1893	990902
  1894	990903
  1895	990904
  1896	990905
  1897	990906
  1898	990907
  1899	990908
  1900	990909
  1901	990910
  1902	990911
  1903	990912
  1904	990913
  1905	990914
  1906	990915
  1907	990916
  1908	990917
  1909	990918
  1910	990919
  1911	990920
  1912	990921
  1913	990922
  1914	990923
  1915	990924
  1916	990925
  1917	990926
  1918	990927
  1919	990928
  1920	990929
  1921	990930
  1922	990931
  1923	990932
  1924	990933
  1925	990934
  1926	990935
  1927	990936
  1928	990937
  1929	990938
  1930	990939
  1931	990940
  1932	990941
  1933	990942
  1934	990943
  1935	990944
  1936	990945
  1937	990946
  1938	990947
  1939	990948
  1940	990949
  1941	990950
  1942	990951
  1943	990952
  1944	990953
  1945	990954
  1946	990955
  1947	990956
  1948	990957
  1949	990958
  1950	990959
  1951	990960
  1952	990961
  1953	990962
  1954	990963
  1955	990964
  1956	990965
  1957	990966
  1958	990967
  1959	990968
  1960	990969
  1961	990970
  1962	990971
  1963	990972
  1964	990973
  1965	990974
  1966	990975
  1967	990976
  1968	990977
  1969	990978
  1970	990979
  1971	990980
  1972	990981
  1973	990982
  1974	990983
  1975	990984
  1976	990985
  1977	990986
  1978	990987
  1979	990988
  1980	990989
  1981	990990
  1982	990991
  1983	990992
  1984	990993
  1985	990994
  1986	990995
  1987	990996
  1988	990997
  1989	990998
  1990	990999
  1991	991000
  1992	991001
  1993	991002
  1994	991003
  1995	991004
  1996	991005
  1997	991006
  1998	991007
  1999	991008
  2000	991009
  2001	991010
  2002	991011
  2003	991012
  2004	991013
  2005	991014
  2006	991015
  2007	991016
  2008	991017
  2009	991018
  2010	991019
  2011	991020
  2012	991021
  2013	991022
  2014	991023
  2015	991024
  2016	991025
  2017	991026
  2018	991027
  2019	991028
  2020	991029
  2021	991030
  2022	991031
  2023	991032
  2024	991033
  2025	991034
  2026	991035
  2027	991036
  2028	991037
  2029	991038
  2030	991039
  2031	991040
  2032	991041
  2033	991042
  2034	991043
  2035	991044
  2036	991045
  2037	991046
  2038	991047
  2039	991048
  2040	991049
  2041	991050
  2042	991051
  2043	991052
  2044	991053
  2045	991054
  2046	991055
  2047	991056
  2048	991057
  2049	991058
  2050	991059
  2051	991060
  2052	991061
  2053	991062
  2054	991063
  2055	991064
  2056	991065
  2057	991066
  2058	991067
  2059	991068
  2060	991069
  2061	991070
  2062	991071
  2063	991072
  2064	991073
  2065	991074
  2066	991075
  2067	991076
  2068	991077
  2069	991078
  2070	991079
  2071	991080
  2072	991081
  2073	991082
  2074	991083
  2075	991084
  2076	991085
  2077	991086
  2078	991087
  2079	991088
  2080	991089
  2081	991090
  2082	991091
  2083	991092
  2084	991093
  2085	991094
  2086	991095
  2087	991096
  2088	991097
  2089	991098
  2090	991099
  2091	991100
  2092	991101
  2093	991102
  2094	991103
  2095	991104
  2096	991105
  2097	991106
  2098	991107
  2099	991108
  2100	991109
  2101	991110
  2102	991111
  2103	991112
  2104	991113
  2105	991114
  2106	991115
  2107	991116
  2108	991117
  2109	991118
  2110	991119
  2111	991120
  2112	991121
  2113	991122
  2114	991123
  2115	991124
  2116	991125
  2117	991126
  2118	991127
  2119	991128
  2120	991129
  2121	991130
  2122	991131
  2123	991132
  2124	991133
  2125	991134
  2126	991135
  2127	991136
  2128	991137
  2129	991138
  2130	991139
  2131	991140
  2132	991141
  2133	991142
  2134	991143
  2135	991144
  2136	991145
  2137	991146
  2138	991147
  2139	991148
  2140	991149
  2141	991150
  2142	991151
  2143	991152
  2144	991153
  2145	991154
  2146	991155
  2147	991156
  2148	991157
  2149	991158
  2150	991159
  2151	991160
  2152	991161
  2153	991162
  2154	991163
  2155	991164
  2156	991165
  2157	991166
  2158	991167
  2159	991168
  2160	991169
  2161	991170
  2162	991171
  2163	991172
  2164	991173
  2165	991174
  2166	991175
  2167	991176
  2168	991177
  2169	991178
  2170	991179
  2171	991180
  2172	991181
  2173	991182
  2174	991183
  2175	991184
  2176	991185
  2177	991186
  2178	991187
  2179	991188
  2180	991189
  2181	991190
  2182	991191
  2183	991192
  2184	991193
  2185	991194
  2186	991195
  2187	991196
  2188	991197
  2189	991198
  2190	991199
  2191	991200
  2192	991201
  2193	991202
  2194	991203
  2195	991204
  2196	991205
  2197	991206
  2198	991207
  2199	991208
  2200	991209
  2201	991210
  2202	991211
  2203	991212
  2204	991213
  2205	991214
  2206	991215
  2207	991216
  2208	991217
  2209	991218
  2210	991219
  2211	991220
  2212	991221
  2213	991222
  2214	991223
  2215	991224
  2216	991225
  2217	991226
  2218	991227
  2219	991228
  2220	991229
  2221	991230
  2222	991231
  2223	991232
  2224	991233
  2225	991234
  2226	991235
  2227	991236
  2228	991237
  2229	991238
  2230	991239
  2231	991240
  2232	991241
  2233	991242
  2234	991243
  2235	991244
  2236	991245
  2237	991246
  2238	991247
  2239	991248
  2240	991249
  2241	991250
  2242	991251
  2243	991252
  2244	991253
  2245	991254
  2246	991255
  2247	991256
  2248	991257
  2249	991258
  2250	991259
  2251	991260
  2252	991261
  2253	991262
  2254	991263
  2255	991264
  2256	991265
  2257	991266
  2258	991267
  2259	991268
  2260	991269
  2261	991270
  2262	991271
  2263	991272
  2264	991273
  2265	991274
  2266	991275
  2267	991276
  2268	991277
  2269	991278
  2270	991279
  2271	991280
  2272	991281
  2273	991282
  2274	991283
  2275	991284
  2276	991285
  2277	991286
  2278	991287
  2279	991288
  2280	991289
  2281	991290
  2282	991291
  2283	991292
  2284	991293
  2285	991294
  2286	991295
  2287	991296
  2288	991297
  2289	991298
  2290	991299
  2291	991300
  2292	991301
  2293	991302
  2294	991303
  2295	991304
  2296	991305
  2297	991306
  2298	991307
  2299	991308
  2300	991309
  2301	991310
  2302	991311
  2303	991312
  2304	991313
  2305	991314
  2306	991315
  2307	991316
  2308	991317
  2309	991318
  2310	991319
  2311	991320
  2312	991321
  2313	991322
  2314	991323
  2315	991324
  2316	991325
  2317	991326
  2318	991327
  2319	991328
  2320	991329
  2321	991330
  2322	991331
  2323	991332
  2324	991333
  2325	991334
  2326	991335
  2327	991336
  2328	991337
  2329	991338
  2330	991339
  2331	991340
  2332	991341
  2333	991342
  2334	991343
  2335	991344
  2336	991345
  2337	991346
  2338	991347
  2339	991348
  2340	991349
  2341	991350
  2342	991351
  2343	991352
  2344	991353
  2345	991354
  2346	991355
  2347	991356
  2348	991357
  2349	991358
  2350	991359
  2351	991360
  2352	991361
  2353	991362
  2354	991363
  2355	991364
  2356	991365
  2357	991366
  2358	991367
  2359	991368
  2360	991369
  2361	991370
  2362	991371
  2363	991372
  2364	991373
  2365	991374
  2366	991375
  2367	991376
  2368	991377
  2369	991378
  2370	991379
  2371	991380
  2372	991381
  2373	991382
  2374	991383
  2375	991384
  2376	991385
  2377	991386
  2378	991387
  2379	991388
  2380	991389
  2381	991390
  2382	991391
  2383	991392
  2384	991393
  2385	991394
  2386	991395
  2387	991396
  2388	991397
  2389	991398
  2390	991399
  2391	991400
  2392	991401
  2393	991402
  2394	991403
  2395	991404
  2396	991405
  2397	991406
  2398	991407
  2399	991408
  2400	991409
  2401	991410
  2402	991411
  2403	991412
  2404	991413
  2405	991414
  2406	991415
  2407	991416
  2408	991417
  2409	991418
  2410	991419
  2411	991420
  2412	991421
  2413	991422
  2414	991423
  2415	991424
  2416	991425
  2417	991426
  2418	991427
  2419	991428
  2420	991429
  2421	991430
  2422	991431
  2423	991432
  2424	991433
  2425	991434
  2426	991435
  2427	991436
  2428	991437
  2429	991438
  2430	991439
  2431	991440
  2432	991441
  2433	991442
  2434	991443
  2435	991444
  2436	991445
  2437	991446
  2438	991447
  2439	991448
  2440	991449
  2441	991450
  2442	991451
  2443	991452
  2444	991453
  2445	991454
  2446	991455
  2447	991456
  2448	991457
  2449	991458
  2450	991459
  2451	991460
  2452	991461
  2453	991462
  2454	991463
  2455	991464
  2456	991465
  2457	991466
  2458	991467
  2459	991468
  2460	991469
  2461	991470
  2462	991471
  2463	991472
  2464	991473
  2465	991474
  2466	991475
  2467	991476
  2468	991477
  2469	991478
  2470	991479
  2471	991480
  2472	991481
  2473	991482
  2474	991483
  2475	991484
  2476	991485
  2477	991486
  2478	991487
  2479	991488
  2480	991489
  2481	991490
  2482	991491
  2483	991492
  2484	991493
  2485	991494
  2486	991495
  2487	991496
  2488	991497
  2489	991498
  2490	991499
  2491	991500
  2492	991501
  2493	991502
  2494	991503
  2495	991504
  2496	991505
  2497	991506
  2498	991507
  2499	991508
  2500	991509
  2501	991510
  2502	991511
  2503	991512
  2504	991513
  2505	991514
  2506	991515
  2507	991516
  2508	991517
  2509	991518
  2510	991519
  2511	991520
  2512	991521
  2513	991522
  2514	991523
  2515	991524
  2516	991525
  2517	991526
  2518	991527
  2519	991528
  2520	991529
  2521	991530
  2522	991531
  2523	991532
  2524	991533
  2525	991534
  2526	991535
  2527	991536
  2528	991537
  2529	991538
  2530	991539
  2531	991540
  2532	991541
  2533	991542
  2534	991543
  2535	991544
  2536	991545
  2537	991546
  2538	991547
  2539	991548
  2540	991549
  2541	991550
  2542	991551
  2543	991552
  2544	991553
  2545	991554
  2546	991555
  2547	991556
  2548	991557
  2549	991558
  2550	991559
  2551	991560
  2552	991561
  2553	991562
  2554	991563
  2555	991564
  2556	991565
  2557	991566
  2558	991567
  2559	991568
  2560	991569
  2561	991570
  2562	991571
  2563	991572
  2564	991573
  2565	991574
  2566	991575
  2567	991576
  2568	991577
  2569	991578
  2570	991579
  2571	991580
  2572	991581
  2573	991582
  2574	991583
  2575	991584
  2576	991585
  2577	991586
  2578	991587
  2579	991588
  2580	991589
  2581	991590
  2582	991591
  2583	991592
  2584	991593
  2585	991594
  2586	991595
  2587	991596
  2588	991597
  2589	991598
  2590	991599
  2591	991600
  2592	991601
  2593	991602
  2594	991603
  2595	991604
  2596	991605
  2597	991606
  2598	991607
  2599	991608
  2600	991609
  2601	991610
  2602	991611
  2603	991612
  2604	991613
  2605	991614
  2606	991615
  2607	991616
  2608	991617
  2609	991618
  2610	991619
  2611	991620
  2612	991621
  2613	991622
  2614	991623
  2615	991624
  2616	991625
  2617	991626
  2618	991627
  2619	991628
  2620	991629
  2621	991630
  2622	991631
  2623	991632
  2624	991633
  2625	991634
  2626	991635
  2627	991636
  2628	991637
  2629	991638
  2630	991639
  2631	991640
  2632	991641
  2633	991642
  2634	991643
  2635	991644
  2636	991645
  2637	991646
  2638	991647
  2639	991648
  2640	991649
  2641	991650
  2642	991651
  2643	991652
  2644	991653
  2645	991654
  2646	991655
  2647	991656
  2648	991657
  2649	991658
  2650	991659
  2651	991660
  2652	991661
  2653	991662
  2654	991663
  2655	991664
  2656	991665
  2657	991666
  2658	991667
  2659	991668
  2660	991669
  2661	991670
  2662	991671
  2663	991672
  2664	991673
  2665	991674
  2666	991675
  2667	991676
  2668	991677
  2669	991678
  2670	991679
  2671	991680
  2672	991681
  2673	991682
  2674	991683
  2675	991684
  2676	991685
  2677	991686
  2678	991687
  2679	991688
  2680	991689
  2681	991690
  2682	991691
  2683	991692
  2684	991693
  2685	991694
  2686	991695
  2687	991696
  2688	991697
  2689	991698
  2690	991699
  2691	991700
  2692	991701
  2693	991702
  2694	991703
  2695	991704
  2696	991705
  2697	991706
  2698	991707
  2699	991708
  2700	991709
  2701	991710
  2702	991711
  2703	991712
  2704	991713
  2705	991714
  2706	991715
  2707	991716
  2708	991717
  2709	991718
  2710	991719
  2711	991720
  2712	991721
  2713	991722
  2714	991723
  2715	991724
  2716	991725
  2717	991726
  2718	991727
  2719	991728
  2720	991729
  2721	991730
  2722	991731
  2723	991732
  2724	991733
  2725	991734
  2726	991735
  2727	991736
  2728	991737
  2729	991738
  2730	991739
  2731	991740
  2732	991741
  2733	991742
  2734	991743
  2735	991744
  2736	991745
  2737	991746
  2738	991747
  2739	991748
  2740	991749
  2741	991750
  2742	991751
  2743	991752
  2744	991753
  2745	991754
  2746	991755
  2747	991756
  2748	991757
  2749	991758
  2750	991759
  2751	991760
  2752	991761
  2753	991762
  2754	991763
  2755	991764
  2756	991765
  2757	991766
  2758	991767
  2759	991768
  2760	991769
  2761	991770
  2762	991771
  2763	991772
  2764	991773
  2765	991774
  2766	991775
  2767	991776
  2768	991777
  2769	991778
  2770	991779
  2771	991780
  2772	991781
  2773	991782
  2774	991783
  2775	991784
  2776	991785
  2777	991786
  2778	991787
  2779	991788
  2780	991789
  2781	991790
  2782	991791
  2783	991792
  2784	991793
  2785	991794
  2786	991795
  2787	991796
  2788	991797
  2789	991798
  2790	991799
  2791	991800
  2792	991801
  2793	991802
  2794	991803
  2795	991804
  2796	991805
  2797	991806
  2798	991807
  2799	991808
  2800	991809
  2801	991810
  2802	991811
  2803	991812
  2804	991813
  2805	991814
  2806	991815
  2807	991816
  2808	991817
  2809	991818
  2810	991819
  2811	991820
  2812	991821
  2813	991822
  2814	991823
  2815	991824
  2816	991825
  2817	991826
  2818	991827
  2819	991828
  2820	991829
  2821	991830
  2822	991831
  2823	991832
  2824	991833
  2825	991834
  2826	991835
  2827	991836
  2828	991837
  2829	991838
  2830	991839
  2831	991840
  2832	991841
  2833	991842
  2834	991843
  2835	991844
  2836	991845
  2837	991846
  2838	991847
  2839	991848
  2840	991849
  2841	991850
  2842	991851
  2843	991852
  2844	991853
  2845	991854
  2846	991855
  2847	991856
  2848	991857
  2849	991858
  2850	991859
  2851	991860
  2852	991861
  2853	991862
  2854	991863
  2855	991864
  2856	991865
  2857	991866
  2858	991867
  2859	991868
  2860	991869
  2861	991870
  2862	991871
  2863	991872
  2864	991873
  2865	991874
  2866	991875
  2867	991876
  2868	991877
  2869	991878
  2870	991879
  2871	991880
  2872	991881
  2873	991882
  2874	991883
  2875	991884
  2876	991885
  2877	991886
  2878	991887
  2879	991888
  2880	991889
  2881	991890
  2882	991891
  2883	991892
  2884	991893
  2885	991894
  2886	991895
  2887	991896
  2888	991897
  2889	991898
  2890	991899
  2891	991900
  2892	991901
  2893	991902
  2894	991903
  2895	991904
  2896	991905
  2897	991906
  2898	991907
  2899	991908
  2900	991909
  2901	991910
  2902	991911
  2903	991912
  2904	991913
  2905	991914
  2906	991915
  2907	991916
  2908	991917
  2909	991918
  2910	991919
  2911	991920
  2912	991921
  2913	991922
  2914	991923
  2915	991924
  2916	991925
  2917	991926
  2918	991927
  2919	991928
  2920	991929
  2921	991930
  2922	991931
  2923	991932
  2924	991933
  2925	991934
  2926	991935
  2927	991936
  2928	991937
  2929	991938
  2930	991939
  2931	991940
  2932	991941
  2933	991942
  2934	991943
  2935	991944
  2936	991945
  2937	991946
  2938	991947
  2939	991948
  2940	991949
  2941	991950
  2942	991951
  2943	991952
  2944	991953
  2945	991954
  2946	991955
  2947	991956
  2948	991957
  2949	991958
  2950	991959
  2951	991960
  2952	991961
  2953	991962
  2954	991963
  2955	991964
  2956	991965
  2957	991966
  2958	991967
  2959	991968
  2960	991969
  2961	991970
  2962	991971
  2963	991972
  2964	991973
  2965	991974
  2966	991975
  2967	991976
  2968	991977
  2969	991978
  2970	991979
  2971	991980
  2972	991981
  2973	991982
  2974	991983
  2975	991984
  2976	991985
  2977	991986
  2978	991987
  2979	991988
  2980	991989
  2981	991990
  2982	991991
  2983	991992
  2984	991993
  2985	991994
  2986	991995
  2987	991996
  2988	991997
  2989	991998
  2990	991999
  2991	992000
  2992	992001
  2993	992002
  2994	992003
  2995	992004
  2996	992005
  2997	992006
  2998	992007
  2999	992008
  3000	992009
  3001	992010
  3002	992011
  3003	992012
  3004	992013
  3005	992014
  3006	992015
  3007	992016
  3008	992017
  3009	992018
  3010	992019
  3011	992020
  3012	992021
  3013	992022
  3014	992023
  3015	992024
  3016	992025
  3017	992026
  3018	992027
  3019	992028
  3020	992029
  3021	992030
  3022	992031
  3023	992032
  3024	992033
  3025	992034
  3026	992035
  3027	992036
  3028	992037
  3029	992038
  3030	992039
  3031	992040
  3032	992041
  3033	992042
  3034	992043
  3035	992044
  3036	992045
  3037	992046
  3038	992047
  3039	992048
  3040	992049
  3041	992050
  3042	992051
  3043	992052
  3044	992053
  3045	992054
  3046	992055
  3047	992056
  3048	992057
  3049	992058
  3050	992059
  3051	992060
  3052	992061
  3053	992062
  3054	992063
  3055	992064
  3056	992065
  3057	992066
  3058	992067
  3059	992068
  3060	992069
  3061	992070
  3062	992071
  3063	992072
  3064	992073
  3065	992074
  3066	992075
  3067	992076
  3068	992077
  3069	992078
  3070	992079
  3071	992080
  3072	992081
  3073	992082
  3074	992083
  3075	992084
  3076	992085
  3077	992086
  3078	992087
  3079	992088
  3080	992089
  3081	992090
  3082	992091
  3083	992092
  3084	992093
  3085	992094
  3086	992095
  3087	992096
  3088	992097
  3089	992098
  3090	992099
  3091	992100
  3092	992101
  3093	992102
  3094	992103
  3095	992104
  3096	992105
  3097	992106
  3098	992107
  3099	992108
  3100	992109
  3101	992110
  3102	992111
  3103	992112
  3104	992113
  3105	992114
  3106	992115
  3107	992116
  3108	992117
  3109	992118
  3110	992119
  3111	992120
  3112	992121
  3113	992122
  3114	992123
  3115	992124
  3116	992125
  3117	992126
  3118	992127
  3119	992128
  3120	992129
  3121	992130
  3122	992131
  3123	992132
  3124	992133
  3125	992134
  3126	992135
  3127	992136
  3128	992137
  3129	992138
  3130	992139
  3131	992140
  3132	992141
  3133	992142
  3134	992143
  3135	992144
  3136	992145
  3137	992146
  3138	992147
  3139	992148
  3140	992149
  3141	992150
  3142	992151
  3143	992152
  3144	992153
  3145	992154
  3146	992155
  3147	992156
  3148	992157
  3149	992158
  3150	992159
  3151	992160
  3152	992161
  3153	992162
  3154	992163
  3155	992164
  3156	992165
  3157	992166
  3158	992167
  3159	992168
  3160	992169
  3161	992170
  3162	992171
  3163	992172
  3164	992173
  3165	992174
  3166	992175
  3167	992176
  3168	992177
  3169	992178
  3170	992179
  3171	992180
  3172	992181
  3173	992182
  3174	992183
  3175	992184
  3176	992185
  3177	992186
  3178	992187
  3179	992188
  3180	992189
  3181	992190
  3182	992191
  3183	992192
  3184	992193
  3185	992194
  3186	992195
  3187	992196
  3188	992197
  3189	992198
  3190	992199
  3191	992200
  3192	992201
  3193	992202
  3194	992203
  3195	992204
  3196	992205
  3197	992206
  3198	992207
  3199	992208
  3200	992209
  3201	992210
  3202	992211
  3203	992212
  3204	992213
  3205	992214
  3206	992215
  3207	992216
  3208	992217
  3209	992218
  3210	992219
  3211	992220
  3212	992221
  3213	992222
  3214	992223
  3215	992224
  3216	992225
  3217	992226
  3218	992227
  3219	992228
  3220	992229
  3221	992230
  3222	992231
  3223	992232
  3224	992233
  3225	992234
  3226	992235
  3227	992236
  3228	992237
  3229	992238
  3230	992239
  3231	992240
  3232	992241
  3233	992242
  3234	992243
  3235	992244
  3236	992245
  3237	992246
  3238	992247
  3239	992248
  3240	992249
  3241	992250
  3242	992251
  3243	992252
  3244	992253
  3245	992254
  3246	992255
  3247	992256
  3248	992257
  3249	992258
  3250	992259
  3251	992260
  3252	992261
  3253	992262
  3254	992263
  3255	992264
  3256	992265
  3257	992266
  3258	992267
  3259	992268
  3260	992269
  3261	992270
  3262	992271
  3263	992272
  3264	992273
  3265	992274
  3266	992275
  3267	992276
  3268	992277
  3269	992278
  3270	992279
  3271	992280
  3272	992281
  3273	992282
  3274	992283
  3275	992284
  3276	992285
  3277	992286
  3278	992287
  3279	992288
  3280	992289
  3281	992290
  3282	992291
  3283	992292
  3284	992293
  3285	992294
  3286	992295
  3287	992296
  3288	992297
  3289	992298
  3290	992299
  3291	992300
  3292	992301
  3293	992302
  3294	992303
  3295	992304
  3296	992305
  3297	992306
  3298	992307
  3299	992308
  3300	992309
  3301	992310
  3302	992311
  3303	992312
  3304	992313
  3305	992314
  3306	992315
  3307	992316
  3308	992317
  3309	992318
  3310	992319
  3311	992320
  3312	992321
  3313	992322
  3314	992323
  3315	992324
  3316	992325
  3317	992326
  3318	992327
  3319	992328
  3320	992329
  3321	992330
  3322	992331
  3323	992332
  3324	992333
  3325	992334
  3326	992335
  3327	992336
  3328	992337
  3329	992338
  3330	992339
  3331	992340
  3332	992341
  3333	992342
  3334	992343
  3335	992344
  3336	992345
  3337	992346
  3338	992347
  3339	992348
  3340	992349
  3341	992350
  3342	992351
  3343	992352
  3344	992353
  3345	992354
  3346	992355
  3347	992356
  3348	992357
  3349	992358
  3350	992359
  3351	992360
  3352	992361
  3353	992362
  3354	992363
  3355	992364
  3356	992365
  3357	992366
  3358	992367
  3359	992368
  3360	992369
  3361	992370
  3362	992371
  3363	992372
  3364	992373
  3365	992374
  3366	992375
  3367	992376
  3368	992377
  3369	992378
  3370	992379
  3371	992380
  3372	992381
  3373	992382
  3374	992383
  3375	992384
  3376	992385
  3377	992386
  3378	992387
  3379	992388
  3380	992389
  3381	992390
  3382	992391
  3383	992392
  3384	992393
  3385	992394
  3386	992395
  3387	992396
  3388	992397
  3389	992398
  3390	992399
  3391	992400
  3392	992401
  3393	992402
  3394	992403
  3395	992404
  3396	992405
  3397	992406
  3398	992407
  3399	992408
  3400	992409
  3401	992410
  3402	992411
  3403	992412
  3404	992413
  3405	992414
  3406	992415
  3407	992416
  3408	992417
  3409	992418
  3410	992419
  3411	992420
  3412	992421
  3413	992422
  3414	992423
  3415	992424
  3416	992425
  3417	992426
  3418	992427
  3419	992428
  3420	992429
  3421	992430
  3422	992431
  3423	992432
  3424	992433
  3425	992434
  3426	992435
  3427	992436
  3428	992437
  3429	992438
  3430	992439
  3431	992440
  3432	992441
  3433	992442
  3434	992443
  3435	992444
  3436	992445
  3437	992446
  3438	992447
  3439	992448
  3440	992449
  3441	992450
  3442	992451
  3443	992452
  3444	992453
  3445	992454
  3446	992455
  3447	992456
  3448	992457
  3449	992458
  3450	992459
  3451	992460
  3452	992461
  3453	992462
  3454	992463
  3455	992464
  3456	992465
  3457	992466
  3458	992467
  3459	992468
  3460	992469
  3461	992470
  3462	992471
  3463	992472
  3464	992473
  3465	992474
  3466	992475
  3467	992476
  3468	992477
  3469	992478
  3470	992479
  3471	992480
  3472	992481
  3473	992482
  3474	992483
  3475	992484
  3476	992485
  3477	992486
  3478	992487
  3479	992488
  3480	992489
  3481	992490
  3482	992491
  3483	992492
  3484	992493
  3485	992494
  3486	992495
  3487	992496
  3488	992497
  3489	992498
  3490	992499
  3491	992500
  3492	992501
  3493	992502
  3494	992503
  3495	992504
  3496	992505
  3497	992506
  3498	992507
  3499	992508
  3500	992509
  3501	992510
  3502	992511
  3503	992512
  3504	992513
  3505	992514
  3506	992515
  3507	992516
  3508	992517
  3509	992518
  3510	992519
  3511	992520
  3512	992521
  3513	992522
  3514	992523
  3515	992524
  3516	992525
  3517	992526
  3518	992527
  3519	992528
  3520	992529
  3521	992530
  3522	992531
  3523	992532
  3524	992533
  3525	992534
  3526	992535
  3527	992536
  3528	992537
  3529	992538
  3530	992539
  3531	992540
  3532	992541
  3533	992542
  3534	992543
  3535	992544
  3536	992545
  3537	992546
  3538	992547
  3539	992548
  3540	992549
  3541	992550
  3542	992551
  3543	992552
  3544	992553
  3545	992554
  3546	992555
  3547	992556
  3548	992557
  3549	992558
  3550	992559
  3551	992560
  3552	992561
  3553	992562
  3554	992563
  3555	992564
  3556	992565
  3557	992566
  3558	992567
  3559	992568
  3560	992569
  3561	992570
  3562	992571
  3563	992572
  3564	992573
  3565	992574
  3566	992575
  3567	992576
  3568	992577
  3569	992578
  3570	992579
  3571	992580
  3572	992581
  3573	992582
  3574	992583
  3575	992584
  3576	992585
  3577	992586
  3578	992587
  3579	992588
  3580	992589
  3581	992590
  3582	992591
  3583	992592
  3584	992593
  3585	992594
  3586	992595
  3587	992596
  3588	992597
  3589	992598
  3590	992599
  3591	992600
  3592	992601
  3593	992602
  3594	992603
  3595	992604
  3596	992605
  3597	992606
  3598	992607
  3599	992608
  3600	992609
  3601	992610
  3602	992611
  3603	992612
  3604	992613
  3605	992614
  3606	992615
  3607	992616
  3608	992617
  3609	992618
  3610	992619
  3611	992620
  3612	992621
  3613	992622
  3614	992623
  3615	992624
  3616	992625
  3617	992626
  3618	992627
  3619	992628
  3620	992629
  3621	992630
  3622	992631
  3623	992632
  3624	992633
  3625	992634
  3626	992635
  3627	992636
  3628	992637
  3629	992638
  3630	992639
  3631	992640
  3632	992641
  3633	992642
  3634	992643
  3635	992644
  3636	992645
  3637	992646
  3638	992647
  3639	992648
  3640	992649
  3641	992650
  3642	992651
  3643	992652
  3644	992653
  3645	992654
  3646	992655
  3647	992656
  3648	992657
  3649	992658
  3650	992659
  3651	992660
  3652	992661
  3653	992662
  3654	992663
  3655	992664
  3656	992665
  3657	992666
  3658	992667
  3659	992668
  3660	992669
  3661	992670
  3662	992671
  3663	992672
  3664	992673
  3665	992674
  3666	992675
  3667	992676
  3668	992677
  3669	992678
  3670	992679
  3671	992680
  3672	992681
  3673	992682
  3674	992683
  3675	992684
  3676	992685
  3677	992686
  3678	992687
  3679	992688
  3680	992689
  3681	992690
  3682	992691
  3683	992692
  3684	992693
  3685	992694
  3686	992695
  3687	992696
  3688	992697
  3689	992698
  3690	992699
  3691	992700
  3692	992701
  3693	992702
  3694	992703
  3695	992704
  3696	992705
  3697	992706
  3698	992707
  3699	992708
  3700	992709
  3701	992710
  3702	992711
  3703	992712
  3704	992713
  3705	992714
  3706	992715
  3707	992716
  3708	992717
  3709	992718
  3710	992719
  3711	992720
  3712	992721
  3713	992722
  3714	992723
  3715	992724
  3716	992725
  3717	992726
  3718	992727
  3719	992728
  3720	992729
  3721	992730
  3722	992731
  3723	992732
  3724	992733
  3725	992734
  3726	992735
  3727	992736
  3728	992737
  3729	992738
  3730	992739
  3731	992740
  3732	992741
  3733	992742
  3734	992743
  3735	992744
  3736	992745
  3737	992746
  3738	992747
  3739	992748
  3740	992749
  3741	992750
  3742	992751
  3743	992752
  3744	992753
  3745	992754
  3746	992755
  3747	992756
  3748	992757
  3749	992758
  3750	992759
  3751	992760
  3752	992761
  3753	992762
  3754	992763
  3755	992764
  3756	992765
  3757	992766
  3758	992767
  3759	992768
  3760	992769
  3761	992770
  3762	992771
  3763	992772
  3764	992773
  3765	992774
  3766	992775
  3767	992776
  3768	992777
  3769	992778
  3770	992779
  3771	992780
  3772	992781
  3773	992782
  3774	992783
  3775	992784
  3776	992785
  3777	992786
  3778	992787
  3779	992788
  3780	992789
  3781	992790
  3782	992791
  3783	992792
  3784	992793
  3785	992794
  3786	992795
  3787	992796
  3788	992797
  3789	992798
  3790	992799
  3791	992800
  3792	992801
  3793	992802
  3794	992803
  3795	992804
  3796	992805
  3797	992806
  3798	992807
  3799	992808
  3800	992809
  3801	992810
  3802	992811
  3803	992812
  3804	992813
  3805	992814
  3806	992815
  3807	992816
  3808	992817
  3809	992818
  3810	992819
  3811	992820
  3812	992821
  3813	992822
  3814	992823
  3815	992824
  3816	992825
  3817	992826
  3818	992827
  3819	992828
  3820	992829
  3821	992830
  3822	992831
  3823	992832
  3824	992833
  3825	992834
  3826	992835
  3827	992836
  3828	992837
  3829	992838
  3830	992839
  3831	992840
  3832	992841
  3833	992842
  3834	992843
  3835	992844
  3836	992845
  3837	992846
  3838	992847
  3839	992848
  3840	992849
  3841	992850
  3842	992851
  3843	992852
  3844	992853
  3845	992854
  3846	992855
  3847	992856
  3848	992857
  3849	992858
  3850	992859
  3851	992860
  3852	992861
  3853	992862
  3854	992863
  3855	992864
  3856	992865
  3857	992866
  3858	992867
  3859	992868
  3860	992869
  3861	992870
  3862	992871
  3863	992872
  3864	992873
  3865	992874
  3866	992875
  3867	992876
  3868	992877
  3869	992878
  3870	992879
  3871	992880
  3872	992881
  3873	992882
  3874	992883
  3875	992884
  3876	992885
  3877	992886
  3878	992887
  3879	992888
  3880	992889
  3881	992890
  3882	992891
  3883	992892
  3884	992893
  3885	992894
  3886	992895
  3887	992896
  3888	992897
  3889	992898
  3890	992899
  3891	992900
  3892	992901
  3893	992902
  3894	992903
  3895	992904
  3896	992905
  3897	992906
  3898	992907
  3899	992908
  3900	992909
  3901	992910
  3902	992911
  3903	992912
  3904	992913
  3905	992914
  3906	992915
  3907	992916
  3908	992917
  3909	992918
  3910	992919
  3911	992920
  3912	992921
  3913	992922
  3914	992923
  3915	992924
  3916	992925
  3917	992926
  3918	992927
  3919	992928
  3920	992929
  3921	992930
  3922	992931
  3923	992932
  3924	992933
  3925	992934
  3926	992935
  3927	992936
  3928	992937
  3929	992938
  3930	992939
  3931	992940
  3932	992941
  3933	992942
  3934	992943
  3935	992944
  3936	992945
  3937	992946
  3938	992947
  3939	992948
  3940	992949
  3941	992950
  3942	992951
  3943	992952
  3944	992953
  3945	992954
  3946	992955
  3947	992956
  3948	992957
  3949	992958
  3950	992959
  3951	992960
  3952	992961
  3953	992962
  3954	992963
  3955	992964
  3956	992965
  3957	992966
  3958	992967
  3959	992968
  3960	992969
  3961	992970
  3962	992971
  3963	992972
  3964	992973
  3965	992974
  3966	992975
  3967	992976
  3968	992977
  3969	992978
  3970	992979
  3971	992980
  3972	992981
  3973	992982
  3974	992983
  3975	992984
  3976	992985
  3977	992986
  3978	992987
  3979	992988
  3980	992989
  3981	992990
  3982	992991
  3983	992992
  3984	992993
  3985	992994
  3986	992995
  3987	992996
  3988	992997
  3989	992998
  3990	992999
  3991	993000
  3992	993001
  3993	993002
  3994	993003
  3995	993004
  3996	993005
  3997	993006
  3998	993007
  3999	993008
  4000	993009
  4001	993010
  4002	993011
  4003	993012
  4004	993013
  4005	993014
  4006	993015
  4007	993016
  4008	993017
  4009	993018
  4010	993019
  4011	993020
  4012	993021
  4013	993022
  4014	993023
  4015	993024
  4016	993025
  4017	993026
  4018	993027
  4019	993028
  4020	993029
  4021	993030
  4022	993031
  4023	993032
  4024	993033
  4025	993034
  4026	993035
  4027	993036
  4028	993037
  4029	993038
  4030	993039
  4031	993040
  4032	993041
  4033	993042
  4034	993043
  4035	993044
  4036	993045
  4037	993046
  4038	993047
  4039	993048
  4040	993049
  4041	993050
  4042	993051
  4043	993052
  4044	993053
  4045	993054
  4046	993055
  4047	993056
  4048	993057
  4049	993058
  4050	993059
  4051	993060
  4052	993061
  4053	993062
  4054	993063
  4055	993064
  4056	993065
  4057	993066
  4058	993067
  4059	993068
  4060	993069
  4061	993070
  4062	993071
  4063	993072
  4064	993073
  4065	993074
  4066	993075
  4067	993076
  4068	993077
  4069	993078
  4070	993079
  4071	993080
  4072	993081
  4073	993082
  4074	993083
  4075	993084
  4076	993085
  4077	993086
  4078	993087
  4079	993088
  4080	993089
  4081	993090
  4082	993091
  4083	993092
  4084	993093
  4085	993094
  4086	993095
  4087	993096
  4088	993097
  4089	993098
  4090	993099
  4091	993100
  4092	993101
  4093	993102
  4094	993103
  4095	993104
  4096	993105
  4097	993106
  4098	993107
  4099	993108
  4100	993109
  4101	993110
  4102	993111
  4103	993112
  4104	993113
  4105	993114
  4106	993115
  4107	993116
  4108	993117
  4109	993118
  4110	993119
  4111	993120
  4112	993121
  4113	993122
  4114	993123
  4115	993124
  4116	993125
  4117	993126
  4118	993127
  4119	993128
  4120	993129
  4121	993130
  4122	993131
  4123	993132
  4124	993133
  4125	993134
  4126	993135
  4127	993136
  4128	993137
  4129	993138
  4130	993139
  4131	993140
  4132	993141
  4133	993142
  4134	993143
  4135	993144
  4136	993145
  4137	993146
  4138	993147
  4139	993148
  4140	993149
  4141	993150
  4142	993151
  4143	993152
  4144	993153
  4145	993154
  4146	993155
  4147	993156
  4148	993157
  4149	993158
  4150	993159
  4151	993160
  4152	993161
  4153	993162
  4154	993163
  4155	993164
  4156	993165
  4157	993166
  4158	993167
  4159	993168
  4160	993169
  4161	993170
  4162	993171
  4163	993172
  4164	993173
  4165	993174
  4166	993175
  4167	993176
  4168	993177
  4169	993178
  4170	993179
  4171	993180
  4172	993181
  4173	993182
  4174	993183
  4175	993184
  4176	993185
  4177	993186
  4178	993187
  4179	993188
  4180	993189
  4181	993190
  4182	993191
  4183	993192
  4184	993193
  4185	993194
  4186	993195
  4187	993196
  4188	993197
  4189	993198
  4190	993199
  4191	993200
  4192	993201
  4193	993202
  4194	993203
  4195	993204
  4196	993205
  4197	993206
  4198	993207
  4199	993208
  4200	993209
  4201	993210
  4202	993211
  4203	993212
  4204	993213
  4205	993214
  4206	993215
  4207	993216
  4208	993217
  4209	993218
  4210	993219
  4211	993220
  4212	993221
  4213	993222
  4214	993223
  4215	993224
  4216	993225
  4217	993226
  4218	993227
  4219	993228
  4220	993229
  4221	993230
  4222	993231
  4223	993232
  4224	993233
  4225	993234
  4226	993235
  4227	993236
  4228	993237
  4229	993238
  4230	993239
  4231	993240
  4232	993241
  4233	993242
  4234	993243
  4235	993244
  4236	993245
  4237	993246
  4238	993247
  4239	993248
  4240	993249
  4241	993250
  4242	993251
  4243	993252
  4244	993253
  4245	993254
  4246	993255
  4247	993256
  4248	993257
  4249	993258
  4250	993259
  4251	993260
  4252	993261
  4253	993262
  4254	993263
  4255	993264
  4256	993265
  4257	993266
  4258	993267
  4259	993268
  4260	993269
  4261	993270
  4262	993271
  4263	993272
  4264	993273
  4265	993274
  4266	993275
  4267	993276
  4268	993277
  4269	993278
  4270	993279
  4271	993280
  4272	993281
  4273	993282
  4274	993283
  4275	993284
  4276	993285
  4277	993286
  4278	993287
  4279	993288
  4280	993289
  4281	993290
  4282	993291
  4283	993292
  4284	993293
  4285	993294
  4286	993295
  4287	993296
  4288	993297
  4289	993298
  4290	993299
  4291	993300
  4292	993301
  4293	993302
  4294	993303
  4295	993304
  4296	993305
  4297	993306
  4298	993307
  4299	993308
  4300	993309
  4301	993310
  4302	993311
  4303	993312
  4304	993313
  4305	993314
  4306	993315
  4307	993316
  4308	993317
  4309	993318
  4310	993319
  4311	993320
  4312	993321
  4313	993322
  4314	993323
  4315	993324
  4316	993325
  4317	993326
  4318	993327
  4319	993328
  4320	993329
  4321	993330
  4322	993331
  4323	993332
  4324	993333
  4325	993334
  4326	993335
  4327	993336
  4328	993337
  4329	993338
  4330	993339
  4331	993340
  4332	993341
  4333	993342
  4334	993343
  4335	993344
  4336	993345
  4337	993346
  4338	993347
  4339	993348
  4340	993349
  4341	993350
  4342	993351
  4343	993352
  4344	993353
  4345	993354
  4346	993355
  4347	993356
  4348	993357
  4349	993358
  4350	993359
  4351	993360
  4352	993361
  4353	993362
  4354	993363
  4355	993364
  4356	993365
  4357	993366
  4358	993367
  4359	993368
  4360	993369
  4361	993370
  4362	993371
  4363	993372
  4364	993373
  4365	993374
  4366	993375
  4367	993376
  4368	993377
  4369	993378
  4370	993379
  4371	993380
  4372	993381
  4373	993382
  4374	993383
  4375	993384
  4376	993385
  4377	993386
  4378	993387
  4379	993388
  4380	993389
  4381	993390
  4382	993391
  4383	993392
  4384	993393
  4385	993394
  4386	993395
  4387	993396
  4388	993397
  4389	993398
  4390	993399
  4391	993400
  4392	993401
  4393	993402
  4394	993403
  4395	993404
  4396	993405
  4397	993406
  4398	993407
  4399	993408
  4400	993409
  4401	993410
  4402	993411
  4403	993412
  4404	993413
  4405	993414
  4406	993415
  4407	993416
  4408	993417
  4409	993418
  4410	993419
  4411	993420
  4412	993421
  4413	993422
  4414	993423
  4415	993424
  4416	993425
  4417	993426
  4418	993427
  4419	993428
  4420	993429
  4421	993430
  4422	993431
  4423	993432
  4424	993433
  4425	993434
  4426	993435
  4427	993436
  4428	993437
  4429	993438
  4430	993439
  4431	993440
  4432	993441
  4433	993442
  4434	993443
  4435	993444
  4436	993445
  4437	993446
  4438	993447
  4439	993448
  4440	993449
  4441	993450
  4442	993451
  4443	993452
  4444	993453
  4445	993454
  4446	993455
  4447	993456
  4448	993457
  4449	993458
  4450	993459
  4451	993460
  4452	993461
  4453	993462
  4454	993463
  4455	993464
  4456	993465
  4457	993466
  4458	993467
  4459	993468
  4460	993469
  4461	993470
  4462	993471
  4463	993472
  4464	993473
  4465	993474
  4466	993475
  4467	993476
  4468	993477
  4469	993478
  4470	993479
  4471	993480
  4472	993481
  4473	993482
  4474	993483
  4475	993484
  4476	993485
  4477	993486
  4478	993487
  4479	993488
  4480	993489
  4481	993490
  4482	993491
  4483	993492
  4484	993493
  4485	993494
  4486	993495
  4487	993496
  4488	993497
  4489	993498
  4490	993499
  4491	993500
  4492	993501
  4493	993502
  4494	993503
  4495	993504
  4496	993505
  4497	993506
  4498	993507
  4499	993508
  4500	993509
  4501	993510
  4502	993511
  4503	993512
  4504	993513
  4505	993514
  4506	993515
  4507	993516
  4508	993517
  4509	993518
  4510	993519
  4511	993520
  4512	993521
  4513	993522
  4514	993523
  4515	993524
  4516	993525
  4517	993526
  4518	993527
  4519	993528
  4520	993529
  4521	993530
  4522	993531
  4523	993532
  4524	993533
  4525	993534
  4526	993535
  4527	993536
  4528	993537
  4529	993538
  4530	993539
  4531	993540
  4532	993541
  4533	993542
  4534	993543
  4535	993544
  4536	993545
  4537	993546
  4538	993547
  4539	993548
  4540	993549
  4541	993550
  4542	993551
  4543	993552
  4544	993553
  4545	993554
  4546	993555
  4547	993556
  4548	993557
  4549	993558
  4550	993559
  4551	993560
  4552	993561
  4553	993562
  4554	993563
  4555	993564
  4556	993565
  4557	993566
  4558	993567
  4559	993568
  4560	993569
  4561	993570
  4562	993571
  4563	993572
  4564	993573
  4565	993574
  4566	993575
  4567	993576
  4568	993577
  4569	993578
  4570	993579
  4571	993580
  4572	993581
  4573	993582
  4574	993583
  4575	993584
  4576	993585
  4577	993586
  4578	993587
  4579	993588
  4580	993589
  4581	993590
  4582	993591
  4583	993592
  4584	993593
  4585	993594
  4586	993595
  4587	993596
  4588	993597
  4589	993598
  4590	993599
  4591	993600
  4592	993601
  4593	993602
  4594	993603
  4595	993604
  4596	993605
  4597	993606
  4598	993607
  4599	993608
  4600	993609
  4601	993610
  4602	993611
  4603	993612
  4604	993613
  4605	993614
  4606	993615
  4607	993616
  4608	993617
  4609	993618
  4610	993619
  4611	993620
  4612	993621
  4613	993622
  4614	993623
  4615	993624
  4616	993625
  4617	993626
  4618	993627
  4619	993628
  4620	993629
  4621	993630
  4622	993631
  4623	993632
  4624	993633
  4625	993634
  4626	993635
  4627	993636
  4628	993637
  4629	993638
  4630	993639
  4631	993640
  4632	993641
  4633	993642
  4634	993643
  4635	993644
  4636	993645
  4637	993646
  4638	993647
  4639	993648
  4640	993649
  4641	993650
  4642	993651
  4643	993652
  4644	993653
  4645	993654
  4646	993655
  4647	993656
  4648	993657
  4649	993658
  4650	993659
  4651	993660
  4652	993661
  4653	993662
  4654	993663
  4655	993664
  4656	993665
  4657	993666
  4658	993667
  4659	993668
  4660	993669
  4661	993670
  4662	993671
  4663	993672
  4664	993673
  4665	993674
  4666	993675
  4667	993676
  4668	993677
  4669	993678
  4670	993679
  4671	993680
  4672	993681
  4673	993682
  4674	993683
  4675	993684
  4676	993685
  4677	993686
  4678	993687
  4679	993688
  4680	993689
  4681	993690
  4682	993691
  4683	993692
  4684	993693
  4685	993694
  4686	993695
  4687	993696
  4688	993697
  4689	993698
  4690	993699
  4691	993700
  4692	993701
  4693	993702
  4694	993703
  4695	993704
  4696	993705
  4697	993706
  4698	993707
  4699	993708
  4700	993709
  4701	993710
  4702	993711
  4703	993712
  4704	993713
  4705	993714
  4706	993715
  4707	993716
  4708	993717
  4709	993718
  4710	993719
  4711	993720
  4712	993721
  4713	993722
  4714	993723
  4715	993724
  4716	993725
  4717	993726
  4718	993727
  4719	993728
  4720	993729
  4721	993730
  4722	993731
  4723	993732
  4724	993733
  4725	993734
  4726	993735
  4727	993736
  4728	993737
  4729	993738
  4730	993739
  4731	993740
  4732	993741
  4733	993742
  4734	993743
  4735	993744
  4736	993745
  4737	993746
  4738	993747
  4739	993748
  4740	993749
  4741	993750
  4742	993751
  4743	993752
  4744	993753
  4745	993754
  4746	993755
  4747	993756
  4748	993757
  4749	993758
  4750	993759
  4751	993760
  4752	993761
  4753	993762
  4754	993763
  4755	993764
  4756	993765
  4757	993766
  4758	993767
  4759	993768
  4760	993769
  4761	993770
  4762	993771
  4763	993772
  4764	993773
  4765	993774
  4766	993775
  4767	993776
  4768	993777
  4769	993778
  4770	993779
  4771	993780
  4772	993781
  4773	993782
  4774	993783
  4775	993784
  4776	993785
  4777	993786
  4778	993787
  4779	993788
  4780	993789
  4781	993790
  4782	993791
  4783	993792
  4784	993793
  4785	993794
  4786	993795
  4787	993796
  4788	993797
  4789	993798
  4790	993799
  4791	993800
  4792	993801
  4793	993802
  4794	993803
  4795	993804
  4796	993805
  4797	993806
  4798	993807
  4799	993808
  4800	993809
  4801	993810
  4802	993811
  4803	993812
  4804	993813
  4805	993814
  4806	993815
  4807	993816
  4808	993817
  4809	993818
  4810	993819
  4811	993820
  4812	993821
  4813	993822
  4814	993823
  4815	993824
  4816	993825
  4817	993826
  4818	993827
  4819	993828
  4820	993829
  4821	993830
  4822	993831
  4823	993832
  4824	993833
  4825	993834
  4826	993835
  4827	993836
  4828	993837
  4829	993838
  4830	993839
  4831	993840
  4832	993841
  4833	993842
  4834	993843
  4835	993844
  4836	993845
  4837	993846
  4838	993847
  4839	993848
  4840	993849
  4841	993850
  4842	993851
  4843	993852
  4844	993853
  4845	993854
  4846	993855
  4847	993856
  4848	993857
  4849	993858
  4850	993859
  4851	993860
  4852	993861
  4853	993862
  4854	993863
  4855	993864
  4856	993865
  4857	993866
  4858	993867
  4859	993868
  4860	993869
  4861	993870
  4862	993871
  4863	993872
  4864	993873
  4865	993874
  4866	993875
  4867	993876
  4868	993877
  4869	993878
  4870	993879
  4871	993880
  4872	993881
  4873	993882
  4874	993883
  4875	993884
  4876	993885
  4877	993886
  4878	993887
  4879	993888
  4880	993889
  4881	993890
  4882	993891
  4883	993892
  4884	993893
  4885	993894
  4886	993895
  4887	993896
  4888	993897
  4889	993898
  4890	993899
  4891	993900
  4892	993901
  4893	993902
  4894	993903
  4895	993904
  4896	993905
  4897	993906
  4898	993907
  4899	993908
  4900	993909
  4901	993910
  4902	993911
  4903	993912
  4904	993913
  4905	993914
  4906	993915
  4907	993916
  4908	993917
  4909	993918
  4910	993919
  4911	993920
  4912	993921
  4913	993922
  4914	993923
  4915	993924
  4916	993925
  4917	993926
  4918	993927
  4919	993928
  4920	993929
  4921	993930
  4922	993931
  4923	993932
  4924	993933
  4925	993934
  4926	993935
  4927	993936
  4928	993937
  4929	993938
  4930	993939
  4931	993940
  4932	993941
  4933	993942
  4934	993943
  4935	993944
  4936	993945
  4937	993946
  4938	993947
  4939	993948
  4940	993949
  4941	993950
  4942	993951
  4943	993952
  4944	993953
  4945	993954
  4946	993955
  4947	993956
  4948	993957
  4949	993958
  4950	993959
  4951	993960
  4952	993961
  4953	993962
  4954	993963
  4955	993964
  4956	993965
  4957	993966
  4958	993967
  4959	993968
  4960	993969
  4961	993970
  4962	993971
  4963	993972
  4964	993973
  4965	993974
  4966	993975
  4967	993976
  4968	993977
  4969	993978
  4970	993979
  4971	993980
  4972	993981
  4973	993982
  4974	993983
  4975	993984
  4976	993985
  4977	993986
  4978	993987
  4979	993988
  4980	993989
  4981	993990
  4982	993991
  4983	993992
  4984	993993
  4985	993994
  4986	993995
  4987	993996
  4988	993997
  4989	993998
  4990	993999
  4991	994000
  4992	994001
  4993	994002
  4994	994003
  4995	994004
  4996	994005
  4997	994006
  4998	994007
  4999	994008
  5000	994009
  5001	994010
  5002	994011
  5003	994012
  5004	994013
  5005	994014
  5006	994015
  5007	994016
  5008	994017
  5009	994018
  5010	994019
  5011	994020
  5012	994021
  5013	994022
  5014	994023
  5015	994024
  5016	994025
  5017	994026
  5018	994027
  5019	994028
  5020	994029
  5021	994030
  5022	994031
  5023	994032
  5024	994033
  5025	994034
  5026	994035
  5027	994036
  5028	994037
  5029	994038
  5030	994039
  5031	994040
  5032	994041
  5033	994042
  5034	994043
  5035	994044
  5036	994045
  5037	994046
  5038	994047
  5039	994048
  5040	994049
  5041	994050
  5042	994051
  5043	994052
  5044	994053
  5045	994054
  5046	994055
  5047	994056
  5048	994057
  5049	994058
  5050	994059
  5051	994060
  5052	994061
  5053	994062
  5054	994063
  5055	994064
  5056	994065
  5057	994066
  5058	994067
  5059	994068
  5060	994069
  5061	994070
  5062	994071
  5063	994072
  5064	994073
  5065	994074
  5066	994075
  5067	994076
  5068	994077
  5069	994078
  5070	994079
  5071	994080
  5072	994081
  5073	994082
  5074	994083
  5075	994084
  5076	994085
  5077	994086
  5078	994087
  5079	994088
  5080	994089
  5081	994090
  5082	994091
  5083	994092
  5084	994093
  5085	994094
  5086	994095
  5087	994096
  5088	994097
  5089	994098
  5090	994099
  5091	994100
  5092	994101
  5093	994102
  5094	994103
  5095	994104
  5096	994105
  5097	994106
  5098	994107
  5099	994108
  5100	994109
  5101	994110
  5102	994111
  5103	994112
  5104	994113
  5105	994114
  5106	994115
  5107	994116
  5108	994117
  5109	994118
  5110	994119
  5111	994120
  5112	994121
  5113	994122
  5114	994123
  5115	994124
  5116	994125
  5117	994126
  5118	994127
  5119	994128
  5120	994129
  5121	994130
  5122	994131
  5123	994132
  5124	994133
  5125	994134
  5126	994135
  5127	994136
  5128	994137
  5129	994138
  5130	994139
  5131	994140
  5132	994141
  5133	994142
  5134	994143
  5135	994144
  5136	994145
  5137	994146
  5138	994147
  5139	994148
  5140	994149
  5141	994150
  5142	994151
  5143	994152
  5144	994153
  5145	994154
  5146	994155
  5147	994156
  5148	994157
  5149	994158
  5150	994159
  5151	994160
  5152	994161
  5153	994162
  5154	994163
  5155	994164
  5156	994165
  5157	994166
  5158	994167
  5159	994168
  5160	994169
  5161	994170
  5162	994171
  5163	994172
  5164	994173
  5165	994174
  5166	994175
  5167	994176
  5168	994177
  5169	994178
  5170	994179
  5171	994180
  5172	994181
  5173	994182
  5174	994183
  5175	994184
  5176	994185
  5177	994186
  5178	994187
  5179	994188
  5180	994189
  5181	994190
  5182	994191
  5183	994192
  5184	994193
  5185	994194
  5186	994195
  5187	994196
  5188	994197
  5189	994198
  5190	994199
  5191	994200
  5192	994201
  5193	994202
  5194	994203
  5195	994204
  5196	994205
  5197	994206
  5198	994207
  5199	994208
  5200	994209
  5201	994210
  5202	994211
  5203	994212
  5204	994213
  5205	994214
  5206	994215
  5207	994216
  5208	994217
  5209	994218
  5210	994219
  5211	994220
  5212	994221
  5213	994222
  5214	994223
  5215	994224
  5216	994225
  5217	994226
  5218	994227
  5219	994228
  5220	994229
  5221	994230
  5222	994231
  5223	994232
  5224	994233
  5225	994234
  5226	994235
  5227	994236
  5228	994237
  5229	994238
  5230	994239
  5231	994240
  5232	994241
  5233	994242
  5234	994243
  5235	994244
  5236	994245
  5237	994246
  5238	994247
  5239	994248
  5240	994249
  5241	994250
  5242	994251
  5243	994252
  5244	994253
  5245	994254
  5246	994255
  5247	994256
  5248	994257
  5249	994258
  5250	994259
  5251	994260
  5252	994261
  5253	994262
  5254	994263
  5255	994264
  5256	994265
  5257	994266
  5258	994267
  5259	994268
  5260	994269
  5261	994270
  5262	994271
  5263	994272
  5264	994273
  5265	994274
  5266	994275
  5267	994276
  5268	994277
  5269	994278
  5270	994279
  5271	994280
  5272	994281
  5273	994282
  5274	994283
  5275	994284
  5276	994285
  5277	994286
  5278	994287
  5279	994288
  5280	994289
  5281	994290
  5282	994291
  5283	994292
  5284	994293
  5285	994294
  5286	994295
  5287	994296
  5288	994297
  5289	994298
  5290	994299
  5291	994300
  5292	994301
  5293	994302
  5294	994303
  5295	994304
  5296	994305
  5297	994306
  5298	994307
  5299	994308
  5300	994309
  5301	994310
  5302	994311
  5303	994312
  5304	994313
  5305	994314
  5306	994315
  5307	994316
  5308	994317
  5309	994318
  5310	994319
  5311	994320
  5312	994321
  5313	994322
  5314	994323
  5315	994324
  5316	994325
  5317	994326
  5318	994327
  5319	994328
  5320	994329
  5321	994330
  5322	994331
  5323	994332
  5324	994333
  5325	994334
  5326	994335
  5327	994336
  5328	994337
  5329	994338
  5330	994339
  5331	994340
  5332	994341
  5333	994342
  5334	994343
  5335	994344
  5336	994345
  5337	994346
  5338	994347
  5339	994348
  5340	994349
  5341	994350
  5342	994351
  5343	994352
  5344	994353
  5345	994354
  5346	994355
  5347	994356
  5348	994357
  5349	994358
  5350	994359
  5351	994360
  5352	994361
  5353	994362
  5354	994363
  5355	994364
  5356	994365
  5357	994366
  5358	994367
  5359	994368
  5360	994369
  5361	994370
  5362	994371
  5363	994372
  5364	994373
  5365	994374
  5366	994375
  5367	994376
  5368	994377
  5369	994378
  5370	994379
  5371	994380
  5372	994381
  5373	994382
  5374	994383
  5375	994384
  5376	994385
  5377	994386
  5378	994387
  5379	994388
  5380	994389
  5381	994390
  5382	994391
  5383	994392
  5384	994393
  5385	994394
  5386	994395
  5387	994396
  5388	994397
  5389	994398
  5390	994399
  5391	994400
  5392	994401
  5393	994402
  5394	994403
  5395	994404
  5396	994405
  5397	994406
  5398	994407
  5399	994408
  5400	994409
  5401	994410
  5402	994411
  5403	994412
  5404	994413
  5405	994414
  5406	994415
  5407	994416
  5408	994417
  5409	994418
  5410	994419
  5411	994420
  5412	994421
  5413	994422
  5414	994423
  5415	994424
  5416	994425
  5417	994426
  5418	994427
  5419	994428
  5420	994429
  5421	994430
  5422	994431
  5423	994432
  5424	994433
  5425	994434
  5426	994435
  5427	994436
  5428	994437
  5429	994438
  5430	994439
  5431	994440
  5432	994441
  5433	994442
  5434	994443
  5435	994444
  5436	994445
  5437	994446
  5438	994447
  5439	994448
  5440	994449
  5441	994450
  5442	994451
  5443	994452
  5444	994453
  5445	994454
  5446	994455
  5447	994456
  5448	994457
  5449	994458
  5450	994459
  5451	994460
  5452	994461
  5453	994462
  5454	994463
  5455	994464
  5456	994465
  5457	994466
  5458	994467
  5459	994468
  5460	994469
  5461	994470
  5462	994471
  5463	994472
  5464	994473
  5465	994474
  5466	994475
  5467	994476
  5468	994477
  5469	994478
  5470	994479
  5471	994480
  5472	994481
  5473	994482
  5474	994483
  5475	994484
  5476	994485
  5477	994486
  5478	994487
  5479	994488
  5480	994489
  5481	994490
  5482	994491
  5483	994492
  5484	994493
  5485	994494
  5486	994495
  5487	994496
  5488	994497
  5489	994498
  5490	994499
  5491	994500
  5492	994501
  5493	994502
  5494	994503
  5495	994504
  5496	994505
  5497	994506
  5498	994507
  5499	994508
  5500	994509
  5501	994510
  5502	994511
  5503	994512
  5504	994513
  5505	994514
  5506	994515
  5507	994516
  5508	994517
  5509	994518
  5510	994519
  5511	994520
  5512	994521
  5513	994522
  5514	994523
  5515	994524
  5516	994525
  5517	994526
  5518	994527
  5519	994528
  5520	994529
  5521	994530
  5522	994531
  5523	994532
  5524	994533
  5525	994534
  5526	994535
  5527	994536
  5528	994537
  5529	994538
  5530	994539
  5531	994540
  5532	994541
  5533	994542
  5534	994543
  5535	994544
  5536	994545
  5537	994546
  5538	994547
  5539	994548
  5540	994549
  5541	994550
  5542	994551
  5543	994552
  5544	994553
  5545	994554
  5546	994555
  5547	994556
  5548	994557
  5549	994558
  5550	994559
  5551	994560
  5552	994561
  5553	994562
  5554	994563
  5555	994564
  5556	994565
  5557	994566
  5558	994567
  5559	994568
  5560	994569
  5561	994570
  5562	994571
  5563	994572
  5564	994573
  5565	994574
  5566	994575
  5567	994576
  5568	994577
  5569	994578
  5570	994579
  5571	994580
  5572	994581
  5573	994582
  5574	994583
  5575	994584
  5576	994585
  5577	994586
  5578	994587
  5579	994588
  5580	994589
  5581	994590
  5582	994591
  5583	994592
  5584	994593
  5585	994594
  5586	994595
  5587	994596
  5588	994597
  5589	994598
  5590	994599
  5591	994600
  5592	994601
  5593	994602
  5594	994603
  5595	994604
  5596	994605
  5597	994606
  5598	994607
  5599	994608
  5600	994609
  5601	994610
  5602	994611
  5603	994612
  5604	994613
  5605	994614
  5606	994615
  5607	994616
  5608	994617
  5609	994618
  5610	994619
  5611	994620
  5612	994621
  5613	994622
  5614	994623
  5615	994624
  5616	994625
  5617	994626
  5618	994627
  5619	994628
  5620	994629
  5621	994630
  5622	994631
  5623	994632
  5624	994633
  5625	994634
  5626	994635
  5627	994636
  5628	994637
  5629	994638
  5630	994639
  5631	994640
  5632	994641
  5633	994642
  5634	994643
  5635	994644
  5636	994645
  5637	994646
  5638	994647
  5639	994648
  5640	994649
  5641	994650
  5642	994651
  5643	994652
  5644	994653
  5645	994654
  5646	994655
  5647	994656
  5648	994657
  5649	994658
  5650	994659
  5651	994660
  5652	994661
  5653	994662
  5654	994663
  5655	994664
  5656	994665
  5657	994666
  5658	994667
  5659	994668
  5660	994669
  5661	994670
  5662	994671
  5663	994672
  5664	994673
  5665	994674
  5666	994675
  5667	994676
  5668	994677
  5669	994678
  5670	994679
  5671	994680
  5672	994681
  5673	994682
  5674	994683
  5675	994684
  5676	994685
  5677	994686
  5678	994687
  5679	994688
  5680	994689
  5681	994690
  5682	994691
  5683	994692
  5684	994693
  5685	994694
  5686	994695
  5687	994696
  5688	994697
  5689	994698
  5690	994699
  5691	994700
  5692	994701
  5693	994702
  5694	994703
  5695	994704
  5696	994705
  5697	994706
  5698	994707
  5699	994708
  5700	994709
  5701	994710
  5702	994711
  5703	994712
  5704	994713
  5705	994714
  5706	994715
  5707	994716
  5708	994717
  5709	994718
  5710	994719
  5711	994720
  5712	994721
  5713	994722
  5714	994723
  5715	994724
  5716	994725
  5717	994726
  5718	994727
  5719	994728
  5720	994729
  5721	994730
  5722	994731
  5723	994732
  5724	994733
  5725	994734
  5726	994735
  5727	994736
  5728	994737
  5729	994738
  5730	994739
  5731	994740
  5732	994741
  5733	994742
  5734	994743
  5735	994744
  5736	994745
  5737	994746
  5738	994747
  5739	994748
  5740	994749
  5741	994750
  5742	994751
  5743	994752
  5744	994753
  5745	994754
  5746	994755
  5747	994756
  5748	994757
  5749	994758
  5750	994759
  5751	994760
  5752	994761
  5753	994762
  5754	994763
  5755	994764
  5756	994765
  5757	994766
  5758	994767
  5759	994768
  5760	994769
  5761	994770
  5762	994771
  5763	994772
  5764	994773
  5765	994774
  5766	994775
  5767	994776
  5768	994777
  5769	994778
  5770	994779
  5771	994780
  5772	994781
  5773	994782
  5774	994783
  5775	994784
  5776	994785
  5777	994786
  5778	994787
  5779	994788
  5780	994789
  5781	994790
  5782	994791
  5783	994792
  5784	994793
  5785	994794
  5786	994795
  5787	994796
  5788	994797
  5789	994798
  5790	994799
  5791	994800
  5792	994801
  5793	994802
  5794	994803
  5795	994804
  5796	994805
  5797	994806
  5798	994807
  5799	994808
  5800	994809
  5801	994810
  5802	994811
  5803	994812
  5804	994813
  5805	994814
  5806	994815
  5807	994816
  5808	994817
  5809	994818
  5810	994819
  5811	994820
  5812	994821
  5813	994822
  5814	994823
  5815	994824
  5816	994825
  5817	994826
  5818	994827
  5819	994828
  5820	994829
  5821	994830
  5822	994831
  5823	994832
  5824	994833
  5825	994834
  5826	994835
  5827	994836
  5828	994837
  5829	994838
  5830	994839
  5831	994840
  5832	994841
  5833	994842
  5834	994843
  5835	994844
  5836	994845
  5837	994846
  5838	994847
  5839	994848
  5840	994849
  5841	994850
  5842	994851
  5843	994852
  5844	994853
  5845	994854
  5846	994855
  5847	994856
  5848	994857
  5849	994858
  5850	994859
  5851	994860
  5852	994861
  5853	994862
  5854	994863
  5855	994864
  5856	994865
  5857	994866
  5858	994867
  5859	994868
  5860	994869
  5861	994870
  5862	994871
  5863	994872
  5864	994873
  5865	994874
  5866	994875
  5867	994876
  5868	994877
  5869	994878
  5870	994879
  5871	994880
  5872	994881
  5873	994882
  5874	994883
  5875	994884
  5876	994885
  5877	994886
  5878	994887
  5879	994888
  5880	994889
  5881	994890
  5882	994891
  5883	994892
  5884	994893
  5885	994894
  5886	994895
  5887	994896
  5888	994897
  5889	994898
  5890	994899
  5891	994900
  5892	994901
  5893	994902
  5894	994903
  5895	994904
  5896	994905
  5897	994906
  5898	994907
  5899	994908
  5900	994909
  5901	994910
  5902	994911
  5903	994912
  5904	994913
  5905	994914
  5906	994915
  5907	994916
  5908	994917
  5909	994918
  5910	994919
  5911	994920
  5912	994921
  5913	994922
  5914	994923
  5915	994924
  5916	994925
  5917	994926
  5918	994927
  5919	994928
  5920	994929
  5921	994930
  5922	994931
  5923	994932
  5924	994933
  5925	994934
  5926	994935
  5927	994936
  5928	994937
  5929	994938
  5930	994939
  5931	994940
  5932	994941
  5933	994942
  5934	994943
  5935	994944
  5936	994945
  5937	994946
  5938	994947
  5939	994948
  5940	994949
  5941	994950
  5942	994951
  5943	994952
  5944	994953
  5945	994954
  5946	994955
  5947	994956
  5948	994957
  5949	994958
  5950	994959
  5951	994960
  5952	994961
  5953	994962
  5954	994963
  5955	994964
  5956	994965
  5957	994966
  5958	994967
  5959	994968
  5960	994969
  5961	994970
  5962	994971
  5963	994972
  5964	994973
  5965	994974
  5966	994975
  5967	994976
  5968	994977
  5969	994978
  5970	994979
  5971	994980
  5972	994981
  5973	994982
  5974	994983
  5975	994984
  5976	994985
  5977	994986
  5978	994987
  5979	994988
  5980	994989
  5981	994990
  5982	994991
  5983	994992
  5984	994993
  5985	994994
  5986	994995
  5987	994996
  5988	994997
  5989	994998
  5990	994999
  5991	995000
  5992	995001
  5993	995002
  5994	995003
  5995	995004
  5996	995005
  5997	995006
  5998	995007
  5999	995008
  6000	995009
