994336 0
32 1
993301 0
993586 0
25 1
994339 0
38 1
994812 0
994848 0
31 1
994886 0
993713 0
994798 0
994466 0
992206 0
991798 0
993679 0
993117 0
994182 0
993624 0
9315 0
9573 0
39 1
992201 0
994734 0
994175 0
991870 0
18 1
992505 0
993156 0
994878 0
37 1
994814 0
29 1
992748 0
994123 0
992753 0
36 1
9356 0
11 1
994847 0
990695 0
993824 0
46 1
990309 0
990460 0
33 1
994606 0
994960 0
992506 0
9488 0
9157 0
993710 0
994662 0
992587 0
23 1
27 1
20 1
03 1
40 1
9378 0
994811 0
993984 0
994446 0
994880 0
994819 0
992986 0
993977 0
993626 0
994051 0
994075 0
991481 0
992282 0
990311 0
993084 0
993277 0
01 1
992681 0
43 1
24 1
16 1
991490 0
992679 0
991623 0
990543 0
992176 0
994531 0
02 1
993947 0
994363 0
993213 0
990614 0
991310 0
35 1
22 1
47 1
04 1
19 1
990785 0
990067 0
13 1
992669 0
991489 0
993715 0
993428 0
994332 0
990510 0
993270 0
990568 0
991315 0
9389 0
05 1
992463 0
993652 0
991271 0
9508 0
992935 0
07 1
993622 0
992718 0
994070 0
993170 0
993725 0
12 1
994783 0
990079 0
45 1
991556 0
991320 0
992399 0
30 1
993498 0
991812 0
992398 0
991970 0
990799 0
991117 0
990995 0
991488 0
990885 0
994813 0
9547 0
990322 0
992111 0
991756 0
9342 0
991694 0
990688 0
990014 0
990094 0
08 1
993602 0
991015 0
990319 0
994450 0
991778 0
992452 0
992599 0
994130 0
990367 0
990103 0
990526 0
991573 0
991111 0
990228 0
994818 0
991801 0
990200 0
993599 0
992178 0
990957 0
991334 0
991159 0
992864 0
9212 0
994268 0
994605 0
994805 0
990667 0
991083 0
994433 0
993588 0
990306 0
992620 0
992042 0
993454 0
994356 0
994887 0
994273 0
994717 0
992680 0
993601 0
993376 0
9467 0
992647 0
992581 0
991288 0
992441 0
9057 0
993046 0
993865 0
994661 0
994246 0
992368 0
06 1
14 1
00 1
990332 0
993088 0
993337 0
992467 0
990482 0
9834 0
992663 0
9181 0
993768 0
994824 0
991599 0
993400 0
994220 0
991308 0
9021 0
990276 0
9169 0
9223 0
993940 0
992540 0
9742 0
994516 0
9538 0
993537 0
994149 0
990676 0
990421 0
990323 0
990461 0
993944 0
991098 0
990677 0
994908 0
990162 0
992342 0
990492 0
993115 0
992225 0
9368 0
9364 0
991998 0
991842 0
992151 0
991396 0
993726 0
990933 0
9016 0
993299 0
9311 0
990468 0
994554 0
991913 0
991965 0
993519 0
991896 0
990383 0
9449 0
990133 0
990649 0
994223 0
9190 0
991278 0
994518 0
994846 0
990988 0
992861 0
990505 0
993401 0
994808 0
994881 0
9455 0
992850 0
991248 0
992224 0
992509 0
990135 0
992336 0
992163 0
992376 0
993303 0
991001 0
994352 0
993091 0
990317 0
991519 0
991602 0
991813 0
991872 0
990047 0
992578 0
9048 0
990137 0
994976 0
990602 0
992147 0
993683 0
992027 0
990567 0
990442 0
990674 0
993987 0
992862 0
992623 0
990723 0
73 0
990761 0
992560 0
993592 0
993258 0
994227 0
994528 0
9662 0
994128 0
992787 0
991562 0
992690 0
9010 0
991265 0
991937 0
990340 0
21 1
993854 0
991136 0
991762 0
9854 0
993604 0
991565 0
9310 0
992566 0
990147 0
993199 0
991761 0
992185 0
992307 0
990277 0
992358 0
994823 0
993948 0
990274 0
991800 0
9856 0
991307 0
991312 0
28 1
992444 0
992809 0
990497 0
9196 0
992529 0
990419 0
991065 0
990389 0
991688 0
990054 0
995004 0
990823 0
991180 0
994849 0
994472 0
41 1
992865 0
990824 0
9586 0
990774 0
990839 0
990573 0
990196 0
9752 0
992317 0
994731 0
991129 0
993817 0
9512 0
9225 0
992222 0
991655 0
990698 0
993311 0
9177 0
993102 0
9556 0
991868 0
992565 0
991530 0
990672 0
9188 0
991758 0
991093 0
991064 0
9679 0
992589 0
993045 0
992817 0
993268 0
990901 0
9045 0
994185 0
994360 0
991582 0
993717 0
992677 0
993012 0
992650 0
9843 0
992071 0
09 1
990308 0
990206 0
991850 0
9653 0
990742 0
992579 0
994143 0
993306 0
992084 0
990795 0
990236 0
991309 0
993891 0
992240 0
992541 0
993487 0
990746 0
9306 0
993113 0
990803 0
993169 0
990310 0
993929 0
9733 0
991616 0
993104 0
991594 0
990201 0
993704 0
993366 0
992043 0
15 1
9465 0
990175 0
990016 0
991293 0
990017 0
990805 0
994222 0
994226 0
9398 0
990605 0
993373 0
994821 0
991802 0
9499 0
991860 0
990155 0
990387 0
994479 0
992845 0
990956 0
993043 0
993600 0
990797 0
994810 0
993405 0
994964 0
990525 0
992460 0
994689 0
990009 0
991624 0
990679 0
994712 0
992182 0
990886 0
991600 0
993709 0
993143 0
990307 0
990174 0
990643 0
990682 0
991193 0
9895 0
994841 0
993740 0
991285 0
991434 0
991313 0
990671 0
990199 0
994375 0
991319 0
9876 0
991299 0
991560 0
994725 0
990304 0
994480 0
9759 0
990657 0
992937 0
994792 0
992177 0
992006 0
992585 0
994397 0
9811 0
990235 0
9666 0
990800 0
994186 0
992924 0
991595 0
991289 0
993531 0
993259 0
991176 0
994607 0
993983 0
992744 0
990324 0
992153 0
992631 0
994844 0
992919 0
994971 0
994762 0
9683 0
990694 0
994010 0
9544 0
990212 0
993378 0
42 1
994860 0
990801 0
991311 0
993623 0
994111 0
994361 0
992305 0
993815 0
994292 0
9845 0
991279 0
990842 0
994797 0
991451 0
9792 0
990077 0
993383 0
994452 0
993101 0
991908 0
990425 0
993993 0
991891 0
993508 0
994197 0
994432 0
9060 0
992461 0
993694 0
992496 0
990971 0
992481 0
993140 0
994085 0
991619 0
994590 0
991019 0
9819 0
992648 0
994080 0
994427 0
992117 0
992513 0
990139 0
994840 0
991171 0
993989 0
994721 0
994789 0
991147 0
9022 0
993018 0
991013 0
992360 0
9633 0
992242 0
991135 0
992384 0
994215 0
990655 0
994335 0
994716 0
994119 0
992733 0
991014 0
992959 0
990241 0
994224 0
990819 0
994701 0
9771 0
992668 0
9440 0
991528 0
9481 0
993802 0
990722 0
992388 0
992306 0
993614 0
71 0
991351 0
991808 0
991084 0
991951 0
993563 0
993307 0
990900 0
991811 0
9784 0
9793 0
992365 0
991330 0
992223 0
992926 0
992426 0
993615 0
9096 0
9552 0
990903 0
993308 0
993606 0
991779 0
993881 0
991867 0
992453 0
994078 0
992276 0
993263 0
993632 0
994225 0
994429 0
993902 0
991636 0
991566 0
992622 0
993898 0
990529 0
991300 0
992717 0
992314 0
994139 0
994802 0
9835 0
991433 0
990889 0
992946 0
993474 0
990261 0
991580 0
993503 0
992630 0
990446 0
991814 0
992601 0
990585 0
991581 0
9894 0
994174 0
993507 0
992403 0
992367 0
9099 0
991535 0
9840 0
994024 0
994212 0
994411 0
991360 0
26 1
993917 0
990923 0
9851 0
993821 0
992660 0
990056 0
994290 0
59 0
994524 0
994107 0
993445 0
992138 0
990499 0
994822 0
990152 0
990489 0
990892 0
991005 0
9019 0
990779 0
993047 0
990439 0
991445 0
993435 0
991095 0
992688 0
990873 0
991967 0
994476 0
9260 0
9497 0
991316 0
9049 0
991742 0
993114 0
992588 0
994430 0
991534 0
9804 0
991338 0
994758 0
990194 0
991542 0
9594 0
991574 0
9211 0
994281 0
9630 0
994587 0
992593 0
991873 0
991081 0
990727 0
990511 0
992017 0
992048 0
992015 0
992514 0
991262 0
992427 0
990471 0
994166 0
993627 0
991422 0
991318 0
992181 0
9308 0
991361 0
993237 0
990899 0
992570 0
994820 0
992448 0
9437 0
991827 0
992229 0
990125 0
993142 0
993116 0
990710 0
992595 0
993171 0
990164 0
9040 0
9501 0
993358 0
991358 0
9712 0
992254 0
994364 0
994935 0
990254 0
9424 0
993054 0
993122 0
9303 0
9638 0
992183 0
44 1
9300 0
993643 0
992102 0
990146 0
993951 0
992916 0
991587 0
990883 0
9294 0
994961 0
990868 0
994858 0
991493 0
990915 0
990914 0
993714 0
991689 0
990134 0
992215 0
9753 0
9329 0
992361 0
994187 0
993118 0
994314 0
9129 0
992090 0
994021 0
990024 0
990498 0
991363 0
992659 0
9714 0
9349 0
990178 0
992173 0
9176 0
993058 0
990713 0
9531 0
990709 0
990673 0
994825 0
990055 0
993755 0
992957 0
994117 0
9108 0
993015 0
992951 0
9482 0
994530 0
991270 0
990874 0
9080 0
992611 0
9155 0
993597 0
991584 0
993016 0
993668 0
990443 0
990465 0
9836 0
990625 0
991986 0
990248 0
991621 0
994929 0
991722 0
990297 0
993336 0
9397 0
991893 0
990104 0
991040 0
993575 0
994729 0
994475 0
993019 0
990638 0
993954 0
994748 0
991161 0
990110 0
991090 0
9232 0
992354 0
993236 0
991178 0
992905 0
990426 0
993220 0
993415 0
992992 0
994091 0
990697 0
9051 0
9869 0
994843 0
991833 0
993323 0
991841 0
992375 0
991105 0
9535 0
992798 0
994968 0
991100 0
990394 0
992464 0
992079 0
994790 0
990575 0
993744 0
994593 0
991295 0
990251 0
9827 0
990117 0
991576 0
990388 0
991856 0
993920 0
991906 0
991520 0
992174 0
990747 0
991059 0
994659 0
9186 0
994720 0
992904 0
9614 0
993176 0
992298 0
991517 0
9107 0
991491 0
9237 0
9720 0
992891 0
990830 0
990087 0
990171 0
990654 0
994058 0
990326 0
991497 0
991851 0
9641 0
9608 0
992591 0
9629 0
994754 0
993613 0
9254 0
990583 0
9796 0
994370 0
993769 0
9721 0
991564 0
991163 0
990662 0
990447 0
994685 0
992139 0
991510 0
992522 0
991711 0
993145 0
994542 0
993221 0
991240 0
994347 0
9768 0
990645 0
990127 0
991429 0
992657 0
994440 0
991835 0
993625 0
992369 0
994485 0
990941 0
994553 0
992390 0
993212 0
990788 0
990085 0
9860 0
993260 0
991068 0
992576 0
994573 0
994132 0
994129 0
994574 0
990202 0
993481 0
992038 0
991871 0
990209 0
993188 0
990984 0
990328 0
994735 0
993322 0
992370 0
9613 0
991118 0
993409 0
991002 0
9450 0
9506 0
990372 0
9757 0
990814 0
992586 0
990910 0
993141 0
994005 0
990881 0
993648 0
9261 0
991895 0
990730 0
992901 0
991717 0
994053 0
994305 0
991826 0
9722 0
991852 0
992838 0
991823 0
994546 0
990173 0
990115 0
993278 0
993333 0
9688 0
9581 0
993776 0
991915 0
994208 0
9589 0
993350 0
58 0
994668 0
992262 0
993447 0
993459 0
992238 0
993315 0
992439 0
9278 0
9551 0
990417 0
991509 0
993411 0
994943 0
992281 0
9775 0
994869 0
994278 0
992812 0
991586 0
994031 0
992852 0
991099 0
994082 0
9731 0
991794 0
993692 0
991204 0
994176 0
9033 0
9270 0
9301 0
990475 0
994781 0
9058 0
992031 0
993798 0
990862 0
991492 0
994038 0
9899 0
993044 0
993741 0
9518 0
9815 0
991235 0
9132 0
992339 0
991250 0
991237 0
993534 0
991473 0
9872 0
9187 0
992582 0
990997 0
991281 0
991244 0
994608 0
990733 0
9558 0
992024 0
994809 0
9403 0
993550 0
990356 0
9422 0
990516 0
994885 0
9877 0
991227 0
990513 0
34 1
993158 0
990049 0
990691 0
994766 0
992639 0
990480 0
9799 0
992998 0
991023 0
990314 0
990977 0
67 0
9657 0
9218 0
992797 0
9739 0
9691 0
9087 0
991328 0
990796 0
993402 0
991364 0
993255 0
994037 0
991294 0
992969 0
994882 0
991052 0
993150 0
994490 0
992803 0
994567 0
9154 0
990022 0
991638 0
994079 0
9821 0
991220 0
992844 0
994876 0
992678 0
993375 0
993430 0
994076 0
993352 0
993181 0
991963 0
991789 0
990766 0
9153 0
991973 0
994156 0
991612 0
990007 0
990810 0
994791 0
993127 0
993784 0
9103 0
991980 0
9637 0
993992 0
990934 0
990315 0
994324 0
9281 0
994576 0
994520 0
990813 0
992089 0
991449 0
9862 0
991687 0
991155 0
9373 0
991791 0
992061 0
990128 0
994889 0
992807 0
9689 0
994121 0
991447 0
994697 0
9741 0
9866 0
990926 0
9226 0
990329 0
993590 0
991415 0
993949 0
990821 0
992731 0
991259 0
990318 0
991701 0
991790 0
992383 0
990352 0
9505 0
9879 0
9456 0
994228 0
994538 0
994272 0
994106 0
9797 0
991206 0
993509 0
994969 0
991198 0
993351 0
991247 0
994933 0
992662 0
993286 0
992124 0
9283 0
993486 0
991038 0
990390 0
9375 0
992661 0
994854 0
992832 0
990006 0
992592 0
9803 0
990684 0
990812 0
9197 0
9172 0
9018 0
991003 0
993042 0
992352 0
990165 0
9246 0
992868 0
990987 0
993675 0
9110 0
991962 0
9885 0
990724 0
991684 0
992207 0
9290 0
994300 0
990564 0
990210 0
9318 0
991771 0
9735 0
993086 0
994575 0
994141 0
9082 0
9881 0
994483 0
992012 0
991241 0
992689 0
991286 0
9384 0
994296 0
992670 0
9540 0
994170 0
994110 0
992269 0
991164 0
990559 0
9490 0
994181 0
9017 0
992825 0
993979 0
9850 0
994838 0
990962 0
991563 0
990666 0
994648 0
991523 0
9151 0
993857 0
993493 0
993965 0
994626 0
993083 0
991499 0
9399 0
991314 0
991383 0
990906 0
994023 0
990503 0
990331 0
994972 0
992836 0
9446 0
994909 0
992065 0
992699 0
9554 0
9709 0
990303 0
994602 0
993859 0
990841 0
994118 0
992401 0
9149 0
992528 0
9765 0
993532 0
9170 0
993666 0
992485 0
992341 0
993023 0
990706 0
990177 0
993950 0
994529 0
994311 0
994723 0
994041 0
9358 0
992840 0
994888 0
994183 0
993525 0
9313 0
9201 0
992214 0
993807 0
9812 0
991317 0
9432 0
994499 0
993818 0
994692 0
992164 0
993608 0
994008 0
991382 0
994202 0
9719 0
992290 0
993967 0
991544 0
994388 0
992737 0
991976 0
9062 0
992103 0
991603 0
9645 0
993111 0
991322 0
993603 0
994855 0
990953 0
992830 0
9708 0
992466 0
9519 0
994412 0
993952 0
993345 0
994468 0
9083 0
991529 0
990484 0
991977 0
9870 0
992037 0
993976 0
992890 0
991115 0
9379 0
991007 0
990013 0
990030 0
991693 0
9145 0
9726 0
9125 0
991818 0
990748 0
991869 0
993880 0
991824 0
990884 0
992315 0
9159 0
990970 0
990320 0
993261 0
993628 0
990351 0
993065 0
991987 0
9259 0
994105 0
992239 0
991708 0
992205 0
9321 0
990993 0
9492 0
9495 0
990658 0
991030 0
990256 0
994649 0
991710 0
994062 0
9560 0
991707 0
991441 0
9749 0
990937 0
993253 0
992437 0
993338 0
994957 0
994189 0
993621 0
990789 0
994449 0
990182 0
993693 0
990604 0
9676 0
991427 0
991533 0
9406 0
991152 0
993009 0
994474 0
9764 0
991966 0
992658 0
994636 0
994263 0
994974 0
995006 0
994515 0
992810 0
49 0
994042 0
992921 0
992155 0
9198 0
994209 0
992003 0
9656 0
9462 0
991715 0
992247 0
990111 0
994845 0
994739 0
990470 0
9077 0
9863 0
991994 0
994505 0
991832 0
9066 0
992814 0
990454 0
992726 0
994333 0
992456 0
990060 0
9275 0
992462 0
990593 0
993119 0
9766 0
994541 0
990878 0
9244 0
993208 0
993609 0
994029 0
990132 0
990745 0
992258 0
991698 0
995000 0
991590 0
994579 0
992626 0
994394 0
991162 0
992527 0
994199 0
991500 0
993706 0
992598 0
992913 0
991303 0
993433 0
990954 0
9789 0
993551 0
990939 0
991625 0
9626 0
990321 0
993985 0
991815 0
992997 0
990648 0
991630 0
9286 0
994481 0
990353 0
991725 0
990183 0
9175 0
991182 0
994434 0
993866 0
991051 0
990857 0
994563 0
991961 0
991367 0
992349 0
994416 0
9546 0
994708 0
993078 0
991645 0
994870 0
990240 0
991390 0
992851 0
992546 0
994902 0
9341 0
992515 0
992982 0
990238 0
991618 0
991402 0
993981 0
991903 0
992350 0
992184 0
83 0
9839 0
9801 0
994874 0
991532 0
994785 0
993075 0
993172 0
994109 0
994995 0
9095 0
993975 0
994060 0
992213 0
9063 0
990245 0
9830 0
992002 0
9098 0
991671 0
994979 0
992374 0
994115 0
65 0
993639 0
993969 0
992120 0
990093 0
991706 0
991437 0
990728 0
990222 0
993795 0
992826 0
994970 0
991079 0
990863 0
9443 0
993958 0
992476 0
991012 0
990411 0
990589 0
991792 0
994478 0
990156 0
994464 0
9743 0
55 0
990459 0
992618 0
994381 0
991569 0
991713 0
990938 0
990377 0
994640 0
993107 0
994866 0
9137 0
992423 0
993173 0
993678 0
994585 0
9470 0
991734 0
992357 0
993723 0
990942 0
991931 0
990486 0
993915 0
994595 0
990678 0
9230 0
994691 0
992255 0
994936 0
993190 0
991691 0
993214 0
991239 0
994068 0
992761 0
992577 0
991996 0
9255 0
993565 0
990295 0
990427 0
990488 0
994417 0
994675 0
993686 0
9729 0
993633 0
992564 0
991831 0
992046 0
9075 0
991243 0
990105 0
9168 0
992114 0
994949 0
9319 0
993635 0
993926 0
993878 0
994341 0
80 0
994709 0
992878 0
992265 0
994036 0
991224 0
994552 0
994507 0
994216 0
994654 0
994493 0
64 0
990305 0
992775 0
993889 0
9555 0
994014 0
993689 0
17 1
994625 0
990042 0
992567 0
994489 0
993252 0
994217 0
990838 0
9533 0
9517 0
994896 0
993687 0
992651 0
992691 0
991411 0
9496 0
991555 0
991326 0
992665 0
993449 0
991225 0
994009 0
993235 0
992687 0
991664 0
994779 0
993424 0
993240 0
992175 0
990833 0
992104 0
993772 0
9618 0
992656 0
990584 0
9510 0
992745 0
9204 0
992752 0
994613 0
9171 0
993467 0
993555 0
990010 0
994982 0
990408 0
9195 0
990150 0
994954 0
990840 0
990563 0
991106 0
990865 0
992487 0
9031 0
993591 0
994306 0
994307 0
994349 0
993515 0
991078 0
993067 0
991291 0
993157 0
990225 0
994883 0
991080 0
992782 0
994842 0
992119 0
9079 0
9371 0
990817 0
991924 0
992468 0
990121 0
993685 0
994190 0
9600 0
992165 0
990081 0
993144 0
993764 0
992933 0
991191 0
993851 0
992930 0
60 0
994410 0
993489 0
9665 0
992964 0
993340 0
991681 0
990409 0
993005 0
991588 0
990719 0
992740 0
990776 0
994340 0
990681 0
992057 0
991141 0
991386 0
993341 0
991620 0
993618 0
992619 0
990961 0
993032 0
9146 0
9503 0
993698 0
990041 0
990973 0
992474 0
993000 0
992404 0
993442 0
990172 0
992667 0
992990 0
990623 0
9619 0
990413 0
990098 0
990849 0
994525 0
993276 0
9089 0
990922 0
990145 0
991925 0
991696 0
9682 0
994270 0
994163 0
992736 0
991032 0
990798 0
9677 0
991782 0
992882 0
992188 0
994114 0
991194 0
990126 0
993167 0
994532 0
993414 0
991000 0
994368 0
992125 0
990237 0
991897 0
991745 0
990028 0
994342 0
992353 0
993272 0
994362 0
9011 0
9754 0
990075 0
57 0
994651 0
991257 0
991662 0
994383 0
994635 0
9605 0
993251 0
991862 0
992928 0
991571 0
9427 0
993530 0
991901 0
9156 0
992641 0
991020 0
9274 0
991011 0
9277 0
991498 0
990603 0
991287 0
9864 0
991356 0
9477 0
9337 0
994178 0
993312 0
992609 0
993702 0
994303 0
990891 0
990846 0
990523 0
9730 0
990641 0
994704 0
992991 0
994406 0
992764 0
991570 0
990828 0
991216 0
993727 0
991723 0
990005 0
990535 0
994988 0
991598 0
9395 0
991036 0
991256 0
9694 0
9814 0
993785 0
990847 0
9134 0
991327 0
993081 0
991195 0
992590 0
9292 0
991505 0
990216 0
990628 0
992676 0
993831 0
994756 0
993684 0
9069 0
992774 0
993061 0
994232 0
994241 0
993892 0
992236 0
990547 0
990592 0
991884 0
992129 0
990913 0
991475 0
9810 0
993847 0
994140 0
990701 0
993780 0
990998 0
994282 0
993371 0
994578 0
992312 0
992058 0
990368 0
9012 0
991357 0
994447 0
994260 0
994169 0
994134 0
991611 0
990160 0
990692 0
9258 0
992776 0
993536 0
994086 0
993650 0
993735 0
9832 0
993540 0
81 0
994267 0
994672 0
991954 0
9345 0
994147 0
991719 0
993765 0
993914 0
990985 0
993901 0
9807 0
990478 0
990646 0
991408 0
9413 0
992696 0
993576 0
990464 0
990003 0
9288 0
990099 0
994703 0
994266 0
994116 0
991837 0
990143 0
9723 0
9624 0
993095 0
9889 0
993617 0
990330 0
993372 0
992523 0
993739 0
991074 0
9285 0
9762 0
994859 0
993796 0
991061 0
9059 0
991514 0
990458 0
991192 0
990578 0
9086 0
992996 0
991703 0
991151 0
990960 0
994164 0
994098 0
992187 0
994839 0
9214 0
992455 0
9100 0
9751 0
992831 0
992180 0
992274 0
9042 0
992498 0
991177 0
992191 0
89 0
991854 0
992308 0
9243 0
994609 0
9007 0
992060 0
993631 0
993959 0
991502 0
990871 0
9570 0
9299 0
9516 0
994150 0
991863 0
992049 0
994865 0
994048 0
993838 0
994639 0
994344 0
993027 0
991381 0
992624 0
992189 0
992379 0
9391 0
994441 0
992088 0
9247 0
991699 0
992763 0
990406 0
992666 0
992516 0
9262 0
9597 0
990046 0
991139 0
990083 0
991419 0
9327 0
991069 0
990050 0
9892 0
990286 0
992674 0
990716 0
9182 0
992246 0
9221 0
992995 0
990184 0
991690 0
991397 0
9534 0
991955 0
990325 0
992683 0
994312 0
993165 0
990515 0
994501 0
990334 0
990560 0
992059 0
990113 0
990909 0
993800 0
992324 0
990215 0
991804 0
993905 0
990359 0
991112 0
992614 0
990794 0
9847 0
990989 0
991615 0
990804 0
990429 0
9649 0
993754 0
990781 0
994382 0
9838 0
9123 0
994409 0
994645 0
990392 0
994755 0
994327 0
994680 0
990639 0
9563 0
991888 0
991341 0
990053 0
993148 0
993963 0
993990 0
991388 0
993264 0
994431 0
992607 0
9425 0
993274 0
993070 0
994206 0
991755 0
9468 0
991647 0
9101 0
993248 0
992613 0
993661 0
9029 0
994652 0
994637 0
993470 0
990848 0
9521 0
994308 0
993304 0
992494 0
990731 0
994253 0
990313 0
993871 0
9209 0
991858 0
992004 0
992981 0
993225 0
992536 0
994454 0
992411 0
992934 0
993494 0
991554 0
994804 0
991657 0
992510 0
992671 0
993462 0
991644 0
9121 0
993932 0
993281 0
991656 0
990652 0
990449 0
9338 0
9295 0
994710 0
993801 0
990327 0
991273 0
992056 0
991039 0
990255 0
990239 0
991677 0
9861 0
993869 0
994087 0
992642 0
991999 0
991035 0
990159 0
992625 0
991392 0
994148 0
990707 0
991720 0
991817 0
992261 0
9692 0
992872 0
990069 0
9697 0
9660 0
9412 0
992221 0
9044 0
992278 0
991521 0
993079 0
991553 0
992504 0
990437 0
990905 0
991697 0
992610 0
9809 0
9699 0
990360 0
991329 0
992431 0
9520 0
9846 0
9469 0
994696 0
990917 0
992270 0
993367 0
994059 0
994665 0
9526 0
9240 0
991667 0
992728 0
994461 0
991292 0
990837 0
992820 0
994619 0
9276 0
993644 0
992732 0
993385 0
990082 0
9874 0
991680 0
991222 0
9267 0
9071 0
990537 0
990424 0
991440 0
994958 0
990972 0
9607 0
992777 0
994457 0
9842 0
991233 0
992204 0
990448 0
993074 0
993589 0
992790 0
994487 0
994698 0
9272 0
990815 0
9527 0
9640 0
991132 0
992055 0
993974 0
990660 0
990037 0
77 0
990453 0
994247 0
991282 0
992772 0
991821 0
9284 0
993691 0
994670 0
993329 0
993242 0
9678 0
991018 0
993130 0
9369 0
993558 0
9615 0
990693 0
993408 0
991260 0
994604 0
994736 0
994918 0
992804 0
991082 0
991217 0
990166 0
994747 0
990214 0
990756 0
994601 0
991880 0
991549 0
990556 0
9664 0
993556 0
993808 0
990959 0
992303 0
994965 0
993305 0
994056 0
994647 0
993511 0
991375 0
990151 0
994002 0
9444 0
990571 0
993827 0
993864 0
9133 0
9781 0
990765 0
991417 0
991545 0
9038 0
990509 0
990912 0
990867 0
9509 0
994389 0
992897 0
993867 0
994200 0
991202 0
9426 0
9409 0
993004 0
9104 0
9595 0
992750 0
994374 0
993718 0
992941 0
994284 0
990530 0
990349 0
9052 0
992931 0
992263 0
991208 0
990275 0
992880 0
994498 0
994426 0
990316 0
993210 0
993207 0
993453 0
991650 0
993812 0
990490 0
9825 0
990880 0
991470 0
991807 0
992759 0
991231 0
993724 0
990044 0
991568 0
990242 0
993642 0
9097 0
9405 0
9414 0
994570 0
993085 0
9695 0
991418 0
993295 0
994826 0
992028 0
993294 0
991403 0
991158 0
991046 0
994154 0
993729 0
992475 0
990802 0
991646 0
990635 0
993654 0
994853 0
993991 0
994463 0
991828 0
992041 0
994030 0
9458 0
991785 0
993417 0
992842 0
991464 0
991054 0
990220 0
992606 0
991306 0
991438 0
9165 0
9271 0
70 0
993347 0
991430 0
991335 0
990755 0
993721 0
993197 0
991024 0
993374 0
994713 0
991033 0
993564 0
994544 0
991678 0
993973 0
991460 0
994035 0
994380 0
993077 0
991904 0
990630 0
9584 0
990659 0
993716 0
990618 0
9304 0
993238 0
993822 0
992200 0
991859 0
990820 0
992569 0
992552 0
9896 0
992499 0
993746 0
994597 0
9805 0
990148 0
992834 0
990594 0
9312 0
992806 0
993820 0
994299 0
993094 0
993911 0
991526 0
990882 0
994435 0
9009 0
9055 0
992142 0
990445 0
990090 0
9873 0
994987 0
992130 0
992432 0
9189 0
993779 0
992137 0
990221 0
992377 0
993751 0
992391 0
990412 0
994743 0
990570 0
994901 0
990620 0
9404 0
991649 0
9423 0
994286 0
991959 0
992617 0
993011 0
9561 0
992458 0
991670 0
990187 0
991077 0
9355 0
993760 0
994771 0
990572 0
992572 0
993711 0
9041 0
992093 0
990208 0
990566 0
990176 0
9152 0
992197 0
993334 0
79 0
994891 0
990738 0
9054 0
992500 0
992113 0
993419 0
994610 0
992083 0
69 0
993082 0
9631 0
990396 0
990968 0
992902 0
9390 0
990527 0
994638 0
9671 0
992686 0
991049 0
990072 0
990549 0
991004 0
991834 0
994963 0
9711 0
9224 0
991979 0
991480 0
992637 0
994316 0
9725 0
993471 0
9148 0
992975 0
994599 0
992559 0
990806 0
990431 0
994944 0
991137 0
990856 0
994588 0
9687 0
993630 0
991321 0
9523 0
9680 0
994398 0
990004 0
991034 0
993955 0
991836 0
9085 0
990680 0
994623 0
994329 0
990023 0
993353 0
994155 0
994184 0
9141 0
993583 0
993513 0
994973 0
994926 0
992264 0
9745 0
991089 0
992785 0
991653 0
9738 0
994674 0
992428 0
991439 0
991196 0
991393 0
993529 0
992260 0
994367 0
991788 0
9001 0
991652 0
994562 0
993037 0
990554 0
991347 0
993426 0
994726 0
993669 0
992859 0
9328 0
63 0
993916 0
991847 0
990226 0
992857 0
994653 0
993201 0
990450 0
993647 0
990029 0
992115 0
994519 0
990365 0
9210 0
994391 0
9880 0
9433 0
9740 0
991661 0
990259 0
994910 0
993848 0
991552 0
9117 0
992168 0
9636 0
991663 0
990793 0
991958 0
990243 0
992106 0
994920 0
991894 0
991487 0
9489 0
990052 0
9610 0
991485 0
992534 0
9142 0
993377 0
994730 0
991803 0
991394 0
990518 0
993510 0
990207 0
992855 0
9787 0
994900 0
9844 0
993612 0
9396 0
994641 0
991435 0
9487 0
9213 0
993553 0
993961 0
994491 0
9702 0
991768 0
994234 0
991733 0
9111 0
992080 0
993431 0
993968 0
992575 0
994787 0
992766 0
9180 0
994471 0
994526 0
9067 0
991886 0
991076 0
992166 0
993638 0
992490 0
992685 0
9616 0
9865 0
993072 0
991453 0
992879 0
993873 0
993357 0
993544 0
992756 0
991507 0
990192 0
994094 0
990577 0
990640 0
9053 0
991864 0
991114 0
992550 0
9207 0
994353 0
992193 0
994310 0
990792 0
994660 0
9027 0
993845 0
992144 0
9128 0
9748 0
993667 0
990982 0
994420 0
991091 0
994837 0
990358 0
992010 0
993381 0
992395 0
991154 0
993734 0
990610 0
992019 0
992895 0
990736 0
991548 0
992778 0
994875 0
9542 0
993028 0
994596 0
993547 0
990735 0
992026 0
991736 0
991705 0
9500 0
990398 0
993204 0
991109 0
994403 0
9888 0
990457 0
992098 0
991215 0
993349 0
990299 0
994733 0
994718 0
994914 0
992762 0
990870 0
991058 0
990521 0
992035 0
9064 0
993228 0
995009 0
9410 0
994582 0
9032 0
991401 0
993179 0
990653 0
993003 0
990250 0
994852 0
993582 0
9336 0
993497 0
991882 0
9092 0
991648 0
993781 0
994827 0
990432 0
994945 0
993986 0
990436 0
990966 0
993523 0
993490 0
9704 0
993313 0
993368 0
992347 0
990267 0
991919 0
993877 0
990198 0
990001 0
9574 0
992783 0
993249 0
993049 0
994122 0
992967 0
9541 0
991050 0
990158 0
993296 0
994334 0
992944 0
990636 0
994947 0
993184 0
993348 0
994911 0
991596 0
994179 0
993533 0
994414 0
994677 0
991495 0
991461 0
9250 0
991471 0
992597 0
9530 0
9407 0
994054 0
991772 0
993641 0
9513 0
993896 0
993619 0
993995 0
990948 0
990663 0
992703 0
994325 0
992378 0
990541 0
990656 0
992148 0
994355 0
993833 0
991799 0
991773 0
992747 0
993934 0
992531 0
992145 0
9203 0
9675 0
991631 0
991219 0
990508 0
994514 0
992875 0
992837 0
992030 0
9280 0
990925 0
990301 0
993856 0
9868 0
993138 0
990472 0
991021 0
9249 0
990218 0
990729 0
992296 0
9136 0
994458 0
993875 0
993936 0
993468 0
990908 0
82 0
992793 0
9663 0
9161 0
992786 0
993919 0
993423 0
9028 0
991839 0
990907 0
993506 0
990231 0
991359 0
9320 0
991741 0
994233 0
9639 0
993243 0
990026 0
9268 0
991346 0
992108 0
992302 0
995001 0
990203 0
993924 0
994297 0
990550 0
990944 0
992906 0
994864 0
9875 0
990380 0
992457 0
994728 0
990552 0
994061 0
9331 0
990500 0
992334 0
991709 0
992594 0
993328 0
992769 0
994235 0
9588 0
994204 0
990027 0
991748 0
991737 0
992912 0
993076 0
992136 0
990335 0
993331 0
992109 0
993966 0
990266 0
991479 0
993849 0
992741 0
992907 0
990935 0
991695 0
993811 0
993155 0
994243 0
992451 0
991878 0
990737 0
991284 0
993882 0
9273 0
9065 0
991843 0
9718 0
991185 0
993923 0
993185 0
9008 0
990596 0
994473 0
990257 0
990462 0
994088 0
990784 0
990616 0
992289 0
991425 0
991777 0
990440 0
9445 0
991676 0
993906 0
991929 0
993026 0
9736 0
993370 0
9202 0
990686 0
993339 0
993192 0
9362 0
994320 0
9701 0
993297 0
994256 0
993520 0
994470 0
993837 0
994239 0
991053 0
994255 0
992285 0
991496 0
991767 0
991829 0
991985 0
991504 0
991632 0
991431 0
9436 0
990768 0
994983 0
9471 0
993226 0
990434 0
994386 0
991933 0
994934 0
992480 0
992021 0
992714 0
993441 0
992634 0
993573 0
993469 0
9858 0
995003 0
9707 0
9791 0
993501 0
990379 0
991101 0
994330 0
990767 0
9507 0
991538 0
990836 0
991345 0
991205 0
992963 0
992518 0
991212 0
993526 0
993972 0
992442 0
9235 0
994939 0
991654 0
990599 0
994617 0
994214 0
992210 0
991484 0
990268 0
994057 0
992018 0
992304 0
992131 0
993017 0
993455 0
993855 0
990253 0
994744 0
991950 0
992856 0
994162 0
9532 0
991547 0
9690 0
994517 0
991591 0
992417 0
994769 0
992694 0
994757 0
9454 0
991172 0
991060 0
993316 0
994495 0
991927 0
993738 0
994261 0
991727 0
991010 0
994280 0
9818 0
9178 0
994245 0
991592 0
990247 0
993203 0
994196 0
994799 0
992629 0
993672 0
9361 0
990089 0
993472 0
990927 0
991627 0
994992 0
994749 0
992988 0
991044 0
991550 0
991607 0
990281 0
990829 0
994423 0
9106 0
992133 0
991045 0
990059 0
992693 0
993925 0
990606 0
994773 0
990708 0
992672 0
992033 0
994684 0
9545 0
991866 0
990760 0
993728 0
9091 0
992715 0
993774 0
9479 0
994460 0
993862 0
992779 0
991113 0
990347 0
9109 0
993309 0
990699 0
991468 0
990866 0
990624 0
990517 0
990102 0
9282 0
991323 0
993247 0
992808 0
994313 0
994801 0
990669 0
9859 0
990433 0
9732 0
9773 0
992955 0
991138 0
9350 0
993996 0
994722 0
994568 0
993605 0
994679 0
994198 0
994144 0
991861 0
991324 0
994172 0
9289 0
9650 0
994598 0
992885 0
993852 0
991601 0
994763 0
78 0
994937 0
994251 0
992754 0
993317 0
993461 0
990978 0
990897 0
990876 0
992216 0
993055 0
992545 0
61 0
9559 0
990136 0
992419 0
992415 0
991917 0
994201 0
994857 0
990807 0
994418 0
993814 0
991774 0
993938 0
9377 0
990964 0
992993 0
9251 0
994188 0
993434 0
990232 0
993404 0
991251 0
9227 0
992440 0
992616 0
993663 0
992929 0
9360 0
990204 0
994318 0
9056 0
994863 0
992385 0
994832 0
9602 0
993193 0
993680 0
991763 0
993014 0
9326 0
994275 0
990877 0
994400 0
72 0
992268 0
990860 0
991264 0
992169 0
992279 0
994761 0
994833 0
993458 0
990262 0
993280 0
992277 0
9612 0
992118 0
994093 0
993841 0
9234 0
9005 0
991940 0
76 0
994894 0
990350 0
991853 0
992344 0
994157 0
993068 0
9569 0
994923 0
9296 0
990124 0
9430 0
994959 0
993080 0
991008 0
993391 0
991087 0
9522 0
991776 0
992730 0
993956 0
994746 0
990832 0
991165 0
993412 0
992076 0
993887 0
9253 0
9651 0
9828 0
993438 0
990418 0
993504 0
992479 0
991203 0
990015 0
9617 0
994693 0
994295 0
991436 0
992355 0
994404 0
990119 0
993705 0
993332 0
991350 0
9231 0
991952 0
992824 0
991674 0
990435 0
991348 0
991123 0
990553 0
993758 0
993514 0
9014 0
990544 0
9884 0
990348 0
990467 0
994100 0
993645 0
991642 0
990581 0
991506 0
992337 0
993285 0
991409 0
9622 0
9643 0
991503 0
991407 0
9769 0
992070 0
992407 0
990188 0
991365 0
993262 0
993773 0
994104 0
993464 0
990021 0
990086 0
990703 0
990292 0
993500 0
992343 0
990269 0
992871 0
992008 0
993279 0
991153 0
994136 0
992738 0
990950 0
991840 0
990487 0
990339 0
9439 0
994067 0
994594 0
993230 0
994683 0
990619 0
993505 0
990952 0
994043 0
994921 0
991173 0
9385 0
992751 0
994455 0
990843 0
992217 0
990058 0
993872 0
993879 0
991128 0
991721 0
991518 0
992767 0
992045 0
993688 0
993394 0
9127 0
991881 0
993265 0
991724 0
991516 0
990142 0
993512 0
990534 0
992799 0
990561 0
9068 0
993928 0
9316 0
992252 0
990038 0
990410 0
993522 0
992949 0
991536 0
990195 0
9591 0
993930 0
992612 0
991086 0
991454 0
990375 0
994830 0
9004 0
991457 0
991669 0
9647 0
992212 0
992898 0
993216 0
991874 0
992009 0
993384 0
993697 0
992615 0
992486 0
993761 0
990931 0
991729 0
991921 0
991932 0
993335 0
9837 0
993562 0
991174 0
992604 0
990921 0
993549 0
992903 0
992551 0
992684 0
991269 0
990536 0
9119 0
992920 0
994322 0
9309 0
991816 0
9654 0
993446 0
991280 0
992965 0
991597 0
992542 0
990520 0
994013 0
9025 0
992489 0
992074 0
991276 0
994331 0
992530 0
994872 0
993205 0
992013 0
994302 0
991760 0
9386 0
990591 0
991474 0
991022 0
9514 0
991672 0
9339 0
9394 0
991096 0
9822 0
992047 0
994611 0
992154 0
991399 0
992157 0
994615 0
991617 0
992958 0
990758 0
9162 0
994399 0
992848 0
993747 0
994836 0
993978 0
9245 0
992323 0
9755 0
993321 0
9222 0
993829 0
9852 0
994612 0
85 0
990048 0
9525 0
9706 0
990438 0
991876 0
993008 0
994993 0
992211 0
990675 0
992932 0
993792 0
991911 0
992406 0
990043 0
991187 0
992682 0
992243 0
993393 0
993380 0
990217 0
991442 0
994950 0
994020 0
991169 0
992725 0
992973 0
992219 0
990786 0
994856 0
990522 0
991537 0
990665 0
9229 0
9185 0
991683 0
990345 0
991026 0
991229 0
993659 0
9242 0
991400 0
990992 0
990696 0
992543 0
992535 0
990720 0
993894 0
9441 0
993013 0
9620 0
992843 0
992433 0
9575 0
994252 0
992638 0
991209 0
993655 0
993561 0
9593 0
994786 0
990822 0
991368 0
994001 0
9716 0
990996 0
990229 0
994618 0
9116 0
990376 0
993835 0
994695 0
994547 0
9392 0
993745 0
992149 0
992553 0
991168 0
994152 0
992773 0
9343 0
992335 0
990685 0
9314 0
9882 0
9035 0
9670 0
993787 0
992816 0
994369 0
993182 0
993229 0
9120 0
993187 0
993050 0
991370 0
993369 0
992179 0
993616 0
990272 0
994591 0
9566 0
992839 0
990506 0
9794 0
9353 0
990778 0
991253 0
994298 0
990753 0
990844 0
991268 0
992860 0
992209 0
995005 0
994319 0
9529 0
991546 0
993030 0
990008 0
993794 0
992966 0
994365 0
994522 0
990357 0
994288 0
992846 0
992985 0
993223 0
993427 0
992866 0
994980 0
990312 0
992244 0
993610 0
990861 0
990551 0
992319 0
993945 0
990477 0
990179 0
68 0
993110 0
991443 0
994877 0
75 0
992923 0
993554 0
992735 0
991751 0
990651 0
994494 0
993998 0
991423 0
992241 0
990080 0
9592 0
9491 0
9416 0
990687 0
991223 0
992482 0
990091 0
992248 0
990981 0
992962 0
993051 0
993495 0
991379 0
993962 0
992849 0
9184 0
9635 0
994892 0
994390 0
993907 0
991795 0
992538 0
994511 0
992673 0
9279 0
990546 0
993775 0
994151 0
991120 0
994095 0
994664 0
994584 0
990532 0
994738 0
991928 0
990539 0
993364 0
9829 0
992653 0
990290 0
9672 0
994985 0
993105 0
993152 0
990969 0
9050 0
993662 0
994028 0
992128 0
991041 0
991589 0
992256 0
990223 0
990018 0
994413 0
9783 0
994904 0
991369 0
991613 0
993805 0
9841 0
993093 0
991993 0
991385 0
994650 0
990370 0
992942 0
991102 0
991366 0
990626 0
994741 0
991643 0
992272 0
993128 0
990141 0
990764 0
994271 0
994632 0
992007 0
994502 0
51 0
992568 0
993106 0
992794 0
990940 0
992101 0
993579 0
992702 0
994678 0
992132 0
9192 0
993598 0
990106 0
991027 0
993868 0
992654 0
992140 0
994682 0
992202 0
991953 0
993960 0
991731 0
991056 0
990149 0
9448 0
992646 0
991626 0
990979 0
9158 0
994401 0
990138 0
993191 0
993151 0
991797 0
993392 0
993473 0
990613 0
993344 0
10 1
991405 0
993842 0
991302 0
9463 0
9372 0
993559 0
992294 0
990864 0
993289 0
992909 0
993620 0
992286 0
993843 0
9401 0
990689 0
994277 0
9090 0
993211 0
994956 0
993897 0
994017 0
991783 0
994706 0
994967 0
990144 0
992251 0
9898 0
990252 0
84 0
990112 0
991593 0
994831 0
994207 0
993022 0
994279 0
990302 0
9715 0
991071 0
9728 0
994527 0
991372 0
993217 0
993343 0
9897 0
990258 0
9335 0
991675 0
991637 0
994419 0
990928 0
9770 0
990762 0
990002 0
992788 0
992742 0
993946 0
992724 0
991149 0
990712 0
992883 0
9366 0
992719 0
992953 0
9144 0
990783 0
53 0
992321 0
994571 0
9322 0
990019 0
994007 0
992573 0
991298 0
992947 0
993766 0
993209 0
990191 0
9778 0
994931 0
992227 0
993379 0
9756 0
992768 0
991513 0
991572 0
994905 0
990451 0
992867 0
990063 0
991157 0
993269 0
994714 0
992029 0
990773 0
990946 0
994986 0
993971 0
991759 0
991749 0
991583 0
994264 0
990769 0
991628 0
990167 0
991700 0
992470 0
9093 0
990205 0
991085 0
9667 0
993660 0
994643 0
993927 0
992311 0
990493 0
990273 0
9376 0
993653 0
991186 0
991410 0
992386 0
994772 0
992320 0
994194 0
992292 0
992649 0
991228 0
992495 0
991342 0
991524 0
990074 0
994978 0
991753 0
994203 0
993224 0
992583 0
994497 0
993096 0
993194 0
993545 0
990153 0
993970 0
993359 0
9179 0
992757 0
991995 0
993002 0
994387 0
993097 0
991017 0
994488 0
990025 0
994760 0
991651 0
994242 0
994991 0
990244 0
991946 0
992976 0
992526 0
993389 0
994229 0
9596 0
994124 0
991029 0
9163 0
992438 0
990597 0
991784 0
990590 0
994142 0
992819 0
9587 0
9831 0
990163 0
991838 0
994016 0
990600 0
993816 0
993770 0
990845 0
9776 0
990336 0
990036 0
991848 0
994294 0
994063 0
994884 0
9418 0
992801 0
990401 0
991355 0
990494 0
993109 0
993830 0
9088 0
992473 0
994221 0
993799 0
54 0
9669 0
994422 0
993753 0
992078 0
991446 0
991275 0
990634 0
992110 0
994436 0
991467 0
9387 0
9135 0
992796 0
994077 0
990650 0
991879 0
991936 0
994922 0
993942 0
992237 0
992989 0
994851 0
992910 0
991898 0
9081 0
991199 0
992999 0
994543 0
993361 0
991658 0
991261 0
992970 0
9334 0
990265 0
993177 0
991009 0
993406 0
992781 0
993048 0
991668 0
990627 0
992143 0
992652 0
993701 0
990744 0
991097 0
9483 0
992099 0
993063 0
992146 0
990452 0
990284 0
994113 0
993129 0
9627 0
991992 0
992827 0
990381 0
993131 0
994551 0
991344 0
990403 0
992443 0
990483 0
991333 0
991148 0
993326 0
9072 0
992874 0
992943 0
990974 0
993595 0
992491 0
990264 0
990186 0
992105 0
990249 0
991757 0
990224 0
86 0
992873 0
992749 0
993580 0
993031 0
992064 0
993585 0
990012 0
9217 0
993593 0
992574 0
991974 0
990533 0
994535 0
994566 0
991975 0
991412 0
993451 0
991935 0
990916 0
994205 0
993089 0
994469 0
991245 0
994581 0
994231 0
993557 0
994667 0
991072 0
994044 0
993982 0
990743 0
990107 0
993482 0
994259 0
9539 0
990057 0
990896 0
990608 0
991066 0
991609 0
992918 0
993548 0
993200 0
994796 0
9848 0
990190 0
992062 0
9486 0
993040 0
994337 0
991909 0
992822 0
990474 0
990749 0
9823 0
993233 0
993125 0
990414 0
994550 0
993387 0
9324 0
993756 0
990260 0
993257 0
990355 0
994583 0
993819 0
990986 0
992300 0
992332 0
990423 0
994512 0
991283 0
991339 0
992000 0
990887 0
994508 0
9039 0
9257 0
992364 0
991458 0
994510 0
9886 0
990168 0
994540 0
993844 0
990920 0
990902 0
991781 0
992141 0
991254 0
990622 0
994560 0
991920 0
992329 0
994395 0
991384 0
992299 0
9383 0
990116 0
991028 0
990644 0
990588 0
990725 0
993290 0
993407 0
992502 0
993909 0
9891 0
992821 0
9415 0
991944 0
994301 0
9628 0
9727 0
990084 0
9572 0
9325 0
9340 0
9037 0
990157 0
991956 0
62 0
991822 0
994906 0
994034 0
990456 0
990289 0
990300 0
990282 0
994890 0
9193 0
9820 0
993767 0
994097 0
990180 0
9634 0
994377 0
992805 0
992116 0
992927 0
990100 0
990078 0
991343 0
994211 0
992621 0
992416 0
991304 0
992600 0
991214 0
994784 0
994778 0
992497 0
990751 0
991189 0
993403 0
992823 0
990333 0
990045 0
994946 0
9808 0
994737 0
993543 0
991092 0
993778 0
992900 0
992330 0
993318 0
990068 0
991875 0
994777 0
9015 0
992899 0
993846 0
994384 0
993007 0
9102 0
990875 0
990088 0
992770 0
993939 0
994941 0
991354 0
994955 0
991912 0
991825 0
991121 0
991942 0
991750 0
9472 0
9782 0
992734 0
994952 0
993789 0
9599 0
992172 0
990943 0
991213 0
992220 0
993910 0
994006 0
993222 0
993674 0
994868 0
993024 0
9621 0
992722 0
9036 0
990955 0
9473 0
992231 0
992915 0
990364 0
994276 0
9611 0
994269 0
9026 0
9174 0
9674 0
9498 0
993282 0
993090 0
52 0
993980 0
993227 0
990519 0
991094 0
9452 0
991122 0
992472 0
993943 0
993466 0
9147 0
992450 0
991728 0
991232 0
990811 0
9293 0
991934 0
992508 0
994834 0
992635 0
993825 0
990929 0
990775 0
992780 0
990402 0
994428 0
993836 0
9564 0
990161 0
991918 0
993137 0
994482 0
991463 0
990444 0
9239 0
994359 0
992811 0
9668 0
994727 0
9216 0
9475 0
994101 0
993941 0
991633 0
994492 0
991543 0
994658 0
994103 0
991604 0
993899 0
991665 0
990382 0
993876 0
992795 0
9112 0
990531 0
990930 0
48 0
9798 0
992338 0
990734 0
993640 0
994975 0
994293 0
991070 0
992094 0
992135 0
990337 0
990759 0
994990 0
9502 0
993025 0
992409 0
992097 0
992493 0
990123 0
992870 0
991702 0
992160 0
9252 0
990611 0
993484 0
992936 0
991452 0
992643 0
9199 0
9140 0
992863 0
994328 0
994533 0
994027 0
992039 0
992813 0
990271 0
991567 0
9287 0
991296 0
993100 0
992707 0
992134 0
993904 0
994966 0
992492 0
994073 0
990990 0
993708 0
9700 0
990858 0
990397 0
991332 0
9076 0
993390 0
990071 0
9857 0
992633 0
994788 0
991501 0
994917 0
9447 0
993649 0
9790 0
9461 0
994867 0
991238 0
9238 0
994033 0
994285 0
993382 0
9084 0
993912 0
994065 0
994291 0
992158 0
991421 0
994663 0
992271 0
994138 0
994254 0
9291 0
990034 0
991972 0
992700 0
993572 0
990227 0
993492 0
991981 0
992537 0
990108 0
994338 0
991541 0
993568 0
994984 0
994871 0
9849 0
993546 0
992983 0
990983 0
991682 0
993457 0
990140 0
992555 0
9402 0
991551 0
992082 0
991190 0
9604 0
991744 0
993908 0
990637 0
995007 0
991561 0
994191 0
993354 0
990369 0
992956 0
9802 0
994486 0
992326 0
990114 0
994916 0
9788 0
994644 0
991043 0
993302 0
994274 0
993215 0
990130 0
993330 0
990827 0
990344 0
994046 0
992340 0
9233 0
993206 0
993135 0
994496 0
994083 0
994655 0
992454 0
992381 0
9705 0
993231 0
991991 0
9576 0
993828 0
991957 0
9568 0
990469 0
991726 0
991752 0
9131 0
994112 0
992628 0
993166 0
9795 0
991608 0
994257 0
993994 0
992014 0
992869 0
990441 0
994513 0
992371 0
991210 0
991997 0
991104 0
992539 0
992235 0
993112 0
991930 0
993722 0
9855 0
9464 0
992063 0
994592 0
993690 0
991432 0
990714 0
991739 0
990808 0
990879 0
990346 0
993189 0
9625 0
9070 0
993448 0
992301 0
9264 0
992100 0
991659 0
990548 0
993681 0
993397 0
990629 0
994503 0
993997 0
994537 0
993813 0
994289 0
993139 0
992362 0
993160 0
991234 0
993073 0
994903 0
993832 0
991922 0
993292 0
993517 0
990504 0
9537 0
991150 0
994133 0
994770 0
993146 0
993346 0
9061 0
992001 0
990617 0
992469 0
994160 0
994050 0
9760 0
990485 0
990294 0
992743 0
991380 0
994180 0
994669 0
9105 0
990422 0
991184 0
993853 0
990476 0
991988 0
992346 0
990213 0
993502 0
992402 0
991124 0
9191 0
993737 0
993895 0
991426 0
9130 0
9206 0
994219 0
994066 0
992948 0
991883 0
992066 0
991978 0
990393 0
992645 0
994603 0
990888 0
992602 0
9122 0
990718 0
9429 0
991610 0
992287 0
991230 0
992979 0
994315 0
9347 0
9515 0
993059 0
994173 0
993300 0
9194 0
9046 0
993488 0
990558 0
991406 0
991246 0
991424 0
994421 0
9381 0
9435 0
992791 0
993677 0
991416 0
993809 0
993658 0
990378 0
994898 0
991144 0
993254 0
992267 0
990020 0
991769 0
991455 0
991221 0
9550 0
994767 0
992596 0
991539 0
991578 0
992525 0
992208 0
991483 0
993541 0
991949 0
991258 0
990854 0
994137 0
9344 0
990095 0
992198 0
991968 0
9164 0
991948 0
994577 0
993365 0
990343 0
993437 0
990752 0
991472 0
994768 0
994907 0
992446 0
991522 0
993465 0
991902 0
9579 0
992563 0
990598 0
993098 0
990097 0
993052 0
9713 0
993039 0
992050 0
990670 0
990700 0
993422 0
991107 0
994564 0
994402 0
991371 0
992984 0
992424 0
992356 0
9420 0
991877 0
9269 0
990455 0
9228 0
991063 0
993858 0
991754 0
990263 0
994705 0
992829 0
994509 0
990835 0
990872 0
9609 0
990479 0
994794 0
992126 0
992640 0
994354 0
992978 0
990852 0
994442 0
9043 0
9890 0
993670 0
995002 0
991048 0
991666 0
9536 0
9408 0
993325 0
994425 0
991242 0
9824 0
9774 0
993496 0
993516 0
9661 0
994120 0
9359 0
990661 0
990579 0
990035 0
9006 0
992372 0
993071 0
9623 0
994994 0
56 0
993241 0
991249 0
991746 0
990754 0
992245 0
990416 0
992199 0
9139 0
9826 0
992938 0
9504 0
993186 0
991477 0
991738 0
992483 0
992755 0
992345 0
9717 0
992532 0
991899 0
994631 0
994052 0
994500 0
992723 0
992517 0
994424 0
993636 0
993921 0
990354 0
994897 0
992052 0
9772 0
9480 0
9346 0
994998 0
990976 0
9047 0
992032 0
994445 0
992972 0
992727 0
993886 0
992968 0
990051 0
9696 0
992016 0
994213 0
994108 0
992123 0
991512 0
991622 0
991718 0
992771 0
992644 0
9459 0
993656 0
994711 0
994165 0
992945 0
993432 0
9646 0
994536 0
994326 0
992556 0
990366 0
992283 0
9073 0
990363 0
994250 0
9777 0
991786 0
990904 0
990371 0
991404 0
993356 0
992087 0
994443 0
994940 0
9333 0
992876 0
994569 0
992162 0
992471 0
990496 0
992459 0
992253 0
991119 0
990219 0
993246 0
990958 0
994459 0
993733 0
992400 0
991743 0
87 0
992760 0
993463 0
991971 0
991983 0
9160 0
994586 0
993757 0
993324 0
992708 0
990609 0
994321 0
991641 0
994774 0
9200 0
990580 0
994236 0
994977 0
993539 0
990246 0
994071 0
9871 0
9000 0
991331 0
990557 0
994687 0
994018 0
993103 0
991179 0
990576 0
9780 0
991156 0
994807 0
991126 0
994732 0
990895 0
9421 0
9893 0
990040 0
992939 0
990787 0
994102 0
9428 0
994806 0
993006 0
993291 0
9571 0
9365 0
990740 0
993087 0
992325 0
9003 0
9685 0
992310 0
994627 0
992802 0
991730 0
992053 0
994099 0
992284 0
990270 0
991747 0
994265 0
991830 0
990893 0
993893 0
990495 0
9094 0
992167 0
9681 0
990918 0
994989 0
9785 0
990400 0
991414 0
993271 0
992692 0
993999 0
990230 0
991938 0
992917 0
991910 0
994620 0
992562 0
992159 0
993443 0
992447 0
992608 0
993570 0
990288 0
992449 0
992971 0
994559 0
992709 0
991679 0
993355 0
992720 0
991634 0
992765 0
994580 0
992194 0
9698 0
994258 0
994210 0
990825 0
992908 0
991466 0
990341 0
990405 0
990633 0
9215 0
994930 0
992520 0
9302 0
990855 0
9183 0
992072 0
990757 0
992233 0
991146 0
991735 0
993386 0
990980 0
991606 0
993720 0
990911 0
991984 0
993256 0
994927 0
990726 0
992363 0
990507 0
993460 0
993033 0
992888 0
990064 0
993552 0
994039 0
990430 0
990771 0
991110 0
994049 0
9297 0
993092 0
992394 0
993883 0
990524 0
994534 0
993748 0
9734 0
992075 0
990293 0
9138 0
990890 0
995008 0
993731 0
994047 0
990647 0
994780 0
9658 0
993035 0
990428 0
993178 0
992249 0
993396 0
990501 0
991255 0
990170 0
990298 0
991263 0
991787 0
993699 0
993918 0
991945 0
994666 0
992020 0
991989 0
990859 0
990463 0
9030 0
994913 0
991267 0
994690 0
991006 0
993320 0
991673 0
993420 0
9786 0
994126 0
9219 0
9370 0
994775 0
993202 0
992112 0
990782 0
991740 0
991042 0
994467 0
993147 0
991428 0
993826 0
991660 0
993132 0
991376 0
992359 0
992195 0
992698 0
993933 0
990076 0
991349 0
993363 0
993957 0
993804 0
994477 0
991585 0
990481 0
991796 0
9317 0
9548 0
994850 0
990169 0
990705 0
994765 0
993521 0
9034 0
992584 0
990384 0
990065 0
991037 0
991857 0
9655 0
993577 0
9382 0
994873 0
9747 0
993657 0
9115 0
991508 0
990039 0
992914 0
992382 0
9648 0
992092 0
992445 0
9256 0
991103 0
991819 0
992259 0
994919 0
992558 0
993250 0
991885 0
991297 0
993133 0
994462 0
992025 0
994240 0
993124 0
991704 0
994003 0
993730 0
994676 0
9746 0
992257 0
994019 0
990545 0
66 0
993863 0
992739 0
9476 0
992192 0
994159 0
993477 0
992410 0
991456 0
992022 0
992068 0
9853 0
9380 0
994776 0
990512 0
992705 0
991947 0
990129 0
993162 0
9263 0
992322 0
992420 0
9078 0
992789 0
9652 0
990947 0
994393 0
9761 0
991378 0
993810 0
991218 0
9113 0
994012 0
994795 0
994702 0
991336 0
991337 0
9557 0
994715 0
994371 0
992940 0
993399 0
994634 0
992847 0
994345 0
994912 0
991325 0
992275 0
990991 0
992521 0
990514 0
9419 0
990949 0
991420 0
993425 0
993450 0
992203 0
994828 0
991770 0
990404 0
991810 0
992960 0
993752 0
991844 0
9642 0
993057 0
994622 0
991579 0
9585 0
994981 0
991088 0
992005 0
993121 0
992316 0
993062 0
992561 0
990279 0
993275 0
991131 0
992952 0
9878 0
993749 0
992815 0
9474 0
994074 0
992230 0
994925 0
992196 0
990601 0
991605 0
994230 0
990542 0
994343 0
993362 0
992544 0
993777 0
993763 0
992412 0
991075 0
992389 0
993444 0
991559 0
9167 0
990963 0
991305 0
990154 0
990951 0
991476 0
994385 0
994351 0
993038 0
991301 0
993001 0
994752 0
992818 0
992675 0
992333 0
9478 0
993149 0
991266 0
992512 0
9485 0
992548 0
994793 0
994694 0
992327 0
993682 0
994096 0
992107 0
990528 0
990361 0
994759 0
994996 0
994366 0
990690 0
994309 0
994879 0
991525 0
9813 0
990919 0
991775 0
992413 0
992054 0
994408 0
994407 0
990595 0
991207 0
9693 0
994372 0
992711 0
9601 0
993797 0
994742 0
993360 0
990285 0
993293 0
993029 0
993527 0
993168 0
990291 0
994700 0
992922 0
991629 0
993840 0
994815 0
992841 0
991025 0
991108 0
990587 0
9703 0
992853 0
992994 0
9351 0
994171 0
991160 0
992190 0
9332 0
992328 0
994218 0
991016 0
994168 0
74 0
9248 0
991459 0
993416 0
993480 0
993429 0
9724 0
991494 0
990850 0
990770 0
993175 0
992896 0
9298 0
990211 0
993288 0
992171 0
992313 0
993164 0
994816 0
993036 0
9710 0
993524 0
9323 0
992987 0
994072 0
992085 0
990894 0
991340 0
9305 0
994287 0
992524 0
992800 0
994999 0
9750 0
993629 0
994248 0
992758 0
994642 0
993398 0
992477 0
991905 0
992127 0
9357 0
993060 0
992716 0
990936 0
992886 0
994358 0
990565 0
992877 0
994614 0
990120 0
992348 0
992422 0
991167 0
993566 0
991575 0
993665 0
992288 0
992380 0
993703 0
990011 0
993136 0
9330 0
991511 0
994558 0
990189 0
9493 0
992833 0
991982 0
991486 0
990834 0
991391 0
991057 0
992077 0
990062 0
993198 0
992073 0
9524 0
993266 0
993712 0
993700 0
990967 0
994125 0
993884 0
994630 0
991540 0
990070 0
991352 0
9644 0
992418 0
992892 0
990818 0
991941 0
990118 0
9800 0
992893 0
992911 0
992580 0
9124 0
991635 0
9528 0
990791 0
993410 0
9580 0
994671 0
990374 0
993287 0
994549 0
990932 0
992549 0
991211 0
990562 0
994764 0
9013 0
9220 0
994000 0
993418 0
994699 0
994465 0
991252 0
9484 0
993673 0
991398 0
993596 0
993874 0
9758 0
992954 0
992746 0
9434 0
994942 0
993567 0
992266 0
994283 0
991943 0
992044 0
994862 0
994011 0
994686 0
993651 0
990790 0
991188 0
994962 0
993159 0
993273 0
991889 0
994249 0
991170 0
991200 0
992373 0
992488 0
994523 0
992655 0
9241 0
9806 0
991125 0
993452 0
990555 0
991143 0
993569 0
991558 0
994081 0
990092 0
990621 0
992396 0
994948 0
994444 0
992081 0
992695 0
993788 0
992293 0
990831 0
994092 0
994628 0
994556 0
991907 0
994135 0
994484 0
992351 0
991849 0
993646 0
993314 0
994539 0
990965 0
991183 0
993634 0
993154 0
993245 0
990287 0
992161 0
9150 0
990031 0
991515 0
993664 0
992034 0
993310 0
992434 0
990975 0
992792 0
9374 0
991793 0
991716 0
993319 0
992835 0
990642 0
990193 0
991960 0
992122 0
993491 0
991820 0
9002 0
991527 0
9632 0
992226 0
991116 0
994624 0
994177 0
9126 0
990869 0
992095 0
992250 0
991640 0
994055 0
992051 0
993069 0
990000 0
994548 0
991062 0
990750 0
993232 0
994146 0
992950 0
992484 0
992331 0
993234 0
994379 0
994262 0
991531 0
994782 0
9659 0
990607 0
991577 0
992096 0
990945 0
990631 0
990122 0
992318 0
990780 0
992557 0
991855 0
992632 0
990826 0
993903 0
992023 0
990362 0
994193 0
9817 0
992854 0
993283 0
992713 0
994158 0
9553 0
990280 0
994396 0
993478 0
994376 0
993327 0
994192 0
990741 0
993839 0
9466 0
992291 0
991969 0
993823 0
993483 0
993834 0
993163 0
993020 0
9114 0
993742 0
992309 0
994304 0
990853 0
991764 0
990711 0
993475 0
991865 0
994064 0
9511 0
994600 0
993736 0
994589 0
994835 0
993485 0
991140 0
994565 0
993053 0
993750 0
991145 0
992387 0
9208 0
991389 0
993440 0
994323 0
9673 0
991892 0
992706 0
992405 0
993937 0
991134 0
994803 0
993099 0
993931 0
990109 0
993342 0
994405 0
992186 0
994616 0
991845 0
990739 0
993696 0
992887 0
992091 0
992636 0
994378 0
992156 0
990898 0
993793 0
9354 0
993913 0
9567 0
50 0
993719 0
9590 0
993611 0
994633 0
994646 0
992704 0
994681 0
993528 0
993535 0
994237 0
992974 0
990373 0
990386 0
992554 0
993244 0
991130 0
990466 0
993988 0
991557 0
994015 0
9883 0
991031 0
992697 0
993284 0
992086 0
994448 0
990101 0
991686 0
993126 0
993850 0
992011 0
993888 0
9442 0
993743 0
990704 0
990096 0
994915 0
990702 0
994572 0
9577 0
991067 0
9417 0
9684 0
992712 0
9024 0
993885 0
993790 0
993218 0
993538 0
991272 0
9686 0
993578 0
9582 0
994350 0
992889 0
992150 0
994438 0
994131 0
990342 0
991197 0
993439 0
9367 0
991274 0
993637 0
9348 0
991692 0
9603 0
993791 0
9583 0
9236 0
994997 0
991614 0
991290 0
994555 0
990632 0
992664 0
993782 0
990664 0
990668 0
992232 0
994025 0
993542 0
993732 0
9023 0
994453 0
9867 0
994032 0
990061 0
993581 0
992297 0
991964 0
992571 0
994153 0
9020 0
993890 0
990809 0
992408 0
994244 0
992478 0
990721 0
990073 0
991805 0
991806 0
991714 0
994928 0
993786 0
991387 0
991047 0
990502 0
990473 0
992894 0
993034 0
993123 0
992036 0
990994 0
993861 0
991914 0
991413 0
991732 0
9737 0
991939 0
990420 0
9451 0
990491 0
994740 0
993518 0
992784 0
994022 0
993922 0
990816 0
994069 0
991450 0
992397 0
990612 0
992507 0
994938 0
994745 0
992295 0
990574 0
992425 0
992069 0
993571 0
990338 0
994004 0
9578 0
993388 0
994090 0
991685 0
992511 0
993935 0
9457 0
9598 0
993584 0
994506 0
994753 0
992421 0
990540 0
992884 0
994724 0
992465 0
994089 0
993298 0
992710 0
993436 0
994348 0
993476 0
991766 0
992925 0
991465 0
990296 0
993064 0
990999 0
994040 0
992881 0
993134 0
992429 0
991809 0
9411 0
991462 0
994932 0
990197 0
993783 0
9779 0
990924 0
993771 0
993860 0
991277 0
9562 0
9388 0
993456 0
88 0
994751 0
994415 0
994238 0
994561 0
991469 0
990586 0
993594 0
990066 0
992547 0
993195 0
9266 0
991482 0
991846 0
991201 0
994899 0
990399 0
994504 0
990717 0
991142 0
990395 0
994924 0
991478 0
992828 0
991395 0
990683 0
990772 0
991448 0
994673 0
994045 0
991765 0
990615 0
993762 0
9887 0
992067 0
9143 0
994750 0
9606 0
992234 0
993056 0
990777 0
992858 0
992701 0
992603 0
991926 0
9265 0
991353 0
9393 0
990582 0
992605 0
993479 0
993803 0
992519 0
990732 0
991175 0
991133 0
9744 0
993021 0
990407 0
990851 0
9205 0
993161 0
994521 0
990181 0
993041 0
994456 0
991887 0
991712 0
992435 0
990763 0
994026 0
993964 0
993010 0
994895 0
992366 0
991916 0
992436 0
992152 0
994629 0
993707 0
992280 0
991900 0
991377 0
992392 0
9816 0
994621 0
993395 0
990233 0
993267 0
9767 0
994557 0
993759 0
9453 0
991890 0
990385 0
994657 0
994373 0
993108 0
9549 0
9307 0
991236 0
993607 0
992729 0
993421 0
994688 0
992121 0
993239 0
991639 0
9166 0
993499 0
9438 0
993587 0
991373 0
992503 0
990131 0
993413 0
992228 0
990715 0
993174 0
990185 0
993870 0
992961 0
993120 0
992430 0
994545 0
994195 0
992980 0
9352 0
9363 0
992393 0
991780 0
994127 0
9074 0
9400 0
994161 0
992273 0
993676 0
993695 0
990391 0
992170 0
992501 0
9118 0
994167 0
994893 0
992627 0
994392 0
994656 0
994719 0
994439 0
994437 0
994951 0
993560 0
994707 0
993183 0
990569 0
991166 0
993953 0
990234 0
993806 0
993671 0
991181 0
991362 0
993219 0
9460 0
990538 0
991444 0
994829 0
9543 0
993153 0
993066 0
991226 0
990415 0
9763 0
992721 0
991127 0
994346 0
994357 0
994084 0
991055 0
9565 0
990278 0
991374 0
994317 0
994145 0
9494 0
993900 0
992533 0
990283 0
992977 0
992040 0
992414 0
992218 0
994861 0
990032 0
994800 0
990033 0
9833 0
994451 0
991990 0
991073 0
993574 0
9173 0
994953 0
993196 0
994817 0
993180 0
9431 0
991923 0
