4.65378000
6.59390000
5.12722000
5.01646000
5.93318000
5.29937000
4.88494000
4.96538000
4.75518000
0.81793800
-0.41666000
4.61962000
4.97863000
5.01800000
4.93360000
0.74897000
5.49971000
0.19291400
4.75738000
5.42859000
5.21819000
0.95957300
5.54826000
5.19237000
5.57202000
4.94546000
0.72454100
5.15206000
0.97418200
5.07134000
5.34937000
4.80478000
4.93478000
5.44615000
0.26795000
5.47793000
5.30353000
5.09421000
4.91475000
4.66441000
5.21728000
0.93740000
0.69589500
5.11224000
0.46397300
5.05673000
5.27367000
5.04259000
-0.24995300
0.19542600
-0.70236700
-0.28145000
-0.29349400
-0.25887500
-0.27225400
-0.21026500
-0.36971900
0.03702710
0.14280400
0.73780900
0.18121300
-0.51702400
-0.34467700
-0.08139590
0.27790400
0.36145200
-0.57351000
0.43484500
-0.22220800
0.05114120
-0.05737250
0.59487600
-0.09224340
1.00148000
-1.02216000
-0.40731500
-0.18207600
-0.11214000
-0.08445820
0.02644040
0.00053773
-0.11817200
0.01411320
0.30390300
-0.00998137
-0.15058800
-0.40358400
-0.68158900
-0.81200200
-0.01843810
-0.25544900
-0.02521160
-0.57637700
-0.34488200
-0.44161000
0.06594170
-0.55749900
0.16245500
-0.18776300
0.15194500
0.94483000
0.28350300
-0.03990510
-0.69979100
-0.03618600
-0.38924800
1.25624000
0.16094800
-0.06238930
0.24921900
-0.81185800
1.19517000
0.52112200
-0.87767200
-0.83150400
-0.29771400
-0.19837300
-0.14130300
-0.57780800
-0.15677200
-0.37595800
0.03423250
-0.16569100
0.41424500
-0.65235500
-0.78256500
-0.37766200
-0.14639800
0.00088274
-0.47309200
0.72114300
-0.07262100
-0.17780300
-0.45067400
0.01744090
0.86100700
-0.52838500
-0.32987300
1.10187000
0.34196000
-0.28228700
0.27592400
-0.35443900
-0.14506900
0.12384400
0.04107080
-0.29069600
1.46452000
0.38326900
0.09136040
0.57580300
-0.43691200
0.17884000
0.20204900
-0.04940040
-0.23403800
0.18460600
0.00664545
-0.03242470
0.28073200
-0.19667100
0.13593800
-0.32620700
-0.61397700
-1.15957000
0.23243500
-0.31687100
0.28233000
-0.70537500
0.11725000
0.47679000
-0.70632500
0.17880300
0.13600200
-0.41379300
-0.38952200
-0.13445700
0.44256400
-0.43661700
0.05090610
-0.49824700
-0.16263700
-0.15286900
-0.37482400
-0.51343400
0.32403700
0.48358200
-0.25510500
0.22610300
-0.01724880
-0.29726700
-0.05154930
-0.24139200
0.24844600
-0.06071980
-0.23139200
-0.30936300
0.44185200
0.40454100
-0.19761100
0.31812400
0.01923770
-0.18737900
-0.87324700
-0.69905900
-0.59177600
-0.51829400
-0.26871300
-1.09733000
-0.39870100
-0.15068100
0.11162700
-0.86946100
0.14647700
-0.58324600
-0.15545200
-1.08629000
-0.18609500
-0.07180350
0.62578400
-0.41509800
-0.72350300
0.49305500
0.13988500
-0.07063420
-0.25383600
-0.14943600
0.17835200
-0.67301100
-0.40528200
-0.37276200
0.12216900
0.07579750
-1.22684000
-0.22735000
0.12313200
0.00333953
-0.50326200
-0.09420950
0.30520100
-0.56719800
0.12263800
-0.16751100
0.14713100
0.11077900
0.51213100
-0.01000190
0.79652100
-0.44473000
-0.01765110
-0.46901400
-0.06163510
-0.34117500
-0.28475700
-0.46584800
-0.10186900
-1.27171000
-0.68734400
0.52637200
1.31627000
0.03758540
0.01009970
-0.10016000
-1.21293000
-0.74053500
-0.16420000
0.12920600
0.90060700
-0.44387500
-0.21995700
-0.14886300
1.40440000
0.16948400
-0.45843900
-0.54147400
-0.61290700
0.04085330
-0.18874900
0.89178900
-0.19980200
1.16516000
-0.26489400
-0.06360180
-0.33265000
-0.37288600
0.20524600
0.96795600
0.12325000
0.21004500
-0.28744600
-0.48150600
0.25880200
-0.18605900
0.17270800
0.23528200
-0.89404000
-0.59900900
-0.21195000
-0.65546400
-0.21460300
0.09621440
0.63340200
1.52543000
-0.20395400
0.02432100
-0.37052100
-0.67017300
-0.18462200
0.49932100
-0.49681600
-0.95887500
-0.22933600
-0.29141600
1.19167000
-0.28255700
0.90850200
0.20497800
-0.23210600
-0.38961800
-0.14440200
0.05891590
0.05715010
0.44557800
-0.33960100
-0.43139600
-0.10497600
-0.86108500
0.20936700
-0.46458300
-0.45091400
0.13388900
-0.65890200
-0.28491900
-0.08953640
0.37583500
-0.07765910
0.58349100
-0.07197810
-0.53712100
0.14560500
-0.01809830
-0.12523000
-0.43407900
-0.11653800
0.55915900
0.22986200
-0.75036400
-0.25548000
0.08873020
0.08126830
0.61655800
-0.34251200
0.11236100
-0.59199800
-0.37276800
-0.82888800
-0.99622800
-0.14006300
-0.08950960
-0.47836200
0.38762100
-0.05972280
-0.29621600
-0.23091500
0.25332000
0.11794200
-0.25631600
-0.17357200
0.29700300
-0.42461300
0.02155090
0.26518900
-0.20063800
0.22773900
0.07188500
-0.30362300
0.47181500
-0.89256500
-0.04666260
-0.26250800
0.35545000
-0.47522000
0.10826100
-0.45951500
0.64498500
-0.07823490
-0.04922840
-0.89552700
-0.67240000
0.03571670
0.51531400
-0.00749769
-0.76256600
0.49354900
-0.17964500
-0.60729400
0.79158500
-1.02448000
0.52730500
-0.15925900
1.08218000
1.22514000
-0.42171700
0.18421700
-0.39634000
-0.47496200
-0.20525400
-0.56551100
0.42459100
-0.32676000
-0.45508000
0.39421700
-0.36080800
-0.72041200
-0.22890800
-0.36238100
-0.24769600
-0.12213200
0.04887630
0.44620900
-0.55956400
0.10861100
-0.69328700
-0.74300200
-0.09041420
-0.38680100
-0.02405330
0.10175200
0.20217800
-0.43306100
-0.34586500
0.30250500
0.78967400
-0.43883800
-0.31548900
-0.05100380
-0.78300500
-0.46456200
-0.67022400
0.65664500
-0.69391300
-0.73594200
-1.03312000
-0.39775400
-0.93559000
-0.26971300
0.24997700
-0.58999600
-0.12872400
-0.48299700
-0.35853700
0.01840900
-0.22247200
-1.37468000
1.26466000
-0.87502800
-0.24619100
-0.70167600
0.52442300
0.06275950
-0.68790100
-0.00187309
-0.16065900
0.17974700
-0.74698800
0.12762700
-0.43065000
-0.42984100
1.03116000
0.06785530
-0.88490300
-0.49795500
-0.59959300
-0.28246800
0.11050800
-0.33697400
-0.63680900
-0.42765100
-1.12434000
2.20129000
-0.54031700
-0.27601700
-0.64970400
-0.95235800
-0.14146200
0.01342610
-0.02959910
0.27457300
0.77342000
0.33493300
-1.08434000
-0.32364800
-0.76467300
0.33102400
-0.04212340
-0.13853800
-0.11392400
-0.00002489
-0.44575900
-0.03099530
-0.00691071
-0.81081400
-0.04831770
-0.04494170
0.05952240
-0.16862900
-0.30357400
-0.68351700
-0.13856900
-0.66499400
-0.53178100
-0.58937200
0.27275400
-0.18871000
0.23004000
0.08296560
-0.55576900
0.16616800
-0.30550900
-0.44986200
-0.20560800
-1.77567000
0.24498700
-0.32393600
-0.82441700
-0.48205400
-0.28713300
0.41937500
-1.00637000
0.05435450
0.56627500
-0.21820100
-0.86845000
0.48679000
-0.26963200
-0.24072500
0.16694400
-0.74568300
-0.26994800
1.05591000
0.14891000
-0.68670700
-0.38851800
-1.12905000
-0.03687730
1.08738000
0.07695930
-0.88063800
-0.16032400
-0.59679900
-1.22881000
-0.11050700
0.27424000
-0.07702760
-0.26254000
0.75786700
-0.92865000
1.62847000
0.05496110
-0.13771400
0.20909500
-0.01224790
-0.28927900
-0.35949700
-0.66865700
-0.19900600
-0.45868600
0.45884900
-0.67890600
-0.24142100
-0.37053500
0.51715000
0.36961900
-0.19814200
-0.63508100
-0.76090900
-0.35587200
-0.39233300
0.37971600
0.04120910
0.21685300
-0.90602900
0.27049300
-0.85481600
-1.02832000
0.17886700
0.28379100
0.54277500
-0.39469400
0.65117200
-0.15349200
0.38149700
-0.29742400
-0.18354200
-0.68321800
-0.03201940
0.34476900
-0.03374740
3.13701000
0.04797860
0.26264200
-0.95030800
0.91336400
-0.06937670
-0.29895400
-0.54833300
0.14145500
-0.18068400
0.00011742
0.16415000
-0.39477600
-0.12362500
-0.21008700
-0.18006200
-0.96523700
-0.55562500
-0.12773300
0.10648400
-0.54017000
-0.42975000
-0.11845000
0.19607600
-0.32702600
0.01782290
-0.12461000
0.24281200
-0.54321700
-0.95397500
1.18811000
-0.35992700
0.20940700
0.14084500
-0.27477800
-1.09974000
0.50694200
0.05249680
0.24678700
1.37094000
-0.57610500
-0.85047100
-0.96417300
0.09643060
0.59384400
-0.88089700
0.30445400
0.30298700
0.89557600
-0.39741400
0.54521000
-0.07589830
0.24322400
-0.06579420
-0.79044200
0.20832700
-0.42542200
-1.36315000
-0.07945160
-0.61529100
-0.37282300
-0.14714200
0.21623600
-0.55705700
-0.31157900
1.30767000
-0.14114100
-0.25446400
-0.62146800
-0.92161800
-1.04919000
-0.67686100
-0.67954600
0.47453300
-1.30400000
-0.84691500
-0.28987200
-0.52114900
0.93364000
-0.34418700
0.00988668
0.43850000
-0.76697800
-0.15684800
-0.50807600
-0.23444000
0.43914500
0.14821600
-0.65340800
0.19286300
-0.83841300
-0.27710900
0.03993050
-0.49918900
-0.12626300
-0.72052900
-0.38745400
-0.02126250
-0.94897800
0.33177100
0.29527200
-0.52528700
-0.12418100
-0.64589000
-0.33288800
0.40857200
0.20272900
0.00490276
-0.11396800
-0.27192200
0.23495900
0.18923300
-0.18067900
-0.56145000
-0.30978600
-0.42994100
0.07568040
-0.43061000
0.01141680
-0.10232200
-0.19392300
0.58831300
0.20123900
-0.26244500
-0.87796200
0.53396900
-0.36353800
-0.24121400
-0.12103200
0.29251200
0.40643800
-0.14127200
-0.11320000
0.46778400
-0.29591100
-0.21311600
-0.69543600
0.40503900
-0.62684700
-0.13600900
-0.40530000
0.00851766
-0.21431000
-0.29701300
-0.54423200
0.89395400
-0.32592900
-0.48957000
0.28141800
0.33575400
-0.45713700
-0.58758000
-0.05185650
-0.38223500
0.96446900
-0.13867900
-0.16220600
0.09805680
0.59642900
-0.43699300
-0.39345600
-0.44653000
-0.34014000
-0.08812620
-0.44415100
-0.87042300
-0.67622800
-0.21536400
0.36775400
0.30221600
0.25892900
0.88326000
-0.24192200
-0.49382800
0.28273600
0.63482200
-0.58407600
-0.44102900
-0.75667400
0.02188710
0.55205700
0.10315100
-0.14023300
0.30245500
0.04470330
-0.64668500
0.21504900
-0.01981320
-0.30179400
0.05908950
-0.48660300
0.08308460
-0.47146000
-0.07877720
-0.02546400
-0.51349000
-0.06959940
-0.42505600
-0.16531800
-0.60246800
-0.06258880
-0.13411300
-0.83946900
0.19100500
0.48072000
-0.38227300
0.24151600
-0.49141500
-0.14838000
-0.28525200
-0.03568470
0.35071900
0.59707900
0.53793300
0.43698800
-0.08776070
-0.95312700
0.07460760
0.21867200
-0.36065700
-0.53434100
0.13928100
-0.09557310
0.45359300
-0.08471410
0.78725100
-0.44923400
0.24656400
-0.13126900
-1.33632000
-0.02089540
0.30245500
-0.69892100
0.47361700
1.52479000
0.25901100
-1.01400000
-0.15914200
-0.71094700
-0.64826300
-0.34873700
0.18232500
-0.81404700
0.01408840
0.92386400
0.28801400
-0.35395800
-0.31951300
-0.40640400
0.51478400
-0.87588500
0.71597300
-0.50597900
-0.54716800
0.07306750
-1.47705000
0.17280600
0.05701060
0.25481000
-0.95237000
0.23860900
-0.37134700
-0.14295200
0.35737900
-0.41467500
-0.40228400
-0.73909400
0.41898200
-0.46775300
-0.56168900
-0.02875350
-0.80861800
-0.26972800
-0.28675100
-0.49805000
-0.30189400
0.45598600
-0.32983400
-0.49020600
-0.17962600
-0.54792900
-0.23717900
-0.22422900
-0.09658240
0.65651100
0.63749800
-0.29054300
-0.17330200
0.33404900
0.01053510
-0.59724500
0.28028200
-0.84156500
0.11845100
-0.74781100
-0.08141550
0.55334700
-0.26197000
-0.79980400
0.02461810
-0.47880800
0.00655033
0.23703800
0.66463000
0.31883700
-0.79217700
0.10958800
0.22148400
-0.92786500
-0.43361900
-0.43210500
0.45786100
-0.68328500
-0.01153310
-0.39395000
-0.30831700
-0.50623200
-0.08759990
-0.51800200
0.07753540
-0.03605010
-0.22624700
0.46890800
-0.36150100
-0.01464390
-1.32857000
1.02589000
0.40053600
0.28808600
-0.05295200
-0.12800400
0.06346870
0.37193400
-0.19099200
0.10703600
0.85232600
0.28549100
0.77957200
0.14431600
0.03530050
-0.64405000
-0.08699410
0.02709710
0.20057400
-0.42371000
-1.27867000
1.03939000
-0.79613900
0.99265700
-0.67895500
0.02315970
-0.06208940
0.65575200
-0.01921360
-0.07437430
0.14653200
-0.01465960
-0.16123000
0.38697500
-0.69109700
-0.00969388
0.59500600
0.27002300
-0.55922300
0.20471100
0.03817750
0.09508740
-0.29955400
0.72019300
0.72422600
-0.50127700
-0.00602203
0.12940000
0.49384700
-0.15197700
-0.56890300
-0.19420600
0.38027300
-0.29146400
-0.98884400
0.06591190
-0.02686950
-0.63605500
-0.03522160
0.34927200
-0.53505500
0.36576900
0.71680500
0.04780290
-0.16317700
-0.43758200
0.46417300
-0.70631700
-0.44747400
-0.50227200
-0.00260917
-0.35813400
0.22503200
0.34341800
0.11155100
-0.22093300
0.81248200
-0.21677100
-0.41590000
-0.32471000
0.05120380
1.25996000
-0.50951300
0.78346000
0.85885400
-0.13131500
-0.18771400
-0.19597800
-0.06895510
0.34261200
-0.12104100
0.28218500
-0.19942700
-0.12884800
0.09254420
0.08674060
-0.16800300
0.22748500
-0.72113000
-1.25276000
-1.07304000
-0.44676200
-0.30948500
-0.26421200
-0.30592500
-0.45413700
-0.69171600
-0.56177400
0.04427130
0.19574100
-0.34129100
0.10069700
-0.21590800
-0.00665532
1.06048000
-0.23437800
0.52028400
-0.14932300
-0.30228500
0.09059900
0.08868600
0.95540500
0.65304100
0.37208800
-0.37620200
0.02789600
-0.17599600
0.06484490
-0.76843800
-0.83234800
-0.16706400
-0.72485900
-0.50085100
-1.08924000
1.45002000
-0.41586200
0.08825950
-0.99910700
-0.54019800
-0.00451210
-0.67855000
-0.14460200
0.02336480
-0.49778500
0.59520100
-0.46229400
0.70588700
0.04458540
0.33920300
0.05635240
0.14056800
-0.26629900
0.65575200
-0.08723530
0.45732100
-0.85904400
-0.50547500
-0.24889200
-0.43481600
-0.52191700
0.13742700
1.55091000
-0.35593200
-0.70143400
-0.56777600
-0.01380310
0.09312030
-0.59603900
-0.39665500
-0.19499100
1.70722000
0.22787300
0.24328000
-0.30147600
-0.23802100
-0.79203000
-0.92260300
0.51462400
-0.01255990
-0.76467500
-0.13659800
-0.43110000
0.25466900
-0.32962500
0.53222000
-0.67216000
-0.35554200
-0.57146300
0.07087340
-0.53424000
-0.26397400
-0.01444230
0.57338500
0.06327850
0.43186100
0.43033500
-0.56535500
-0.27031900
-1.00101000
0.23606400
1.17305000
0.28257400
1.16837000
-0.16544800
1.22801000
-0.40534700
0.64276400
-0.63893700
-0.15519600
-0.05799320
0.20720000
-0.24859600
0.14103700
0.08526100
0.95855900
-0.03242360
-0.31505300
0.29035300
0.05104960
0.52911900
-0.34383800
-0.95779100
0.58471500
0.25188600
-0.30959300
-0.09256550
-0.25218400
-0.03902770
-0.34033000
1.38893000
-0.42223400
0.48090400
0.13295600
-0.09445140
-0.40686300
-0.57371600
-0.46141200
-0.48032400
0.38408200
0.05445860
0.50719500
0.75324100
0.68776000
0.13175200
0.33163000
0.43662500
-0.26810500
-0.71034200
-1.29083000
0.31548500
0.34563900
-0.07283320
-1.01778000
-0.63081300
-0.09994140
-0.35979900
-0.24540000
-0.41679300
-0.29272500
0.25021800
-0.54569900
0.36531900
-0.25261300
0.92514800
-1.24559000
-0.37028200
0.61661300
1.69915000
0.45165400
0.47804400
-0.08310370
-0.23211300
-0.19608400
0.84509900
-0.03502520
0.07375920
0.13685200
0.36063300
-0.83742300
0.68691200
-0.47847300
0.22628100
-0.28993000
0.10254400
-0.39935600
-0.13054600
-0.65378600
0.10534800
-0.18392800
0.16215400
-0.20779300
-0.51786500
0.24597500
-0.18490900
-0.58569800
1.68711000
-0.31046200
-0.27100000
0.10244900
-0.16635900
-0.99526800
-1.23674000
0.65223600
0.79816700
0.14126900
0.17988000
-0.02801680
0.26473500
0.41526500
0.02115260
0.02311920
-0.12505900
0.26623400
-0.76348800
0.02937700
0.24104500
-0.32617400
-0.02692820
0.16220200
-0.27101800
-0.27044000
0.20626200
-0.16688600
0.33361100
-0.37975000
-0.26131900
0.22982900
-0.30025100
0.59045200
-0.48872100
-0.46602800
-0.30093000
-0.45346500
-0.03825030
-0.08497890
0.09272920
-0.47121800
-0.70160000
-0.52848700
-0.22199100
-0.35908200
1.00940000
0.09551960
1.22550000
0.99589500
-1.49822000
-0.79312300
-0.78540200
-0.22838900
-0.37698200
-1.42381000
-0.10189900
-0.77815200
0.16416800
-0.72931800
-0.54640700
-0.19910200
-0.28251400
-0.55357500
-0.37860800
-0.69261600
-0.45202900
0.42930300
-1.16258000
0.48975100
-0.90204400
-0.34425400
-0.34696900
0.01561500
-0.28179400
0.37357000
0.61323700
0.28148900
1.55444000
0.34888600
0.80238300
0.74264500
0.86519000
1.04049000
-0.12719300
-0.04692320
0.07471360
0.33497700
-0.13898900
0.93827100
0.17243400
1.61779000
0.13276100
-0.06889270
1.73314000
0.53527300
0.72976200
-0.06956780
-0.14829600
-0.00192648
0.26972100
0.33806000
-0.04709320
0.25647600
1.23981000
-0.23006200
-0.21583900
-0.52302600
-0.18092700
-0.72829100
-1.29958000
-0.33577100
1.04793000
-0.46633000
-0.74387400
-0.46034500
-0.38732300
-0.05840210
-0.45038900
-0.13085300
-0.04139750
-0.13314700
-0.19495900
0.38558500
0.35187200
0.37599800
-0.47081200
-0.42111400
0.45933800
-0.15844200
-0.17460600
0.03500340
0.01937510
-0.72726700
-0.96523400
-0.49540500
-0.60187500
-0.05689150
-0.63451700
1.49451000
0.07678350
-0.46369000
-0.06912550
-0.49592700
0.45743700
-0.71859600
-0.94181400
-0.62037700
-0.12316900
0.19724100
-0.41239500
0.00999717
-0.33220800
-0.44928900
-0.32130500
1.01006000
-0.85331700
-1.01687000
-0.79634100
0.74003400
0.29490600
0.95697700
0.32232700
-1.02430000
-0.16380400
-0.42493500
0.37223300
-0.87834100
-0.21751600
-0.30425100
0.13372700
-0.91268600
-0.56382700
-0.23349100
-0.46577100
-0.28295500
-0.56908300
-0.56365300
-0.00050795
-0.99216100
0.27049600
-0.01922620
-0.32956200
-0.20438200
-0.06925130
0.23883300
-0.09791040
-0.92901800
-0.32833000
0.15154000
-0.05478690
0.96340200
-0.89197400
0.73727500
-0.44586000
-0.34455200
0.14884200
0.77745800
0.41371000
0.24054200
-0.60706200
0.10258100
-0.50189900
-0.29666200
-0.39985400
-0.76584200
-0.13362300
-0.17540700
-0.37122000
-0.00560038
-0.42534300
0.46066000
-0.13805300
-0.52630100
1.13534000
0.57084000
-0.50989200
-0.06272600
0.51119400
0.42620400
-0.01618160
0.36582300
-0.01279290
-0.04134210
-0.24865100
-0.04722820
0.30823600
-0.22465200
-0.05801410
-0.40516300
0.09726790
0.24846900
1.08562000
0.64709100
-0.09593380
-0.50111800
0.32729500
0.46317100
-0.55894800
-0.25603300
1.22869000
-0.52862000
0.36319300
0.17039700
-0.34750600
-0.65702600
-0.36536400
0.13866300
-0.49946500
-0.15626500
0.13409000
-0.39640900
0.31411900
-0.50195800
1.71639000
-0.35873800
0.14185500
-0.40082000
0.12369300
-0.08487200
0.32332700
0.17512200
-0.56239100
-0.70286600
1.57109000
-0.22754200
-0.26722700
-0.79798100
-0.74273500
0.96854100
0.29474400
0.21755600
-0.37524100
-0.92267400
-1.08805000
0.67076800
-0.68892000
1.03024000
-0.61566100
-0.50459200
-0.10479700
-0.04990330
1.21419000
0.19387900
-0.61610200
0.58645900
-0.81803200
-0.31107600
0.26836800
-0.20131100
0.30088200
-0.22790000
-0.35215300
0.15259600
-0.09386870
0.35008400
-0.51852000
0.78408700
0.35399300
-0.03322830
-0.74005000
0.63155500
0.13049400
-0.41392000
-0.30011200
-0.31248800
-0.51942000
-0.23265500
-0.04481760
0.19853400
-1.05745000
-0.15791700
-0.76064600
-0.04655340
-0.69158400
1.36193000
-0.20764300
-0.48608200
-0.19552900
-0.09525960
-0.36672700
-0.02629690
-0.27850100
-0.18211200
-0.07069220
-0.10710700
-0.00668962
-0.72697200
0.06540810
-0.48273000
-0.52841700
0.38301200
0.18653900
0.00729332
-0.79755300
0.26348800
-0.20768100
-0.54397900
-0.26451400
1.14256000
0.94311600
-0.82743800
-0.10694000
-0.00308693
0.04487350
0.92528800
-0.66902600
0.53833100
-0.22747400
-0.11356600
0.08760230
-0.59621300
-0.75369600
-0.02948330
-0.84165300
0.57597700
-0.02337440
0.70541800
-0.70327200
-0.40464000
-0.07907730
0.39910300
-0.52480700
-0.82936300
-0.09525960
0.39723600
-0.22261000
-0.69952800
-0.30017500
-0.24320800
-0.57564800
-0.36939300
0.04670480
-0.76611000
1.11467000
0.04893060
-0.02560610
0.77589400
-0.18099000
-0.64208700
-0.62984300
-0.50820000
0.14078700
-0.28532300
-0.64291200
-0.15562500
1.86161000
-1.36042000
-0.35675500
-0.53680100
-0.04176980
-0.04870360
0.02958970
-0.56386400
-0.67135900
0.29559700
-0.31716200
0.34804700
-0.12815500
-0.40641300
-0.06404720
-0.36413900
0.05237990
-0.70682500
-0.73382000
-0.47139500
-0.47454200
0.24426800
-0.11793500
-0.48703100
0.42439700
-0.07070280
-0.24855900
0.22786200
-0.53318200
0.71407900
-0.21632600
0.37694000
0.15264600
-0.61112000
0.16464500
1.29032000
-0.25395600
-0.30607800
0.00116535
-0.16932300
0.66430500
0.81701400
-0.07442270
0.65134200
0.42349800
0.30369500
-0.26467500
-0.68700900
0.47425200
-0.22776800
-0.58562100
-0.23178200
0.24547600
2.23925000
-0.89925800
-0.10344500
-0.47462800
0.66982600
0.87152500
0.42729300
1.11501000
-0.02434750
1.87942000
1.33312000
-0.10062900
0.72691200
-0.36757600
-0.15583800
0.78802300
-1.30508000
0.12922800
-0.27860600
-0.16582700
-0.19787300
2.55137000
-0.66945300
-0.56877300
0.09217860
0.05267350
0.07722620
0.76346000
1.52267000
-0.33019800
0.22720800
0.90481100
0.00752841
-0.67733300
0.07882090
-0.59414100
-0.28735600
-0.56755400
-0.46519400
0.24199100
-0.30735100
-0.22312100
0.35624900
0.46015800
-0.66812200
-0.25876400
0.60283200
-0.47174700
-1.05114000
0.10665200
-0.76213900
-0.19837800
0.13326500
-0.14053000
-0.86843600
0.76008800
1.02906000
0.24267200
-0.44127600
-0.44106000
0.26755500
0.28586300
-0.24403700
0.30806700
0.05432920
-0.96343500
0.36665100
-0.42037700
-0.13282700
-0.35866300
-0.15855200
0.01215700
-0.56645800
-0.27585600
-0.56322900
0.86051200
-0.16193700
-0.27752300
0.44169500
0.79639400
0.44842800
0.31585600
-0.46719300
-0.52347300
-0.31047600
-0.27557000
-0.37322200
-0.63165900
-0.15688500
0.17270200
-0.53063800
-0.28996500
-0.43296000
0.11294900
1.05206000
-0.47382200
-1.22398000
-0.29415300
0.02834070
0.26334900
-0.15294700
0.16998100
-0.23448400
-0.53517100
-0.41796700
-0.82387200
-0.27182700
0.93202700
-0.35728000
0.04828130
-1.18389000
-0.35607900
0.22878500
-0.70626400
0.05064810
-0.44580200
-0.51889200
0.06714150
2.09702000
-0.44794800
-0.31493200
0.21992100
0.17691300
-0.67558900
-0.60891600
-0.00409066
-0.17394200
0.12481600
0.80845400
0.03909110
0.81817500
-0.00311726
1.11000000
0.78462000
0.50845300
-0.41347500
0.83262800
0.15971300
0.84384800
0.00951142
-0.56983200
-0.42736400
-0.86005900
0.28480100
-0.42020700
0.10457200
0.36327200
0.50890000
0.04099720
-0.61657000
-0.00328098
-0.42441200
0.63753500
0.10528000
0.50986700
-0.37256000
0.94892600
0.93480400
-0.63470600
-1.19832000
-0.66298200
-0.12643900
-0.34047500
0.30580700
-0.43905200
0.06277420
0.15265400
-0.51498600
-0.66582700
0.02462340
-0.00344006
-0.22347300
0.92693800
0.26515300
0.44170600
0.74679100
-0.16277800
-0.08971250
-0.22753800
0.29455300
0.23398900
0.15914400
0.00337727
-0.68091200
-0.79961300
-0.30000100
-1.02970000
-0.33774700
-0.39281600
-0.13749800
0.19319600
-0.50608800
-0.52298600
-0.45374300
-0.15694000
0.29538100
0.05856900
-0.17655900
0.28678000
-0.10289700
0.09408880
0.27569000
-0.66856400
-0.12675500
-0.03264330
-0.46845600
0.41060400
0.50593200
-0.20760800
-0.47924500
-0.26649400
0.16232700
-0.64010500
0.07750380
0.11841800
-0.10054600
0.21490200
0.24438700
0.84683400
0.76274000
-0.62882900
-0.42367300
0.43534000
-0.71479400
0.13365200
0.47144700
-0.41708100
-0.55852600
-0.63065000
-0.31450900
-0.17924400
-0.66789300
0.50332100
0.60699100
0.84025200
-0.35720500
0.70378100
-0.75483000
-0.05595870
0.18304200
0.01644960
0.06078460
0.06814090
0.54815400
-0.46426800
-0.14514000
0.07860120
0.47631000
0.47631000
-0.37190700
0.06519810
-0.18819200
-0.42404500
-0.34238400
-0.20261800
0.16468500
0.61191800
-0.83325200
-0.12730100
0.18882400
-0.19099100
-0.16124200
-0.32958000
-0.45802600
-0.15311100
-0.80514500
1.44880000
0.31911200
-0.20232700
-0.97898400
0.07005310
-0.02555990
0.06790950
-0.49190000
0.27009600
0.07201350
-0.28136700
-0.01597900
-0.74236800
-0.24667900
-0.57177900
-0.23773200
-0.46505700
-0.38603300
-0.89196100
-0.16824300
0.44397200
0.20340500
-0.80069400
0.78068900
1.27789000
-0.64419700
-0.21618300
-0.34426400
0.20339900
0.17519200
-0.65487500
-0.00177556
-0.51673000
0.02701880
-0.57496400
-0.07625920
-0.20903500
0.33279700
0.53801100
-0.08740520
0.10733600
-0.29024900
-0.92985200
-0.35179300
0.28425800
-0.24954300
-0.40810700
-0.63840800
-0.24115600
-0.05462750
-0.35336000
0.37363900
-0.05169560
-0.33401000
0.65086800
1.21324000
0.25934200
-0.56995100
-0.65655500
-0.21997600
0.23452100
-0.73925700
1.92734000
-0.75398900
0.25138100
0.10132500
-1.37676000
-0.34274000
0.38888600
0.39170500
0.15999000
-0.12390300
0.54370600
-0.60413500
0.19288000
0.12890200
-0.32120900
-0.09303070
0.08510680
-0.13136900
0.72372300
0.47611100
2.22151000
-0.71263500
-0.01739410
0.27188200
0.53056900
0.20105600
-0.04591350
-0.21172800
0.28534000
-0.07907140
-0.64888700
-0.11352300
-0.14928200
-0.36127300
-0.43137400
-0.33961800
-0.73082800
0.06163330
-0.03322190
0.03165990
-0.05546630
0.33815000
-0.54685200
0.28202100
-0.04447580
0.30505100
-0.07791390
-0.60474500
-0.38187400
-0.22428100
-0.20737200
0.02881740
-0.84480400
-0.52843200
0.08389670
-0.15088700
-0.11596400
0.45279300
-0.63263900
-0.26417300
-0.99927200
-0.29508700
-0.53366300
-0.19556100
0.50311400
-0.00658366
0.08654930
-0.74627900
-0.53918300
0.86708200
0.95868300
-0.88100200
-0.72871900
0.24198300
0.10266900
-0.17902600
-0.33885100
-0.40982300
-1.73866000
-0.00784332
-0.59833600
0.05797880
0.00308614
-0.24387900
-0.15081800
-0.11442300
0.69806700
-0.27527300
1.54277000
0.49987600
-0.19079400
-0.35674000
-0.06641410
-0.59793500
0.02508660
0.48864300
-0.11229600
-0.45663100
0.84439400
-0.31134100
0.50310000
-0.05754330
-0.42706500
1.33589000
0.27202000
0.43803200
-0.24583400
-0.47563600
-0.47781100
-0.91560100
0.49874500
-0.20472300
-0.38162500
-1.08900000
-0.15691800
-0.61933400
1.83916000
0.09981380
-0.34556700
-0.26203400
0.39241600
-0.71622500
1.80617000
0.36850200
-0.82948700
-0.74021100
-0.24488500
-0.53657500
-0.41492400
-0.41037900
-0.81396600
-0.25741100
-1.20337000
-0.22469400
0.92278400
-0.80927600
-0.47817800
0.00169854
-1.03329000
-0.62304500
0.59251300
1.04925000
-0.28897900
-0.23782600
-0.10342000
-0.80408500
-0.01200600
-1.22012000
-0.56150000
-0.15425400
-0.66688500
-0.54425900
0.33664800
-0.01552240
-0.25187400
-0.51131200
0.17662400
0.18880700
-0.00681592
-0.28062900
-0.12104900
-0.70052400
-0.40432600
-0.11303300
0.78971500
-0.52989200
0.58138100
0.10733500
0.52758800
0.50045000
-0.00738322
-1.16937000
-0.71935500
-0.92778800
-0.31395900
-0.60968900
0.50401700
-0.10841300
-0.26438700
-0.22365500
-1.00628000
0.55530500
-0.22835600
0.03837930
-0.56775700
0.94698500
-1.09328000
0.29763900
-0.56226400
-0.30806200
-0.22042300
-0.56201600
-0.19049700
-0.43984500
-0.43064100
-0.40275400
0.11117200
-0.03487100
0.56020400
-0.16017000
-0.14090700
-0.00183522
-1.00856000
0.42897300
-0.42485900
-0.60969100
-0.80563200
-0.10402600
-0.18829900
0.24801500
-0.04138950
0.25348800
-0.50239200
-0.06064850
-0.15702900
-0.09878470
-0.46455500
-0.12349700
-0.34565000
-0.35365800
-0.26286700
-0.49709400
-0.02221050
-0.48432600
0.02946280
0.38293000
-0.53143800
-0.13281300
-0.33976100
0.26312300
0.24743200
-0.84338100
0.19462300
-0.41559100
-0.32598700
-0.55041900
0.00874047
-0.62147500
0.12815600
-0.39465700
0.40661800
-1.09067000
0.13622500
-0.56198700
0.37412600
0.38445400
0.06508870
-0.82575600
0.40395700
0.44009900
-0.16402200
-0.31001000
0.47847700
1.06597000
-0.44784700
0.36864200
-0.06542050
-0.80594600
-0.13452100
-0.28765500
-0.31424600
0.33189000
-0.05882510
-0.26434800
0.42970000
-0.10608300
-0.38898300
0.37128600
-0.37655200
-0.13103800
0.21153900
-0.63585600
-0.53257100
-0.19852000
0.03268490
0.32131400
2.45907000
-0.75669700
0.23687000
-0.63709600
-0.37313400
-0.07928360
-0.86658600
1.17620000
0.77156900
-0.25011200
0.44009900
-0.05471670
-0.23621500
0.02337810
0.64704900
0.43582800
0.25202600
1.67836000
0.76961000
-0.71499600
-0.13080600
-0.03771570
0.67902300
0.05064420
0.44682900
-0.34855200
-0.61913300
-0.29404100
0.72281900
0.58214300
-0.58491300
-0.27367200
0.22686200
-0.66284100
-0.88535600
0.10809600
0.99249000
1.25641000
0.82186400
1.10159000
0.64358800
0.98641900
0.71941400
0.32317700
1.09565000
0.55313300
0.15493100
0.48533500
0.47683800
1.85634000
-0.20791500
0.01532740
-0.18535600
0.02390900
-0.81639300
0.03712020
-0.05442150
0.32082900
-0.31482600
0.47053200
-0.55940800
-0.69235000
-0.27725800
1.50714000
0.06642980
-0.59909500
-0.52861300
0.33335800
-0.23133400
-0.58582800
0.25585400
-0.35417500
-0.37129100
-0.44515800
-0.36237400
-0.05689270
-0.08155900
-0.10220900
-0.48763300
-0.32840000
0.33236500
-0.77344900
-0.81706500
-0.61345500
-0.09096190
0.35612600
0.02219210
0.60588600
-0.04865710
0.59962200
0.77234500
-0.93628200
0.58721800
-0.18698700
-0.27563600
-0.28091700
0.13052900
-0.42327600
-0.10555000
-0.21402500
-0.41384800
-0.21415500
-0.72895200
-1.27600000
0.15927000
-0.16942200
-1.13656000
-0.48984400
-0.18907600
-0.36684400
0.06706190
0.07532570
0.20180800
-0.33974500
-0.33097700
0.09652690
-0.76737700
0.18771200
-0.75834400
-0.01759340
-0.61760800
0.20319200
-0.33136100
-0.03758620
-0.86556800
1.25958000
0.31055600
-0.79611500
-0.23194900
-0.05748400
0.06131830
0.23435700
0.07556710
-0.58804900
-0.65654800
-0.17878300
-0.14220500
-0.19933300
-0.25006100
-0.32963200
0.29486400
-0.28574500
-0.71407300
-0.41472400
0.36827200
-0.49946000
0.12506100
0.09676870
-0.06674750
-0.81246200
-0.43671700
0.29162300
-0.65867700
-0.53254500
-0.14133900
-0.52245700
0.15369500
-0.60273800
0.12789700
-0.10586300
-0.21237000
-0.68681700
0.19067600
0.81537400
-0.10376900
-0.17504000
0.24731500
-0.25857000
-0.27133900
-0.07693960
0.28965300
0.02442740
-0.27355600
-1.24350000
0.50649100
-0.45765600
0.32809600
-0.82876600
0.29313200
-0.93196300
0.57861600
-0.47669500
0.08745090
-0.19558500
-0.35498000
-0.51649000
-0.16068700
-0.47022600
-0.45220600
-0.04385270
-0.03444500
-0.67219600
-0.46035500
-0.06580730
-0.58751800
-0.48268600
-0.13824500
-0.38564100
-1.50434000
0.24358600
-0.05765290
-0.47596500
0.33055900
-0.60838100
0.13352900
-0.59450300
-0.55369700
-0.69742300
-0.17814400
-0.07244120
0.47995800
-0.59170000
-0.61150300
-0.05774100
-0.01158700
-0.84758400
-0.12960900
0.84306200
1.93113000
2.58703000
0.50283500
0.31643700
0.05331600
-0.55159200
0.02524100
-0.20826000
0.57747000
0.21912000
-0.18970800
0.23764200
-0.17988900
-0.04233050
-0.21896100
-0.18054000
-0.04286640
-0.11725500
0.06971520
-0.31107600
0.40865800
0.38548000
-0.51889400
-0.47662800
-0.42134400
-0.25420900
-0.86681400
-0.31263400
0.56450300
-0.73313500
1.28113000
0.22392300
-0.30230400
-0.36283400
0.32593000
-0.19249700
-0.62932100
0.08469810
-0.67605900
0.62983600
-0.01241790
0.89383700
-0.53476900
0.19253400
0.38869700
0.47276200
-0.00452715
-0.31096900
-0.26919600
-0.29798700
-0.42436800
-0.62830300
-0.22864200
0.47451500
-0.65626400
0.19142700
0.08965970
-0.21250700
-0.37493000
-0.03921420
0.08652240
0.05282570
-0.38642100
-0.02893150
0.13422900
0.03680740
0.33493300
2.24183000
-1.07314000
-0.96065200
-0.49636100
0.77235300
-0.52749200
1.05654000
0.10456600
0.28602600
1.03298000
0.57459300
-0.52331700
-0.26964500
0.07051760
-0.05274640
0.01904050
-0.04715290
2.26222000
0.25578600
-0.65238300
0.00038390
-0.69555500
-0.23923900
-0.31142400
0.44867700
0.51497400
0.84332300
-0.32670100
0.58109900
-0.43684800
0.70264600
0.37793400
0.22210400
-0.17767700
0.46148500
-0.03755720
-0.61575400
-0.38783500
0.79616400
0.53784100
-0.07194670
-0.14575700
-0.03690270
1.42930000
0.63797700
-0.49417500
1.00448000
0.21069900
-0.35223000
-0.43391900
-0.33474600
-0.22707300
-0.17717300
-0.01715650
-0.22802800
-0.00532511
0.32251900
-0.42981200
-1.02121000
-0.16373500
0.81748300
-0.32955100
0.31527800
0.52928900
0.01567200
0.35825200
-0.53240200
3.09823000
0.70544800
0.17661400
-0.09662440
-0.19421300
-0.19418200
-0.47023700
-0.18338600
-0.02545680
0.00836249
-0.27389200
-0.24843500
-0.66686600
0.29245900
-0.25563600
0.11317300
-0.97024000
-0.61379100
-0.58156200
-0.22830100
-0.36236700
0.13359000
0.02780450
0.17362300
0.01052380
-0.03611520
0.07210220
-0.26006700
-0.19158800
-0.37729600
0.12480000
-0.39552900
0.90486800
0.06839020
-0.15663200
-0.32625800
-0.40506000
-0.39665300
-0.05295620
-0.00567546
0.00976079
0.00268876
-0.43038000
-0.43430200
0.01720580
-0.39478000
-0.40293400
0.10201100
0.26606400
-0.18328600
-0.49218600
-0.10168400
-0.08391310
0.23543300
-0.08774470
-0.30846200
-0.56359900
0.10625300
0.28458900
-0.84833100
-0.20179300
0.19590500
-0.84717600
-0.66268600
-0.06926680
0.95582000
0.70526500
0.01812780
0.03082730
-0.54700000
0.15997800
2.14581000
0.01696210
0.13624200
-0.04786610
0.10299600
0.11067700
-0.19022700
0.22261700
-0.39949200
-0.51116000
-0.43935600
0.09712450
0.18221300
0.34459500
0.36717300
0.01081990
0.16419300
0.57776000
-0.80463700
0.13512300
-0.52110100
0.33532700
-0.63060400
0.54422400
-0.32451900
0.16556700
0.06998250
-0.15542500
0.39338900
0.10461600
-0.03268130
0.15467800
-0.48373700
-0.45177200
-0.40498100
-0.13046500
-0.50024500
-0.17175800
-0.80224800
-0.05228630
-0.06238130
-0.56184900
0.07591460
-0.25986800
-0.29963900
-0.96097500
-0.66263500
-0.31756100
0.51826200
-0.45304800
-0.26288400
-0.14652800
-0.46743100
-0.43639100
0.02762800
-0.32869100
-0.55827900
-0.18386500
-0.49868200
-0.65409700
-0.50095000
-0.02101250
1.89140000
-0.27079800
0.88085800
-0.42217100
-0.03563680
1.00782000
1.02950000
0.13324300
-0.70705800
-0.86246400
-0.79925600
0.05291840
-0.03437300
-0.80690100
-0.40550000
0.21908200
-0.22818500
0.03201480
-0.23422800
-0.59793800
-0.20931600
-0.07537000
1.91317000
0.65016900
-0.94373000
-0.09857520
0.01418480
-0.14477400
-0.16903700
-0.01926060
-0.70213400
-0.67150100
0.08109890
0.36907900
0.53818100
0.26175200
0.13793100
-0.48029100
0.30096900
-0.26253600
-0.41738100
-0.06688020
0.88095900
-0.46170200
0.99369200
1.62939000
0.82931400
-0.15411800
-0.17806900
-0.98186400
-0.65621800
0.23714400
0.13183800
-1.03135000
-0.71112600
0.34754500
3.48537000
1.08193000
0.49180100
0.08204250
-0.04961900
0.02383150
0.33805400
-0.64432500
-0.96111200
0.05976450
-0.16342100
0.39425500
0.27366200
-0.36787900
0.33609400
0.51049800
-0.00537685
-0.12291900
-0.29862700
0.01456750
0.01709650
-0.01238710
-0.29114000
0.39432400
-0.06085220
0.15876300
-0.32691600
-0.12204700
-0.14324000
0.12758300
1.77483000
-0.22998500
-0.50416400
-0.71473100
-0.83887700
-0.14735600
-0.23929200
-0.50396000
0.85725400
0.33050900
0.06583570
-0.15677800
0.02115090
-0.71840700
0.73314500
-0.31475400
-0.13440000
-0.20752700
0.74954400
-0.23523900
-0.19441500
-0.12554500
-0.41092900
-0.72138100
-0.24562300
0.48676900
0.89498300
0.22049300
1.37569000
0.58729100
1.19741000
0.44539900
-0.18468000
-0.40049500
-0.19614100
-0.15244800
-0.15168700
-0.40267700
-0.03983400
-0.16519500
-0.08000830
-0.42298900
0.02673370
-0.53932900
-0.13285800
-0.80584700
0.15810800
-0.51794300
-0.92972500
0.56540300
-0.93798700
0.41714300
-0.06197180
0.35733300
1.22828000
0.24543600
-0.46602600
-0.51028900
-1.07772000
0.11185100
-0.53558600
0.16741000
-0.08384930
-0.37077700
0.39720500
-0.43826500
0.58064200
-0.34762800
-0.44342400
-0.45963500
-0.26510800
1.15192000
-0.76516000
0.41050200
-0.62819500
-0.00051301
-0.29350700
0.11017000
-0.24636700
-0.27738800
-0.26776900
-1.58498000
0.05901110
0.02915010
-0.90616100
-0.02893680
-0.31640300
-0.27626700
-0.21519000
0.33272600
-0.40497000
-0.35490700
-0.26921700
-0.16976500
-0.22136200
0.99032600
-0.48592400
-0.65308500
-0.20171400
-0.48922800
-0.48940800
-0.73559100
-0.18178100
-0.51553500
-0.42956600
-0.59254500
-0.12653900
-0.52084000
-0.12534600
0.57488900
-0.18320200
-0.06553700
0.16368200
-0.33757300
-0.20047600
-0.32069300
0.04353560
0.16596500
-0.47460500
0.15347300
0.12516300
-0.07117330
-0.75612500
1.21136000
0.00659196
0.29274300
-0.60367500
-1.02800000
1.11138000
-0.57850000
-0.09559910
0.42413600
-0.28241900
-0.45980900
0.09438240
0.10206200
-0.44955900
0.09288800
0.32055300
-0.56378900
-0.45406800
-0.35600400
-0.80243900
0.06506520
0.45261300
0.25978500
-0.44098700
-0.74012100
-1.27452000
-0.24851700
-0.09813680
-0.49995100
0.21912200
-0.38341600
0.09761500
-0.44752600
1.14310000
0.04069910
-0.36859000
-0.10235100
0.16152000
0.13663100
-0.01548210
-0.66530700
0.75338800
-0.19454000
-0.07919080
0.04276310
-0.24730200
-0.65358400
-0.04907970
-0.25859400
-0.22592700
0.79166100
-0.74493900
0.27242600
-0.51213300
-0.14396100
-0.45916300
-0.09598270
-0.29296200
-0.63857900
0.07970380
-0.57801000
-0.17002600
1.05247000
-0.21969200
-0.36107900
-0.23404400
0.33015200
-0.66228200
-0.08035870
-0.63865100
0.00046517
-0.69675200
0.33831100
0.15785600
-0.40203800
-1.21800000
-0.24230600
1.41949000
0.79313400
-0.60744800
-0.02885040
0.34631500
-0.03424000
0.57574800
0.06393100
-0.42380500
-0.62587600
-0.59798800
-0.54731500
-0.52667700
-0.08564830
0.20052400
0.18744100
0.08791760
-0.62292800
0.13548600
0.02478040
-0.73126100
-0.42369600
-0.27838400
0.16816700
-0.42298900
-1.01953000
-0.42781500
-0.81218400
-0.21830900
0.87075800
-0.43987600
-1.04431000
-0.01590500
-0.43516600
-0.29499600
-0.33082000
-0.31184900
0.39841400
0.03674860
-0.59718600
-0.41691600
0.04488490
0.83681300
-0.63740400
-0.73170800
-0.49201500
-0.03070790
0.30165600
0.30483900
-0.62227300
-0.49936300
-0.23383900
-0.40776800
-0.53378500
-0.51680000
-0.22187000
-0.17356400
-0.39508500
-0.29237300
-0.70474500
0.30704300
0.15546800
0.15120000
-0.30048000
-0.14696800
-0.56017600
0.12585900
-0.09932160
-0.40221700
2.09089000
-0.44196800
-0.03141830
-0.10997300
-0.10443900
-0.38570200
0.59236300
-0.14905300
0.47138900
0.26716400
-0.97694900
-0.53237600
-0.36749500
0.36369500
-0.29774200
-0.20114600
-0.44498700
-0.25013800
0.12632200
0.03302820
-0.40850100
-0.33326900
-0.58990000
-0.57080400
-0.33328900
-0.19598800
-0.29206500
0.54852500
0.55289300
-0.40004800
-0.29775800
-0.13916300
-0.17444200
0.01495000
0.01242510
-0.14939300
1.11690000
-0.24435300
-0.12979900
-0.68337300
1.29786000
-1.02168000
0.64707200
-0.33876600
0.27413600
-0.49243100
-0.34747900
-0.21856300
-0.52893900
-0.09872030
-0.69826800
-0.67182200
1.11977000
-0.05800800
0.07865410
-0.09081110
-0.64499400
-0.33097400
-0.24542600
-0.75655700
-0.94191500
-0.49908900
0.37203800
0.54736000
0.50195700
4.10650000
0.69068500
0.55959800
-0.18648800
-0.12601300
0.49624600
0.73107100
0.22424600
0.20183300
1.02053000
-1.06420000
-0.04305470
-0.39887900
0.01227300
-0.48286000
-0.04659280
-0.55807000
0.01155170
-0.39960400
-0.56780700
-0.38627400
-0.00986104
-0.30988600
-0.56028600
-0.05090760
0.54375300
-0.26928900
-0.48470800
-0.17672800
0.10617700
1.01452000
0.25000900
-0.42593400
-0.10633300
-0.00330410
-0.14625600
-0.08067230
0.14640200
-0.06850540
0.60869400
-0.05535440
-0.25369400
-0.92819000
-0.06407420
-0.29970600
-0.12536900
0.90553700
0.84606600
1.13487000
0.41214100
-0.49004400
-0.19949200
-1.15054000
0.42346700
-0.10670200
-0.59752200
-1.31360000
-0.75962100
-1.07938000
-0.43030100
-0.17482500
-0.27179100
0.04088680
-0.12900800
0.81194500
-0.18662700
0.56040000
0.04149270
-0.25247900
-0.62636900
-0.08285410
0.08309780
-0.23657100
-0.45698100
-0.85461300
-0.20469900
-0.41133700
-0.51892300
0.65533800
0.18000800
-0.17560500
-0.81077300
0.39998700
-0.46219100
-0.06720800
-0.23849400
0.55197800
0.01703800
-0.14055500
0.34727600
-0.71727000
-0.43881700
-0.26568000
0.48387300
0.19412000
-0.31591700
-0.18683400
-0.88722200
-0.21235500
-0.49178500
0.35202100
-0.54024300
0.14906500
-0.27464000
-0.95732300
0.10281900
0.72112500
-0.45355200
-0.27448600
-0.61883700
-0.43750200
-0.29383000
-0.52519700
0.11145000
0.33607500
-0.55424700
-0.11205800
-0.64000800
-0.40908200
-0.92028100
-0.08275900
-0.63299500
0.22517600
-0.40561400
-0.38367500
-0.43652300
-0.00267813
0.07118780
-0.22451600
0.81103100
0.49120500
1.00674000
0.17215000
-0.50534700
-0.38425500
-0.29254100
-0.17005900
-0.49531400
0.68900600
0.29102000
-0.80751800
0.92364500
-0.61614300
-0.13037500
-0.33316000
0.05223890
-0.51412600
-0.08215770
0.10373300
-0.66485100
-0.37528900
-0.56094700
-0.62027100
-0.27973600
-0.37900400
-0.77803700
-0.39039600
-0.41892600
0.00995209
-0.10652500
0.39313100
-0.27165400
-0.22016600
0.20853400
-0.10678700
0.59699300
1.18369000
-0.38319300
-0.43062300
-0.48911400
-0.88005400
-0.64251200
-0.66730000
0.31942400
0.15062900
-0.61594200
0.38266300
-0.03351020
0.66876100
-0.17659100
-0.38738500
-0.19101000
1.03854000
-0.56600100
0.75076200
-0.02301280
-0.50143900
-0.85297100
-0.11129400
0.59127700
-1.01130000
0.71747800
1.47950000
0.43637600
0.41961000
-0.48331100
-0.53014000
-0.68847800
0.30194600
0.50988000
1.14348000
0.02421430
-0.15984200
0.09166600
-0.76145600
-0.49146100
-0.69928900
0.31955900
0.51243200
-0.07817530
-0.40627100
-0.62922400
0.35237100
-1.07931000
0.08541460
-0.05882780
-0.92456300
-0.89308600
-0.65670400
0.13229400
-0.43717100
-0.92535100
2.39211000
1.45538000
-0.41751700
0.43082900
-0.36790500
0.46918900
0.05899500
-0.51186300
-0.23734600
-0.23894000
-0.72120500
-0.66154200
-0.81332500
-0.10144900
-0.76718700
-0.48434400
-1.42360000
-0.14763400
-0.31881800
-0.04356620
-0.65207500
-0.09130120
-0.81174700
-0.83224600
-0.71867000
0.41202200
-0.51499800
-0.64208500
0.73202800
0.64346500
-0.07215350
-0.84382000
-1.11549000
-0.03361730
-0.12953600
-0.18445700
-0.49692800
-0.83593800
-0.76353100
0.38631200
-0.17141200
0.17904500
-0.09485710
1.24866000
-0.11248500
-0.37339200
0.97358100
-0.66190900
-0.53132500
-0.38471700
0.30604400
-0.32414500
-0.47292000
-0.10446100
1.54271000
0.33578100
-0.11800300
0.06598830
0.24514800
-0.06818920
-0.27624900
-0.39705600
0.74511400
0.63281000
0.15540500
2.76079000
-0.10425000
-0.94022000
0.01901350
1.35117000
0.33477500
-0.56155000
-0.31952200
-0.48761600
-0.34247500
-0.36737800
0.04616030
-0.06083290
0.04863360
-0.59590300
-0.75435500
-0.14411600
-0.36824100
0.43779100
-0.29518400
-0.52828600
-0.71551800
-0.01947010
-0.19926000
-0.01827700
-0.60267600
-0.08241850
-0.20405400
-0.34029500
-0.10534000
-0.10660500
0.29250900
-0.42609300
0.59456700
-0.38792500
0.05608170
-0.01320050
0.00190996
-0.88730200
-0.36227300
-0.79678400
0.08515610
2.54194000
1.80199000
-0.83624000
-0.38450200
1.01005000
0.07563980
-1.02661000
-0.81092200
0.38791200
0.57218700
-0.03214830
-0.18860600
-0.46332700
-0.02677550
-1.09253000
-0.68124800
-0.29957900
0.31478600
-0.09038110
-0.40597600
-0.67316300
-0.36636000
0.33733100
0.18221100
0.96623300
-0.18862800
-0.21973400
-0.69050200
-1.34802000
-0.04250490
-0.22383600
-0.01498420
-0.45271100
-0.18636900
-0.63049000
1.30538000
0.82508100
-0.15691400
-0.37176300
-0.86350400
0.02378730
0.23477800
-1.13765000
-0.46836800
-0.58777700
-0.00094739
-0.50895500
-0.36662900
-0.12592500
-0.66100200
-0.40778900
-0.41238700
-0.64026100
-0.54115700
0.03793700
1.06125000
-0.53290100
-0.55165400
-0.61346900
0.02547310
0.89318400
0.99976900
-0.26080600
-0.38185300
-0.17383300
0.56986400
-0.97745200
-0.21279600
-0.42994500
-0.42081800
-0.33153700
0.42036200
-0.19475600
1.15929000
0.85714500
-0.61561000
0.50944100
0.27516000
-0.59894700
-0.78212800
0.74738300
0.10172400
1.40036000
0.48507500
0.88762400
0.16327700
0.44606000
-0.00612397
0.65023000
-0.23177600
0.52019600
-0.13011200
0.14917900
0.30623600
0.68709700
-0.45995600
0.39041300
-0.46549700
-1.05809000
-0.17148200
-0.81051000
0.40363600
0.06514850
-0.71560200
0.14488900
-0.13028100
0.46397100
-0.50318400
-0.30031100
-0.08110660
-0.26558700
-0.28426000
-0.25381600
0.24901400
0.10579800
1.31258000
-0.29274600
0.61382900
0.36983900
-0.35004100
-0.16487700
0.05702790
-0.97967600
-0.21394500
-0.38380000
0.33713900
0.69372400
-0.81430600
-0.66547500
-0.23774600
-0.40039600
-0.61580300
0.13665000
-0.36825100
-0.02473250
-0.44197900
-0.03958330
0.07082480
-0.57996400
-0.62818200
-0.37569800
-0.20536800
1.41906000
0.58056200
-0.54536000
0.87442700
0.23970500
-0.28503900
-0.21323500
-0.15577900
-0.64139800
0.43539400
0.49880200
0.30015000
0.31152500
0.60291300
0.04522700
0.46713300
1.48329000
-0.66620400
0.22007100
0.25666200
0.12983600
0.34950100
0.83347000
0.46851300
0.19715100
-0.39845500
-0.16009800
-0.08578610
-1.04435000
0.08435900
0.89471800
0.08980770
1.59345000
1.73038000
0.06662860
-0.20458600
-0.05942880
-0.51056800
0.04061060
-0.01073720
-0.13930500
-0.17227900
0.51655200
1.04209000
0.09525170
-0.55294300
-0.11833000
-0.24719300
-0.83889000
0.03809120
-0.89793600
-0.57964700
0.31538300
-0.50403800
-0.80076700
-0.20929300
-0.06965240
-1.23933000
-0.75410800
-0.93341500
-0.32735800
-0.34088500
-0.55335800
-0.86140600
-0.46984000
-0.73225500
-0.71632000
-0.26104800
-0.05998880
-0.51524100
0.32657500
3.01358000
-0.72100000
-0.68186900
-1.04754000
-0.35457900
-0.08046460
-0.31309200
-0.21649200
0.46339100
-0.48807900
0.06617320
-1.00960000
0.01855280
0.34632500
-0.09191790
0.49824700
-0.29988200
-0.37790900
0.07797440
0.31238100
-0.06349860
-0.51110000
0.15676500
-0.18543900
-0.51627900
-0.30472900
0.77842300
0.31574700
-0.58377400
-0.08377320
2.20380000
-0.20143800
0.01741450
-0.09515290
0.28568400
0.45680300
-0.04020920
-0.44186300
-0.18190800
-0.39728400
-0.62742900
0.11694500
-0.52885000
-0.07014470
0.11294800
0.18856400
0.06875400
-0.41055900
-0.13524100
-0.21535300
-0.29997200
-0.49350500
-0.38441900
-0.55180100
-0.01254510
-0.24390300
0.16730400
-0.07459300
0.06293350
0.05647790
0.00468588
-0.10615900
-0.34201700
-0.41058000
0.09292420
-0.13551800
-0.68557800
-0.08144280
-0.51123200
0.96362200
-0.14370300
-0.54299900
0.13481200
-0.54702200
-0.72695400
-0.11937300
-0.25519900
-0.39783000
-0.33128100
0.23664000
0.54117000
-0.19337800
-0.67983000
-0.57610700
-0.29076500
0.55918500
0.05358200
-0.45157200
-0.09573040
0.29588100
-0.33322400
0.97122300
0.28208400
-0.23784700
0.56675400
-0.20521700
0.14078400
-0.31369000
-0.10822500
0.88755300
-0.95790800
-0.18251400
-0.06527840
-0.55697900
-0.68819600
-0.55173200
-0.09863210
0.32458300
0.05216140
-0.07925640
-0.97915700
-0.41191300
0.30260600
0.08274400
0.36060700
-0.61551500
-0.09016630
-0.62718500
0.46137000
-0.17438000
0.09989390
-0.07889760
0.22356600
-0.58299800
-0.02505060
-0.55793200
0.20353100
0.78293200
-0.24059900
-0.68192000
-0.23637000
0.09405710
0.98895000
0.27718800
0.45395600
-0.52522000
-0.57046900
-0.31731200
-0.45086600
-0.24485300
-0.70766700
-0.14990200
-0.53340600
1.06157000
1.05827000
-0.19420500
0.36621100
0.93499000
-0.46647700
-0.37355900
0.60261200
-0.37192300
-0.32860000
-0.04152090
0.11944300
-0.54542800
-0.20131100
-0.05666460
-0.50982900
-0.75326400
0.39573600
-0.50195800
0.07578650
-0.85536700
-0.03860920
-0.28683700
-0.72827400
-0.06359770
-0.49382500
-0.84311800
-0.27909900
-0.81732600
0.29294700
0.14064100
-0.31228500
-0.64394200
-1.01568000
-0.09635330
-0.82926100
-0.15208100
0.01902760
-0.28992900
-0.55950400
0.43029100
0.06523190
-0.08001460
0.37365600
0.36105100
0.17862800
-0.33559900
-0.55769500
-0.41980800
-0.12990300
-1.01308000
0.14378300
0.44731400
-0.59338200
-0.05921640
0.54608700
-0.59153800
-0.55885700
0.64789100
-0.14236300
0.28062600
-0.77645800
-0.19297900
0.48073700
-0.82316200
0.62291600
-0.35851300
0.19008700
-0.09748890
0.21575600
0.30299800
-0.17718500
0.29525000
0.12952300
2.57887000
-0.31587600
0.81271700
-0.69487400
-0.26435800
-0.48409800
0.24165300
-0.26214100
-0.36695000
0.00340323
-0.40093100
0.41569300
-0.13941000
-0.22619900
-0.29214200
-0.59425200
0.53081000
-0.70038700
-0.25283600
-0.64848600
-0.31068400
-0.42230100
0.23299600
-0.14317600
0.59426200
-0.61749900
-1.30000000
0.03391630
-0.40563300
0.18985400
-0.25295000
-0.29823900
0.04218290
-0.39445500
0.38712400
-0.38393500
-0.32843900
-0.54423700
-0.18003300
-1.06166000
-0.13635700
-0.25515400
-1.27290000
-0.47566200
-0.35815400
-1.17634000
-0.37825400
0.19023500
-0.14586000
-0.22339600
-0.11464500
3.14548000
-0.48460200
-0.24196200
-0.29455900
0.12693100
0.27604700
0.67300900
-0.52884300
-0.72512900
0.10808300
0.16953200
0.05585620
0.40556300
-0.36205800
-0.27770500
-0.71627900
-0.19534400
0.05085070
0.04720850
0.06848720
-0.62365500
-0.57651000
-0.33629500
0.10299200
-0.92416700
-0.04743760
0.82655600
-0.26006900
-0.30762800
0.55875300
0.36892900
-0.18537000
0.56688800
0.47649600
-0.71339000
-0.85674100
-0.25383400
0.18600400
-0.39994700
-0.14540200
-0.02040470
0.19569700
-0.05176160
-0.54720600
-0.30119400
-0.06316830
0.20683500
-0.35544600
-0.84340600
-0.58448000
-0.59802500
0.03989840
-0.98834400
-0.38287900
-0.34731100
-1.16344000
0.43713000
0.63642700
0.35939900
0.89158900
1.50914000
0.14405200
-0.55757100
-0.40063800
-0.09422170
-0.26706100
-0.42528200
-0.79205300
0.30575400
-0.09347170
-0.95374700
-0.68074200
0.03552070
-0.37955400
-0.69861600
-0.24444400
-0.52169000
-0.39501500
-0.71889200
0.14878700
-1.16434000
0.21033700
-0.21444400
-0.56933500
-0.11519700
-0.48845800
-0.27174400
-0.41213600
0.11858400
0.31163200
-0.12757900
0.05127900
0.10234900
0.17322200
-0.51551200
-0.19871800
-0.09226710
0.09980330
0.63827900
-0.19951900
0.02788470
-0.94264500
1.69644000
-0.32291600
-0.29864800
1.21790000
-0.64242100
-0.20338300
-0.13005000
0.31676100
-0.37271300
-0.33924100
-0.58427000
-0.51922300
-0.26578700
0.58495200
0.89795500
-0.56089600
0.78968300
-0.32269100
-0.22071600
0.30500900
-1.01129000
-0.18539700
-0.15125600
-0.37221300
-0.40021400
0.86753800
0.68702400
0.39326700
0.24760000
0.13600100
0.61382300
0.23496400
-0.97794700
-0.59064300
0.36754900
-0.76740500
-0.64993200
-0.39257900
-0.58207400
0.47118000
-0.08830750
-0.08761500
-0.06725640
-0.38584800
-0.59789900
-0.39595700
-0.73742300
-0.12074900
-0.65603900
-0.31983700
-0.13864300
-0.66989500
0.58185400
0.51842600
0.30273600
0.86403600
-0.22681100
0.33701400
-0.36551400
-0.44460700
-0.17022100
-0.44028600
0.02637780
-0.27167100
-0.35758700
-1.16538000
-0.89507200
-0.09362110
0.45940500
0.17771900
0.41074500
-0.46315500
-0.16199600
-0.93900900
-0.59134700
-0.90813600
-0.67332000
0.24871800
-0.58423700
0.09976200
-0.51314500
0.84255400
1.86073000
0.61261400
0.08804690
0.04697690
-1.19459000
-0.90987000
0.71469100
-0.28156300
-0.41111100
-0.11200400
-1.67494000
0.23333100
-0.28925400
-1.30397000
-0.15868900
0.07269880
-0.55613400
-0.25143400
0.45479800
-0.53791800
-0.08192750
-0.19612300
0.17062600
0.03648150
-0.23019900
-0.73447400
-1.59662000
0.01186020
-0.39276100
1.01199000
-0.28268600
-0.25271900
-0.48560200
-0.15349800
-0.02373650
-0.14344100
-0.29892500
0.24296800
0.08592240
-0.07539850
-0.00105704
-0.35509000
0.24405800
1.34792000
-0.01505950
-0.82256000
-0.12663800
-0.21687400
-0.85516300
-1.09785000
0.22830800
0.07849250
-0.02499000
-0.03892680
-0.26720800
0.11760600
-0.10736300
-0.58058500
-0.02041690
-0.47550000
-0.17676300
-0.31245500
-0.82569400
-0.34466300
-0.55386000
-0.06425900
0.39934900
0.62747400
-0.19732200
-1.13681000
0.08362900
-0.61421700
-0.15574600
-0.17216800
-0.65759400
-0.76838200
-0.35854900
-0.23509200
0.01547520
-0.17572000
-0.63973300
-0.31293000
-0.12657900
-0.39926100
-0.22000100
0.31584900
-0.33501300
-0.24273700
1.04309000
0.65765300
0.36402500
0.24126100
-0.07685070
0.68960500
0.21509000
-0.15078300
-0.76438800
-0.79940400
0.83231000
-0.31760200
1.69031000
-0.53790300
0.12958300
-0.90753800
0.25213700
-0.92147100
-0.04129460
0.86456800
0.26768400
-0.26356700
-0.00768790
0.02565570
-0.13256600
-0.79642000
-0.80202300
-0.14781600
0.41104100
-0.37057900
-0.42155000
-0.04453590
-0.09637330
-0.41036400
-0.55688600
-0.58103000
0.03633190
0.04670470
-0.08559250
-0.11712200
-0.92158900
1.32305000
-0.51828900
0.37465600
-0.31653600
0.33544500
0.15448500
0.11150400
0.80162400
0.53311500
0.67384100
0.02785700
-0.60627200
0.90266700
-0.08010220
-0.22641800
-0.60293700
0.42599900
-0.06806710
-0.16288500
-0.39145100
-0.69522400
-0.59130800
-0.14327100
0.46960700
0.33563200
-0.43364500
-0.61667200
-0.10668400
-0.55159900
-0.39613100
0.06443670
-0.24426600
-0.03569430
-0.07736950
0.13216700
0.03704880
-0.37015300
0.12511900
1.56813000
0.35853200
-0.02049010
-0.03798980
0.06675370
-0.78907400
-0.26899500
-0.33581600
0.04102370
-0.46820000
-0.21562400
-0.31592300
-0.19081600
0.64570500
0.16156600
0.36560200
-0.26429000
-0.49116800
-0.69752600
-0.27531100
-0.27517700
0.21733700
-0.22887100
-0.71680700
-0.59222200
-0.57470100
-0.61152000
-0.06563980
-0.51842000
0.59466600
0.14128800
-0.29733400
-0.19559200
-0.05211900
-0.07406320
0.27491100
0.43332500
-0.43526900
0.44192700
1.36389000
0.02642830
0.83411600
-0.52807800
-0.36152800
-0.15473200
-0.38893700
0.47018000
-1.13531000
-0.05016520
-0.21818100
-0.44414100
-0.85417800
-0.51039600
-0.57409300
-0.12425400
-0.17784500
-0.12594800
-0.27918400
-0.89785100
-0.51922200
-0.48835200
-0.59641200
-0.84906600
1.14203000
1.16924000
0.52206300
-0.41752000
-0.14968400
0.75491900
-0.15606300
-0.08473560
-0.24077400
0.42230300
-0.78564900
0.42723000
-0.03074140
-0.71460600
0.20204300
0.50244400
-0.40488400
-0.08102520
-0.85197100
-0.01729710
-0.46520500
-0.96595400
-0.52305600
-0.18011700
0.17113900
-0.52000500
0.07495220
-0.75942200
0.76382000
-0.61085300
0.26105300
0.14227300
-0.51596800
0.11811700
-0.20864200
0.20147300
-0.67468200
-0.76571500
-0.18806600
-0.85912400
-0.82408500
-0.02569270
-0.25401700
-0.37600300
-0.47983600
0.22279400
-0.03246670
0.24024000
-0.31630100
0.14629000
-0.66612400
-0.20276200
-0.50152000
0.07201250
1.57251000
0.03343230
-0.92592900
-0.41322500
-0.00704306
-0.09409720
-0.47699700
-0.24683200
-0.21367200
-0.59581300
0.00072431
-0.45034500
-0.40416300
0.26793500
-0.03509730
-0.12296300
0.23341900
0.08757600
-0.13392100
-0.14927600
0.47086700
-1.13600000
-0.66560600
-0.55702100
-0.54115800
-0.79075800
-0.62841200
0.32025700
-0.23202100
-0.66231700
-0.64261900
-0.77102000
0.33654700
0.83884300
-0.38656000
0.30993600
-0.09566870
-0.69292800
-0.36329300
0.38889800
0.20137200
-0.32404200
-0.59431400
-0.33322500
2.44358000
-1.25630000
-0.15904700
0.24762800
-0.36955500
0.66376800
-0.21007000
-0.13369800
-0.17396400
0.77921400
0.36937600
0.29522900
0.02257020
0.17322300
-0.02576150
-0.37768300
-0.07379190
0.06644640
-0.36304900
-0.62819000
-0.97180400
0.36869200
-0.28884300
-0.79564500
-0.01262950
0.16396500
-0.41027500
0.12365700
-0.27554400
-0.45873200
-1.00929000
-0.06435100
0.13362300
0.69289500
0.25869800
-0.13038900
0.41635200
-0.88234600
0.32761800
1.37583000
-0.75898200
-0.22399200
-0.20027800
-0.38289400
-0.98626800
-0.58736400
-0.16546700
-0.49010600
-0.58091400
-0.08815590
-0.18188100
-0.19440300
0.09032980
0.40940700
-0.42783600
-0.04530850
-0.03040250
0.29998500
0.00425891
-0.28149200
0.04077960
-0.13822500
-1.38147000
-0.43695400
-0.09137240
0.58519700
-0.30048000
0.17432000
-0.71452000
-0.58932200
-0.29434800
-0.78059200
-0.52669100
-0.91947000
0.00130425
-0.16911600
-1.45449000
0.45121400
0.07997050
-0.69700800
-0.91632600
-0.39951300
-0.29064200
-0.91055400
-0.25597400
-0.04187500
-0.78924400
-0.31433900
0.73778400
-0.80660000
1.45979000
0.16895300
0.28069700
-0.24876000
1.05157000
-0.11810900
-1.03068000
-0.24532000
-0.41261100
0.59186600
-0.24823500
1.62439000
0.82432300
0.56054200
2.36879000
0.48839000
1.03700000
-0.12206400
0.60812000
-1.00116000
0.35213900
0.35271600
-0.10147400
-0.73282100
-0.20349200
0.59195600
0.60319500
0.68129200
-0.68793500
-0.06189670
0.21169100
-0.15883700
-0.34480500
0.43219800
1.12524000
0.74117200
0.78974900
0.11705100
0.79016100
0.59123700
0.13312800
-1.02626000
-0.46459800
0.13657300
0.53218600
-0.17195300
-0.67169700
0.02024270
-0.68856600
-0.84750600
-0.05027700
0.20137300
-0.49447000
0.16077900
0.01456760
0.38002600
0.11692200
-0.52014200
-0.71765500
-0.04397460
0.56099800
-0.60010800
0.19323800
-0.58373300
1.16659000
-0.56130800
-0.20417500
-0.18744500
-0.42847100
-0.54808100
-0.28816800
-0.41727100
-0.16095700
0.04474360
-0.38545400
-0.68549900
-0.73287100
-0.66035100
0.12412500
-0.04951590
0.57874000
-0.18767700
-0.30886000
-1.13961000
-0.06464150
-0.60733900
-0.55177200
0.28237600
-0.95718300
-0.40129900
0.13910200
1.37952000
-0.42569000
-0.37433700
-0.63152600
1.19159000
-0.05153090
-0.13647000
0.24851800
-0.00989599
-0.12138200
0.00488178
-0.26241800
0.26821900
0.53504600
0.53452700
0.54729800
-0.74902300
-0.89592600
-0.07254530
0.19146500
-0.41746600
-1.38330000
-0.30132500
0.19130300
-0.82986100
0.71230500
-0.02042520
0.41447200
-1.20125000
-0.06907750
0.79311800
0.25898800
-0.57067200
-0.71795600
1.01268000
0.22374300
0.80831900
-0.07512460
0.85634200
-0.04160250
-0.89823700
-0.46324000
0.22823200
-0.68601700
0.36895100
-0.14098100
2.37883000
1.27969000
0.07323520
-0.43694700
-0.03550210
-0.95393900
-0.35833500
-0.97510200
-0.38528500
-0.33939600
0.02868040
-0.46980600
-0.47243900
-0.41377100
0.05717480
0.72156900
0.25815400
-0.69376600
-0.74511300
0.55196900
-0.56001800
-0.34785100
0.11492500
-0.29885100
-0.63150900
-0.83549700
-0.07973090
-0.50577300
-0.30031600
-0.06099310
0.56131900
-0.41352100
-0.53153000
-0.22214000
-1.40238000
0.22199600
-0.21063300
-0.88403600
-0.56166200
-0.38192100
0.07519820
-0.35726400
-0.32060600
0.49324100
0.10686300
-0.63461300
-0.82960500
0.18169300
-0.76257700
0.13607600
-0.35634500
0.37658700
-0.52884400
-0.37935400
0.19105200
-0.13883500
0.00091223
-0.78991100
-1.15974000
0.53870900
0.11416800
-0.87305700
-0.17150600
-0.50591200
-0.39682900
-0.92717600
-0.61547300
-0.14075300
-0.45625600
-0.04773150
-0.15905900
0.17480500
-0.84684300
0.08947070
-0.21655100
-0.10926700
0.03320610
0.55242800
-1.16769000
-0.59319600
-0.29865500
-1.06751000
0.27268800
0.10016900
-0.37837800
-0.45793500
-0.08726420
0.06353470
-0.32571200
-0.20452200
0.74351900
-0.10212300
0.91575300
0.33615300
-0.38636300
-0.01868400
0.43770600
0.04105870
-0.58143400
0.94302300
-0.57440500
-0.42025900
-0.18017700
-0.39823000
-0.19769500
-0.41402400
-0.13107700
-0.38904200
0.07967470
-0.50749400
-0.23504500
-0.27010700
0.04675590
0.09097510
-0.62665300
-0.67644600
-0.19352900
-0.38637200
-0.57681900
-0.12390200
-0.07198680
-0.53121900
-0.06246100
0.08588410
-0.04577530
-0.67853000
0.24130800
-0.19904500
-0.56779300
0.99458000
-0.02807290
-0.01134460
0.27999500
-0.40192300
0.44284400
-1.09763000
-0.81939400
-0.01616150
-0.63572200
0.43418100
1.46068000
0.23267100
0.15316400
-0.36359300
0.26040400
-0.96010900
0.14185700
0.00728596
-0.16759700
-0.60218200
-0.48429100
-0.20416400
-0.13448300
0.01047360
-0.09469930
0.21360200
0.49264400
-0.01255770
-0.53803700
-0.71771800
-0.59849600
-0.47213000
-0.68240400
-0.76440700
0.10073300
-1.05567000
0.82036100
-0.01923430
-0.36895800
-0.25509400
-0.87430000
0.12265500
-0.32782000
0.76769400
-0.15370000
-1.73444000
-0.11488800
0.67134700
-0.53229300
-0.23712300
-0.12144300
-0.14824600
-0.11391300
-0.44057500
-0.27394200
-0.49905400
0.08133280
-0.50771100
-0.92236800
0.15902000
0.17729700
-0.00904707
0.60442900
-0.89424900
-0.09632950
0.33491900
-0.61590400
-0.80445400
0.17448500
0.04424830
-0.09518790
0.21524500
-0.25923200
-0.08085240
0.80082400
-0.18980800
-0.58105800
0.27289900
-0.34706500
-0.11876400
-0.86598700
-0.30666500
-0.86642600
-0.31220900
-0.45084000
0.50581000
-0.41329600
-0.14370100
-0.59940000
1.47253000
-0.31729000
-0.36187000
0.83035700
1.04353000
0.04904660
0.39912400
0.25574800
0.08236780
-1.13507000
0.39929200
-0.21742400
-0.05257450
-0.77371200
0.10232700
0.25289900
-0.15758100
-0.28117900
-0.77557700
-0.17974200
-0.88574600
0.19079000
0.09748920
0.12681200
-0.15737900
0.46518800
-0.28642100
-0.34900700
-0.32064700
0.09987630
0.12375200
0.16353300
0.15869500
1.27618000
-0.29411800
0.55626900
-0.56063400
0.12549000
-0.46767300
0.50098100
0.48677700
0.32520100
-0.21147500
1.14257000
-0.73336800
0.52980300
-0.07736590
-0.03973270
0.28069900
0.28528500
-0.43191300
-0.18386400
-0.14517600
-0.37439200
-0.37827400
-0.80977100
-0.39501600
-0.21177200
0.05607580
-0.69594300
-0.92213200
0.54385300
-0.45899200
-0.19234600
0.19213400
-0.96464000
0.68504200
-0.69409600
-0.20866600
0.10162500
0.19961700
-0.64983000
-0.64084600
-0.23942500
-0.57673300
-0.53417100
-0.24204000
0.64097900
-0.61176500
0.40868700
0.52289900
-0.84844200
-0.99161600
-0.27427300
-0.46887900
0.21392900
-0.31696700
0.36884000
-0.93195000
-0.53646500
-0.31170200
-0.12208900
0.25675900
0.44963900
0.05458550
-0.71955100
-0.98779700
0.50393300
0.26995900
-0.14538000
-0.27361900
-1.15063000
-0.34725400
-0.35433500
0.13284300
-0.53799000
-0.49149800
2.77297000
-0.40707400
0.15273300
-0.29889000
-0.63013400
-0.11000700
-0.06083800
0.16333500
0.14020900
-0.12891600
-0.08180910
0.30828400
-0.22156100
-0.62874600
-0.50683500
-0.45458300
-0.20263200
0.11392400
-0.87486200
0.86117200
-0.43135700
-0.55186800
-0.39057600
-0.34432400
1.98384000
0.13840500
-0.50949800
0.58972500
0.32892000
0.23745200
-0.81634200
0.36192000
-0.28500300
-1.10104000
0.26203800
0.30373700
-0.01877180
0.06490650
-0.99470700
-1.08803000
0.72491200
-1.08128000
-0.11590500
0.00099783
-0.71354200
-0.63433300
-0.30794800
0.00161750
-0.46567000
0.00187975
-0.52664300
-0.71906000
-0.40433300
-0.65348100
0.25851800
0.41209300
0.59767000
-0.34541900
0.34560200
0.33179700
0.40459100
-0.32786400
-0.42198500
-0.05744690
0.02209480
-0.50680600
0.23261000
0.53856000
0.55761900
-0.64695800
0.19124700
-0.36838100
2.85471000
-0.34188500
-0.66101400
-0.64938800
-1.09440000
0.30222500
0.37538500
0.75319600
-0.84769100
0.23904900
-0.56845500
0.26684200
-0.50834200
-0.37673800
-0.19323700
-0.25714500
0.59706600
-0.19098600
-0.03924350
-0.07419100
0.89362500
-0.06121570
-1.01034000
-0.36005100
0.13320500
0.19133600
1.16966000
0.22156800
-0.54457800
-0.37962500
-0.53457900
0.10192300
0.00979651
0.14270600
-0.23220100
-0.72928000
-0.57798900
-0.36198000
-1.00679000
-0.48550000
0.06507050
0.25239500
-0.32049400
0.69850200
-0.96469400
-0.56530700
-0.12677700
0.10601000
-1.03711000
-0.25548700
-0.49054000
0.50487300
0.73998200
0.02486960
-0.98313600
0.35578200
0.04763020
-0.48709300
0.27992600
0.82465200
0.32261700
0.02602810
0.87238600
0.64870900
0.51073600
-0.21873100
0.07764150
0.11342600
-0.58124000
-0.66909700
-0.79266000
-0.28291000
-1.03103000
-0.12783800
0.59746200
-0.47692500
0.09793700
0.15316400
-0.20052600
0.17116900
-0.42592500
-0.00958762
-0.20444500
-0.13123000
-0.13973300
0.25206000
0.45423800
-0.43695000
-0.23122700
0.47208300
-0.52813400
0.03776270
0.49402000
-0.09758540
0.18610800
-0.61825300
-0.85675000
1.46284000
-0.22633100
0.73728300
1.25257000
0.26911900
0.28049400
0.82700800
0.98485000
0.52248800
-0.35023200
-0.63253600
-0.33516900
0.14896400
-0.21314000
-0.10394200
-0.01550200
-0.42010800
-0.97912500
-1.13353000
0.01507780
-0.43096100
0.14896400
-0.53855300
-0.03625170
-0.62650300
-0.05485710
1.51337000
0.24963100
-0.41942400
-0.81029100
-0.73222200
-0.18175800
-0.30703400
0.11763500
-0.25937400
-0.18010900
-0.24848800
-0.44458600
-0.56334900
-0.24870500
0.17659500
-0.21464000
-0.48481000
0.38803700
-0.66491800
-0.55641600
-0.07114810
-0.47109600
1.81262000
-0.25103100
-0.12106100
-0.08145020
0.26293100
1.58189000
-0.37613600
-0.37599500
-0.67710000
-0.13202400
0.27777300
-0.50239600
-0.08195620
0.29517400
0.19242400
-0.50456700
-0.00864592
-0.27107300
-0.19467200
-0.37241900
-0.33777600
-0.38225900
0.71743100
-0.19955800
0.69313000
-0.77055500
-0.09515790
-0.33724800
0.45290100
-0.03703980
-0.43588400
-0.24736300
0.16877900
-0.43099200
-0.18342100
-0.10427700
-0.56414000
0.42440900
0.10972700
0.10972700
-0.29822900
-0.65465400
-0.42103200
0.44324100
-0.12532900
-0.47174300
0.06828700
-0.45560800
0.07064000
-1.05464000
-0.28185700
-0.35141800
-0.01822230
-0.44783400
-0.14234000
-0.58273900
0.28548600
0.06102700
-0.55914500
0.21388700
-0.35493100
-0.08033510
-0.02350330
-0.28089900
1.68472000
0.03571880
-0.23865100
0.66113000
0.72770600
-0.40849000
-0.42021400
0.82952200
-0.01427200
0.17341700
0.03195720
-0.16437500
-0.05597300
-0.52240800
-1.05245000
0.10188000
-0.88061600
0.21346800
-0.86363200
-0.56187700
1.20654000
-0.17025300
-0.43030300
-0.27266000
1.41767000
-1.20428000
-0.75539200
-0.16917600
0.86282800
0.52992700
0.20636100
1.45165000
0.44660400
-0.18208900
-0.50821600
-0.56378100
0.15519100
-0.33805400
0.04242950
-0.92143400
-0.58619900
-1.09554000
0.14382100
0.72798000
-0.78436900
-0.36342700
-0.37059600
-0.48481000
-0.13638100
-0.26191700
0.02150160
0.11424000
-0.19074800
-0.58940100
-0.57704200
-0.32832100
0.12252300
0.16657000
-0.01559070
-0.10604500
-1.13680000
-0.46889600
-0.15169900
-0.32832500
-0.85673100
0.72609700
0.19332100
-0.16561500
-0.37173100
-0.10658200
-0.31370700
-0.07220760
-0.15199300
-0.89879800
-0.17382000
-0.62915300
-0.62915300
0.02880150
0.27212500
0.56926000
0.12323000
-0.28506100
0.06787660
-1.03349000
0.17669900
0.30595100
0.06955140
-0.23511300
0.01221430
-0.46678300
-0.11025400
0.08243530
-0.65708300
-0.48442700
-0.25918200
0.37385300
-0.48325900
0.60339800
0.53923400
-0.25810400
0.35985400
1.86471000
-0.58346400
0.06760990
-0.29297700
-1.07669000
-0.59898300
-1.11334000
0.38486700
0.33665500
-0.51059300
-0.38599300
-0.43676200
-0.63176600
1.19765000
0.40765500
-0.89220100
0.37854400
2.10188000
-1.18948000
0.71219800
-0.77133200
0.09947300
0.05020540
-0.64793400
-0.22628000
-0.24746900
-0.32509200
-0.10070400
-0.28074300
-0.57085000
-0.47470900
0.13553100
-0.55594200
0.68066800
-0.72041700
0.31693200
-0.15608700
-0.10296500
-0.05942580
0.93860800
-0.29155800
0.22149900
0.42702400
0.27477600
-0.86694300
0.00403513
0.75424200
0.67862100
0.27952700
-0.17809300
0.29410000
-0.71083300
0.37392900
-0.57078100
0.17049900
-0.08436270
0.08871850
0.34597000
-0.02225690
-0.30132000
-0.04720890
-0.36683200
-0.29124000
-0.53407400
-0.16756800
0.13893800
0.32893500
-0.53487600
-0.40765100
-0.08820830
-0.54968100
-1.07729000
0.24876400
-0.59845900
-0.04406830
-0.22491500
-0.63129800
-0.40292800
-0.73476100
-0.53051900
-0.38303700
-0.05386200
-0.01520800
1.29957000
0.06414430
1.20288000
-0.02135100
0.27381100
-1.11163000
-0.08447570
-0.94165100
0.55319000
0.03006510
-0.26840700
-0.20801600
1.03106000
0.25022300
0.64470900
1.12068000
0.24836300
-0.40489300
-0.64261000
-0.25434500
-0.42645600
-0.35818000
0.25512300
-0.51032100
-0.43680300
-0.18832300
0.46258800
-0.59865600
-0.18880100
-1.05987000
0.29539400
-0.25032200
-0.79311100
-0.35473000
-0.27491900
-0.46616000
0.25199000
0.47856500
1.26170000
-1.03626000
-0.32169000
-0.97978200
-0.54650400
-0.64656800
-0.15651200
-1.02515000
-0.08876990
-0.06759370
-0.56521700
-0.80083000
-0.42519200
-0.02314280
-0.12709200
-0.51973300
0.04948970
-0.38893900
-0.49482000
0.25561700
0.47029700
-0.11639200
0.05929420
-0.51279300
-0.25774900
-0.21741300
-0.59762300
-0.38667500
0.06139600
0.03089800
-0.25982200
0.11778100
-0.56023800
0.53384000
-0.10805100
-0.42442500
0.70788500
-0.52703600
-0.30350200
0.36337700
-0.27520200
0.08543900
0.08143170
-0.01343610
-0.03118750
-0.18565800
-0.72453000
0.01346130
0.36171300
-0.43330200
0.02427310
1.91161000
1.44435000
0.37286500
-0.18082800
-0.14030000
0.06352040
-0.26364000
-0.65595000
0.19678300
-0.46228300
-0.20403500
-0.79236500
-0.53376600
-0.06303010
0.10911600
-0.48622100
-0.74055900
-0.40599000
-0.10273000
-0.60256800
-0.05026580
0.52127600
-0.57754500
-0.80402900
-0.79338500
-0.26026900
-0.59894000
-0.46038600
-0.48642900
-0.55296800
0.32264100
0.31764300
0.22373900
-0.44081300
0.06598900
0.26724800
-0.16805500
-0.40175500
-0.28844100
-0.51348600
-0.23273400
-0.69694800
-0.04581900
0.25771200
0.37007000
-0.37811700
0.08247020
0.20843200
-0.06835240
0.14502200
-0.52811300
-0.86505100
-1.02236000
-0.28268500
0.02867990
0.03383960
1.49353000
0.25969400
-0.18255800
-0.23055300
-0.14208000
-0.47965100
-0.51002500
0.39389700
-0.47113100
-0.26095400
-0.60110600
0.07082800
-0.93824400
0.09370040
0.36080500
-0.47783100
-0.21588500
-0.03533530
-0.35365900
-0.00979213
-0.94232700
-0.37299300
0.01524000
-0.21811400
0.01405890
-0.71005900
-0.45384100
-0.85848400
0.55438000
-0.30364600
0.12737500
0.23127400
-0.20014700
-0.54853700
-0.25707000
-0.20912600
0.31878500
-0.22006000
-0.92877000
-0.47385200
0.65944000
-0.56154500
0.08978260
0.12557600
-0.35849800
-0.33305300
-0.94698100
0.30222600
0.13982400
0.13711400
-0.60900900
0.68030400
-0.03645500
-0.13804000
-0.78195900
0.61335400
1.25737000
-0.07917780
-1.37609000
0.22682700
0.65174300
-0.40836900
-0.02135040
-1.07948000
0.57897300
-0.05138770
-0.37481300
-0.21179900
0.25999300
-0.41975100
0.92355400
-0.62041600
0.07665400
0.61116600
0.15372200
-0.70492400
-0.23654400
-0.65840100
0.33129400
-0.73461800
-0.08309790
-0.56261000
-0.00531691
-0.09063690
-0.68733000
-0.05257450
0.15005900
0.41732400
-0.09612080
-0.72160900
-0.68379800
-0.53420900
-0.85542700
0.39851500
-0.10427200
0.24897000
-0.17057400
0.29440400
-0.50351500
-0.37140500
-0.13314600
0.52830400
-0.03692470
-0.63481100
-0.40148600
0.45570300
-0.48342600
-0.45233400
-0.25645800
-0.41813300
-0.02271480
-0.23384400
-0.02640250
-0.57275600
-0.46451200
-0.68703900
-0.28162100
-0.36148100
0.24949700
-0.55285600
-0.17862800
-0.89957600
2.26249000
-0.32674700
0.09359520
-0.26223800
-0.15205100
-0.53249500
0.70874800
0.40514400
0.36537600
0.67467300
-0.99500300
-0.55704000
-0.77668700
-0.36392400
0.58289600
0.82355700
-0.14051200
-1.19680000
-0.26418300
0.46021400
-0.62460300
0.02719350
1.51872000
-0.36554300
-0.56875400
1.15788000
0.17196900
0.76948800
1.10914000
0.73301200
0.75028700
0.56456300
-0.86276800
-0.51585200
-1.61024000
1.42295000
1.53264000
0.19852000
0.75348900
0.58367600
1.04912000
1.20529000
0.29109800
0.01017210
-0.00610147
-0.58820200
-1.02736000
-0.15329500
-0.34415200
-0.01749440
-0.15541600
-0.42567300
-0.63379300
-0.32437000
-0.02290690
0.37842200
0.00092591
0.66350400
0.71330500
0.17546000
0.04110310
0.73654500
0.20650900
1.17624000
0.67188800
1.11337000
0.94530600
-0.90913400
-0.45042700
-0.07259120
-0.05006130
0.35733300
0.40940300
-0.22951600
-0.39639400
0.33845000
-0.09896350
0.62767300
-1.54073000
-0.87949100
-0.57910600
-0.10818400
0.12374600
0.00394980
-0.41069900
-0.48833400
0.46354800
0.21923300
-0.54206200
-0.44900600
-0.94664000
0.26308500
-0.15056600
0.21288300
-0.10127300
0.52673100
-0.91648300
0.70066000
0.30502400
0.27337200
0.02259420
-0.49714600
0.49203200
1.39372000
1.54774000
0.12944100
-0.12831000
-0.61948800
0.20922000
-0.45835700
-1.18777000
-0.26934100
-0.79303000
0.20301200
-0.77816800
-0.34210000
-1.01885000
-0.16982200
-0.00251901
-0.02691490
-0.47659000
-0.30012800
-0.14754500
-0.53921000
-0.42246600
1.50600000
0.55792600
-0.24757900
-0.31925600
-0.44406700
-0.35538500
-0.11695500
-0.61278000
-0.78173300
-0.40645500
-0.11817200
-0.47944100
0.11835200
-0.12979100
-0.36053200
-0.49349900
-0.85729200
-0.55204400
-0.07125440
-0.40708200
-0.77773600
0.09517760
-0.77365900
-0.36734500
-0.99576400
0.56203400
-0.36987000
-0.02342680
-0.23880600
-0.51921300
-0.88929800
-0.12212400
-0.42254200
-0.55957800
-0.59105900
0.59395800
0.17423500
-0.03343300
-0.41833000
0.03066250
-0.68331900
0.01984160
-0.40459000
-0.84353500
-0.39002600
-1.33364000
0.15326400
-0.33577900
-0.21802800
0.27645600
0.14684000
-0.41127700
2.94559000
0.22784600
-0.61960100
-0.04190900
0.75854100
-0.19033700
-0.33798700
-0.37276100
0.30681500
0.41266100
-0.19719600
0.69052700
0.25946800
0.01770160
0.15093000
-0.25730100
1.03963000
-0.32775400
-0.31199700
0.36569800
-0.21496700
-0.43780700
0.11642400
0.13137600
-0.10157900
-0.12727300
-0.14577100
0.13902800
-0.06869290
-0.40462400
-0.33041700
-0.38158900
-0.06404570
0.12370800
-0.53976200
-0.02571010
-0.77277400
-0.73177300
-0.36670100
-0.70871000
0.35283700
-0.09662470
-0.51994300
-0.15476200
0.95124800
-0.39110500
0.38291600
-0.41853500
-0.69312200
-0.13599800
