0.04048290
0.40350900
0.35350600
0.85397000
-0.10934200
-0.32795400
-0.19742400
0.02290840
0.28206100
0.11543600
0.16823800
1.05164000
0.02766610
0.11170500
0.25590700
1.06433000
0.93144100
0.45204600
0.94516100
0.50638400
1.17890000
-0.03284900
0.78386800
0.19017800
0.67812200
2.21136000
0.31660300
0.12904300
0.81715400
0.82617300
0.42000400
1.57415000
5.90460000
0.47698100
0.98818700
1.24984000
0.61197500
1.80729000
1.92459000
1.27580000
1.11390000
1.13897000
0.62961900
0.78409500
0.54695500
0.48945200
1.00029000
0.27574900
-0.28022800
-0.08229870
-0.21894000
-0.41749000
-0.12774600
-0.25561300
0.18342200
-0.07271130
-0.15335600
-0.05474450
-0.14956000
-0.03537900
-0.24489200
-0.26990700
-0.18542500
-0.15704100
-0.49200400
-0.03011760
-0.41205500
-0.20399000
-0.04130350
-0.08971500
-0.26749700
-0.11454300
-0.28447800
0.46141600
-0.07449750
-0.19111300
-0.11989100
-0.08812980
-0.24115100
-0.23967800
-0.20422900
-0.11590800
-0.00928976
0.18721800
-0.27326800
-0.18627100
-0.47109900
-0.16769000
-0.48376100
0.30699100
-0.30059500
-0.18191800
-0.07277940
-0.03206550
0.11202500
-0.11319400
-0.09091030
-0.31044600
-0.25590900
-0.08804250
0.02876110
-0.26246500
-0.16751800
-0.18905600
-0.05312580
-0.29608000
0.69982600
0.37753100
-0.03756500
0.55976000
-0.37060400
0.37913000
0.03200200
-0.14891200
-0.11978100
-0.12033800
-0.24505200
-0.22584600
-0.24165900
-0.17802600
-0.26876500
-0.20855100
-0.24950100
0.05488560
-0.20650000
-0.03498200
-0.13121000
-0.39297600
-0.21847500
-0.10333000
-0.13518500
-0.08525470
-0.15693800
-0.14495400
0.07928570
-0.29812700
0.19275400
-0.25618200
-0.27784900
0.06680210
-0.16158000
1.03347000
-0.02649660
-0.11887900
-0.28032500
-0.24255200
0.04373040
0.64529000
0.07070700
0.04685040
-0.05237430
-0.26840700
-0.16513800
-0.30517700
-0.01196770
-0.26947800
-0.22838800
-0.15751100
-0.01128300
-0.11740900
-0.16282900
-0.19216900
-0.23491500
-0.30112300
-0.24438100
-0.05792030
-0.19329600
-0.33865000
-0.25679100
-0.02395040
1.03308000
-0.14986500
0.37176100
-0.27103300
-0.15201300
-0.08162090
-0.07481490
0.59946900
-0.20651300
0.11071900
-0.14555600
-0.24129100
-0.19382600
-0.17561300
-0.07301200
0.40964200
0.70205000
0.06756560
-0.32369500
-0.20988700
-0.10184100
-0.15705000
-0.05772980
-0.22362200
-0.21732500
-0.23086200
-0.02218560
-0.12330500
-0.17052400
-0.08498700
-0.36174800
-0.11512700
-0.28979700
-0.31546700
-0.13329200
-0.17665900
0.41911500
-0.31409000
-0.24415700
-0.35502700
-0.25545700
-0.32755200
-0.51431900
-0.18486500
-0.15806800
0.14941000
-0.21883800
-0.09413000
-0.13431600
0.42230300
-0.19745700
-0.02428490
-0.15170700
-0.15932800
-0.27585500
-0.23792300
-0.32655500
0.05893760
-0.39057200
-0.10174300
-0.20043900
-0.25709600
-0.09532410
-0.37832200
-0.11240900
-0.24679600
-0.09131840
-0.10724800
-0.32590000
-0.09348710
-0.11105300
-0.07059280
0.06515840
-0.35008900
0.21134200
0.09499150
-0.00452882
0.91698200
0.36035800
0.01050050
-0.03637830
-0.22754100
-0.23144900
-0.12599300
-0.09736500
-0.11197000
-0.17450700
-0.11233600
-0.24825600
0.65597500
0.32648100
-0.24109500
-0.06091120
-0.23616100
0.02301730
0.55981400
-0.19111800
0.14310500
-0.02421910
-0.20248100
-0.17092900
0.47555400
0.51547100
0.04286400
-0.28542900
-0.04380470
-0.11666600
0.64422700
0.19881700
0.00125200
-0.41569300
-0.34564700
-0.25139800
-0.09172410
-0.12378300
0.04391290
0.70323000
-0.05625230
-0.31102400
-0.19810300
-0.21203900
-0.25582900
-0.12050000
-0.16185500
-0.26104500
-0.12920800
-0.26856300
-0.09141140
-0.36213800
-0.24908200
0.11317000
-0.11682300
0.51526700
-0.30059200
-0.11659900
-0.35153400
-0.28374500
-0.34303600
0.07497820
-0.22332500
0.07615220
0.66425600
-0.30648700
-0.08101300
0.07337350
0.59809800
1.14742000
-0.29553100
-0.17852100
-0.17497400
-0.25144600
-0.20579900
0.30620000
0.08866380
-0.04344670
-0.20514700
-0.37340900
0.39530200
0.33534800
-0.14739400
-0.02144600
0.00105374
-0.28073500
0.48190400
-0.15564400
0.31245300
0.54031100
0.19419100
-0.12989200
-0.12062800
-0.27328300
-0.05865490
-0.28483200
-0.22020100
-0.48747700
-0.18764600
-0.16013300
-0.10263300
0.26533300
-0.11483200
0.04463450
0.11180700
-0.08968490
-0.35171000
-0.08732440
-0.24687300
-0.26673200
-0.25381400
-0.23549900
-0.17078500
-0.14941400
-0.05709130
-0.05659150
-0.16148400
-0.20096700
0.02949930
-0.25983000
-0.10113200
0.02762250
-0.11243000
-0.12589800
0.20931300
-0.20645200
-0.35359600
-0.29136600
0.19488700
-0.20237000
-0.10872200
-0.21816800
-0.05071750
-0.09133210
-0.11530500
-0.29474200
-0.01460640
0.70992400
0.43150600
-0.24692500
-0.31822500
-0.16174300
-0.12602000
-0.13909600
-0.15286900
0.00877330
-0.24862000
0.20589800
-0.37822300
0.12505200
-0.15467900
0.54000200
0.16357600
0.71617600
-0.00914520
0.27270600
-0.25948500
0.03036440
1.11331000
-0.24030200
-0.28870800
0.88142200
-0.08348490
-0.30493700
-0.15422500
-0.07937850
-0.29165800
-0.19846800
-0.42108300
-0.51433200
-0.19492800
-0.27171300
0.36732900
-0.13918500
-0.15914000
-0.12272500
-0.22627700
-0.10621400
0.10554500
-0.30905400
-0.11225400
-0.10759500
-0.17630000
-0.34127800
-0.30694700
0.35410000
-0.12042400
-0.39267200
-0.21655600
-0.25307100
-0.33786500
-0.16403300
0.17401100
0.34116300
-0.10219700
-0.11594100
0.28823600
-0.18286200
-0.19307600
0.74441000
-0.23589700
0.01976540
-0.04859670
-0.01559730
0.12359500
-0.18243500
-0.18650200
0.34109100
-0.16882600
-0.04463160
-0.17790300
0.94612600
-0.17674600
-0.14696300
-0.16007400
-0.30710100
0.04557090
-0.04249610
0.23628500
-0.24247400
-0.18900700
1.38508000
0.24476300
-0.28866300
-0.00108108
-0.15823000
0.00825233
-0.07180050
-0.06374910
0.15561900
-0.12232600
0.20140100
0.51305300
0.63239500
-0.26391800
-0.12682000
-0.05111590
-0.02063500
0.20896800
-0.13322900
0.24108900
0.83303800
-0.07747720
-0.23184400
0.09482820
-0.18152500
-0.06551740
-0.17966100
0.38877600
-0.01340430
-0.09224530
-0.09522880
-0.19539500
-0.53937200
-0.19631600
0.08338180
-0.08372570
-0.22081400
-0.01930590
-0.10374900
-0.12020200
-0.08871240
-0.46784400
-0.19527300
-0.32262500
0.07127140
-0.04187610
0.07366220
0.04978930
0.76828500
-0.25474700
-0.10186800
-0.19615400
-0.17614000
-0.37151900
-0.01434520
-0.29259500
-0.22546800
-0.16270400
-0.16743300
-0.21908600
-0.10094100
-0.05464500
0.28963600
-0.09807370
-0.12327300
0.35890200
-0.15534500
-0.14572800
0.01284700
0.28795200
-0.38358200
-0.17854700
-0.27930700
-0.46649500
-0.25085600
-0.15984000
-0.24045500
-0.26260300
0.54106900
-0.34098600
-0.09898220
-0.09984260
-0.32847500
-0.32057300
0.00961013
-0.05810870
-0.20095900
0.63375000
-0.42364500
0.02917440
-0.24367900
-0.18822100
0.03871700
-0.08039070
-0.14447100
0.02818190
-0.14732400
-0.08543840
-0.20352400
-0.24402000
-0.45173900
-0.22199700
-0.15269700
-0.24683900
0.61553800
-0.30106100
-0.16495600
-0.24735800
-0.20589900
-0.00907708
0.55651000
-0.15923100
0.33451300
-0.01736270
-0.27333500
-0.10710600
-0.15290200
-0.06131780
-0.18440600
-0.38212100
-0.28337400
-0.09276540
0.06300980
0.10943600
-0.07976990
-0.20040900
-0.39184900
-0.19667400
-0.18501500
-0.20271100
0.55607500
-1.15085000
-0.23773000
0.12519800
0.46017300
-0.13693500
-0.30238600
-0.16331900
-0.27916900
0.01698980
-0.00022089
-0.08806170
0.31581400
0.40547900
-0.12470300
-0.05369450
-0.06157250
-0.15026400
0.63593700
0.24169900
-0.25918300
-0.17340000
0.20666100
0.03935350
0.10982400
-0.19977700
0.66979700
0.04181390
-0.20378700
0.00759695
0.97928400
-0.21878400
0.30425100
-0.15491800
-0.10645800
-0.10917300
-0.14920600
0.01230350
-0.19356700
0.11518400
-0.18852600
-0.07264110
0.09178070
0.17770000
0.55307200
-0.27352000
0.02927720
0.08771840
-0.00292477
-0.16785500
-0.11971200
-0.32678000
0.11973800
0.08510440
0.13439200
0.36590200
-0.29209600
-0.18703100
0.08511710
-0.32863000
-0.26621800
0.00617188
-0.18381800
-0.04787000
-0.27809600
0.62659800
-0.01881150
-0.15059200
-0.16602200
-0.22301700
-0.49562500
-0.07706300
-0.10298800
-0.30105100
-0.16279800
-0.06925320
-0.14424000
-0.30229600
0.03170660
0.21114400
0.09028060
0.57848200
-0.26342600
-0.18146500
0.03814220
-0.16844600
-0.09449550
-0.22826500
-0.16831200
-0.14804300
-0.14676500
-0.09497640
-0.20859700
-0.47086300
-0.07382860
-0.09706040
-0.14767000
-0.10161100
-0.22813900
-0.18414500
-0.13642200
-0.06343090
-0.29674200
-0.36245300
-0.38511800
-0.29250500
-0.14735800
-0.30988800
-0.14852000
-0.07886450
-0.18487000
-0.24281300
0.35971300
-0.23141800
-0.21455300
-0.04071480
-0.31322300
-0.29233300
-0.13911000
-0.23647800
-0.50239100
-0.18073200
-0.36103400
-0.05017990
-0.38537700
-0.11889100
-0.24353600
0.19916000
0.04347150
0.00964777
0.26946100
0.78835100
-0.02386080
0.57551000
-0.18559500
0.06985380
-0.24849800
0.06861030
-0.36420500
-0.17634400
-0.40759200
-0.17248200
-0.10932500
-0.23531300
-0.14357000
-0.16813200
-0.08998100
-0.21193000
-0.26800500
0.27762900
-0.04847390
-0.33121400
-0.13066000
-0.17988000
0.32871000
-0.04634150
0.06240340
-0.15719300
0.27678000
-0.30133900
-0.12140400
-0.19587400
-0.19247300
-0.15693500
-0.13413200
-0.30445200
0.21888900
-0.22293800
-0.12910900
0.06399130
0.00494478
-0.10499700
-0.10072200
-0.36574700
-0.14600700
0.07723840
-0.22340200
-0.09650840
-0.06768010
-0.19197200
0.17803600
-0.22364400
-0.24117600
-0.40863100
-0.27820800
-0.00156389
-0.11588200
-0.06067550
-0.36028900
-0.37398500
-0.06827920
-0.05683090
-0.03487720
-0.15336300
0.35727900
-0.09899700
-0.14487500
-0.08118550
-0.35223700
-0.11211800
-0.47355400
-0.27593000
-0.05620450
-0.13792200
-0.15789800
0.04010640
0.26870900
-0.02333560
0.39781300
0.19521200
-0.30033000
-0.17126900
-0.19259600
-0.21729700
-0.18569600
-0.51380100
0.17380000
0.11241500
0.03819090
0.27426400
-0.24000600
0.18297800
-0.07059470
-0.04408420
-0.24795300
0.08328120
-0.16384400
-0.22064800
-0.12278200
-0.16726900
-0.35528300
-0.40863100
-0.02626420
0.03432290
0.12116800
-0.25673300
-0.32448300
-0.41857600
0.17335800
-0.22217500
-0.02021800
-0.05961910
-0.18488900
0.23127700
-0.01122960
0.18622300
-0.00331773
0.01938470
-0.37662800
0.80532000
0.05022140
0.48809400
0.04218340
-0.08073830
-0.19131500
-0.01280760
0.06394620
0.01381190
-0.10151800
-0.26528200
0.56314500
0.04482890
-0.19918900
-0.30117300
-0.04444480
-0.31907700
-0.20440300
-0.16058400
-0.31728700
-0.15944200
-0.20281400
0.03102460
-0.32148400
-0.26753700
-0.37589800
-0.12768000
-0.27868000
-0.36331800
-0.23981500
-0.15892000
-0.15167600
-0.22108800
-0.13815000
0.04641630
0.64687600
0.02457690
-0.19070000
-0.22654300
0.36709200
-0.29004500
0.03104360
0.38413900
-0.11567700
-0.22696600
-0.06947240
0.11286800
-0.12281200
-0.08127320
0.00285917
-0.27161700
-0.02176050
-0.17196800
-0.04404290
0.41703200
-0.15942200
-0.20079300
0.01521250
0.13318600
-0.34256100
0.03855480
-0.18503300
0.03045560
-0.31559900
-0.01461320
-0.41921300
-0.16448600
-0.03770810
-0.27773500
-0.27069500
-0.09910010
-0.19587700
-0.27548500
-0.31719300
-0.24900400
-0.19575400
-0.37689400
0.65233300
-0.26687100
0.66439700
-0.29577500
0.03452900
-0.16890000
0.16351800
-0.16967500
0.19694900
0.05625840
0.07598060
0.83312000
-0.12280700
0.18392900
-0.22461300
-0.20914200
0.11381100
0.12746100
-0.37687000
0.35600900
-0.13481200
0.08201200
0.81952900
-0.08870550
-0.41787500
-0.41815000
0.48548800
-0.30587900
0.07931060
0.22704300
-0.17664600
-0.21676900
0.19270100
-0.23714900
-0.21627300
0.35310000
-0.22408700
-0.09795140
0.01849640
-0.15535100
0.02000980
-0.25273600
0.48830200
0.58034800
0.16616900
0.15212700
-0.18330400
-0.10374700
-0.10612200
-0.15750600
-0.03228080
-0.24758400
-0.17791600
-0.21200900
-0.26193700
0.74573600
-0.32785200
-0.22105800
-0.14335100
-0.22313100
0.02552860
0.30582600
-0.25050300
-0.12119000
0.09462360
-0.19601200
-0.09289700
-0.17154800
-0.09173820
0.20743000
-0.38825300
-0.16541200
0.21688200
0.34784700
-0.45494900
0.26772200
-0.44147200
-0.04156420
-0.13480000
-0.13184700
0.01241140
0.25933900
0.63785200
-0.49559100
0.10108700
-0.12424900
-0.14073900
-0.26901200
0.49500400
0.01344350
0.09496150
-0.16107900
-0.04998270
-0.31679600
0.06084610
0.24993300
-0.04768660
-0.13731000
-0.28022500
-0.31692300
-0.18077200
-0.19738000
-0.23974600
0.20661600
0.01323500
-0.22649900
-0.12376800
-0.12200900
0.02393110
-0.30658600
-0.19031900
-0.17915100
-0.18541000
-0.10163400
-0.01751580
-0.35361300
-0.24434300
-0.12699500
-0.26216100
-0.16188500
0.18068100
-0.17651100
0.04680250
-0.52283100
-0.30604900
-0.10496500
-0.10406200
0.38325300
-0.19061600
-0.34272600
-0.26642800
-0.38489400
-0.30315800
0.47247000
-0.10274200
-0.02734450
-0.22111600
-0.19448300
0.48119300
-0.06971100
-0.15843200
-0.24036100
-0.15851100
-0.00060419
-0.25302400
0.29829900
-0.23375500
-0.12656400
-0.18014900
-0.07821850
0.01325190
0.48548800
-0.24880200
0.55415100
-0.18385100
-0.26329700
-0.12121200
-0.10512000
-0.21619900
-0.02895800
-0.33556600
-0.11037900
0.08750740
-0.27386100
-0.08990120
0.01374960
-0.19668700
-0.10017100
0.01299260
0.37153300
0.12486300
-0.16482400
-0.37458300
-0.28525300
-0.18924500
-0.10538400
0.37381100
-0.18167400
0.18641700
0.77516300
-0.32696000
0.17935500
-0.29621400
-0.00861941
0.08021200
-0.15042400
-0.18742800
-0.05602240
-0.22221600
-0.15852400
-0.12343300
0.09039120
-0.18794800
-0.08778890
0.20775600
-0.18353100
-0.16755100
-0.55278500
-0.04471060
0.32212200
-0.27260700
0.34329200
-0.04061950
0.47301700
-0.08101800
-0.25592500
0.34394400
-0.06706820
-0.14831600
0.23243000
-0.23723200
-0.14210800
0.73905600
-0.16330900
-0.28426600
-0.30359200
-0.07682380
-0.19726800
-0.15425200
-0.23965200
-0.14149400
0.00800984
-0.06791500
-0.21056100
-0.32345700
-0.24614600
0.21818800
-0.06096670
0.17517200
-0.10629700
-0.17153700
-0.15216100
-0.20910800
-0.21124800
-0.25407200
-0.47825800
-0.41839700
0.14600600
-0.13533500
-0.16360500
-0.10977500
0.56236200
-0.11982300
0.32074800
0.08845690
0.06938250
0.25465500
-0.41891600
-0.08156270
-0.25314900
-0.09006840
-0.22442000
-0.18396100
-0.21649100
-0.05140030
-0.38448800
-0.20446900
-0.02474130
0.26678000
-0.18871300
-0.12708000
-0.16966000
0.38635100
0.20016400
0.35319900
0.20204000
-0.02291930
0.37727300
-0.19612200
-0.05055520
-0.02731920
-0.31691700
-0.09369850
-0.17141400
-0.03058670
0.76913400
0.33247800
-0.24358400
0.23941000
-0.10613200
-0.11903800
0.53068100
-0.00861950
-0.15187900
-0.05541830
-0.17776300
-0.37146800
0.44291500
-0.12286400
-0.24826900
-0.05397650
-0.33983700
-0.16192000
0.04116510
0.23365600
-0.00968193
-0.10950600
-0.43235400
-0.18011400
-0.09881280
-0.17455100
0.22135900
1.09469000
0.23249800
-0.04154810
-0.12680400
-0.15986300
-0.09818240
-0.10701700
-0.12365500
-0.17880900
-0.17947700
0.04754500
-0.11043600
-0.27532600
-0.28127000
-0.07759490
0.03879610
0.03857400
-0.19963800
0.01158610
-0.10620700
0.02636510
0.27790800
-0.29369100
-0.12583500
-0.27949100
-0.01887310
0.19357800
-0.16837200
-0.11114700
-0.41700200
-0.21590200
-0.34877600
-0.22653700
-0.22851000
-0.05477020
-0.07884230
-0.11491200
-0.25011100
-0.16767200
-0.21582100
-0.37304600
0.28332000
-0.24354300
-0.22075600
-0.17417200
-0.19568500
-0.14709700
-0.27115300
-0.27329100
-0.15100600
-0.26922400
0.07961770
-0.09882930
-0.23637700
-0.28875100
-0.10389900
-0.19174100
-0.25784000
-0.23552900
0.71701200
-0.40700200
0.40429900
-0.16406700
-0.18102300
-0.38780700
-0.18877800
-0.24260700
-0.22757000
0.38423400
-0.03782530
0.66842500
-0.09611230
-0.14457400
0.64678400
0.91768300
0.23366600
0.04711920
0.46143500
0.03150460
0.25973400
-0.18727500
0.59757400
-0.10913700
-0.33285700
0.32610600
0.33495400
0.21637100
0.33680000
0.79141300
-0.12233800
0.69205600
-0.11062800
-0.29507000
-0.16749700
0.13326500
0.25413700
0.05438140
0.01238810
0.15505600
-0.29708000
-0.14516200
-0.21904700
-0.42652500
-0.10650500
0.08499530
-0.19663600
-0.15346900
-0.40738800
-0.22806100
-0.20077200
-0.11563800
-0.29750100
-0.26988300
0.11106500
-0.24166600
-0.20576700
0.14673700
-1.13090000
0.20169300
-0.30662500
-0.20948200
-0.00716542
0.31684500
-0.36079200
-0.12736600
-0.34271700
-0.26003800
-0.26335500
-0.22144400
-0.24598700
-0.25947000
0.02773940
-0.21838000
-0.09550530
-0.02182760
-0.17035500
-0.15434800
-0.20465400
-0.25473100
-0.21429000
-0.19809800
-0.20985600
-0.37940600
0.47818600
-0.28252700
-0.17407700
-0.17431500
0.24712400
-0.36502000
-0.24437400
-0.27016600
-0.09440550
0.21566500
0.37696900
0.22690500
-0.26952000
-0.08831900
-0.32778800
-0.26609000
-0.10944500
-0.21831200
-0.29405200
-0.18778500
-0.07820810
-0.41034300
0.03254430
-0.11692200
-0.12007000
-0.11760900
-0.19248800
-0.17499600
-0.30206900
-0.32052000
-0.43576400
0.16716000
-0.12610200
-0.27224200
-0.08772930
-0.29168000
-0.21541400
-0.14484900
-0.17232000
0.03798550
0.33083800
-0.22732100
0.12415500
-0.31818600
-0.16030700
-0.05291570
-0.06318610
-0.05431480
-0.18092900
-0.21544700
-0.22086000
0.03207950
-0.05889030
0.02174700
-0.00462977
-0.04279640
-0.11810700
-0.19514800
0.02850490
-0.12847900
-0.02434720
-0.16002700
-0.27440700
0.32727900
0.00267948
-0.25813200
-0.11546500
-0.14219300
0.28762900
-0.18187300
-0.27823300
-0.22310400
-0.09920610
-0.05173520
-0.35646900
-0.10028800
-0.28008100
-0.22295200
0.77052900
-0.12920400
-0.28832400
0.46202100
-0.31942400
0.25402100
-0.13910100
-0.13488200
0.42780700
-0.47714800
-0.30000600
0.30282300
-0.28941500
0.24494800
0.29615700
-0.05148000
-0.24407900
-0.09283800
0.01052570
-0.16311800
-0.11711000
0.03404270
-0.25448400
-0.08504980
-0.27424400
0.62031900
-0.15026400
-0.07146410
-0.01369320
-0.11975300
-0.15939700
-1.16445000
-0.06974110
-0.02920570
-0.10866100
1.05647000
0.01506360
-0.37672900
-0.07744450
-0.27614600
0.09111430
0.45754900
0.56987900
0.36133100
-0.14173900
-0.21594000
-0.08487350
-0.36513800
0.24972800
-0.20580300
-0.25355100
0.01374170
-0.28188300
0.14178500
-0.12557000
-0.01576090
0.36113800
0.27426500
0.48262800
0.28204600
-0.21031300
0.02191830
-0.14954700
-0.38343000
-0.23290500
0.10909000
0.03999650
-0.01551930
0.80984700
-0.29588300
-0.23603800
-0.05770270
-0.06794850
0.00045895
-0.03124660
-0.35883700
-0.03146390
-0.21872400
0.14550100
-0.00958796
0.16899400
-0.16953900
-0.08669680
-0.23709500
-0.10256200
-0.33438500
-0.00701500
-0.23445700
-0.16771000
-0.37758300
-0.19050500
-0.10791000
-0.18416800
-0.19833300
-0.25109300
-0.12477100
-0.18548100
-0.19552600
-0.39572200
-0.15278200
-0.31121100
0.08669950
0.03584480
-0.14102600
-0.41469500
-0.11593100
-0.31651700
-0.00507608
-0.19567200
0.29897300
-0.05714490
0.10074000
-0.40208200
-0.00028973
-0.22850800
-0.02545280
0.52012600
-0.28655900
0.49796200
-0.15513400
0.01902950
-0.19179500
-0.26920500
-0.27902300
-0.15407000
-0.24202700
0.12081200
0.23158500
0.75108200
-0.13893000
-0.02643940
-0.16780000
-0.28695700
-0.14662500
-0.35175800
-0.19050500
0.02824150
-0.21813500
-0.26088400
-0.21828900
-0.21774000
0.08937000
-0.03942570
-0.23367800
-0.18729900
0.84071800
-0.13059500
0.33183900
-0.00261462
-0.45783400
-0.18287000
-0.23043000
0.02116490
0.02777640
0.04375250
-0.00490469
-0.29880000
0.28827400
-0.15957200
0.37690400
-0.05463010
-0.21169700
-0.19187000
0.05814000
-0.12093400
-0.13185900
-0.18773600
-0.11799900
-0.23065800
-0.28865700
-0.26353800
0.24859600
-0.14351900
-0.19577200
0.11464000
-0.10173100
-0.19720800
-0.25102000
-0.12904600
-0.01648550
-0.04512870
-0.12282000
0.00228062
-0.09991170
-0.12679300
-0.24003600
0.59765600
-0.35615800
0.01902210
0.44599700
-0.21860700
0.02224220
0.32901500
-0.31839700
0.05222260
-0.11445500
-0.21950300
-0.04817970
0.06023660
-0.10126800
0.63838400
-0.27082900
-0.49517400
0.37061900
-0.14372900
0.03732410
-0.22166000
-0.34024200
-0.24559400
-0.14085900
0.41970800
-0.14052900
0.03203670
-0.20245300
-0.11924300
0.01969570
-0.01859410
0.50476700
-0.18840800
-0.24036100
-0.00044078
0.59764900
0.33623800
-0.40962000
0.37989800
0.74636100
0.11754400
-0.14395300
-0.02958780
-0.17147300
-0.17179600
-0.21191400
-0.16252900
-0.12760500
-0.22649500
0.73643900
-0.15537600
0.13815100
0.90048900
0.05003900
0.27078500
0.22357000
0.30766700
-0.13570900
-0.24248400
-0.26422200
-0.32795000
-0.22596400
-0.17541300
-0.01653320
0.33744100
-0.11498900
-0.28215000
-0.00411104
-0.02169960
0.06370570
-0.20320900
-0.13024200
-0.06884570
0.24791900
-0.22048300
-0.41536100
-0.13262100
-0.20240500
-0.21502900
0.51233700
0.94434400
-0.29726800
-0.35590100
-0.17636900
0.01102580
0.76559900
0.51892900
-0.12731000
0.04831120
-0.18159500
0.09928580
0.02378330
0.07858230
-0.15347900
-0.24125500
-0.02326570
-0.39918900
-0.11088700
-0.21701900
0.25937100
-0.21786600
0.02722880
-0.05456840
0.67957200
0.20312900
0.35247100
0.07266140
-0.37022600
-0.28699100
-0.09326000
-0.30776000
-0.10598000
-0.14143200
-0.11357100
-0.14430800
-0.09511160
0.14663600
-0.09425270
0.11700500
-0.24500100
0.03514670
0.51134800
-0.18330300
-0.19784300
-0.13633100
0.14003000
-0.10871300
-0.15252400
-0.20160200
-0.13257800
-0.21167400
-0.03051080
-0.43900600
-0.19732400
-0.35224100
-0.40076100
0.99500900
-0.11715800
-0.47977900
-0.23170200
-0.30692300
-0.25871100
0.48134400
-0.14813500
-0.16653900
-0.38744900
0.25507000
-0.02013290
0.00076276
0.06245900
-0.01279510
-0.19046600
0.55580900
0.31875200
0.25113400
0.02888210
0.24692200
0.17741600
0.67626400
-0.37683400
0.59505200
0.23564600
0.84710500
0.09021250
-0.19940800
-0.09799170
-0.13064800
-0.27481000
-0.36827600
-0.10190000
-0.15667400
0.07828710
-0.12242100
-0.16253100
-0.08388720
-0.20176200
0.44840500
-0.02982440
0.29370900
-0.30329800
0.60835100
0.25462200
-0.56333900
-0.33510400
-0.37091200
0.17922900
0.11917300
-0.13441200
-0.30631600
-0.19208100
-0.21904100
-0.36683000
-0.08374450
-0.14132800
0.23332100
0.04540840
0.08192840
-0.16525500
0.16727200
-0.13066500
-0.52674800
-0.23575700
-0.23001900
-0.28823000
-0.18634200
-0.18083400
-0.17420500
-0.22346000
-0.20274400
-0.10696200
-0.16518400
-0.21869300
0.04264340
-0.35946700
-0.42410000
-0.05063850
-0.19744100
-0.05723140
-0.22169100
0.10894000
-0.14341900
-0.29874400
-0.14275400
-0.04253180
-0.15702300
0.08994470
-0.31765000
-0.07952290
-0.15974800
-0.23996200
-0.10620900
-0.23924400
-0.16804700
-0.11384400
-0.12034700
-0.17904400
-0.28137500
-0.43853700
0.08316570
-0.26257900
0.78819400
-0.14189400
0.32525200
0.42388000
-0.21273100
-0.28381100
-0.25482100
-0.13307900
-0.03841670
0.02356230
-0.14366700
-0.62945700
-0.15700900
-0.21898800
-0.43431700
-0.35527400
0.83906000
0.45801000
-0.06659050
-0.02163210
0.18472000
-0.15724300
-0.05976400
-0.21532200
-0.20272900
0.02756650
-0.37287300
0.08732240
-0.25869400
-0.16290000
-0.06856770
0.10538300
0.10538300
-0.16858100
0.32803200
-0.04147460
-0.09715430
-0.13921800
-0.03165550
-0.19216100
0.35593900
-0.19512500
-0.05723970
0.24305800
0.01139220
-0.12098900
-0.21193400
-0.10442300
-0.21793500
0.13888800
0.13944400
-0.17820700
-0.29655700
-0.24613000
0.42178800
0.10080100
0.71116700
0.13580800
-0.04334860
0.59820700
-0.09147860
-0.01593290
-0.34283900
-0.20119600
-0.21111900
-0.23812000
-0.32914800
0.08541010
-0.11591900
-0.18098600
-0.25311200
-0.14674500
-0.20490400
-0.14242300
-0.20515800
-0.19638900
-0.23965300
0.31264700
-0.19030500
-0.01050440
0.34950900
0.12370500
-0.23560100
-0.22796600
-0.28323500
-0.31022900
0.11032300
-0.08825670
0.06371560
-0.33981100
-0.16528500
-0.18981100
-0.26520100
-0.46833800
0.10101000
0.00489939
-0.25843200
-0.22726900
-0.47337400
-0.03242230
-0.25198200
-0.12808900
0.00865153
0.09100050
0.49478200
-0.12905800
0.00789998
-0.47923900
-0.41881100
-0.15371800
-0.14925000
-0.25501500
-0.15521400
0.17425400
0.02332960
0.28674100
-0.14809300
0.22835600
0.05793970
-0.25064400
0.11206200
0.22374600
0.28644400
-0.35582100
-0.20533600
-0.12509400
-0.10629600
-0.00374930
0.29854400
-0.15407800
-0.23515000
1.04480000
-0.01954780
-0.01831990
-0.11979900
-0.10919300
-0.23552600
0.06489080
-0.44485800
-0.27659900
-0.13296700
-0.19784800
-0.12992300
0.03088190
-0.32430900
-0.02809180
-0.05656900
-0.22682400
-0.08468870
-0.22900400
-0.12080800
-0.19900100
-0.31246900
-0.25904600
-0.10999800
0.14291200
0.30270100
0.05160070
-0.15216300
-0.25681900
-0.09837960
0.14237300
-0.16852800
0.53663400
-0.14242000
-0.20168800
-0.09828290
-0.16322100
0.15196500
-0.14899700
0.19221100
-0.22170100
-0.14558800
-0.18984300
-0.10762400
-0.10623200
0.27630900
-0.27080800
0.03610200
-0.21915000
-0.12851000
1.06274000
0.12583400
-0.14261100
0.02270460
-0.03561290
0.72887300
-0.20709900
-0.10443500
-0.27500400
-0.00147190
-0.09113250
-0.18237500
-0.14497800
-0.28504200
0.00043714
-0.02274270
-0.26268700
0.33049900
-0.25054900
0.76536700
-0.06295900
-0.31637400
0.11403400
-0.16739500
-0.21737300
-0.23669800
-0.01636370
0.09749570
0.13775200
-0.04074420
-0.32870600
0.04377270
-0.28117100
-0.38773300
-0.09022490
0.16297300
-0.23791900
-0.10026600
-0.09562390
-0.15706500
-0.22733800
0.21197800
-0.19249500
-0.16921800
-0.33777500
-0.23020600
-0.25707200
0.15314200
-0.12712400
0.12252800
-0.00540253
0.23221500
-0.30203300
-0.16265200
0.01006000
0.43099800
-0.12556300
-0.07236970
-0.15302100
-0.17806300
0.06802310
-0.16889800
-0.36421700
-0.13231200
-0.14245600
0.07905140
-0.41322800
-0.18123400
-0.17804700
-0.30641800
-0.17356200
0.90299700
0.48566300
-0.13045600
0.16198900
0.07132860
-0.49619700
-0.14810400
-0.20247900
-0.05524570
0.22923800
-0.24118900
-0.36242900
-0.09127250
-0.16044300
0.61870300
-0.06537120
-0.11749000
-0.06817360
-0.27567700
0.02930870
0.00732521
-0.18815600
-0.19432900
0.27490900
0.76836600
-0.23416000
-0.16024300
0.33483100
-0.14924600
-0.15917100
-0.39785400
-0.40608100
-0.30786400
-0.29854800
0.87333400
-0.22389600
-0.22696900
0.09607890
-0.24606600
-0.25240700
-0.25895700
1.38949000
-0.05444800
-0.08143560
-0.01958680
-0.14758500
-0.31179500
-0.19870300
-0.16632000
-0.05392480
-0.12893700
-0.29787100
-0.20106300
-0.27300100
-0.22398200
-0.11088800
-0.17715300
-0.15390800
0.16822900
0.23409000
-0.07928110
0.11474100
-0.07844810
-0.02694270
-0.26115900
-0.22389800
-0.15264700
-0.08405060
0.11399300
-0.37448200
-0.12995500
-0.08055680
0.01348850
-0.14332300
-0.21767700
-0.24502100
-0.02463130
-0.17739400
0.07744730
0.05311150
0.09426880
-0.29400000
-0.20755400
-0.32804300
-0.06572160
-0.00179994
-0.13026900
-0.33678800
-0.08908220
0.14947500
-0.07663660
-0.21787500
0.26256100
-0.26496600
-0.09453560
-0.08776010
0.12247500
0.08501350
-0.33950800
-0.20405000
-0.13558200
-0.19940100
-0.13846100
-0.19527300
0.01675200
0.45602000
0.59049200
-0.13102300
-0.11601200
0.00297867
-0.15120000
-0.15666000
-0.35398600
-0.21099200
-0.12832100
0.20617500
0.29824200
0.09251530
0.18582300
-0.16651700
-0.20571200
-0.25177600
0.16513100
-0.19134400
-0.19558100
-0.10459800
-0.27460900
-0.34190700
-0.22578100
-0.21903300
-0.17400600
-0.35461500
-0.25738200
-0.28731800
0.13474900
-0.09185990
0.34488800
-0.17800300
-0.29486100
-0.02901340
-0.13921700
-0.38391400
-0.08382260
0.09602020
0.19678600
0.37768000
0.00297867
-0.20887000
-0.27729700
-0.17828400
-0.02628530
0.27868700
0.35573400
0.47505900
-0.20832000
-0.09504480
0.38872700
-0.23612400
-0.29589900
0.34583600
0.17150900
-0.00946646
-0.26731900
0.16818800
0.29803900
0.22122800
-0.35890200
-0.21991000
0.68082800
-0.08104030
-0.09827910
0.43232100
0.16179100
-0.18039700
0.03181770
0.38615100
0.48376500
0.58395600
0.31416700
0.07287480
0.06592130
0.55073500
0.08103950
0.00612446
-0.12695900
1.12654000
-0.24395000
0.06161270
-0.06683720
-0.25234700
-0.05967210
-0.10873800
0.10752500
0.51184300
0.28050300
0.26253700
0.00188126
-0.24219300
-0.24186800
0.15686300
0.03359450
-0.20188400
-0.19681500
0.10128400
-0.06086640
-0.37567600
0.16486700
-0.16277400
-0.02801600
-0.32788000
0.75749400
-0.35433900
-0.40441500
0.04772800
-0.06535410
-0.14218000
-0.05655150
-0.23400800
-0.17703500
-0.36024800
0.25464200
0.48487200
0.14041900
-0.39319100
-0.35751400
0.82366600
-0.34610300
0.13983400
-0.13509600
0.38135300
-0.10021600
-0.12621500
0.21692800
-0.12314300
-0.12645500
-0.13349100
-0.32837500
0.10373500
-0.31695800
-0.24085500
-0.05664050
-0.18056200
-0.28242700
-0.32329400
-0.03527210
-0.19084200
-0.00711695
-0.19948700
-0.27463700
-0.14311500
-0.31667300
-0.11181400
-0.15788800
0.12147200
-0.12342200
-0.15935200
-0.08720580
0.16895400
-0.23042400
-0.32936700
-0.00381326
0.06132000
-0.19582700
-0.21811200
-0.28033600
-0.09390120
-0.14539700
0.42973700
-0.14900600
-0.30802300
-0.29437300
-0.17928800
-0.21089500
-0.09866080
-0.23216500
-0.12386900
-0.17507600
0.14655100
-0.12553300
-0.14826200
-0.14538400
-0.19878200
-0.19066700
0.00669268
-0.06683290
-0.28732900
-0.11167500
0.44436600
-0.24721300
-0.25213600
-0.21514700
-0.16355700
0.15506800
-0.01403610
-0.16090900
-0.10685900
-0.22605500
0.26462700
-0.56805700
-0.18116000
0.03989030
-0.12265200
0.35294900
0.41446300
-0.20491300
-0.05059950
-0.17247100
-0.17157700
-0.13571400
-0.31860500
0.69435200
-0.23536000
-0.03524950
-0.28833800
0.57841600
0.23392200
1.06831000
-0.12575700
-0.32913800
0.08916920
-0.08048090
-0.45922700
-0.09030290
-0.14169600
-0.37562500
-0.22650200
-0.16559600
-0.22914000
-0.26848400
0.29805800
-0.25108800
-0.17631000
-0.11760600
-0.14599800
0.08835670
-0.09689320
-0.27056800
0.03468630
-0.03133630
-0.06497680
-0.09202950
-0.04467430
-0.46572100
-0.13381100
-0.31428100
-0.20510200
-0.07910090
-0.30581800
-0.09804740
0.01840890
0.08508260
-0.23544800
-0.22201100
-0.31615200
-0.00301542
0.61140300
0.03300440
-0.04714860
0.26457500
-0.01617510
-0.05395070
-0.17100800
-0.33178600
-0.08125260
-0.10136600
-0.12427900
-0.10174700
-0.16582400
-0.13767200
-0.35511200
-0.25324900
-0.30834400
-0.24818100
-0.60573400
0.13538300
0.79576000
-0.30495900
-0.22974400
-0.16385100
-0.19219700
-0.20969900
0.11007000
-0.07143090
-0.17871000
0.03299270
0.18543900
0.23294500
0.00016260
0.31825500
-0.20014600
0.11709000
0.03353030
-0.33560400
1.16440000
0.60594200
0.60885300
-0.19424100
0.17351200
-0.28357300
0.36749400
-0.13799800
-0.18536400
-0.12264600
0.12058600
-0.16588700
-0.11586200
-0.14473600
0.55949400
-0.29843600
-0.06381560
-0.31778300
-0.14235800
-0.11091600
-0.22036200
-0.20426800
-0.27707300
0.02575340
0.24848200
-0.05727310
-0.07626100
-0.19177200
-0.02384960
-0.32973100
-0.18442100
-0.10775900
-0.36851800
-0.03090690
0.16989300
-0.27446200
-0.28606600
0.57707500
0.15634300
-0.21911800
-0.19213400
0.57064300
-0.26816000
0.08216700
-0.33814900
-0.27890700
0.52826100
-0.36755400
0.10741400
0.20459300
-0.22364800
-0.24326900
-0.11470600
0.49334100
-0.02523780
0.03407910
-0.24172900
-0.31186600
0.02019460
-0.13745500
0.08685910
-0.18795400
0.03733860
-0.07525320
-0.05297330
-0.15626700
0.48836400
-0.52291100
-0.17862500
-0.12484600
-0.04003300
0.39612200
0.52423500
0.20863600
0.02831560
-0.30150100
-0.16054800
-0.34332300
-0.14248600
-0.22764200
-0.16148000
-0.36983800
-0.37346600
-0.15084700
-0.11915800
0.24091800
-0.39765000
0.84532900
0.01453320
0.01534770
-0.31281800
0.30337700
-0.00710100
0.36861600
-0.18571600
0.61409700
0.35338300
-0.14416900
-0.25180900
0.01856470
-0.15933900
-0.13089300
0.14907200
-0.09399740
-0.19565600
-0.02109350
-0.28697600
-0.12334400
-0.17894600
-0.14513200
-0.10557700
-0.21717700
-0.23617900
-0.26161400
-0.23073600
0.06988650
0.35148700
0.05383560
-0.09826550
-0.28669900
-0.25249400
-0.53874400
-0.03248570
-0.20984000
-0.06274810
-0.21317400
-0.11758300
0.06316070
-0.21954400
0.19189600
0.28902500
-0.29214300
-0.24612800
-0.22672100
0.27190800
-0.18037400
0.47793800
-0.33914000
-0.27313100
-0.09127900
-0.33462100
-0.06110280
-0.12946600
-0.22270600
-0.17050000
-0.26951500
-0.22227600
-0.10508000
-0.27339500
-0.23078500
0.09955890
-0.17574800
-0.24256500
-0.06869320
-0.15004700
-0.13843300
-0.39219900
-0.15744000
-0.24198000
-0.12589400
0.13666900
0.44847900
0.20178400
0.04950990
-0.10981300
-0.20376100
-0.20667400
-0.14863900
-0.13718900
-0.27934800
0.14213600
-0.16285200
-0.15285300
0.20136800
-0.14442600
-0.18857600
0.00082044
-0.26145800
-0.10104300
-0.18215800
-0.16855300
-0.20990300
0.03519810
-0.24362000
-0.23495900
-0.22381600
-0.21320200
-0.20068400
-0.24744400
-0.30449000
-0.00577105
0.03045240
-0.12568000
-0.38958900
0.07640430
-0.21423700
-0.07920280
-0.38876700
-0.05005280
0.04106150
-0.22790400
-0.01629620
-0.09342280
-0.21813300
-0.15893200
-0.10374900
0.14949000
-0.31445300
0.04415540
-0.06773400
-0.09667410
-0.13050200
-0.16483400
-0.36621400
0.23098400
-0.22225500
-0.54790500
-0.28812800
-0.55324600
-0.40145300
-0.03455360
-0.19644500
0.05743020
-0.07901320
0.05537060
-0.06695590
-0.03141970
-0.06313430
0.95339200
-0.02998000
0.48731600
-0.26933400
-0.18898400
0.20237600
-0.10019000
-0.34082400
0.34480800
0.03110440
-0.22137000
0.08868310
-0.21021900
-0.20285300
-0.14508400
-0.15990500
-0.16213300
-0.20266800
-0.01134050
-0.18041200
-0.23385300
-0.24534500
-0.11018100
0.36412900
-0.06304900
-0.33000200
0.06221640
-0.32041200
-0.11247100
0.22655300
-0.04596650
-0.34685700
-0.24888500
-0.09105110
0.41657900
0.05399960
-0.07204510
-0.37805500
0.04137790
-0.07484540
-0.43646600
0.00569977
1.13071000
0.22060100
-0.02876450
0.88412400
0.13145000
-1.27121000
0.41572100
-0.23415500
-0.12570700
-0.08386920
0.35914400
-0.20475600
-0.09749430
-0.28545200
0.18118000
-0.24838200
-0.09987860
-0.33711200
-0.19431900
-0.18000300
-0.22338900
-0.12943900
-0.33844000
-0.07962060
-0.49297200
-0.17089600
0.44702100
0.22437900
0.05586030
-0.14947000
-0.18105100
-0.16569400
-0.30877800
0.37565900
0.04339750
0.11098800
0.27822100
1.69546000
-0.30777900
-0.13277900
0.25192700
-0.23643800
-0.19098100
0.40144300
1.37640000
-0.04803290
-0.33590500
-0.06820710
-0.31413900
0.09889880
-0.14924400
-0.16561400
0.56847600
0.12869700
0.22067000
-0.14513400
0.03386030
-0.27986500
0.31662200
-0.22193300
0.03933260
-0.24986900
0.04239690
-0.23055800
-0.01525760
-0.38317300
0.16026600
-0.05902540
-0.22711100
-0.11281700
0.42210600
-0.05072450
1.05174000
0.49828400
1.15714000
-0.34712200
-0.00018336
-0.25652200
-0.17127800
-0.28988500
-0.28677900
-0.33298700
-0.20647300
-0.22612200
-0.23783400
-0.20830600
-0.13670000
-0.09729120
0.08805210
-0.15805700
-0.02788380
-0.02535080
-0.31054000
-0.23827100
-0.23286000
0.14909000
-0.39276000
-0.18716900
-0.09922690
-0.03661730
0.09370760
-0.18618200
-0.08481760
-0.20721200
-0.08939010
-0.09692980
-0.33568400
-0.41338500
0.52352000
-0.24130000
0.29309900
-0.12461000
-0.08462750
-0.28495900
-0.11843300
-0.23630300
-0.11570900
0.02277510
0.00445870
-0.11090700
-0.13975900
-0.09046170
-0.16243800
-0.06942120
-0.19307100
-0.27024100
-0.31472600
-0.13461100
-0.30352600
0.15910100
-0.01828620
-0.02657330
-0.32194700
-0.12721500
-0.16025300
0.02081000
0.00154224
-0.24710300
-0.10146000
0.10538500
-0.32856500
-0.22435800
0.00539574
-0.01155640
-0.43753600
-0.23446500
-0.11337700
-0.30287800
-0.21367300
0.41072000
-0.17213500
-0.29410900
-0.18750100
-0.14464800
-0.20987600
-0.26050500
-0.00714381
-0.23213400
-0.41853400
-0.37322300
-0.11137100
-0.14704400
0.03058000
-0.26623400
-0.26590500
-0.01187470
-0.26272300
0.60229600
0.10709900
0.45939300
0.08336880
0.05876200
0.95727200
-0.37507200
-0.07079980
0.21689700
-0.13409700
-0.17436400
-0.15853000
-0.21779500
-0.27836600
-0.08950970
0.34388100
-0.33329900
-0.06145680
-0.28802100
-0.36931700
-0.23519500
-0.20942800
-0.26085000
0.10989600
-0.05086910
-0.17015900
-0.31591700
-0.21338000
-0.30951700
0.04884200
-0.33107200
0.09214870
-0.40085600
0.41171100
-0.14479400
-0.08921100
-0.40627400
-0.14341300
-0.34621300
0.19448700
-0.29062600
0.28377100
-0.30538500
-0.05698380
-0.41171400
0.04420560
-0.22323600
0.28755600
-0.02884140
-0.19816400
-0.14583800
-0.18087600
-0.25244300
0.05908890
0.08078990
-0.12250100
-0.19885800
-0.07575260
-0.58427900
-0.07572600
-0.35560000
0.09807030
0.43921900
0.01319480
-0.20379100
0.10292200
-0.00504751
-0.27109200
-0.14044000
-0.38921500
-0.25637800
-0.00402981
-0.19922700
0.07532860
-0.29139100
-0.21490000
-0.17386000
0.19948600
-0.07203460
-0.12092200
-0.38077200
0.04714640
0.33129200
0.01588110
-0.11709400
-0.27409500
-0.18908000
-0.06480940
-0.20415800
-0.03813380
0.20668100
-0.11342400
-0.06341060
-0.41766000
-0.39717900
-0.08556130
0.15499100
0.03608780
-0.24981900
-0.16344100
-0.11894500
-0.20830600
-0.29391900
-0.07685130
0.05757500
-0.24298900
0.05756640
-0.11582700
0.42911900
-0.22274500
-0.27254600
-0.06207410
-0.03517960
-0.24847400
-0.10225300
-0.25653000
-0.30563100
-0.23250600
-0.14088700
0.02488760
-0.11337900
-0.18390000
-0.45269100
-0.52297600
-0.12291200
-0.07403390
-0.14664500
-0.10801500
0.06043770
-0.17201900
-0.07993070
-0.18670700
-0.26162300
-0.15097800
-0.12986700
-0.21036800
-0.16493700
-0.18553100
-0.14409800
0.11068500
-0.13041200
-0.09784060
-0.12287500
-0.17216300
-0.12512400
-0.25188200
0.07240570
-0.20617600
-0.21311200
-0.37067300
0.00444795
-0.31302600
-0.01930880
-0.05859620
-0.01043340
1.01540000
-0.25523700
-0.04876950
-0.38471900
0.29927700
0.02170700
-0.25760400
-0.24306200
-0.39627600
-0.21339800
-0.25376100
-0.18044900
-0.17288600
0.19154800
-0.15538600
-0.08814510
-0.39402400
-0.21182100
-0.17045800
0.03404330
-0.20433600
-0.23113100
-0.15266500
-0.31225000
-0.16684700
-0.33328300
-0.05422160
1.14696000
0.33229700
-0.15294200
-0.34668700
-0.33277300
-0.16723800
-0.21273100
-0.38999300
-0.12464800
-0.14072000
-0.14969300
0.17625400
-0.21465400
-0.23903000
-0.00722957
-0.28328800
-0.09118960
0.23660100
-0.25401200
0.55042300
0.08331450
-0.31812300
-0.40625900
-0.32504600
-0.38672300
-0.37897700
-0.11731600
-0.39804900
0.05862600
0.27527300
0.38381300
0.04760930
-0.17813800
0.32481500
0.73279400
0.34928300
0.32038400
-0.38690800
0.07939880
-0.06405860
-0.14450300
-0.34112600
-0.15531800
-0.07777770
-0.27830300
-0.15250800
-0.10381200
-0.35435000
-0.22988300
-0.25780900
-0.13803400
-0.30729500
-0.32242900
-0.34605800
1.09245000
-0.00018990
-0.22706000
-0.29084300
0.31372100
0.97325200
-0.13245600
-0.26214600
-0.15085700
-0.18353500
-0.34960000
-0.13873700
-0.23906800
0.17955800
0.77085500
0.19187000
0.22055600
-0.27256900
-0.26148900
-0.27593300
-0.29850800
0.44700800
0.43460400
-0.37832200
-0.16268200
-0.03270630
-0.35445700
-0.29888900
-0.30103300
-0.04286890
0.02435510
-0.11994200
-0.01339990
-0.16743500
-0.13380800
-0.20115300
-0.01028260
0.03696970
0.06759770
0.53926100
-0.10218200
-0.16067600
-0.00681075
-0.03298850
-0.09445470
0.36146600
-0.13526500
-0.07355540
-0.31800400
-0.11998400
-0.52111100
-0.11930800
-0.48726900
-0.15118400
0.00727903
-0.05979980
-0.01505910
-0.10532300
-0.19934100
-0.12790200
-0.29779300
0.30482900
-0.29828300
0.14311200
-0.04084820
-0.08403010
-0.16356300
-0.05343590
0.62782100
-0.16829700
-0.07142200
-0.24587700
-0.00101924
-0.10756500
-0.25352100
0.20656800
-0.26293300
-0.20830500
-0.21310900
0.11691000
-0.20789600
0.20905000
-0.25988300
0.01557800
-0.17854700
-0.13125300
0.03328150
-0.40584200
-0.16277000
0.20454400
-0.24394100
-0.02673530
-0.23136900
-0.00804781
-0.36054000
-0.01227450
-0.10201700
-0.25285400
-0.30411600
-0.26058500
-0.14031300
-0.08982020
-0.11962100
-0.17086600
-0.41186700
0.46326200
0.01752380
0.61918600
-0.32662300
-0.28488500
-0.09070170
0.94981300
-0.12848400
0.76815300
0.05858170
-0.50059700
0.40621800
-0.23367500
-0.23118400
-0.34782500
-0.42318700
0.16758200
0.20091700
0.42221900
-0.19408800
-0.21294000
0.04149280
-0.18616200
-0.07048240
-0.18599400
-0.18840200
-0.19049900
-0.22579900
-0.16701500
-0.40883100
0.75735000
0.22082900
-0.13522900
-0.32257800
-0.37213200
-0.31133800
0.16877500
-0.14725300
-0.17677200
-0.21590800
-0.18487400
0.27658600
0.33353300
0.06072140
0.46562700
-0.39158600
0.28745200
-0.10049000
0.53448200
-0.05869410
0.11178400
-0.02310380
-0.22976000
-0.17204300
0.24532900
-0.58500300
-0.10690400
-0.32508700
0.01850470
0.05986930
-0.39480600
0.17851300
0.50854700
-0.21150200
-0.18135300
-0.36633800
0.04762060
-0.54737300
-0.12877100
1.04688000
0.10172700
-0.29432700
-0.26683900
-0.18209200
0.10059700
-0.20892600
0.02278850
-0.20372700
-0.05660020
-0.07377160
-0.34999200
-0.42831200
0.20168000
0.16835300
0.29420000
0.27926300
-0.22462200
-0.16951800
-0.15995300
-0.12340200
-0.23692900
0.01009550
0.29220900
0.19215400
-0.01081310
0.12857600
-0.20561000
-0.02194780
0.20874700
0.01034410
-0.23764200
0.29277200
-0.13635800
-0.26870800
-0.02078140
0.28276300
-0.14856200
-0.12209300
0.05614550
-0.03707000
-0.10591300
-0.38872900
-0.18874200
-0.18137300
-0.19837300
-0.23535400
-0.30385300
0.21987200
-0.13266300
-0.30929800
-0.02910840
0.35795400
0.16108300
-0.35698200
-0.15240800
-0.12917300
-0.48831900
-0.18484000
0.05433240
-0.03559090
0.14767700
-0.11665700
-0.28044900
-0.26907000
-0.15853600
0.64411000
0.04830130
-0.14188800
0.79594500
-0.27519200
-0.03272870
0.09792460
0.31154900
-0.13780200
-0.43767200
0.21529100
0.52654500
-0.02015920
-0.24612900
0.27756500
-0.01434080
-0.07939360
-0.10802300
-0.24459200
0.13450000
0.11088200
-0.44429600
0.78780100
0.18365200
-0.25397500
-0.38640600
0.14869100
0.13994400
-0.06610870
-0.01968140
-0.45139300
-0.20842100
-0.21845800
-0.12328000
-0.15931900
0.25488500
0.05655130
0.21058400
-0.06077660
-0.18104700
-0.01668460
-0.00164372
-0.16279100
-0.23492100
-0.02192130
-0.21296800
0.00016354
-0.11578900
-0.27221700
-0.02409090
-0.38704300
-0.27048700
-0.27535300
0.00525492
-0.41022500
-0.17550500
-0.19920900
-0.27088000
-0.43101000
-0.28894700
-0.10430400
-0.01389020
-0.22696200
-0.29947200
1.30043000
0.67264000
-0.13924100
0.04708520
-0.12395200
-0.11541900
-0.18863400
-0.27193800
-0.16099300
-0.06797650
-0.01857250
-0.08629090
0.18143200
0.05202360
-0.38886700
-0.00546289
-0.01313370
0.41321000
-0.21270600
-0.28670100
-0.04347100
-0.06605960
0.09607150
0.31951600
0.94406600
-0.08296170
-0.11190800
-0.46452500
-0.34933200
-0.08731760
-0.26190500
-0.20223500
-0.27245200
-0.08170300
-0.18219700
0.25590600
1.50540000
-0.15352600
-0.24855100
-0.41428600
-0.26078600
-0.29080100
-0.39833200
-0.03213460
-0.09277500
-0.21764000
-0.24417300
-0.10437500
-0.06731310
-0.33123100
-0.30281500
-0.37206300
-0.14372800
-0.31125500
-0.11362600
0.23959800
-0.17988400
-0.12772500
-0.16323300
0.05609670
0.02608540
0.78299000
-0.27857000
-0.06560110
-0.11268400
0.78241600
-0.21881700
-0.14268800
-0.44506600
-0.14536100
-0.34926500
-0.26370000
0.45119900
0.21866900
0.07565680
-0.18679600
0.40291500
0.24461500
0.19655800
-0.02175790
0.20384600
0.19937600
1.07442000
0.10991500
0.77895500
-0.12129800
0.05494190
-0.00044785
-0.38916800
-0.40751800
0.63846600
-0.28526400
-0.18733300
0.21085500
0.47684700
-0.09383110
-0.31787500
-0.24988700
-0.28220700
0.18514000
-0.34555900
-0.06916780
0.11663200
-0.18273200
0.02970540
-0.24562600
-0.22407200
0.37014100
-0.17404500
-0.20276800
-0.09402290
-0.28967500
-0.21902000
-0.05867780
0.02463480
0.27573000
-0.16968400
-0.15271900
0.64237700
0.28195600
-0.33227500
0.04607740
-0.23739600
-0.19172100
0.35379200
0.75459100
-0.09013490
-0.33596500
-0.31302500
0.02339350
-0.20501800
-0.02981480
0.29967600
-0.25558200
-0.01066730
-0.43352000
-0.36049900
-0.29290200
0.19516600
0.05893420
-0.23571400
-0.22578800
-0.13067900
0.08385430
-0.19643000
0.16688900
-0.21256300
-0.10102300
-0.02852420
-0.27770800
0.00570106
-0.33075100
0.38149800
0.38382400
-0.14180100
-0.20962000
0.96991300
0.08496340
0.25951300
-0.17045900
-0.07762260
-0.02884360
0.55311200
-0.25481200
0.98157600
-0.19729900
0.16453300
0.06829830
0.25999100
0.44299400
-0.20898200
-0.10489500
0.03580550
0.51937300
0.67315500
-0.12873000
0.05274410
-0.24847000
0.59198500
-0.27063600
-0.03966150
-0.09150860
-0.20483500
0.25609200
0.57587100
0.79956900
0.53133800
-0.18555700
-0.02575600
-0.14079000
-0.16785600
0.39824900
-0.20586300
0.18985900
0.23291400
-0.19632200
0.10484300
-0.00161536
-0.23477600
-0.33289800
-0.36757800
-0.35609800
-0.53425300
-0.21449300
-0.08080220
-0.11918700
-0.17281500
-0.26593100
-0.15764500
-0.12347900
-0.20152000
-0.36239500
0.13028500
0.09425540
-0.07307670
-0.15350500
-0.22441900
-0.21984700
-0.05478240
-0.12690900
-0.23921100
-0.23593700
-0.39006900
0.14894600
-0.31218600
-0.23452800
-0.11118600
-0.25159100
0.25567300
-0.22495200
-0.08050010
-0.16866900
-0.20988800
-0.35606500
-0.16479800
0.00941998
-0.20445100
-0.01195030
-0.15730900
0.62701600
-0.16825700
-0.14659600
0.03922720
1.21615000
-0.09441460
-0.24499500
-0.05735040
0.22977000
1.36672000
0.01285090
-0.35818300
-0.31708200
0.25618100
-0.25031900
-0.10033500
-0.19733800
0.08777140
-0.23803000
-0.17152400
-0.16277600
-0.18577200
0.05665720
-0.10538000
-0.17604800
-0.03110630
-0.23510700
-0.29875300
0.05293360
-0.24026400
-0.16595400
-0.28080100
-0.21476300
-0.06824360
-0.40224200
0.02693470
-0.12744500
-0.41925200
-0.12337000
-0.16533300
-0.16752800
-0.23442900
-0.12056000
0.65778700
-0.02364720
-0.22531500
-0.31901400
-0.14713600
-0.14271500
-0.15073400
-0.32308000
-0.19088800
-0.15781100
-0.06346330
-0.03228230
-0.18712200
-0.08491670
-0.11673000
-0.32840700
-0.15263300
-0.00857316
-0.28486800
-0.12493500
-0.19573700
-0.30859300
0.52291200
0.28148000
-0.06616310
-0.04912730
-0.11590200
-0.21996900
-0.25160100
-0.23486100
0.53095400
-0.23117400
-0.06054740
-0.01092560
0.36158500
-0.34215400
-0.35087300
-0.30073700
0.15162600
0.57059400
-0.25831600
-0.02548340
-0.23596900
-0.00919947
-0.12515100
0.00702514
-0.15279200
-0.13810500
-0.11102800
-0.54463700
0.10383500
-0.20177800
-0.11380300
-0.22393500
-0.30429700
-0.02925800
-0.13308800
-0.16899500
1.22596000
-0.10007300
0.08439520
-0.24761800
-0.24237300
-0.03935460
-0.13486600
-0.35268700
-0.25323000
-0.36083500
0.03208850
-0.31401900
0.03091110
-0.21447100
-0.05584990
-0.05080290
-0.11679500
-0.29476500
-0.17147300
0.00669850
-0.20374400
0.15271700
-0.39926400
0.10037900
-0.12571300
0.05645370
-0.09486430
-0.18614800
-0.21578100
-0.10362200
0.02305530
-0.22185200
-0.04127190
-0.13858200
-0.24090700
-0.11733200
-0.37267500
0.07058640
-0.11896100
-0.15104900
-0.19984500
-0.14101100
-0.25757000
0.08784760
-0.26128500
0.14774700
0.07762060
-0.03243020
-0.37691800
-0.16339600
-0.21708600
-0.34074600
-0.10685000
-0.29263900
-0.20805700
-0.04060930
0.15934600
-0.20423900
-0.02164150
-0.15833200
0.28659800
-0.16435100
0.02387490
-0.22440600
0.06996410
0.02112150
-0.36178900
-0.18017900
-0.09165680
-0.15496800
-0.27814500
0.37735900
-0.14164200
-0.22712900
0.60506700
-0.22029600
0.10171000
-0.13584600
-0.05003320
0.02643290
0.07711310
0.07524000
-0.04269840
0.27075600
-0.08983860
-0.01839850
-0.28923400
-0.18258600
-0.23796200
-0.06809680
0.44241900
0.08436620
0.66909600
-0.02789970
-0.19696000
-0.36285400
-0.32526300
0.01499860
-0.39723100
-0.13243700
-0.28429400
0.19508900
-0.37566700
-0.22136300
-0.24734900
-0.23881100
-0.20907100
-0.08724120
-0.32058100
-0.29883100
-0.10390800
-0.23777800
0.21014600
-0.22409100
-0.14797300
-0.04629300
-0.31203700
-0.07905450
0.52610500
-0.24080500
-0.04763410
-0.32997600
-0.05589700
-0.14380800
0.28945400
0.10019400
0.26646800
-0.00257199
-0.34274300
-0.41189600
0.26605400
-0.60029400
-0.17318900
-0.26859300
-0.07132460
-0.16257600
-0.18998500
-0.26867300
-0.35309800
-0.12495000
0.01334760
0.12412000
0.09386730
0.00951414
-0.13316900
0.01934300
0.23108600
0.23804400
-0.14728200
-0.20773100
0.34234500
-0.28252200
-0.16364200
0.12886500
-0.00631288
-0.07717370
-0.25825100
-0.16163600
0.18071600
-0.16970900
-0.27606100
-0.42675000
-0.27594100
-0.08665870
-0.08840200
0.08929480
0.11202600
0.49035100
-0.06899370
-0.23752500
0.12253500
-0.19623300
-0.19077000
1.56573000
0.00925292
-0.30495400
-0.29674300
-0.32537700
-0.18417700
-0.19283800
0.03220690
-0.17438700
-0.19356500
-0.15605400
-0.15919200
-0.23137800
-0.09928550
0.04386380
-0.31933100
0.03011460
-0.17035100
-0.19102200
0.20896800
0.06799720
-0.34058600
-0.10566500
-0.25612400
0.49166700
0.14736900
-0.35479600
0.49982200
0.93202500
0.14186100
-0.24768900
-0.04116610
-0.19590700
-0.19438200
0.36322700
-0.24658400
0.37120900
0.24564100
-0.41325700
-0.19238800
0.08398900
-0.00248658
0.01191430
-0.13503900
0.08586390
-0.28267400
-0.25783200
0.62609200
-0.09380940
-0.05387970
-0.11567000
-0.19358800
0.15574400
-0.10876500
-0.17221800
-0.16716100
0.06155390
-0.23452700
-0.34890600
-0.00485852
-0.31643500
-0.03235290
0.07268080
0.33162700
-0.09147940
0.33526500
1.00783000
-0.01879500
0.26679100
0.42426200
0.45694000
-0.12521400
-0.16920500
0.20469600
-0.01847130
-0.29438300
0.41424200
0.16296500
-0.29855400
-0.34097500
0.41138400
-0.19190200
-0.05759270
0.22693500
0.22166600
-0.25359600
-0.00226992
-0.18546100
-0.10444300
-0.14632500
0.16566000
-0.10067000
0.20123000
-0.18641800
0.18622200
0.42854200
1.00310000
0.45768700
-0.11035100
1.01953000
0.68818000
0.36543900
-0.49414900
0.04084910
0.10460900
-0.51780100
-0.05672130
-0.42388600
-0.26114400
-0.03653340
-0.06430680
-0.23844900
-0.21301800
-0.11072300
-0.11749200
0.00737112
-0.24322000
0.05325040
-0.33940500
-0.25202800
0.02617310
-0.36973800
0.11092800
0.09869990
0.04145640
0.01398960
0.15751900
0.32326600
-0.04122560
-0.15576400
-0.17810400
-0.43706000
-0.11636700
-0.17780700
-0.05908320
-0.22427400
-0.14934800
-0.06573460
1.12743000
-0.15621400
0.47163500
-0.30731600
-0.31428600
-0.28334000
0.16047800
-0.21768600
-0.25515600
0.30632700
-0.17001800
-0.43021400
-0.33402900
0.11269300
0.02924220
-0.38109800
1.17715000
-0.06277040
-0.31014300
0.13516400
0.41877500
-0.43929200
-0.27058200
-0.01750710
-0.32356300
-0.14950000
-0.31705200
-0.16952100
-0.09719290
0.05942560
-0.29419600
-0.08232900
-0.17845400
-0.28575200
0.60793200
-0.04897150
-0.16174700
-0.17494100
0.03949060
-0.25068300
-0.34623100
0.51723300
-0.10113600
0.59838500
0.29295000
-0.22418500
-0.00453817
-0.21030400
-0.39109200
-0.17120600
-0.08493210
-0.15164500
-0.18798700
-0.20474600
-0.09755070
-0.17637000
-0.21537900
0.44701500
0.02358340
-0.05151060
0.33197900
-0.25278700
-0.20909100
-0.14623100
0.00443338
-0.34819900
-0.21221300
-0.12401700
-0.20769400
0.09945260
-0.21813200
0.01022390
-0.32042100
-0.28572900
-0.12518600
-0.16317200
-0.23301800
-0.17534600
-0.09352370
-0.32241500
0.25727800
0.13857500
-0.17879800
-0.04159100
-0.11541000
0.03623930
0.00809735
-0.14243400
-0.16494400
-0.03683660
-0.10798000
0.19121600
0.01645090
-0.09857440
-0.30770200
-0.09915530
-0.00339388
0.16384200
-0.18079700
-0.22038400
-0.22967100
-0.22736200
0.67744000
0.41473800
1.02839000
-0.26014100
-0.12802700
0.09139230
-0.01063440
-0.42759200
-0.17419900
-0.26224100
-0.08999960
-0.25015400
0.95635800
-0.27874100
-0.20276200
-0.33977500
-0.19871600
-0.26944700
-0.09091280
0.28220800
0.02587070
-0.00453073
-0.21881300
0.00648542
-0.22289600
-0.18723700
-0.32769500
-0.36419400
0.06430730
-0.24042800
-0.15817200
-0.01281390
-0.11169500
-0.16943500
0.03412050
-0.24657200
-0.30913700
-0.15931200
0.04086130
-0.34509200
-0.04599090
0.16156100
-0.25450000
-0.51466900
0.20476800
1.07878000
-0.22545000
0.34744600
0.24005100
-0.11927000
1.04790000
-0.03389250
-0.16945500
0.30408500
-0.22464500
-0.12376600
-0.19775200
-0.05914150
-0.21869900
-0.29804400
-0.22023200
-0.18021000
-0.23745000
0.13490800
-0.22024800
1.04855000
-0.22003700
-0.15511000
-0.05480310
-0.14681600
-0.20110700
-0.15401300
-0.44371300
-0.02274710
-0.15629600
-0.18511300
0.16392500
-0.25071800
0.69502000
0.10619800
0.10093400
-0.27825600
-0.33402800
-0.44173400
0.01630540
-0.11700800
-0.32231400
-0.21389300
-0.06184220
-0.28372100
-0.19187300
-0.11341800
-0.37679400
-0.07152140
-0.02964180
-0.26538500
-0.18268400
-0.27730500
-0.27458600
-0.18887500
0.38061900
-0.28688100
-0.35049100
-0.16400800
-0.21509400
-0.29638000
-0.18335600
-0.04805030
-0.14086800
0.25354600
-0.02164450
-0.43226100
-0.20971600
0.08112910
-0.14948400
0.09685250
-0.26521400
0.07557260
0.70444000
-0.25105000
-0.05761680
0.46604000
-0.12490700
-0.15676200
-0.22358700
0.24857000
-0.15514000
0.52895900
-0.19970500
-0.14728100
-0.12951900
-0.01858740
-0.15723900
0.03829820
-0.10174100
0.01489450
-0.06730990
-0.26997100
-0.42772900
-0.15405400
-0.21449000
-0.08492450
0.32477600
0.05991000
0.32388200
0.06370770
-0.17698700
0.45159800
-0.17659200
-0.00013951
0.11916700
0.16901900
-0.16279700
0.97618700
-0.00760654
-0.24983800
-0.26031500
0.31139500
-0.20797700
-0.13309200
-0.26927500
-0.16798600
0.09149430
0.07344360
0.19305800
-0.04501800
-0.37656500
-0.11194000
0.06625310
-0.08632940
0.88016200
-0.27515000
-0.15832000
-0.58280400
-0.22425700
-0.00098208
0.00983231
0.84083600
-0.22348100
0.01468290
-0.24881400
-0.49228000
-0.13967500
0.00904064
-0.30991900
-0.00974564
-0.22115600
-0.02971880
-0.18491900
0.61280600
-0.17763300
-0.07173950
-0.20899300
0.02151330
-0.16184100
-0.04976210
1.25893000
-0.20236800
-0.47181100
-0.15980400
-0.12822100
-0.20666600
-0.07498720
-0.11116700
-0.04832550
-0.16278600
-0.31650400
0.04681430
-0.34630100
-0.00062641
-0.12917300
-0.06941710
0.05768340
-0.09216880
-0.14910000
-0.09706990
-0.05432860
-0.13872700
-0.21812000
-0.43466700
-0.12823700
-0.15788500
-0.10813800
0.12784100
0.05848230
-0.20147200
0.46841700
-0.02140640
-0.14040600
0.25016000
-0.11041500
-0.13574100
0.34428900
-0.31291300
-0.20860900
-0.13488500
0.24759100
-0.11036400
-0.10538500
-0.04073050
0.37203200
-0.29868700
-0.26169100
-0.13504800
-0.12597500
0.09859380
-0.22848100
-0.27262600
-0.15917300
0.03115010
0.16298900
-0.28804300
-0.26498600
-0.13805600
-0.23150300
-0.15951200
-0.02060080
0.36860800
-0.01413990
-0.16407800
-0.16195700
0.11785300
-0.04564640
-0.19258500
-0.30082200
-0.24549900
-0.03159880
0.12184800
-0.20340600
-0.24802000
0.01261060
0.16530300
-0.09207630
0.37933000
-0.11000800
0.53755400
-0.00121444
-0.31261000
-0.22838800
0.50933800
-0.34470300
-0.21689500
0.13436900
-0.33675600
-0.17314200
-0.14597400
-0.25070800
-0.20016900
-0.23095300
-0.10652700
-0.24956800
-0.30883700
0.00654776
-0.30965000
-0.17414800
-0.10267900
0.02356190
0.03087400
-0.24574800
-1.31234000
-0.06167920
-0.28405700
-0.03729810
-0.23000600
-0.28805500
-0.32322200
0.24586800
0.14758500
-0.38990200
-0.07259290
-0.09052960
-0.20547500
-0.13696000
-0.04036570
-0.32702700
0.18593400
-0.27960800
0.13016600
0.13774000
0.00100264
-0.24351500
-0.23477600
0.00227272
-0.23211700
-0.24358200
0.24839100
-0.21067800
-0.12348600
2.41945000
-0.19604700
0.34027200
0.01104440
-0.10101000
0.22331800
0.48375300
-0.21069800
-0.18828300
-0.15752200
-0.05512410
1.18578000
-0.05270300
0.54285400
0.20525300
0.76039700
0.23306700
-0.23030900
0.02442960
0.24828500
0.57453700
-0.22412300
-0.18442300
0.40034900
-0.28049100
-0.06821660
0.05251840
-0.52096800
-0.02715720
0.44794800
-0.01302640
-0.31108200
-0.20870100
0.12402700
0.06786680
0.08455470
0.98520100
1.01498000
1.48031000
0.05187910
1.28838000
0.04843310
-0.18825300
-0.17953100
-0.14980900
0.01013840
0.10375700
-0.03249960
0.24309700
-0.06874050
-0.06035770
-0.28560900
-0.06741270
-0.25193100
-0.10746500
-0.13612400
-0.26887000
-0.10368000
0.38559900
0.22093600
0.17979500
-0.04996500
0.53518000
0.07188400
-0.26526400
-0.21383900
-0.14355700
-0.19413600
0.87700500
-0.53605600
-0.15307300
-0.08552540
-0.32023100
-0.19409000
-0.17936900
-0.08510610
-0.10196500
-0.25624200
-0.17351000
-0.25417500
-0.11067400
-0.04810650
-0.14309000
0.38689400
-0.15908700
-0.34251100
-0.16322800
-0.28545700
0.21052500
-0.05829440
-0.38284900
-0.22507400
-0.17091000
1.37085000
-0.41650500
0.18401800
-0.14515700
0.70938700
0.02711000
-0.13032000
-0.14980500
0.08902510
-0.13314600
-0.02534780
-0.11854500
-0.28034700
-0.04327370
-0.28869000
0.08887260
-0.22847600
0.11269000
-0.09879680
0.19855200
-0.11938400
-0.06191610
-0.24627500
0.36645200
-0.48492700
-0.08771390
-0.13592100
0.19416000
-0.19858100
-0.31544600
0.34305500
1.19422000
-0.35638600
-0.16750600
1.01869000
0.31353500
0.21079400
-0.07905010
0.38358700
0.45431100
-0.11465500
-0.09131490
-0.26626000
0.22861100
0.05580280
-0.23506200
0.03393640
0.35518800
-0.25340500
-0.22129600
-0.28165200
-0.16571200
-0.12606300
-0.13534500
-0.22897100
-0.07943590
-0.10021500
-0.07883400
-0.12036600
-0.29971900
-0.06029090
0.29761000
-0.25685500
0.05199620
-0.16441100
0.96265800
-0.12168800
-0.02332130
-0.15049200
-0.00244554
-0.10018500
-0.23977600
-0.29424100
-0.18987700
-0.28508600
0.05043690
-0.28074000
-0.29371900
-0.11123600
-0.37854900
-0.38444100
-0.05150910
0.04354500
-0.29814900
-0.18378300
1.90672000
0.00567920
-0.10871500
-0.09505990
1.26509000
-0.14968000
0.05397120
-0.35105900
0.30256600
-0.22880100
-0.10278600
-0.02352860
-0.32440800
-0.26163800
0.67063200
-0.16024700
-0.12006600
-0.15444300
-0.25117100
0.02035320
0.32738600
0.83301600
-0.05673740
-0.32345700
-0.27809300
-0.09007230
-0.28833000
-0.21045600
-0.02605470
0.03561500
-0.07560190
0.11936800
0.23998000
-0.24096500
-0.04164590
-0.27002400
0.65384100
-0.29604800
-0.11779100
-0.20057800
-0.20512700
-0.17458900
-0.28296400
0.81160400
-0.19393800
-0.04920350
-0.37640000
-0.10766900
0.02407810
-0.11272100
-0.13052900
-0.15368800
-0.31631600
0.34248000
-0.33133000
-0.20420600
-0.31194700
0.08118620
-0.18038800
0.04082300
1.07083000
0.06579650
-0.29040200
0.17511000
0.04406740
-0.24289100
-0.23926900
-0.18745400
-0.16425300
0.00598574
-0.24994900
-0.26501200
-0.17682900
0.12952900
-0.24629100
-0.14782100
-0.24787200
-0.08994190
-0.26452600
0.16188800
-0.16207100
-0.10190600
-0.18041000
0.27050000
-0.08181040
-0.00043704
-0.06381590
0.80922800
-0.22860500
-0.15122400
0.40514300
-0.13007300
-0.03554550
-0.25297800
-0.14799400
-0.16090900
-0.31063100
-0.33372100
-0.07879100
-0.13393600
0.07705670
0.60558200
0.72900200
-0.12521900
0.01123630
-0.03517080
-0.03934550
0.18695900
-0.17813500
-0.06879960
-0.36262300
-0.19404800
-0.15870900
-0.24955000
0.04790630
-0.15733200
-0.28163700
0.62807700
-0.10871500
0.17889100
-0.30290700
-0.23993700
-0.14682900
-0.08742290
-0.12811900
-0.12010700
-0.21547200
-0.19280500
0.43880900
-0.37937800
-0.20361100
-0.35983500
-0.24412300
-0.05944470
0.05394590
-0.04272210
-0.51146200
-0.19539400
-0.19045900
-0.20867800
-0.39395200
0.09786830
-0.27810200
-0.38041200
-0.00569858
-0.05016990
-0.36443400
-0.05755830
-0.12085000
-0.08316490
0.20371500
0.13157600
-0.24207300
-0.12537100
0.17443800
-0.04784500
0.12981300
0.11734700
-0.08497900
-0.15040300
-0.19813900
-0.08592570
-0.18995100
0.00566417
-0.02973100
-0.15973600
0.34325100
-0.24714700
-0.49177700
-0.22950300
-0.30412700
0.07160480
-0.22754600
-0.09508250
0.02127060
-0.04717230
1.05218000
-0.44387500
-0.08229440
-0.39711900
0.38582800
-0.31987200
-0.30716400
0.16944300
-0.15432900
-0.21057800
0.50021900
0.06844720
-0.08900500
-0.32298700
-0.12720900
-0.17532500
-0.16031300
-0.14638000
1.03341000
0.00815614
-0.21973600
-0.05397500
0.05462470
-0.03708010
-0.30101700
0.15024700
-0.04095800
0.12851600
0.06009780
-0.22298700
-0.11210300
-0.11466500
0.29734100
-0.09694410
-0.18530200
0.13911400
0.17849700
0.56720500
-0.25857800
0.10056500
-0.15523500
0.16380200
-0.16795500
0.05474670
0.34969500
-0.06122530
-0.25729700
0.40108500
-0.07231240
0.52748400
-0.24673900
-0.19931400
-0.05641790
0.25071800
0.26249700
-0.06611830
-0.24575000
-0.09958160
0.26611300
-0.22638000
0.03629900
-0.14934600
-0.16941500
0.11596700
-0.35510100
-0.31912400
0.17266900
-0.35043300
-0.07785030
-0.17348400
1.48154000
-0.18655100
-0.00836867
-0.31368800
0.21854100
-0.25456400
-0.15829400
-0.04719950
-0.18363400
-0.14044300
-0.17007100
0.04998580
-0.26614200
-0.12015000
-0.03471460
-0.38351000
0.05058040
-0.02159990
0.12146800
-0.30369700
0.38454500
-0.30682200
0.23595900
0.07347740
-0.09901280
-0.30669600
-0.34576700
-0.29421100
-0.17252300
-0.35126000
-0.17454800
-0.26289700
-0.02853480
0.00589920
-0.29004300
0.25636900
-0.40447700
-0.34855600
-0.10701500
-0.31891500
0.01318360
0.87578100
-0.28048000
0.21259900
-0.19331300
-0.04646260
-0.32843900
-0.17261900
-0.33130800
0.20048400
-0.21730800
-0.13157700
-0.08396510
-0.18522100
-0.13736600
-0.07293990
-0.09455630
-0.04401810
-0.07860520
-0.20706600
1.23874000
-0.14030800
-0.15495300
-0.25724700
-0.03642700
0.44255200
-0.04053390
0.67231000
0.46636300
0.76623800
0.24057500
-0.27656100
-0.17238000
-0.18605100
-0.35742400
-0.31353800
-0.09593980
-0.07383740
-0.11260600
-0.10048500
-0.27972700
-0.24736800
-0.16917600
-0.25322300
0.06171400
-0.32107800
-0.20798600
-0.21064100
-0.26093100
-0.19463100
-0.26444500
-0.05575550
-0.26145500
-0.26361700
0.11015800
-0.21390900
-0.13551600
-0.03820240
-0.23743500
-0.06358690
-0.09733530
0.12448200
-0.19927000
-0.23151500
0.06524790
-0.34995700
0.40662700
0.97429400
-0.17694300
-0.01496150
-0.42914300
0.10035900
0.05810110
1.17673000
0.35917000
-0.03701330
-0.31523100
-0.13677400
0.14560600
-0.14445400
0.34895700
-0.14695500
1.28113000
-0.23142100
0.21467400
-0.18910700
0.08102260
-0.16808700
-0.45456800
0.64995700
0.04300010
0.37664700
-0.26862400
0.60800900
-0.25936600
-0.26124600
0.03071480
-0.24383000
-0.00700052
0.56241900
0.71081600
0.01600700
0.11172000
-0.16548700
0.01743230
0.37196800
-0.13246300
0.08156460
-0.24289300
-0.30834600
-0.25803700
-0.28704000
-0.04100530
-0.07924800
-0.01546090
-0.35661700
-0.25789100
-0.24068900
-0.11525700
-0.17836100
-0.44418100
-0.19986800
0.10058200
0.03560100
-0.10384900
0.88705900
0.49496400
-0.30617700
0.91358000
-0.28663700
0.17266100
0.44267300
1.70153000
0.30368100
0.20262500
-0.18936400
0.15630800
0.59864300
0.49114200
-0.06149790
0.09824570
0.20347300
-0.15942300
0.05616740
-0.21341900
-0.32646200
-0.22271600
0.38410400
0.03674070
-0.22819300
-0.12521900
-0.22485200
-0.03050610
-0.03578930
-0.27631900
-0.09273540
-0.36141500
-0.28809800
-0.18402500
-0.16132000
-0.39726900
-0.18300100
-0.14094500
-0.27207700
-0.23325600
-0.18060500
-0.11890100
-0.20828600
-0.15707500
0.05786100
-0.03380260
-0.43363600
0.90141200
0.04262140
-0.21721900
0.74237200
0.71627300
-0.08984940
0.47722500
-0.13913400
-0.23502400
-0.12809800
-0.00316321
0.25572000
-0.35916200
-0.42523800
-0.11085700
0.00522651
-0.19297300
0.13849100
-0.36097700
-0.00316321
-0.10920300
-0.12083200
-0.19803300
-0.19296300
0.37330900
0.25571400
-0.35491000
-0.28604100
-0.60994300
0.07348200
-0.25689200
-0.38086800
0.07303000
0.15760500
0.15031200
-0.19768800
-0.12132300
-0.07607320
-0.08080880
-0.19762700
-0.14235300
-0.17222800
-0.04866750
-0.17756100
-0.12402000
-0.53926200
0.86785700
-0.06812110
-0.00528417
-0.10757600
0.01940180
0.34938400
-0.02452530
0.55516500
0.36910500
-0.25259200
-0.15059600
-0.13463700
0.17559400
0.28055500
0.09976900
-0.44579200
-0.11007100
-0.18358000
0.70397700
-0.07099930
-0.37836700
-0.37931200
0.36033500
0.19140000
-0.30044600
-0.24936000
-0.16475000
-0.23675900
0.02704440
-0.17595800
-0.35059200
-0.15644100
-0.08735090
-0.33603400
-0.20624000
-0.00113772
-0.16112200
0.26549400
-0.08697360
-0.08697360
0.60528100
-0.18111300
-0.02584370
0.15199300
-0.08921220
-0.00970584
-0.07303910
-0.08076690
0.29168900
-0.04614990
-0.12847800
0.90894700
-0.26681800
-0.21402300
-0.17522900
-0.37550700
0.84259300
-0.08206710
0.20833300
-0.28559300
-0.20206000
0.56402600
-0.50799600
-0.26746900
0.22193100
0.10679800
-0.21192900
-0.03251650
-0.56863400
-0.10726000
-0.27934300
2.18097000
-0.13511600
0.20462800
0.26007700
-0.22465000
-0.26149800
-0.13397900
-0.34568000
-0.18971200
-0.34955300
-0.09812750
-0.10173900
-0.34587900
0.57057900
-0.21426100
-0.28445200
-0.10374200
0.53684200
-0.11140200
-0.51177600
-0.21311200
0.28932600
-0.18909800
-0.13884900
0.31322300
-0.08296550
-0.09442120
-0.13731000
-0.20329700
-0.21717100
0.19911500
0.08111820
0.23393200
-0.18535800
-0.42448200
-0.25513400
0.31180800
-0.30817800
0.01918650
-0.09117870
-0.14235300
-0.04278330
0.09560150
-0.07556530
-0.21009800
0.13447000
-0.17194300
0.89335800
-0.20094900
0.50220700
-0.04044920
-0.20851900
0.18043700
-0.21688700
0.04829560
0.19458800
-0.20949300
-0.06413930
-0.30214400
-0.30741900
-0.05502750
-0.23340000
-0.19167300
-0.33787600
-0.11084700
-0.20953000
-0.38436300
0.01772110
-0.14795200
-0.14795200
0.07170940
-0.25519400
0.36436500
0.45363100
-0.04192920
-0.13383400
-0.06540860
-0.04653700
0.08721880
-0.20128300
-0.29747600
-0.22317100
-0.19288500
-0.20689000
0.02684030
0.01520060
-0.18578300
-0.02804610
0.52907500
0.01267830
0.38929000
0.44048700
0.09077070
0.30095700
1.01086000
-0.09268150
0.06618140
-0.23289200
-0.07444080
-0.25011000
-0.11525900
-0.17657600
-0.26027800
-0.16340000
-0.02859560
-0.23784300
-0.26731800
0.80175100
-0.26706600
-0.39466200
-0.21075700
0.89315400
-0.25517400
0.02642320
-0.17841000
0.03743650
-0.34018900
-0.34491700
-0.05471580
-0.24185600
-0.17498400
-0.33079500
-0.30478200
-0.10516800
0.18625200
-0.18370200
-0.00589441
0.65698800
0.05390450
0.01548400
-0.19167200
0.35789200
-0.16945900
-0.01802650
-0.28089700
-0.11451600
0.07485800
0.01866250
-0.25535900
-0.16553600
1.00084000
1.05635000
0.22512500
-0.11658000
-0.15933100
-0.24106700
-0.19946100
-0.15908200
-0.10485900
-0.15807000
0.30831500
0.29304800
-0.14671800
-0.15508700
0.13760200
-0.16893300
-0.40472400
-0.31516100
0.03194720
-0.20699000
-0.05812390
-0.34177400
0.03498940
0.01687550
-0.20497100
-0.40090100
-0.28514100
-0.15331300
0.54399800
-0.08506060
0.03524750
-0.20990000
0.40287800
0.29999600
-0.13755000
0.22559700
-0.05629430
0.36557300
-0.00283161
0.30664300
-0.16867500
-0.60797000
-0.16040000
-0.13331700
0.05217390
-0.17585800
-0.18848500
-0.18972800
-0.10245600
0.29849100
-0.09623150
-0.01945590
0.65599600
-0.15636100
-0.23974300
-0.23914800
-0.21411800
-0.16959100
-0.25878300
-0.21761100
-0.21480500
-0.16300300
0.23656100
-0.18365600
0.28501500
0.44779400
-0.07865190
-0.21485100
-0.38257300
-0.43156100
-0.11687600
-0.36011500
-0.39179100
-0.10246200
0.30892300
0.14200600
-0.15454800
-0.18916600
-0.43369100
-0.09150610
-0.21497000
-0.29177300
-0.22651300
0.05121900
0.21848600
-0.12339100
-0.22159500
-0.18716900
0.25159100
-0.29448200
-0.04732120
-0.13582700
-0.25667800
-0.36388200
-0.17567000
0.00789981
-0.35310300
-0.18294500
-0.09463740
0.23546300
0.18790900
-0.06045040
-0.16971000
-0.21124800
-0.31934400
-0.25004100
-0.13246500
-0.20870800
0.16505600
-0.24898400
-0.39374500
-0.15985100
-0.36179700
-0.38243200
-0.09757150
-0.06433780
-0.28446600
-0.41985900
-0.16720800
-0.21314100
-0.28945000
-0.25620400
0.07387860
-0.18462400
-0.22064900
-0.14798900
0.22660100
1.19600000
0.88356500
-0.08309600
-0.07073580
-0.10412500
-0.09285420
-0.35462000
-0.17682000
-0.01578810
-0.03411560
-0.28648200
-0.11185000
-0.24578500
-0.34132300
-0.13889700
-0.47582100
-0.17893900
-0.08058680
-0.04912190
0.48432800
-0.21839400
-0.14441500
-0.47265400
-0.43304900
0.11498400
0.03136110
-0.17150100
-0.24343700
-0.18071500
0.24557700
0.07242220
-0.13273500
-0.16849100
-0.00101446
-0.18706300
-0.21813600
-0.16644700
0.01854840
0.05008460
0.01198480
0.01531760
-0.01887160
-0.26080000
-0.14000400
-0.17152900
-0.39969100
0.08987930
-0.17636600
-0.09614180
0.02149710
-0.16196500
-0.40312800
-0.10221500
-0.17940900
-0.02982970
0.42480500
1.19299000
-0.04526820
0.17584300
-0.31191600
-0.29084200
-0.16097900
0.36686400
-0.24451100
-0.34749800
-0.07566840
-0.32873100
-0.17588700
-0.16669600
-0.23470500
0.10237500
-0.07467960
-0.22727600
-0.19857500
-0.16602800
-0.24623400
0.13334200
-0.10879000
-0.13308000
-0.55821400
-0.27283600
-0.16156200
-0.31494800
0.45019800
-0.21523200
-0.28889600
1.33355000
-0.28859400
-0.24078900
0.22796900
-0.10828200
-0.18296300
0.10168100
-0.04042780
-0.32739600
-0.18054800
-0.07825240
-0.04814510
-0.31198800
-0.34162300
-0.09420390
-0.24025800
-0.34140700
-0.36771200
-0.09847930
0.34750900
-0.24746700
-0.29475200
-0.17689100
-0.16129900
-0.22444700
0.35965500
-0.06052630
-0.21391300
0.20161600
0.82438900
-0.19046900
-0.14416300
-0.11098700
-0.05110920
-0.14118400
0.02813160
-0.07892490
0.00096283
0.05986240
1.02632000
-0.17148000
-0.20067800
1.51229000
-0.35960500
-0.15449300
-0.02119490
-0.16043200
-0.22068800
-0.41932400
-0.35208400
-0.24582600
-0.20675800
0.03175350
-0.18657400
-0.16031300
-0.02185900
-0.07158870
-0.16329800
-0.37610000
-0.02686690
-0.23787700
-0.25624600
-0.34546500
-0.28831700
0.09615070
-0.43438300
-0.45061700
-0.14501500
-0.12427600
-0.17755300
0.79551300
0.06553880
-0.11011700
-0.15026400
-0.12229100
-0.24061900
-0.00801648
-0.02161880
-0.13830100
0.20110100
-0.09138280
-0.07324710
-0.22518200
-0.28300300
-0.26216100
-0.12677000
-0.15947400
-0.10598400
-0.01943510
-0.12257500
0.18023800
0.76208800
-0.31144400
-0.05007350
-0.18142200
-0.24013000
-0.07618420
0.46313100
0.91704000
0.26547600
0.08508890
-0.26016600
-0.18725600
0.15996100
-0.09627980
0.20748500
1.63930000
-0.23720800
-0.17286000
-0.10491100
-0.09377660
-0.06168510
0.18536800
0.26408200
-0.10050500
-0.43651600
0.45237600
0.46856900
0.73073300
0.50824100
1.99688000
-0.02770890
1.17139000
0.20090000
-0.23779900
-0.21257800
0.74843500
1.31945000
-0.17770600
-0.10370200
0.34526800
1.13817000
0.65203600
1.14702000
-0.23341400
-0.10505300
-0.13319200
-0.25372800
-0.05784160
-0.42638600
-1.27061000
-0.25511200
-0.24842200
-0.19526100
-0.10366100
0.03077360
-0.20102200
-0.05095800
0.43050000
1.22570000
-0.22361700
0.39525400
-0.06378070
-0.20598600
0.50383300
1.36420000
1.52468000
0.57565500
-0.12522800
-0.23681200
0.05979740
-0.11749600
0.24460900
-0.01012360
-0.12790900
0.28088400
-0.21609600
0.02675020
0.41353700
-0.26672700
-0.15042200
-0.01412670
-0.19314700
0.03581680
0.31439800
-0.07764700
-0.27459600
-0.23743400
0.58584100
-0.25190400
0.08825450
-0.36772000
-0.17975700
0.11958500
0.08294210
0.10057400
0.14201200
-0.22461100
1.00555000
0.48332800
0.29502700
-0.04256740
-0.28997100
0.93851800
1.14142000
0.67600600
0.66285500
-0.26532900
-0.11189600
-0.16958400
-0.22861600
-0.13483100
-0.20039800
-0.14040100
-0.14226300
-0.35736200
-0.14682800
-0.05852250
-0.16102500
-0.26339600
-0.20707300
-0.08984040
0.13147600
-0.37653400
-0.05751720
-0.00575907
0.22875700
-0.10449300
-0.36828800
-0.06065680
-0.37145700
-0.15446400
-0.14573200
-0.42941200
-0.42378200
-0.13379600
0.03916750
-0.41063100
-0.15018700
-0.15011200
-0.38753100
-0.04859840
-0.17997700
0.14395500
-0.37151400
-0.27409600
-0.52430700
0.14584300
-0.02028140
-0.20273900
-0.12068200
0.03256340
-0.06619380
-0.24004100
-0.13309800
-0.30956700
0.04694860
-0.10619600
-0.43112100
-0.52455400
-0.17088700
-0.23537600
-0.10304900
0.22440900
-0.18877600
0.02574180
0.16252400
-0.01690210
0.06527060
-0.26907500
-0.23183600
-0.49069600
0.09587130
-0.12076200
-0.05091500
-0.24565600
0.02700560
-0.10717800
1.22816000
0.84463500
-0.20250400
-0.33255100
-0.13288600
-0.05285540
-0.05388380
-0.19882800
0.64369300
0.21543700
0.01429460
1.15214000
0.39698600
-0.11515700
-0.24788000
-0.33760200
0.27865700
-0.19585900
-0.13627700
0.01120020
-0.08828920
-0.06337660
-0.01229310
-0.29085100
-0.21693400
-0.14111100
-0.00697534
-0.16855600
0.00135236
-0.10553400
-0.14489000
-0.22304100
-0.10110400
-0.24063200
-0.44400100
0.30736600
-0.18876500
-0.11070400
-0.19317000
-0.31067800
-0.30801100
-0.19697100
-0.09568630
-0.27846000
0.04869230
-0.19777800
-0.19870800
-0.20596100
-0.14828000
-0.13277800
