4.72545000
6.67341000
5.28738000
5.06498000
5.95044000
5.37339000
4.98704000
5.04630000
4.89713000
4.80021000
-0.38684200
4.75063000
5.04224000
5.11264000
5.01596000
0.99847600
5.53295000
0.27116600
4.88516000
5.54643000
5.52456000
0.95482400
5.64527000
5.23504000
5.70548000
5.23313000
0.61445400
5.18890000
1.15358000
5.16488000
5.38102000
4.87250000
5.02675000
5.61409000
0.49435000
5.47293000
5.71075000
5.23044000
5.07966000
4.74916000
5.35309000
1.67151000
4.80304000
5.18339000
0.59085900
5.16923000
5.50921000
5.03950000
-0.36630800
0.16503200
-0.74681900
-0.32925200
-0.30785900
-0.17757400
-0.27646400
0.19610400
-0.42131900
0.07947530
0.26653400
0.60713200
0.19141300
-0.42923900
-0.25460100
-0.00943058
0.26247500
0.23776500
-0.47071800
0.39364700
-0.23816600
0.11974700
-0.04470240
0.68342500
-0.05094730
0.96756200
-0.65377400
-0.22733700
-0.22673900
0.05230850
-0.12041600
0.07838450
0.20663700
0.14948600
-0.03096180
0.29669800
-0.03513750
-0.17102200
-0.29593300
-0.46210500
-0.80473500
0.12039500
-0.33985000
0.01945840
-0.64513800
-0.36557900
-0.07944190
0.00872744
-0.48075100
0.17758600
-0.27595400
0.13475700
0.92940600
0.22654600
-0.00308086
-0.60819200
-0.06139960
-0.15010500
1.21019000
0.31009900
0.18799500
0.57812500
-0.75537100
1.45081000
0.71782100
-0.81153200
-0.77711100
-0.09473300
-0.28552600
-0.00581551
-0.12315400
0.05390310
-0.53742700
0.26509600
-0.16853900
0.38961300
-0.55503400
-0.44159200
-0.45342700
-0.31307800
0.01438900
-0.41318200
0.51155600
-0.04913180
0.02703580
-0.42002500
0.10984400
0.86035900
-0.54075300
-0.45836000
1.03766000
0.45632900
-0.45695200
0.58529500
-0.20822100
0.01803820
0.08728910
0.04405160
-0.21354500
1.82947000
0.42247000
0.06317510
0.89080400
-0.40501900
0.23249100
0.29827900
-0.15144900
-0.22699300
0.35751800
-0.06398710
-0.09006240
0.23495200
-0.32197900
0.11080700
-0.41844800
-0.51118700
-1.18476000
0.33124800
-0.20556000
0.14950600
-0.65605900
0.20781800
0.57944200
-0.34309600
0.27410300
0.19342600
-0.36489100
-0.14242100
0.00923313
0.39619200
-0.31451200
0.23360000
-0.20729900
-0.04721430
-0.13882200
-0.19978400
-0.53742500
0.11649600
0.68736700
-0.20260500
0.27501700
0.62280200
-0.03781420
0.01868990
-0.30123200
0.28351600
0.12211200
-0.25578900
-0.04172810
0.54536700
0.50822400
-0.26241900
0.40187800
-0.06815710
-0.29898700
-0.67846300
-0.71749200
-0.56839800
-0.45424200
-0.12777700
-1.14417000
-0.30591100
-0.14181300
0.26265100
-0.64473700
0.17173800
-0.60217300
0.30379300
-0.93399700
-0.21905300
-0.05484920
0.44705900
-0.31120400
-0.42808200
0.43604000
0.03471100
0.03663530
-0.32307000
-0.09136260
0.27279800
-0.60683500
-0.32991800
-0.29592100
0.15027800
0.01494980
-1.00004000
-0.29026400
0.31896000
0.16867400
-0.40807100
0.01703120
0.42022100
-0.64936900
0.17458600
-0.09118520
0.28341900
0.40991500
0.47727400
0.11634800
1.00891000
-0.26077100
0.17594500
-0.42336100
-0.19213000
-0.36066300
-0.23751700
-0.46884800
0.09851890
-1.03897000
-0.62901800
0.33797100
1.27999000
0.13585800
-0.05309770
-0.00744598
-1.48053000
-0.60608500
-0.10644200
0.23602600
0.76064200
-0.30668400
-0.19703300
0.00208705
1.44813000
-0.24878500
-0.57355300
-0.42690900
-0.34552600
0.24147900
0.24312800
1.01543000
0.05723720
1.19424000
-0.26019300
-0.19226600
-0.24837100
-0.36241900
0.06063730
1.02649000
0.12192300
0.43764600
-0.27568800
-0.47681000
0.26990400
-0.06411770
0.12496800
0.23011400
-1.00700000
-0.46161400
-0.01046330
-0.65299900
0.10899700
-0.08194840
0.58087100
1.62190000
-0.12263800
0.24100200
-0.48622700
-0.46787900
-0.28876300
0.44990900
-0.56634400
-0.89024700
-0.38613400
-0.09090780
1.16220000
-0.24958700
1.04655000
0.49125000
-0.21878500
-0.48563400
-0.11098500
0.04327220
-0.02360450
0.48861700
-0.36311600
-0.41488100
-0.06040350
-0.79037400
0.38125900
-0.33690200
-0.38991800
0.03551860
-0.52400400
-0.18662100
0.02115210
0.31695500
-0.10611000
0.42941600
0.05862830
-0.51820200
0.11381500
0.08034000
-0.04544930
-0.34153200
-0.05211420
0.52303800
0.18679600
-0.63987300
-0.17585900
0.12894500
0.31176200
0.46789700
0.15824600
0.13621000
-0.58723600
-0.39931600
-0.91475800
-0.91599900
0.01149810
-0.11526200
-0.37227500
0.39154000
0.00513465
0.08807180
-0.12016100
0.22297000
0.18836900
-0.21214100
0.09751110
0.42524200
-0.25042900
0.04825460
0.30675900
-0.19336300
0.32934800
0.12784400
0.15503600
0.33685600
-0.43891800
0.07219600
-0.17636300
0.44589000
-0.46990400
0.06514020
-0.36448900
0.58450000
-0.14361600
-0.22017100
-0.63001100
-0.69231200
0.19388500
0.56120700
0.39547200
-0.65873600
0.56476200
-0.11374700
-0.62030800
0.17725600
-1.01046000
0.46363900
-0.38670400
1.12780000
1.21483000
-0.20565800
0.32046700
-0.35274300
-0.08647180
-0.28465100
-0.55499600
0.39668500
0.29144300
-0.30236400
0.43803100
-0.21591000
-0.65615400
-0.17330300
-0.28875100
0.01176260
-0.10323800
0.14320700
0.54225000
-0.50267900
0.16093100
-0.70385900
-0.57443200
-0.23020000
-0.32708000
-0.02453600
0.11085200
0.14462900
-0.18486700
-0.27956400
0.34407300
0.97841100
-0.22577800
-0.34208000
-0.03559010
-0.62032300
-0.41745400
-0.75376300
0.50083100
-0.48235000
-0.57909100
-1.02020000
-0.34737300
-0.88230300
-0.13734900
0.39529300
-0.68501000
0.03454130
-0.34359500
-0.18137600
-0.01756760
-0.11706600
-1.27413000
1.07343000
-0.73653600
-0.11134000
-0.71406400
0.58614500
0.16349200
-0.62245400
0.17200700
-0.23064000
0.27023800
-0.66560800
0.41563500
-0.29577900
-0.27911700
0.89594000
0.25217600
-0.62643900
-0.33965200
-0.57679900
-0.24767700
0.30355500
-0.20629000
-0.28427500
-0.20020600
-1.01862000
2.33535000
-0.21069200
-0.11007600
-0.63347300
-0.97342100
-0.11335000
0.12447300
-0.01811410
0.47692200
1.05115000
0.34965900
-1.05847000
-0.21318400
-0.40714800
0.53334700
-0.08849710
0.10930000
0.11150700
-0.00113550
-0.39375700
0.00685860
-0.23356300
-0.83330000
0.12817700
0.06648300
0.08909670
-0.20097300
-0.35128000
-0.64639200
-0.23896000
-0.79628300
-0.48303900
-0.63241200
0.32153400
-0.06405000
0.51130400
-0.00822391
-0.34933300
0.21482600
-0.45050200
-0.34822300
-0.14406500
-1.59130000
0.38387200
-0.34291500
-0.61948300
-0.35797900
-0.20737700
0.55255100
-0.97947700
-0.10917800
0.72109000
-0.18687900
-0.82253400
0.42142700
-0.05507480
-0.22119800
0.43961600
-0.35553400
-0.20733000
1.10261000
0.42559000
-0.74908700
-0.23773100
-1.16305000
0.01859050
1.14292000
0.47783500
-0.88885900
0.04730140
-0.52557900
-1.18580000
-0.17302500
0.27706700
-0.06568390
-0.34875800
1.01959000
-0.83567200
1.60560000
0.09893780
-0.00152278
0.16737000
0.00593793
-0.19225700
-0.31679400
-0.55006300
-0.28418600
-0.52833200
0.12553000
-0.55815000
-0.04351290
-0.39080300
0.68400700
0.56804700
-0.25754000
-0.71467900
-0.62042300
-0.42378200
-0.04265460
0.60808100
0.06018900
0.38446300
-0.43566800
0.35781300
-0.77904600
-1.05682000
0.34252600
0.27454900
0.57730600
-0.25039500
1.07499000
0.01565890
0.48127900
-0.33002800
0.07556280
-0.49140700
0.27646600
0.37466900
-0.10499800
3.26748000
0.16091400
0.27467100
-0.80612800
1.17808000
-0.02454040
-0.07367330
-0.34742600
0.01116570
-0.04184190
0.25699400
0.28901300
-0.22856300
0.01158230
-0.15211000
-0.05233150
-0.69034000
-0.51316100
-0.00485664
0.04685060
-0.66659400
-0.26939300
0.06414740
0.59089400
-0.22348700
0.17187900
0.25490600
0.56196000
-0.68976700
-0.69733800
1.29727000
-0.38229600
0.40984600
0.01384510
-0.15826400
-1.22718000
0.08159550
0.03140640
0.28227600
1.39216000
-0.42275900
-0.95612100
-0.54219900
0.34012500
0.68343000
-0.74272600
0.28742200
0.31836100
0.81385000
-0.57647600
0.43061900
-0.11581100
0.23116900
0.00859143
-0.84620700
0.22360200
-0.30281300
-1.15529000
-0.08897730
-0.67569000
-0.41853100
-0.14748800
0.17937800
-0.45766200
-0.22470500
0.98641200
-0.18509000
-0.16805500
-0.35718200
-0.76561600
-0.86818600
-0.55755200
-0.85175000
0.29095300
-1.14249000
-0.79181300
-0.08936100
-0.45104700
1.30497000
-0.36652300
-0.02910370
0.48378500
-0.72250400
-0.06259820
-0.39998000
-0.20895900
0.59937100
0.07214770
-0.40814700
0.15245200
-0.74588800
-0.33227500
0.04059570
-0.54777100
-0.04288530
-0.84076100
-0.23728100
0.16715200
-0.91552900
0.19330700
0.48575300
-0.41449700
0.02993270
-0.46265900
-0.12265800
0.51205300
0.28360700
0.16517000
-0.07297730
-0.04509560
0.23915500
0.27818000
-0.18119000
-0.33054600
-0.30275000
-0.66287700
0.21111800
-0.31385000
0.25201100
-0.26732200
-0.29527400
0.50975100
0.49942100
0.01649610
-0.66799100
0.72809100
-0.34262600
-0.15522900
-0.08073530
0.33129700
0.51747100
-0.13943200
-0.17150400
0.53297700
-0.40054400
-0.04455490
-0.57100100
0.46432800
-0.48516400
-0.09749480
-0.47126700
0.13960200
-0.06823330
-0.17753900
-0.53761800
0.96583900
-0.22162900
-0.41616100
0.31847300
0.29312800
-0.54782300
-0.65988000
-0.05167890
-0.37484300
1.24125000
-0.10235600
0.08640560
0.18327700
0.79959400
-0.28303000
-0.31875900
-0.14631300
-0.20216800
0.07314450
-0.37229000
-0.73373400
-0.47742600
-0.25463900
0.36364300
0.24629600
0.20441500
0.96183900
-0.04106380
-0.42210800
0.23428800
0.60812300
-0.60658300
-0.39568000
-0.86400600
-0.01165210
0.52472200
0.09556790
-0.20246900
0.41661000
0.16868700
-0.54139900
0.19829200
0.03541260
-0.38005600
-0.03189240
-0.54554300
0.10962000
-0.31289500
-0.13378800
0.00830009
-0.51144200
-0.08622390
-0.46418900
-0.01178100
-0.35958100
0.24421200
0.33798600
-0.90160500
0.01247960
0.55132800
-0.52112400
0.41293100
-0.41753300
-0.14476500
-0.35380500
-0.02561680
0.32311600
0.52618100
0.50759000
0.48852800
0.09023870
-0.76268500
0.08105680
0.25160100
-0.38830500
-0.30072900
0.22030900
0.08086190
0.47849300
-0.11003700
0.81407300
-0.40835500
0.25656500
-0.09664410
-1.07304000
-0.03033720
0.41661000
-0.44822900
0.45708000
1.53834000
0.28104900
-0.93418100
-0.02712930
-0.46058500
-0.61746800
-0.16859600
0.21974100
-0.77748800
0.00467505
0.84441600
0.41943000
0.05683710
-0.25326500
-0.38687200
0.39560600
-0.59125000
0.77082200
-0.35588800
-0.38834500
0.16198500
-1.33466000
0.16448900
0.36988900
0.19914000
-1.06792000
0.33148000
-0.07946120
-0.12047900
0.67578200
-0.41547100
-0.21001700
-0.72432300
0.39594000
-0.29427300
-0.46425000
-0.18032800
-0.76209000
-0.35429500
-0.23297000
-0.45522800
-0.27381000
0.70812500
-0.38983500
-0.47204000
-0.15462300
-0.34648400
0.20120100
-0.25106400
-0.06614460
0.59493900
0.73049600
-0.34470100
-0.21271500
0.35549800
0.41163600
-0.34855400
0.37846000
-0.62190900
0.15203800
-0.54751400
-0.08329880
0.58302700
-0.08383490
-0.81299100
0.18258400
-0.46438500
0.04670900
0.25423200
0.66289400
0.38237000
-0.70129900
0.16283100
0.39374300
-0.75104500
-0.49120600
-0.33102100
0.21753600
-0.38992000
0.14143800
-0.20981900
-0.28870800
-0.37453200
0.09731700
-0.40298300
0.52311800
-0.05807370
-0.20106100
0.40693000
-0.22237500
0.05897900
-1.43057000
1.11686000
0.65023400
0.45065300
-0.05963120
0.17221900
0.19026000
0.62162300
-0.13155700
0.00536753
0.80588600
0.16899800
0.72363400
0.20878400
-0.05904540
-0.48657500
-0.05381850
0.12819700
0.61304900
-0.21594000
-0.65396500
1.27519000
-0.45402800
0.93685600
-0.51611700
-0.09606690
-0.11600200
0.49375600
0.11723300
0.35362000
0.19235300
-0.06889870
-0.06069630
0.33272900
-0.82608500
0.05002210
0.49388700
0.25838300
-0.69660800
0.45259000
0.02083950
0.14738600
0.00465841
0.95417700
0.33214100
-0.55182600
0.17355800
0.11387700
0.39372400
-0.17873900
-0.68272700
-0.16975700
0.19271500
-0.27754400
-0.82733600
0.02479180
0.13568100
-0.42343100
-0.02846260
0.30425300
-0.27161500
0.62464700
0.64426600
-0.06329160
-0.18472100
-0.34469400
0.41919300
-0.60108000
-0.13309800
-0.38221500
0.13473200
-0.17517700
0.26537800
0.36544200
0.40384500
-0.24207400
0.71568300
0.12216700
-0.59363600
-0.22820600
0.34499600
1.26834000
-0.37493000
1.13661000
0.97103600
-0.23484000
-0.13550700
-0.26095100
-0.14563900
0.37091800
0.01159840
0.32183700
-0.19699300
-0.18491600
0.07601830
0.23492600
-0.21687200
0.43134900
-0.61393800
-1.20497000
-1.14135000
-0.41323100
-0.41825700
-0.33632300
-0.18940500
-0.13837500
-0.38622300
-0.50526200
0.16898700
0.17203900
-0.28974400
0.10094600
-0.21238000
0.11771700
0.96302700
-0.23090300
0.48612100
-0.04514830
-0.38518400
0.09075750
0.16482900
0.90040300
0.58272700
0.60908400
-0.08027820
-0.01573510
-0.17691700
0.13535100
-0.94856800
-0.62308900
-0.20541300
-0.68286700
-0.45049200
-0.91239800
1.69398000
-0.31359400
0.06637490
-0.59543400
-0.24802400
0.10791200
-0.75867700
-0.21713700
0.06156850
-0.65230300
0.61935300
-0.33895800
0.66551300
0.07495920
0.30798100
0.05599410
0.14478000
-0.41254900
0.49375600
-0.11777500
0.47215700
-0.60953100
-0.21723800
0.03675050
-0.27810200
-0.57829400
0.04605900
1.47523000
-0.39859800
-0.77076100
-0.47708600
0.15999100
0.25074400
-0.34475800
-0.52205400
-0.06710430
1.77969000
0.34822800
0.26703000
-0.25748000
-0.18609700
-0.54999000
-0.63221800
0.35136900
0.20307400
-0.59030000
0.06346080
-0.34564100
0.47260400
-0.17171900
0.39635500
-0.64241200
-0.16985800
-0.58965800
0.19864200
-0.62913900
-0.23711300
-0.11054000
0.52387100
0.11519400
0.57689700
0.36385000
-0.53193600
-0.29951700
-1.14365000
0.28691000
1.21908000
0.47598400
1.34373000
-0.09919380
1.61071000
-0.32377200
0.80166900
-0.39835400
-0.16827000
-0.11729500
0.10740300
-0.22852700
0.13371400
0.52472100
0.82305600
0.02310680
-0.27660400
0.19734100
0.06162240
0.60193800
-0.15978500
-0.77960600
0.84443200
0.27498200
-0.23619500
-0.12692500
-0.19136800
0.06677060
-0.41702200
1.39627000
-0.22942700
0.56342000
0.32568000
0.01516190
-0.31685600
-0.45230700
-0.47827100
-0.37339200
0.33987300
0.19779000
0.46736200
1.03285000
0.40742100
0.06161910
0.35567000
0.43876900
-0.25979400
-0.50679000
-1.10060000
0.37970800
0.31426500
0.01454970
-1.07823000
-0.22941000
-0.04202690
-0.23057400
-0.49524800
-0.11722300
-0.21042700
0.03312220
-0.71744700
0.51454300
-0.24531200
0.72774900
-1.03810000
-0.18885500
0.65780100
2.09112000
1.07821000
0.50459900
-0.06359640
-0.21459400
-0.20831800
0.79422000
-0.04574810
-0.19413000
0.08818480
0.34411700
-0.73946300
0.63435500
-0.40960000
-0.01294460
-0.06057740
0.05761060
-0.25330100
-0.10223000
-0.52306700
0.02601890
0.04871810
0.21088900
-0.18089200
-0.40418700
0.31185700
-0.08271090
-0.48442500
1.80872000
-0.37690600
-0.53191800
0.09592950
-0.12417100
-0.97064600
-1.34827000
0.20002500
1.15961000
0.11304700
0.18606300
0.20305000
0.36045300
0.73786700
0.06768880
-0.00938096
-0.18786400
0.14105600
-0.77438600
-0.00111966
0.35891900
-0.21656100
0.00280927
0.44486600
-0.20190500
-0.11735200
0.55194400
-0.04566890
0.19611400
-0.33660400
-0.08537860
0.12128800
-0.10282900
0.63997400
-0.20762300
-0.46717400
-0.27232300
-0.40320800
-0.08129830
-0.04509960
0.00239151
-0.36266700
-0.60209700
-0.44978000
-0.09552600
-0.33871800
0.98227400
0.14406800
1.38683000
0.89236200
-1.38623000
-0.56728200
-0.66602200
-0.21818700
-0.49616000
-1.19285000
-0.26147800
-0.67953000
-0.02757640
-0.66160000
-0.35996800
-0.28265000
-0.23360400
-0.61027000
-0.08300290
-0.52106500
-0.43911300
0.24423300
-0.88164400
0.51193400
-0.85073200
-0.05523740
-0.43335400
0.16887700
-0.20667700
0.36687100
0.82430700
0.25773900
1.79183000
0.88005900
0.77876800
1.15718000
1.02814000
1.36805000
-0.20367200
-0.09577700
0.25943700
0.36317000
-0.13223300
0.90190900
0.39484400
1.67734000
0.17232500
0.20784800
1.83578000
0.78963400
0.29292700
-0.04434200
0.47601900
0.08006250
0.47346400
0.43559700
0.06240980
0.23566500
1.22239000
-0.25523300
0.15648800
-0.53445800
-0.20778900
-0.67245900
-1.14193000
-0.23969200
1.22154000
-0.43867100
-0.72541100
-0.51611300
-0.31725200
-0.11509700
-0.32679000
-0.11684400
-0.04197660
-0.05851820
-0.09122390
0.28330700
0.39813600
0.50545700
-0.49908300
-0.34244600
0.39542400
-0.18880900
-0.05293100
0.09811550
0.03114850
-0.60508700
-0.77075400
-0.44253100
-0.42067200
0.03497470
-0.47464200
1.59268000
0.26362600
-0.35002200
-0.17516500
-0.43175600
0.50080600
-0.74313100
-0.72972800
-0.25813000
-0.17458800
0.21475800
-0.31920200
-0.04798970
-0.17807900
-0.39074200
-0.34904800
0.81249700
-0.46503200
-1.08458000
-0.70554800
0.99171800
0.32719400
1.03050000
0.40125600
-1.01356000
0.18881300
-0.32715500
0.47916300
-0.89791600
-0.13494500
-0.26106400
0.08327290
-0.86443600
-0.47901200
-0.34912000
-0.49531700
-0.27500100
-0.62135800
-0.55606400
0.04622820
-1.04022000
0.21056400
0.19350800
-0.11685100
0.24277600
0.09259800
0.16689200
-0.12838200
-1.09784000
-0.40429500
0.39476000
-0.11489200
1.15570000
-0.60735800
0.95198400
-0.46295000
-0.35800600
0.18815000
1.08827000
0.53592200
0.37285000
-0.49906800
0.18275400
-0.41699500
-0.12676600
-0.20353300
-0.34315600
-0.14471500
-0.15334900
-0.22791700
0.12613100
-0.29897100
0.57071000
-0.12658500
-0.54087600
1.23923000
0.55211400
-0.13405800
0.10217300
0.63676000
0.56370500
0.04005620
0.23491000
0.01972580
-0.09067880
-0.26564200
0.07792690
0.33066600
-0.42590500
-0.31253500
-0.09033520
0.08231600
0.29295300
1.36258000
0.89340500
-0.13259600
-0.43857000
0.22587400
0.45515000
-0.60520500
-0.15586100
1.42241000
-0.38001300
0.34869500
0.27568600
-0.26382600
-0.65903600
-0.30505700
0.30710900
-0.51044300
-0.17609000
0.15950400
-0.39141200
0.39860100
-0.54790700
1.81784000
-0.19825700
0.21427200
-0.35096200
0.20073700
-0.03130820
0.44826400
0.60081800
-0.21667000
-0.62982500
1.79324000
-0.40113200
-0.30389500
-0.60114800
-0.43647700
0.87446100
0.37264400
0.60353900
-0.24047000
-0.67435200
-1.05756000
0.39134600
-0.47429800
0.85233500
-0.53303700
-0.45958700
-0.05130650
0.01198350
1.44293000
0.59000400
-0.67317000
0.52756900
-0.54466400
-0.01965890
0.39050000
0.01970850
0.09867450
-0.20968300
-0.29188900
0.03343890
-0.13340500
0.18735900
-0.58506500
1.03992000
0.46852800
0.10849500
-0.59555300
0.65969600
0.13423000
-0.34292100
-0.16101300
-0.40651000
-0.09444090
0.09420430
-0.06539440
0.21463400
-1.26483000
-0.07350700
-0.87526300
-0.02828360
-0.86134900
1.66101000
-0.12893600
-0.49177700
-0.28901900
0.00677912
-0.41438800
0.07956340
-0.03491480
-0.22356200
-0.00209225
-0.25321300
-0.06493680
-0.67582400
0.00524986
-0.52330600
-0.47963500
0.34586500
0.07452610
0.01840800
-0.80778000
0.31911800
-0.01120520
-0.56447800
-0.11966300
1.21203000
1.19966000
-1.03747000
-0.08720040
0.04112980
0.04140140
0.64540600
-0.71931800
0.39160000
-0.37397800
-0.00118820
0.01933590
-0.52449100
-0.40118100
-0.19477300
-0.99116500
0.52983700
0.10811600
0.63007100
-0.78740600
-0.54566100
-0.30169400
0.29237600
-0.19007800
-0.24008900
0.00677912
0.23112600
-0.02062840
-0.55436300
-0.25927600
-0.15980500
-0.58731800
-0.29408900
-0.14062500
-0.77020700
1.17023000
0.09852820
0.20009000
0.97327900
-0.17187500
-0.70088600
-0.25048900
-0.45948900
0.11261600
-0.23284500
-0.63834800
-0.18025700
1.81800000
-1.13152000
-0.24060400
-0.35961200
0.04268920
-0.09593160
0.00813465
-0.72126400
-0.51917400
0.29269800
-0.21702000
0.52826300
-0.10584500
-0.28834000
0.21624400
-0.29716500
0.06766910
-0.63372500
-0.94584000
-0.37781300
-0.49703800
0.02907960
-0.26045300
-0.31762200
0.54071900
0.09194100
-0.15469700
0.08265700
-0.66118900
0.79447400
-0.33773000
0.18150600
-0.08802350
-0.57951800
0.23178600
1.24149000
-0.32235300
-0.29949100
0.15957800
-0.02276630
0.51847600
0.67989200
0.02965980
0.62712200
0.35568500
0.28941100
0.05371520
-0.59600400
0.47060700
0.02168290
-0.64419400
-0.32974600
0.35023600
2.53418000
-0.86358400
-0.05975130
-0.47092800
0.75425000
0.96774500
0.56971800
1.21294000
-0.10652500
2.15661000
1.41769000
0.23137500
0.62362200
-0.16703100
0.11355100
0.83154400
-1.24678000
0.37971000
-0.18380400
-0.02269200
-0.17305200
3.01059000
-0.54349800
-0.71688000
0.28574100
0.12310200
0.09256050
0.64137800
1.72158000
-0.53041600
0.41649800
0.94855300
0.00136288
-0.58312600
0.11259200
-0.59400700
0.11886000
-0.76581800
-0.44916300
0.33976200
-0.10810000
-0.04873650
0.40693800
0.40637400
-0.60938400
-0.30040300
0.46413500
-0.39014100
-0.94435900
0.10800400
-0.88235600
-0.38113800
0.23349000
-0.15345000
-0.76287400
0.76538300
1.01015000
0.31785600
-0.36249800
-0.48372900
0.38274100
0.28919400
-0.09656120
0.25862500
0.06649430
-1.09632000
0.52142500
-0.36865100
-0.31455700
-0.27168100
-0.16220700
0.07695060
-0.62607200
-0.40684900
-0.63646000
0.72286900
-0.23002100
-0.19651800
0.35962700
1.02384000
0.43153400
0.26131400
-0.33561800
-0.60317600
-0.26259100
-0.32811400
-0.22395700
-0.47292800
-0.10878500
0.06813090
-0.49554500
-0.15074400
-0.28724800
-0.01080010
1.21260000
-0.15518700
-1.23902000
-0.29541200
0.12173000
0.32488200
-0.06794310
0.09717940
-0.18221600
-0.61494300
-0.39982300
-0.83146000
-0.14309100
2.11775000
-0.25180100
0.08907100
-0.82871500
-0.44960500
0.43591300
-0.87909400
0.08453070
-0.39167400
-0.26344400
0.03994900
2.17561000
-0.22439800
-0.34870500
0.41034700
0.36222300
-0.60438400
-0.66664500
-0.01967920
-0.09955620
0.07213540
1.00297000
0.15778200
0.85859500
0.08637150
1.39247000
0.80490400
0.76016200
-0.24686000
1.01354000
0.00927066
0.97203400
-0.09586540
-0.28518300
-0.32478700
-0.63380000
0.28466400
-0.59853000
0.14542100
0.37998400
0.43811400
0.12600800
-0.67959700
0.21050000
-0.58927300
0.76085100
0.12586200
0.52378700
-0.25325300
1.07031000
1.23727000
-0.36642900
-0.86015300
-0.47230900
0.14309800
-0.27702300
0.43252800
-0.68128600
-0.07393870
0.10645500
-0.47254700
-0.51129900
-0.07138630
0.03431840
-0.00199898
0.94761000
0.25246500
0.45236300
0.80192000
-0.18730000
-0.17315800
-0.17760600
0.24493700
0.18955500
0.11611700
0.11337300
-0.55776600
-0.99940900
-0.39716200
-0.76879700
-0.51704200
-0.34430400
0.13703500
0.32660300
-0.48438600
-0.50356200
-0.21529900
-0.05475610
0.41909100
0.08992290
-0.30517500
0.27887500
-0.04751480
0.00111858
0.52438900
-0.82314200
0.03541440
-0.03019720
-0.35255800
0.57049900
0.51998000
-0.19311300
-0.18211700
-0.11608800
0.23079000
-0.46491200
0.14379200
0.39192600
-0.05023680
0.42546800
0.34569700
0.93782100
0.82373800
-0.58949200
-0.38179700
0.64713900
-0.53372500
0.24832200
0.59958600
-0.32675900
-0.57235000
-0.43775300
-0.20986900
0.01923810
-0.63622600
0.52036000
0.67579800
1.07943000
-0.41566700
0.68101300
-0.57974300
0.09257230
0.32176200
0.00026160
0.05836750
0.06467120
0.35558500
-0.46143700
-0.00514459
0.10547500
0.55567100
0.55567100
-0.31744600
0.03705490
-0.32687000
-0.59434300
-0.22385200
-0.33511300
0.24175500
0.61390600
-0.80375600
-0.06946470
0.33392500
-0.05514170
-0.15718500
-0.29456600
-0.36429900
-0.11091400
-0.78591100
1.48535000
0.29427700
0.13309000
-0.85632200
0.34263000
0.07301320
0.16194400
-0.22788500
0.47697100
0.11885600
-0.28354700
0.03651580
-0.65690100
-0.28022700
-0.52351500
-0.25513900
-0.45795600
-0.23122200
-0.75985400
-0.20406500
0.39565800
0.19204600
-0.45275000
0.88577700
1.14303000
-0.60962100
-0.04287360
-0.05446700
0.13838600
0.29648200
-0.64323100
0.07732550
-0.62305200
0.04867230
-0.53094900
-0.04057850
-0.12580900
0.19648700
0.99711600
0.00537310
0.17061000
-0.13702600
-0.73418100
-0.25544400
0.25317000
-0.14629600
-0.27180000
-0.50780200
-0.23486000
0.02397500
-0.25991400
0.46144400
0.12676200
-0.28754400
0.36807600
1.24515000
-0.00198670
-0.32767300
-0.58755100
-0.19917200
0.24284500
-0.78235600
2.11645000
-0.35018800
0.46807700
0.22045100
-1.30987000
-0.00623395
0.55947700
0.25984600
0.39724800
-0.01529550
0.49997600
-0.46537000
0.34098500
-0.03265050
-0.22298200
-0.10332400
0.09415130
0.16358700
0.74445700
0.69650500
2.36321000
-0.60698800
-0.21773500
0.11542100
0.79267800
0.14875500
-0.00201315
-0.14830600
0.36895800
-0.12908400
-0.60882700
-0.18616900
-0.17018300
-0.33702900
-0.36750500
0.10806100
-0.68172600
0.24628200
-0.13769500
0.03240570
0.07438810
0.23062100
-0.56438500
0.57426200
0.23686700
0.58864300
-0.24079500
-0.55781500
-0.37459200
-0.10539200
-0.17770300
0.03629530
-0.88430600
-0.33334400
0.09155880
-0.06056420
0.12673700
0.41509300
-0.13055600
-0.20280600
-1.03357000
-0.26258600
-0.63715700
-0.16551200
0.45150200
-0.01745180
0.13189400
-0.70168500
-0.43359700
0.46964300
0.82368800
-0.65686700
-0.68174800
0.38813900
0.08070880
-0.24103400
-0.19385800
-0.27469700
-1.42630000
0.11252600
-0.65464300
0.01634330
-0.10981200
-0.09610980
0.10311600
0.01083910
0.51859800
-0.18533200
1.70383000
0.68157800
-0.10619200
-0.09608610
-0.05897940
-0.58263000
0.07561210
0.52798400
-0.10801400
-0.33189300
1.23742000
-0.21191300
0.40040600
-0.09142470
-0.27848900
1.49284000
0.37492300
0.44740500
-0.03420280
-0.32668800
-0.43519000
-0.44410500
0.46962900
0.04760030
-0.44064100
-0.58134500
-0.10292700
-0.52379700
1.77345000
-0.03445790
-0.11808600
-0.12572700
0.42250600
-0.68584100
1.65672000
0.45692900
-0.81512100
-0.25070500
-0.44833600
-0.47404800
-0.25526800
-0.44598100
-0.81300400
-0.33689100
-1.36422000
-0.22485100
0.95971000
-0.66822600
-0.39932100
0.12107000
-0.93418800
-0.70487100
0.77324200
1.05953000
0.07707900
-0.20812700
0.20807100
-0.74235900
0.01113300
-0.94014700
-0.51558800
-0.34213100
-0.66079500
-0.57875500
0.72807900
-0.16488300
-0.21194900
-0.38941100
0.10051000
0.20135000
-0.04765740
-0.11365400
0.18009100
-0.74265100
-0.20955300
-0.05488850
1.11873000
-0.59413300
0.53062100
0.20586400
0.51125000
0.35765000
-0.10101000
-1.17843000
-0.65095400
-0.44090300
-0.48539400
-0.53605000
0.76722800
-0.10316900
-0.06670040
-0.18327300
-0.98605300
0.85554700
0.03970460
0.48657600
-0.61786600
0.71683200
-1.14295000
0.28469100
-0.61964900
-0.31435700
-0.13406600
-0.47941800
-0.11364300
-0.47837000
-0.28051800
-0.41204500
0.07023780
0.07400560
0.77481300
0.30089700
0.10733600
0.04884080
-1.05935000
0.40321800
-0.35235800
-0.53605100
-0.81096300
-0.01622010
-0.26898400
0.38304500
0.02680610
0.28161800
-0.57593500
0.12063100
-0.11078400
-0.30385800
-0.49467200
-0.07381970
-0.30135800
-0.21791100
0.01616850
-0.26100600
-0.04294530
-0.48873200
0.01356860
0.26256400
-0.42261900
0.03755370
-0.22510500
0.31810000
0.34523400
-1.09125000
0.40240000
-0.30569500
-0.16345000
-0.51352300
0.06107000
-0.48331200
0.17227700
-0.34753200
0.40914400
-1.04405000
0.31466700
-0.38742200
0.25536600
0.37978100
0.35609200
-0.53569900
0.21429300
0.52311700
-0.23167200
-0.47422600
0.46672800
1.08130000
-0.38761900
0.24048900
-0.17884800
-0.59388500
-0.17667300
-0.25932200
-0.52893300
0.29380100
0.11461600
-0.26032200
0.39390100
-0.00933009
-0.37504800
0.58035700
-0.48953800
-0.00417298
0.36106800
-0.56193700
-0.48808500
-0.07423090
-0.14831700
0.52730800
2.35819000
-0.72899300
0.31370600
-0.75210100
-0.27053100
-0.10555500
-0.94367100
1.14866000
0.71127000
-0.17411300
0.52311700
-0.02791210
-0.22759000
0.02848280
0.92125700
0.42776200
0.08199220
1.68289000
0.65203300
-0.91097500
0.19604600
0.08746890
1.03982000
0.25087500
0.55121800
-0.34698500
-0.57849900
-0.20800700
0.74494500
0.65789200
-0.46360500
-0.27431200
0.16805500
-0.54744400
-0.75572200
0.04058950
1.06943000
1.48123000
1.14434000
1.30933000
0.76267900
1.08070000
0.66910000
0.43800600
1.47443000
0.59594500
0.42601600
0.52963600
0.93560700
2.17366000
-0.03602900
0.17610800
-0.08856090
-0.12542600
-0.59420200
0.17666900
0.00057952
0.44154500
-0.21127700
0.70192300
-0.42995500
-0.49339200
-0.44251900
1.75535000
-0.06184550
-0.55419100
-0.55725800
0.23487000
-0.30711100
-0.58074500
0.05405960
-0.30903400
-0.36803300
-0.51808000
-0.20274100
0.06541330
-0.05186930
-0.09431980
-0.60130900
-0.20780300
0.67619600
-0.52467800
-0.95270900
-0.15133800
-0.41134100
0.14774000
0.13991200
0.53213900
0.01942020
0.61837400
0.55120300
-1.17374000
0.39528200
-0.21243600
-0.17980600
-0.17179100
0.15768900
-0.30086700
-0.20013500
-0.09866360
-0.38586700
-0.17856200
-0.85583800
-1.21638000
0.16627500
-0.34829000
-1.07203000
-0.59142400
-0.11441700
-0.43689400
0.04422860
0.06064130
0.23656900
-0.23748200
-0.20381900
0.17377500
-0.82341500
0.01251330
-0.75015100
0.11943700
-0.56224600
0.04470000
-0.13914900
0.02660620
-0.84635900
1.36248000
0.22936400
-0.63487900
-0.12152100
-0.02764730
-0.01805070
0.09993580
0.09776830
-0.45944800
-0.46207500
-0.30363900
-0.19798200
0.10640700
-0.07014400
-0.22681700
0.23321900
-0.24515300
-0.71327100
-0.44882000
0.45549100
-0.42057100
0.20010800
0.03470280
0.03164460
-0.65323300
-0.27854200
0.56881000
-0.19350100
-0.47457400
-0.01743610
-0.44322100
0.20234200
-0.63594800
0.35651300
-0.04074950
-0.18107400
-0.60685200
0.64719800
0.59022700
-0.17070600
-0.28348400
0.28024000
-0.15540300
-0.24484200
-0.02985120
0.36376500
-0.20953300
-0.06370300
-1.09249000
0.57746600
-0.21681100
0.38483500
-0.95667500
0.41664100
-0.93798500
0.65307000
-0.49987800
0.09756830
-0.10318200
-0.42550700
-0.49478700
-0.21542700
-0.24067200
-0.52605100
-0.04352530
-0.01900060
-0.91748900
-0.39056900
0.13103900
-0.72626000
-0.48140700
-0.30039900
-0.29421500
-1.40909000
0.05807700
-0.05042010
-0.41008000
0.46159700
-0.30097500
0.09905350
-0.64130800
-0.58121800
-0.79202000
-0.13653500
0.14002700
0.69009300
-0.72969900
-0.53076600
-0.11809700
-0.01265910
-0.83490700
-0.03113050
1.15075000
2.02280000
2.66254000
0.44945400
0.43560500
0.17036000
-0.47677300
0.10855900
-0.00245260
0.57100000
-0.12435200
-0.00286563
0.33024800
-0.42083400
0.12253000
-0.28933100
-0.03384230
0.23731000
-0.18242200
0.10872000
-0.44343500
0.32203100
0.45240800
-0.47250400
-0.33586400
-0.22688400
-0.03554640
-0.97209800
-0.24449100
0.46361700
-0.24098800
1.42791000
0.48227100
-0.01124590
-0.31330200
0.21797200
-0.23798300
-0.52604600
-0.02836650
-0.66684100
0.76537700
0.31929700
0.75132100
-0.57055100
-0.06634890
0.24661400
0.31539100
0.62210500
-0.11646200
-0.30449900
-0.24730400
-0.37894600
-0.62391500
-0.24085000
0.55762300
-0.55363100
0.14785900
-0.02988020
-0.13752900
-0.09101280
0.02471280
0.12677500
0.01437020
-0.40610200
-0.07084060
0.10631800
0.15804300
0.18165000
2.11389000
-0.95873900
-0.84390000
-0.64352100
0.30219000
-0.37849400
0.84768800
0.29524900
0.48979000
1.21322000
0.66135800
-0.47281200
-0.36721100
0.12541900
0.13041700
0.16330800
-0.01276020
2.23639000
0.26739000
-0.55078900
0.48250500
-0.57559000
-0.50589600
-0.37592300
0.63992200
0.62521500
0.31425900
-0.14164000
0.54776800
-0.50806200
0.55316900
0.57195000
0.18536300
-0.16268100
0.31478500
-0.09588010
-0.40707900
-0.38368800
1.07157000
0.74482400
-0.11513100
-0.12478800
-0.00076654
1.16427000
0.75577400
-0.35078100
1.15690000
0.28565300
-0.34077600
-0.42279900
-0.47530600
-0.11055800
-0.31605900
-0.10529900
-0.23281200
0.13700200
0.32652700
-0.24275100
-0.92502700
-0.03217380
0.87265600
-0.21641200
0.32328400
0.77724200
0.09211640
0.34585200
-0.57221700
3.04740000
0.83589700
0.22643100
-0.20867100
-0.05481600
-0.14106600
-0.54618600
0.11971300
0.01174080
0.01459190
-0.39585800
-0.42062400
-0.53396200
0.66185400
-0.18526300
0.02345620
-1.03083000
-0.62263900
-0.39074600
-0.13215200
-0.31886600
-0.03015200
0.24408000
0.08167320
0.16919900
0.00190699
0.10012600
-0.06076980
-0.08891840
-0.01164480
0.12628900
-0.25732700
0.88087700
0.04272810
0.05488780
-0.34887800
-0.46729300
-0.45073300
-0.03190760
0.13221000
0.09812310
0.35798400
-0.28475600
-0.31836900
0.05425900
-0.32415600
-0.17638100
0.03855870
0.30302000
-0.14283800
-0.51373900
-0.26946800
-0.15692300
0.08776470
0.01756390
-0.14524100
-0.47987700
0.17301800
0.32380000
-0.56389400
-0.07865460
0.50420800
-0.75876800
-0.65265600
0.23535000
1.06816000
0.48199600
-0.04660340
0.12305200
-0.72824900
0.23642800
2.37799000
-0.00143253
0.26021700
-0.05972050
-0.05968040
0.26259000
-0.22090600
0.44441000
-0.48493900
0.10167300
-0.34906900
0.05526370
0.11197500
0.28854400
0.31301800
-0.02994830
0.22725400
0.52414200
-0.95145100
0.30349100
-0.71478300
0.34021400
-0.63752000
0.52598700
-0.41634300
0.27931300
0.14925600
-0.16226800
0.40754600
0.11587700
-0.13544700
0.35154500
-0.54653200
-0.23869100
-0.31864600
-0.18175600
-0.44312600
-0.14414700
-0.81093200
-0.02096140
0.01480020
-0.42768500
0.10180200
-0.00490100
-0.51508900
-0.53803500
-0.56208100
-0.03512290
0.58190800
-0.27996500
-0.22808400
0.08769330
-0.34897800
-0.40176700
0.03590070
-0.25898600
-0.24279200
-0.18100500
-0.36910300
-0.46137100
-0.32838200
0.25293600
2.27299000
-0.32450500
0.97996000
-0.23883700
-0.05788220
1.23293000
1.41485000
0.01147700
-0.65795900
-0.87987600
-0.86306200
-0.08903500
-0.14829000
-0.50047700
-0.39218500
0.31665700
0.03767460
0.10324400
-0.17119000
-0.46801500
-0.11688500
-0.04303660
2.08269000
0.67780000
-0.97736500
-0.14944300
0.26175600
-0.16077500
-0.30278200
0.01558730
-0.55589800
-0.56261200
0.04846500
0.38627300
0.40982200
0.18889900
0.14489000
-0.65564300
0.45368300
-0.24613100
-0.54343600
-0.11240900
0.83607100
-0.47764500
0.47651800
1.51339000
1.06514000
-0.18401100
-0.14039800
-0.90509000
-0.65919700
0.08519420
0.67271500
-0.81242600
-0.62182500
0.69756900
3.66345000
0.96563500
0.63048600
0.29140800
-0.15291000
0.11006000
0.31167400
-0.61313100
-0.67925300
0.05441500
-0.22866000
0.38082300
0.29002300
-0.37190000
-0.02337210
0.52284900
0.02758650
-0.13291100
-0.38405400
0.16865900
0.24827300
0.45302400
-0.32473700
0.42319700
-0.00351215
0.06058860
-0.28039700
-0.05897660
-0.08724980
0.34206900
1.91599000
-0.19204300
-0.49838000
-0.67591000
-0.77524600
-0.16530300
-0.26078600
-0.53692500
0.82167900
0.46509500
0.12774800
-0.51812000
0.06851160
-0.84904600
0.50301900
-0.47408000
-0.11034900
-0.11699400
0.35551500
-0.22382400
-0.02597510
0.16349900
-0.21354800
-0.67377000
-0.15171600
0.67599800
0.87448300
0.37262300
1.60726000
0.59888500
1.39758000
0.56196900
-0.23123900
-0.37279300
-0.14494600
-0.28514000
-0.10168200
-0.31235400
0.01424240
-0.17294700
-0.08040030
-0.22771800
0.13666900
-0.61859600
-0.06808580
-0.88349700
0.05231010
-0.63610400
-0.80465700
0.99124900
-0.77750300
0.44887500
-0.09412310
0.54484900
1.20959000
0.17420700
-0.23731100
-0.46931900
-0.98956200
0.10587000
-0.51265700
0.21427300
0.02756180
-0.58176000
0.58865200
-0.57416300
0.58022600
-0.33403400
-0.46007900
-0.28937800
-0.26372600
1.03563000
-0.77830800
0.51633400
-0.78116200
-0.04545460
-0.44738300
-0.04304220
-0.39040100
-0.07751620
-0.30932300
-1.54290000
0.18588000
0.12268900
-0.93890000
-0.04771300
-0.19895800
-0.15445200
-0.45113900
0.14283800
-0.17505500
-0.15461600
-0.27979000
-0.25587900
-0.29770800
0.93430900
-0.56686600
-0.74084600
-0.14831200
-0.49670200
-0.43683700
-0.74569000
-0.24701100
-0.50360800
-0.25064300
-0.56302600
-0.27256700
-0.35906000
-0.13100600
0.70437900
-0.18363400
-0.16732100
0.22360100
-0.19161300
-0.25296500
-0.41757100
-0.05193230
0.07495870
-0.52044000
0.11422000
0.35990700
0.48754400
-0.97692900
1.16220000
-0.08263640
0.43995400
-0.58613600
-0.82927700
1.24907000
-0.30036800
-0.26531700
0.37189400
-0.28697900
-0.41291600
0.32813700
0.33172200
-0.42566100
0.03981040
0.36745600
-0.31115200
-0.48848800
-0.34547500
-0.67365800
-0.00615119
0.47336100
0.32994800
-0.17467200
-0.60007700
-1.30266000
-0.19813000
-0.30215900
-0.24905500
0.33424500
-0.29292700
0.36359400
-0.54648000
1.06983000
0.08569860
-0.29293500
-0.22763400
0.30061400
0.20862000
-0.06240990
-0.57383900
0.70203200
-0.11385400
-0.11664100
-0.04380470
0.01520240
-0.66226200
0.36301300
-0.24406700
-0.33279900
0.52933600
-0.52238500
0.52494900
-0.30764400
0.01017350
-0.43006000
-0.25091000
-0.33703800
-0.52622100
0.43461600
-0.60752200
-0.10040400
0.96934700
-0.10682800
-0.24112900
0.03557090
0.51448300
-0.60960400
-0.28356900
-0.61261000
0.12387200
-0.71100100
0.32602000
0.52233500
-0.15859300
-1.22880000
-0.08554620
1.48458000
1.02332000
-0.67084100
-0.11240200
0.31402800
-0.15953700
0.59865600
0.03198720
-0.43845400
-0.61942300
-0.52162400
-0.53440500
-0.47355800
0.11887100
0.22959600
-0.03048090
0.19247200
-0.12659700
0.18856400
0.28525900
-0.52975800
-0.36095200
-0.43623700
0.32079800
-0.22771800
-0.85505400
-0.48348800
-0.78467000
-0.19181600
0.95797800
-0.59829100
-0.81439800
-0.05650690
-0.48508200
-0.16275900
-0.57552300
-0.22845700
0.56748800
0.02400630
-0.54239500
-0.30718000
0.11993500
0.94364700
-0.58851100
-0.81769100
-0.33639300
0.24683200
0.42419500
0.31215300
-0.61499700
-0.44736400
-0.10134400
-0.38510500
-0.51523400
-0.58845400
-0.36287100
-0.29078800
-0.36268200
-0.19152700
-0.38532800
0.53739500
0.41319500
0.15480900
-0.43984900
0.01183700
-0.62062600
0.03386080
-0.06321480
-0.23324900
2.44289000
-0.38471600
0.01074160
0.20233200
-0.09852590
-0.24483300
0.73796400
-0.28602300
0.19462900
0.14156200
-1.00856000
-0.57508100
-0.41156600
0.35587200
-0.05004960
-0.21138700
-0.36888900
-0.36832200
0.25724800
0.04318220
-0.21759100
-0.30019500
-0.32678600
-0.36687900
-0.40612000
-0.17060700
-0.14989400
0.60384500
0.46616200
-0.20515600
-0.45428700
0.00910896
-0.28675000
-0.04401930
0.03745030
-0.14271900
1.39037000
0.13426100
-0.13521300
-0.74349600
1.44843000
-0.98406600
0.68675900
-0.14266200
0.29031000
-0.71950200
-0.23302800
-0.34536600
-0.57290500
-0.25524600
-0.64833700
-0.50148100
1.44311000
0.06596230
0.14500500
-0.15755800
-0.59610400
-0.27881600
-0.27344200
-0.95000900
-0.65005900
-0.42094200
0.53909100
0.42923900
0.16347400
4.01978000
0.79726300
0.81372800
-0.11016200
-0.09340140
0.57783200
0.46676600
0.23814200
0.16337100
1.26953000
-0.91889500
0.03722910
-0.37756700
0.10981800
-0.57214200
0.02853800
-0.48076200
-0.07067510
-0.26812100
-0.46982500
-0.46043200
0.02978790
-0.35983800
-0.48841400
-0.05242300
0.88652400
-0.32362700
-0.57521600
0.00128348
0.31534000
1.39451000
0.26830200
-0.27503000
-0.06568940
-0.00552937
-0.24244400
-0.25729000
0.21774000
0.10719400
0.52192400
-0.26639100
-0.24074600
-1.08919000
-0.15883400
-0.37120200
-0.07819040
1.01670000
0.69602800
0.83301800
0.55036300
-0.69437100
-0.22593700
-1.10902000
0.47148600
-0.46552500
-0.39105900
-1.10958000
-0.57659600
-0.83689000
-0.44935700
0.07346350
-0.26212900
0.38176600
0.07594340
0.91240500
-0.29511000
0.74147100
-0.26862700
-0.12273200
-0.56848300
0.00851488
0.12489300
-0.17943100
-0.52189900
-0.57889600
-0.17756000
-0.26615900
-0.42423400
0.59432100
0.17154400
-0.21586500
-0.78520200
0.38842200
-0.45937000
0.03401600
0.19980500
0.36695300
0.19908100
-0.02990280
0.23585400
-0.75071400
-0.48000000
-0.13106900
0.35218400
0.15468900
-0.27795800
-0.20095600
-1.05613000
-0.10609200
-0.58668200
0.67146900
-0.39110800
0.18582000
-0.03548130
-1.00377000
0.36973400
0.87570300
-0.51783300
-0.44969300
-0.46966700
-0.32701700
-0.29583100
-0.45551600
-0.03030280
0.31877800
-0.55452400
-0.11325800
-0.50222300
-0.42079500
-0.93580400
-0.11039600
-0.72459900
0.28402600
-0.36410900
-0.32747700
-0.28224900
0.00022275
0.08388270
-0.04628270
0.73896800
0.22956700
0.96619400
0.14808900
-0.60386200
-0.32305000
-0.16820300
0.05425430
-0.51566600
0.65624600
0.29090000
-0.60965700
0.32021100
-0.59758200
-0.14256900
-0.12644300
-0.22160000
-0.51370600
-0.14533500
0.11463600
-0.54097300
-0.31699600
-0.65800700
-0.60549000
-0.20745800
-0.40775200
-0.74989800
-0.39264300
-0.60927100
-0.06984010
-0.18389900
0.57767600
-0.18744300
-0.26347900
0.35898000
-0.19537800
0.37211500
1.15550000
-0.07782150
-0.36430700
-0.69364100
-0.59486200
-0.35094500
-0.60995600
0.24832600
0.23806400
-0.66096500
0.44725000
0.10218600
0.53416800
-0.20683500
-0.35613800
-0.09223100
1.41108000
-0.52743100
0.80462200
0.42273500
-0.29910200
-0.66419500
-0.08845480
0.72711600
-0.94903700
0.62284300
1.47554000
0.33087400
0.54050500
-0.34242800
-0.38482400
-0.59055400
0.21949000
0.42248700
1.20350000
0.05080450
0.03134630
0.10350500
-0.55870200
-0.50072800
-0.66050800
0.37538400
0.22283200
-0.15639800
-0.39610000
-0.62864200
0.66398900
-0.82357300
0.26510300
-0.15854600
-0.91836900
-1.04445000
-0.39320400
0.03182830
-0.60991600
-0.83221400
2.16115000
1.41548000
-0.43171100
0.36635900
-0.38488400
0.62326100
0.08796740
-0.69971000
0.00312741
-0.21541500
-0.75801700
-0.50840700
-0.71105600
0.00334194
-0.62737100
-0.54505400
-1.37191000
-0.25735800
-0.26003400
-0.18111800
-0.71935100
-0.05175700
-0.72434800
-0.77925000
-0.62966000
0.31915100
-0.48040500
-0.79504300
0.69010400
0.50161500
-0.15793500
-0.93664300
-1.05677000
-0.01502690
0.10879300
-0.07781250
-0.63369900
-0.88213500
-0.80935400
0.39504900
-0.29751800
0.20124800
-0.01727750
1.34384000
0.02391430
-0.21648500
1.29150000
-0.62143900
-0.43183200
-0.45342400
0.45737200
-0.34228500
-0.50865600
-0.17117900
1.77223000
0.67444000
-0.23704800
0.21358300
0.23538300
-0.12133000
-0.06418310
-0.31294400
1.30476000
0.90944700
0.32770200
2.78564000
0.22424500
-0.95997900
0.20265300
1.34434000
0.15891800
-0.37879900
-0.19398500
-0.50066600
-0.26445200
-0.29844800
0.15508400
-0.01212160
0.18262900
-0.72671400
-0.78627700
-0.12283300
-0.17582600
0.83343400
-0.31007800
-0.42469400
-0.76021100
0.08743320
-0.12992400
0.09817310
-0.75631700
-0.14555700
-0.05833000
-0.22308700
-0.26095000
-0.25053100
0.15075700
-0.40861500
0.90681300
-0.36512800
0.07371900
0.06928060
0.06244920
-1.02847000
-0.29400300
-0.91814200
0.25692100
2.72323000
1.69915000
-0.83219300
-0.39492600
1.21622000
0.07715430
-0.98862300
-0.82669900
0.77238100
0.49223900
0.06779420
0.10821400
-0.44904100
-0.14920400
-1.00739000
-0.40466600
-0.53048900
0.46441500
0.06538250
-0.58786600
-0.54492200
-0.38312600
0.15415300
0.35829700
1.28699000
-0.08284310
-0.18268400
-0.52500900
-1.21316000
-0.00482491
-0.12691600
0.19923600
-0.33246200
-0.22798900
-0.43754700
1.34442000
0.83988300
-0.24552200
-0.30249900
-0.64168400
-0.00192990
0.31216100
-1.06218000
-0.53358300
-0.62609200
-0.00875184
-0.26356700
-0.28537000
-0.10526200
-0.76471800
-0.24369100
-0.41400100
-0.64368400
-0.43953800
-0.16805700
1.23479000
-0.48805400
-0.48528800
-0.54652400
0.20804300
1.43630000
1.21485000
0.10977900
-0.31981100
-0.01718080
0.42356700
-0.89255300
-0.16289500
-0.40633200
-0.30926800
-0.17691300
0.39438100
-0.20504900
1.21440000
0.69146200
-0.80157000
0.73982000
0.57632600
-0.43866900
-0.53334300
0.71442400
0.32040700
1.31996000
0.45963900
0.84494900
0.18534800
0.34660600
0.33468900
0.38238400
0.03795580
0.55156500
-0.28256000
0.00574960
0.24619900
0.89444500
-0.35125200
0.63024700
-0.39800000
-0.92727200
-0.20609600
-0.94646000
0.11592900
0.02296940
-0.44335200
0.03266490
0.03699440
0.55860100
-0.23674800
0.02837330
0.09737930
-0.19988200
-0.10883000
-0.11395900
0.07935230
0.14933300
1.29076000
-0.35795500
0.66123900
0.59299500
0.04488720
0.11570000
0.02863670
-0.99385100
-0.30926200
-0.20533300
0.63954900
0.66437300
-0.68060500
-0.60453800
-0.13253100
-0.28563800
-0.71099100
0.06247440
-0.18313000
0.32471100
-0.42265100
0.13218900
0.06031140
-0.47038600
-0.60300800
-0.32549000
-0.20047700
1.51405000
0.69422400
-0.31079300
0.92127700
0.29230900
-0.22357200
-0.19586600
-0.27110200
-0.67166700
0.28884900
0.45425800
0.29965100
0.55845300
0.61090000
0.19006400
0.39829700
1.41899000
-0.71887700
0.22570900
0.16458700
0.02640720
0.71100400
1.11923000
0.36452700
0.06824440
-0.38082100
-0.40355700
0.02132590
-0.71573200
0.02548490
0.79689800
0.27608300
1.53330000
1.80320000
0.25912000
-0.16796700
0.09632660
-0.34510200
0.07546800
-0.03995210
0.15325000
-0.25289700
0.38407100
1.30164000
0.19388900
-0.52541900
-0.05514560
-0.22601500
-0.67523500
0.10592700
-0.79329900
-0.49989100
0.28898900
-0.38384900
-1.00951000
-0.34334900
-0.04322870
-1.07655000
-0.54694900
-0.92837500
-0.51046200
-0.35909800
-0.35021900
-0.92615700
-0.57929400
-0.80005300
-0.60698000
-0.17295200
-0.11044800
-0.65004900
0.65641600
3.30883000
-0.38905100
-0.58345000
-1.12654000
-0.44975900
-0.26678600
-0.13114900
-0.11740800
0.38884200
-0.33872500
0.09407560
-1.00613000
-0.04236900
0.37563400
0.22325400
0.69546100
-0.34882200
-0.25622700
0.10082700
0.37709300
-0.07419390
-0.45632700
0.13254900
-0.00231808
-0.45233100
-0.36347900
0.15341600
0.29120000
-0.60069600
-0.01192240
2.37785000
-0.34857500
0.06494040
-0.08999070
0.27035400
0.82794700
-0.03481020
-0.49117700
-0.00333886
-0.48268400
-0.61673900
0.04258340
-0.55062700
0.20059000
-0.07203590
0.16013700
0.22664100
-0.36423600
0.06890720
-0.20992600
-0.27605200
-0.10661000
-0.37471200
-0.37984100
0.02003260
-0.20004800
0.29427000
0.10860400
0.30098300
0.11770300
0.02079560
-0.01591070
-0.29686400
-0.24896000
0.14949200
-0.02016550
-0.87675400
-0.03298960
-0.09886960
1.26230000
-0.13604500
-0.49685900
0.07165460
-0.44211100
-0.73853600
-0.15824900
-0.39397700
-0.41132400
-0.45863100
0.26995600
0.57133500
-0.06081320
-0.59458900
-0.22895200
-0.32893500
0.38520100
0.00631261
-0.35542900
0.09430440
0.31824700
-0.18522800
1.15872000
0.26631800
-0.21422200
0.46237300
-0.29107800
0.22864100
-0.53762800
-0.24515000
1.45485000
-0.77353600
-0.14978300
0.03300400
-0.44628200
-0.61084600
-0.33502200
-0.09673590
0.28359000
0.01586960
-0.11134200
-0.87247500
-0.32368000
0.36823600
0.06032720
0.51183800
-0.72657900
0.09497540
-0.63859100
0.29684600
-0.03577250
0.24632900
-0.09493040
0.27707800
-0.59877100
-0.00589714
-0.31985400
0.33517100
1.16224000
-0.08295680
-0.65267100
-0.29624400
-0.14238100
1.12123000
0.31830600
0.42184100
-0.56049100
-0.58709100
-0.21196400
-0.26787500
0.01951770
-0.84388400
0.01665630
-0.27336600
1.05681000
1.13090000
-0.31611000
0.59566800
1.08302000
-0.23032400
-0.33471700
0.40364500
-0.26123800
-0.39916100
-0.19381200
0.05197450
-0.55026000
-0.27194500
0.00999082
-0.25597800
-0.81799800
0.17644000
-0.22622200
0.10047200
-0.80485400
0.19795700
-0.14671200
-0.73878900
0.00293773
-0.49432600
-0.71418500
-0.35292900
-0.85899000
0.28268100
0.18460100
-0.52260700
-0.56900300
-0.80214100
-0.08631460
-0.73161400
-0.18134700
-0.13665400
-0.31269100
-0.39576500
0.27466500
0.09956900
-0.12916000
0.47426700
0.51628800
0.02946270
-0.22158700
-0.52835500
-0.32413700
-0.26874500
-0.99063700
0.25030500
0.32076200
-0.36593600
-0.21551900
0.46677600
-0.46670300
-0.46970400
0.71548400
-0.06377260
0.28371900
-0.63075800
-0.17117100
0.48794400
-0.91983700
0.69580700
-0.29629500
0.04852260
-0.05388840
0.26506100
0.15799500
-0.11218400
0.17898300
0.23285700
2.72831000
-0.41490900
0.76468100
-0.52624800
-0.42867100
-0.55373600
0.10842800
-0.17753400
-0.45976200
0.05686240
-0.41355900
0.64465600
-0.19008900
-0.35859300
-0.18815000
-0.71786200
0.57461900
-0.54641400
-0.32885900
-0.34850000
-0.12946500
-0.29121600
0.58214200
-0.19940600
0.75260400
-0.59993300
-1.25582000
-0.16950500
-0.14857000
0.25843800
-0.21066100
-0.24448500
-0.10012300
-0.40566400
0.32676900
-0.34729900
-0.50697200
-0.59175400
-0.11383400
-0.90935000
-0.08329170
-0.33584500
-1.26322000
-0.49993000
-0.35866800
-1.15497000
0.09015390
0.16094400
-0.19431300
-0.37885600
-0.09140060
3.10190000
-0.54097000
-0.09960830
-0.24442900
0.04544020
0.15726100
0.56846600
-0.36738500
-0.82024400
0.03262110
0.15725200
0.13413000
0.41357500
-0.34171800
-0.17247800
-0.65345300
-0.27282000
-0.03834310
0.03347870
0.06797970
-0.49857100
-0.36830000
-0.14010700
0.29142100
-1.09116000
0.10071300
0.88387800
-0.13512500
-0.21146400
0.50446400
0.55693600
-0.06065610
0.81759300
0.49630300
-0.62816500
-0.93851600
-0.14846700
0.23984800
-0.55403700
-0.28899400
-0.03115000
0.28648300
-0.08190810
-0.61146300
-0.20743900
-0.16303200
0.26772600
-0.40538200
-0.93721000
-0.46004700
-0.53443700
-0.10473200
-0.63837100
-0.48350200
-0.30864700
-1.08607000
0.38181300
0.89402200
0.49454500
1.17661000
1.97779000
0.29514500
-0.34101900
-0.42794900
-0.13803600
-0.28983400
-0.34365300
-0.68327500
0.49186100
-0.07593360
-1.03087000
-0.66105000
0.44528800
-0.45105300
-0.75432200
0.03297470
-0.81095500
-0.36533800
-0.71617400
0.26219600
-1.26340000
0.23145500
-0.26565700
-0.67986500
-0.19347600
-0.55899900
-0.09391650
-0.33212900
0.09271630
0.31131300
-0.00934551
0.11151700
0.26415400
0.13031800
-0.22798700
-0.23400200
0.10709200
0.16897200
0.91191600
-0.17689000
0.29685500
-0.98297100
1.65772000
-0.39946100
-0.45864200
1.15267000
-0.34477200
-0.21553000
-0.08856890
0.30100600
-0.39417700
-0.19791100
-0.52469100
-0.61410300
-0.30196000
0.90735000
0.88305600
-0.53961900
1.03434000
-0.25510300
-0.23791100
0.29450900
-1.12707000
-0.20768800
-0.14357100
0.23043800
-0.52804700
0.67020200
0.57103500
0.79354500
0.36245700
0.43516600
0.54483100
0.24786800
-1.03758000
-0.51291400
0.55720100
-0.66442300
-0.51954800
-0.37845100
-0.77489900
0.42314700
-0.23296200
-0.24387400
-0.10189800
-0.29496400
-0.59954100
-0.47293700
-0.72627300
-0.32591400
-0.54665400
-0.23040000
-0.05407570
-0.37614800
0.87493900
0.54126300
0.51091100
1.17836000
0.04028530
0.25493400
-0.45228200
-0.51484300
-0.00482049
-0.52504700
0.24685900
-0.23783900
-0.34739300
-1.12737000
-0.82209100
-0.08058880
0.68677600
0.12933100
0.36511900
-0.60913800
-0.25889600
-0.90568200
-0.32432200
-0.85499400
-0.62346700
0.17571600
-0.59528700
0.18784200
-0.57450600
0.87835300
1.72439000
0.56677200
0.11671500
0.26869800
-1.07851000
-0.81151400
0.58923600
-0.25715300
-0.51570500
-0.00336191
-1.53141000
0.38208900
-0.21245300
-1.15068000
-0.02425560
0.04227070
-0.46581500
-0.14735400
0.52784000
-0.43036200
0.09173150
-0.18114500
0.02387380
-0.04741160
-0.25718600
-0.70979400
-1.36154000
0.07739730
-0.61092500
1.15189000
-0.28423300
-0.17246200
-0.50440000
-0.07984170
-0.04567290
-0.15717900
-0.34530000
0.09680750
0.22959700
-0.20362700
0.04596510
-0.28714900
0.43578100
1.57804000
0.05011180
-0.55738300
-0.02576720
-0.22592000
-0.63147800
-0.90125100
0.32561700
0.32548400
-0.27765300
-0.16795900
-0.17619600
0.11987800
-0.08079800
-0.42982300
0.04175760
-0.36816000
-0.10429600
-0.38934500
-0.80703500
-0.17706400
-0.78496100
0.27307200
0.50858800
0.59242200
-0.00248184
-1.18335000
0.04229850
-0.38477500
-0.05102570
-0.20381900
-0.55372200
-0.58389900
-0.59911100
-0.22412000
0.15347800
-0.04144660
-0.61475300
0.06560150
-0.13928700
0.15294500
-0.19020900
0.34913800
-0.50103600
-0.19861600
0.94139500
0.66216700
0.31369100
0.29739300
-0.12123100
0.66990400
0.15380200
-0.11185700
-0.77181800
-0.95748900
0.84258700
-0.20357700
1.59915000
-0.45942900
0.15755000
-0.68866600
0.19373900
-0.62100200
0.20954200
0.98730500
0.47508600
-0.12589900
-0.00517807
-0.00274411
-0.21767900
-0.92560900
-0.75432500
-0.15332100
0.31849100
-0.50027400
-0.48155100
-0.18982900
-0.29002000
-0.53824000
-0.35593500
-0.61070600
0.13574600
0.10434600
0.02070360
-0.06403760
-0.87195700
1.35909000
-0.44785300
1.09855000
-0.43115500
0.53920300
0.21646200
0.10054400
0.87569000
0.19118300
0.68056800
-0.17561700
-0.66296100
1.02019000
0.10457300
-0.20212800
-0.62306700
0.44946000
-0.18057300
-0.13652200
-0.33554100
-0.89648100
-0.51694300
-0.10909100
0.46887200
0.46520300
-0.33420200
-0.48826900
-0.18107300
-0.61341100
-0.24225500
0.17670700
-0.34705200
-0.04556360
-0.12399600
0.30937000
0.06233670
-0.07037530
0.53642800
1.55747000
0.28403300
0.16129700
0.26027700
-0.01111630
-0.76112800
-0.23229000
-0.29542200
0.30706900
-0.56492500
0.13331800
-0.11929700
-0.10800700
0.43698200
0.30394300
0.37748000
-0.02224980
-0.61121300
-0.55619800
-0.36950300
-0.10077800
0.52285000
-0.26427600
-0.68366300
-0.31958400
-0.45456100
-0.46665900
-0.06022820
-0.44734300
1.02588000
0.07352560
-0.08775020
-0.19887700
-0.05303240
0.14750400
-0.04169330
1.10550000
-0.11163100
0.43516400
1.47762000
-0.06667190
0.35362600
-0.38804600
-0.26349900
-0.26331600
-0.38548700
0.84475000
-0.22865800
-0.30000800
-0.45982000
-0.54183700
-0.87416100
-0.27459400
-0.30974700
-0.07347990
-0.16219100
-0.19220600
-0.27873800
-0.99202800
-0.38992900
-0.48566000
-0.52359300
-0.57060500
1.47354000
1.20635000
0.41432500
-0.22230400
-0.04879110
0.93055900
-0.38328900
-0.21039600
-0.12450700
0.50388000
-0.80972000
0.40750500
-0.10868100
-0.82145300
0.20728700
0.51855700
-0.47670100
0.09461380
-0.70087400
0.02604330
-0.41795600
-0.83884600
-0.51547100
-0.10571700
0.20475300
-0.56295500
0.00373779
-0.51648300
1.08428000
-0.51798100
0.29992400
0.13075800
-0.47892900
0.22618000
-0.01508290
0.44181600
-0.80612000
-0.49868500
-0.27085500
-0.75612000
-0.67642600
0.05945610
0.05763390
-0.44747700
-0.63730000
0.60456100
-0.16003200
0.30320400
-0.37771200
0.24213100
-0.62196600
-0.24675600
-0.56118400
0.00257309
1.53376000
-0.06999820
-0.75262900
-0.60424500
-0.06594450
0.54490000
-0.57602600
-0.05986600
0.04118360
-0.58042100
-0.02765160
-0.44048100
-0.33136000
0.26867600
-0.03836240
-0.12431400
0.11390700
0.06593540
-0.07885220
-0.21277900
0.64354000
-0.96028400
-0.71098300
-0.55924900
-0.76389600
-0.80997200
-0.59092500
0.43324800
-0.33180600
-0.64578700
-0.48359500
-0.82664300
0.40251100
0.78194500
-0.42077600
0.18128800
0.00907134
-0.74827700
-0.32226300
0.37325300
-0.13020800
-0.39443800
-0.48345400
-0.11496600
2.41344000
-1.08380000
-0.22997600
0.05469210
-0.54645700
0.63973400
-0.18033000
-0.05021920
0.02379740
0.62392800
0.99354600
0.48342900
-0.00564417
0.10834500
-0.06227880
-0.12334600
-0.10694600
0.16898700
-0.31042800
-0.60626800
-0.92589300
0.60099200
-0.31628700
-0.68338900
0.01590210
0.02818370
-0.46288400
0.32830500
-0.28544900
-0.54850500
-0.87012500
-0.01650070
0.21636700
0.73582400
0.25757600
-0.18359800
0.38352100
-0.71760500
0.25236600
1.37528000
-0.88595700
-0.31268900
-0.01786550
-0.46869100
-0.90125400
-0.49390100
-0.07847190
-0.26645300
-0.35051300
-0.03237410
-0.16885200
-0.11026700
0.26751700
0.31376300
-0.50322200
0.00484042
-0.16765500
0.22056800
0.09255920
-0.22844000
0.15220200
-0.10828300
-1.41274000
-0.50895600
-0.14331700
0.67728700
-0.21506800
0.28622700
-0.70278500
-0.58891700
-0.32215200
-0.70482600
-0.50437200
-0.92505200
-0.17988700
-0.22091000
-1.48999000
0.36037200
0.04959550
-0.59661300
-0.88105200
-0.12709900
-0.11911900
-0.90163000
0.01236910
-0.12818300
-0.74071500
-0.30217300
0.89406100
-0.94311600
1.34556000
0.15234300
0.49242100
-0.03450340
1.26222000
-0.39093700
-0.92039500
-0.27126500
-0.57061100
0.58468000
-0.25314000
2.06733000
0.81403700
0.87533100
2.54435000
0.36716700
1.41708000
-0.08904370
0.67793000
-1.04194000
0.30891300
0.23368500
-0.20552000
-0.65130200
-0.03644980
0.53282600
0.64953900
0.68964500
-0.40171700
0.02991880
0.07276280
-0.15888600
-0.25987900
0.31146100
1.57394000
0.70554400
0.92079600
0.37233600
1.18267000
0.58049100
0.33293600
-0.94987300
-0.51253400
0.01683570
0.66733200
-0.15348300
-0.78192900
0.07003010
-0.57164000
-0.80291200
-0.06521190
0.18902900
-0.39947800
0.10167400
0.00366735
0.50648400
0.06318500
-0.09579000
-0.68012600
0.08648430
0.51206500
-0.57733500
0.15684100
-0.63964400
1.40463000
-0.42416700
-0.13727100
-0.10957000
-0.49279500
-0.38216600
-0.26490200
-0.06594790
-0.20840600
0.06531220
-0.51714400
-0.47902300
-0.62290800
-0.66473100
0.15899500
0.03206880
0.50091100
-0.04273740
-0.45752100
-1.07032000
0.04173900
-0.70902900
-0.48961000
0.29268500
-1.04536000
-0.36897500
0.10034000
1.65081000
-0.32586000
-0.38479200
-0.70323500
1.17283000
0.00747147
0.07109670
0.20715800
0.16127300
-0.12849700
0.24469700
-0.35790400
0.13941800
0.47546500
0.29810700
0.79627300
-0.74797800
-0.91917100
-0.08143870
0.24027000
-0.49467000
-1.04760000
-0.27088400
0.08315660
-0.68736000
1.13822000
-0.06891110
0.30965300
-0.97771000
-0.25731200
0.11881800
0.52508800
-0.43870700
-0.74350900
1.28163000
0.49684600
1.10661000
-0.11704000
0.23967900
0.06891080
-0.90352500
-0.44302000
0.17175900
-0.29624400
0.21020800
0.08592800
1.18545000
1.13449000
0.05240250
-0.28582800
0.07341060
-0.74246500
-0.52467200
-0.85782700
-0.35415400
-0.05210020
0.15299000
-0.66639500
-0.35216500
-0.47133500
0.19534400
0.98612300
0.31051400
-0.72513600
-0.76847400
0.54361800
-0.46445300
-0.00934636
0.07647660
-0.41838700
-0.61268500
-0.73034600
0.12932500
-0.58656700
-0.30130600
0.07796130
0.56785900
-0.31335400
-0.44573500
-0.20785800
-1.14260000
0.04971650
-0.17144600
-0.83107200
-0.64042700
0.00456140
0.15335300
-0.44014200
-0.28534300
0.80353800
0.32918000
-0.52968000
-0.74062500
0.10931700
-0.34649100
0.06452940
-0.32886200
0.33282700
-0.50047200
-0.39307000
0.02493830
0.00072368
-0.05302800
-0.87578100
-0.97057300
0.35022500
0.03138210
-0.90652000
-0.19726200
-0.68726100
-0.39162100
-0.90621300
-0.75214300
-0.21572200
-0.69993600
-0.14439600
0.00190212
0.15447200
-0.61784800
0.49809200
-0.18397000
0.02976030
0.15933600
0.73947800
-0.93930000
-0.34055000
-0.21673200
-1.02439000
0.04090920
-0.06466160
-0.41604300
-0.64557100
-0.11940800
0.13077800
-0.33823700
-0.07687680
0.65493800
-0.19544700
1.00315000
0.27906600
-0.25431600
0.05258830
0.61252200
0.12613300
-0.70305500
0.78738400
-0.34668200
-0.49547200
-0.25946900
-0.41585000
0.05628050
-0.22278500
0.06098180
-0.40487200
-0.02700750
-0.66774100
-0.24286300
-0.28489100
-0.05365060
0.14006300
-0.63450900
-0.52593300
-0.17620300
-0.20686800
-0.35327400
-0.27627000
-0.11335900
-0.43983400
0.13216700
-0.02498080
-0.01694560
-0.69657900
0.17380100
-0.05528690
-0.39015400
1.18498000
-0.16356500
-0.00012621
0.33366500
-0.26139300
0.33861300
-0.85442800
-0.60840900
-0.03155560
-0.52700500
0.08600220
1.58117000
0.09239120
0.09639610
-0.26561300
0.22522000
-1.03473000
0.14078900
-0.16502600
-0.18046500
-0.65002000
-0.35495700
-0.22004500
-0.02087240
-0.00724422
-0.09894130
0.32465600
0.67707200
-0.08354270
-0.37788500
-0.63051500
-0.68429900
-0.36079200
-0.06072830
-0.71035200
0.16355600
-0.90616400
0.99877300
0.03736340
-0.37939900
-0.21981100
-0.77693700
0.07157430
-0.22926300
0.66083900
-0.24419000
-1.49139000
-0.04395320
0.66277800
-0.51336500
-0.37327600
-0.20540900
-0.06195820
-0.08140920
-0.32716900
-0.38523700
-0.54053800
0.04962400
-0.42971800
-0.87859400
0.27328400
0.28625800
0.09450180
0.61405000
-0.74059200
-0.06523940
0.42947100
-0.54238500
-0.71947600
0.06624140
-0.03014370
-0.16423200
0.16730200
-0.22834500
-0.08734120
0.22300800
-0.22364700
-0.58665400
0.15690700
-0.49419800
0.06505590
-0.93252100
-0.06868110
-1.05333000
-0.11934900
-0.27808800
0.71644100
-0.36428500
-0.09150020
-0.58996900
1.65785000
-0.34951000
-0.24024600
0.92850000
1.60597000
0.39991200
0.35181900
0.58602500
0.11474400
-1.11905000
0.48527900
-0.17509900
-0.06581380
-0.50790800
0.18566300
0.28172900
-0.16830800
-0.11350100
-0.59505500
0.19667600
-0.99862500
0.31386700
0.03355040
0.35596400
0.03406070
0.23726300
-0.30147700
-0.28349100
-0.28333100
0.02101820
0.11159700
0.39281400
0.25575900
1.54660000
-0.15174800
0.43690900
-0.47825700
0.20693100
-0.51257800
0.71979700
0.75025900
0.38660200
-0.03997290
1.57148000
-0.69359300
0.78232200
0.05367780
0.01412760
0.46074200
1.08566000
-0.44519600
-0.12777800
-0.17342000
-0.39281600
-0.40914800
-0.58755600
-0.64050700
-0.16943400
-0.00962129
-0.57251700
-0.92514700
0.55812400
-0.33601000
-0.16676700
0.36749700
-0.84965400
0.95690400
-0.84532100
-0.39000900
0.03743120
0.14157100
-0.70189800
-0.41956300
-0.18229800
-0.60202000
-0.58332900
-0.30117100
0.56429600
-0.60992700
0.39145100
0.62147500
-0.77782000
-0.98486000
-0.23035900
-0.45894300
-0.02703490
-0.07261070
0.44852000
-0.82514100
-0.36188200
-0.28687500
-0.07150900
0.26012000
0.47962700
0.35929300
-0.79065400
-1.03467000
0.42494900
0.31994500
-0.06691900
-0.27060100
-1.06102000
-0.24682100
-0.39750400
0.06759380
-0.58222300
-0.51918000
2.91526000
-0.36859300
0.41628300
-0.04576360
-0.69807900
0.18040100
-0.07466510
0.16150500
0.18006100
0.32170800
-0.03862640
0.26648700
-0.40579700
-0.65551400
-0.44692000
-0.39070800
-0.06911710
0.16963000
-0.67578000
1.04612000
-0.43866100
-0.61001900
-0.45270800
-0.52960300
1.94732000
0.34860200
-0.51641800
0.67283700
0.37147900
0.24130000
-0.68585500
0.36655800
-0.27631700
-1.17595000
0.80062300
0.22414400
0.11737200
-0.19101400
-0.88915100
-0.81015800
0.49726700
-0.98723700
-0.07454590
-0.00851412
-0.46007400
-0.63748400
-0.26163100
0.06292600
-0.47198000
-0.03926720
-0.35875400
-0.52059700
-0.37115100
-0.58969700
0.26161800
0.40350500
0.60699600
-0.47580700
0.26401500
0.21585300
0.74307800
-0.30216600
-0.28964600
-0.00544651
0.09899490
-0.07859270
0.53749600
0.36575700
0.71456600
-0.37300500
0.28537200
-0.35756800
2.93347000
-0.45623200
-0.48559500
-0.57975600
-1.06154000
0.35743200
0.30348400
0.75702300
-0.81096000
0.44369800
-0.66976500
0.26133200
-0.64596700
-0.39398100
-0.38344400
-0.32139000
0.65525600
-0.04278390
0.07370730
-0.19841700
0.78143000
-0.06588000
-1.16778000
-0.61393700
0.15678500
0.23389900
1.46271000
-0.03291830
-0.28867800
-0.32375700
-0.68772100
0.16919600
-0.02820530
0.28155100
-0.35273900
-0.58418600
-0.44909300
-0.29956800
-0.95713200
-0.28734000
0.08027370
0.20571100
-0.33432800
0.55901700
-0.99781700
-0.48863500
0.01042480
0.22978800
-0.69809800
-0.27693000
-0.21915200
0.62408600
0.76505400
0.40885300
-0.78740400
0.15679000
-0.01100340
-0.51308800
0.26226000
1.09709000
0.26606200
-0.02525310
0.93269900
0.57980400
0.51625200
-0.17551500
0.38621500
0.20208400
-0.45468200
-0.74798600
-0.76666000
-0.20159300
-1.04059000
-0.11392400
0.98759900
-0.22645300
0.28508700
0.09639610
-0.14156000
0.33275800
-0.16842700
-0.02038080
-0.31615000
-0.16181500
-0.24452600
0.52912700
0.42534900
-0.44309800
-0.23959700
0.62104600
-0.44444300
-0.00114074
0.77539500
0.26962500
0.07865420
-0.64253600
-0.63055500
1.62999000
-0.17422000
1.24401000
1.59718000
0.78078100
0.66555200
0.99656000
1.04296000
0.48035800
-0.43454800
-0.49226500
-0.32582800
0.16250800
-0.24826400
-0.10946900
0.04477730
-0.48108800
-0.88452700
-0.87321600
0.07791900
-0.46386400
0.16250800
-0.46292600
-0.00505192
-0.70126700
-0.22510200
1.60866000
0.13727000
-0.47977200
-0.73805900
-0.53265800
-0.17552800
-0.15383700
0.17703900
-0.36306600
-0.22491900
-0.19631100
-0.36864800
-0.45255300
-0.35595200
0.16273900
-0.08308890
-0.72106300
0.31364500
-0.64958400
-0.40407600
-0.17222100
0.11217100
1.63012000
-0.37027300
-0.04633740
-0.08216280
0.36599800
1.59638000
-0.31086100
-0.40826200
-0.57574900
-0.28151100
0.17146400
-0.23342100
-0.16734900
0.51238900
0.15737400
-0.47638800
0.10267400
-0.32646300
-0.03662740
-0.57582200
-0.39139400
-0.34845200
0.60756900
-0.15776800
0.75037700
-0.52219800
-0.22003900
-0.40947100
0.33511200
-0.05677040
-0.22376600
-0.24424300
0.37865600
-0.21327300
-0.21643600
0.12533500
-0.66798200
0.46558800
0.06133590
0.06133590
-0.00736016
-0.67520300
-0.52738800
0.30191500
0.14837100
-0.29336600
0.55182900
-0.45665900
-0.01990920
-1.05018000
-0.10899900
-0.14211800
-0.00479584
-0.28174100
-0.17060300
-0.59274500
0.33210700
0.02329780
-0.53394200
0.11810100
-0.31084700
-0.13703900
-0.10187000
-0.12018600
2.15500000
0.27355000
-0.23353400
0.61215500
0.97753300
-0.36647700
-0.31419500
1.16205000
0.15728400
0.22827000
0.15644800
-0.63149800
-0.09617540
-0.54096000
-1.03998000
0.30272100
-0.87530100
0.18775100
-0.83398600
-0.48256500
1.41691000
-0.17240700
-0.49793700
-0.33312800
1.45561000
-1.17727000
-0.58905300
-0.29263100
0.31716800
0.89222800
0.27163200
1.60378000
0.47592600
-0.17375500
-0.51348600
-0.62290600
0.25759300
-0.24715500
0.40362700
-0.68511600
-0.67267900
-1.10048000
0.02433730
0.24710000
-0.65461200
-0.33150200
-0.78225800
-0.72106300
0.04143290
0.27137600
0.09293250
0.20160300
-0.37217900
-0.68328900
-0.26527200
-0.32988800
0.40249900
-0.02285170
-0.05199640
-0.11167800
-1.01800000
-0.57210000
0.16782200
-0.28200600
-0.76933200
0.78624200
0.00115338
-0.19267600
-0.15615300
-0.18233500
-0.35228300
-0.02759120
-0.22765600
-0.71810200
0.20593600
-0.52090900
-0.52090900
-0.00197757
0.22748700
0.61868100
0.14539100
-0.30500500
0.03559560
-0.88410500
0.27077500
0.19871200
-0.01291830
-0.28439900
0.00139475
-0.43029000
-0.08230890
0.03195430
-0.51989500
-0.40048900
-0.00962875
0.75477800
-0.43836000
0.66554700
0.46279900
-0.14269600
0.88681000
1.83037000
0.34852900
-0.02460610
-0.34181400
-1.13719000
-0.82798700
-1.05231000
0.39476900
0.25703400
-0.49761900
-0.56044300
-0.52891300
-0.64910000
1.40657000
0.26771300
-0.80859200
0.36408600
2.38624000
-1.20190000
0.70143800
-0.80615100
0.25675200
-0.17651400
-0.89253200
0.01669410
-0.12595700
-0.54634900
0.03894450
0.04389370
-0.47815800
-0.28886600
0.26632200
-0.64941500
0.68395000
-0.72842800
0.38868200
-0.12824300
-0.00562191
0.05335330
0.80796500
-0.05224420
0.29497600
0.47083100
0.40959100
-0.69506200
0.25134100
0.98720000
0.82927500
0.13338600
-0.17910700
0.36983300
-0.70916800
0.58864500
-0.43217400
0.17891500
-0.10688000
0.02402370
0.32356300
-0.01373340
-0.30890900
0.12736100
-0.22729900
-0.15938100
-0.31641200
-0.35110000
0.03515400
0.29978700
-0.53617900
0.08943600
-0.04760650
-0.30054500
-0.95760900
0.15329100
-0.81467100
0.09887210
-0.29947400
-0.58015600
-0.37327400
-0.30654400
-0.38664100
-0.40757300
-0.10853200
0.24501900
1.51511000
0.08341230
1.37071000
-0.05630240
0.38827500
-0.99092300
-0.22751800
-0.73795900
0.60707700
0.01192470
-0.09718370
-0.25489000
0.96553400
0.42779900
0.48962000
1.05712000
0.25561100
-0.46860900
-0.53822200
-0.25570200
-0.51417700
-0.42161900
0.27834200
-0.56605900
-0.47057100
0.23882800
0.48683700
-0.61061500
-0.13471700
-1.06934000
0.43154800
-0.09985530
-0.84607200
-0.58307000
-0.38571600
-0.45807800
0.39900900
0.43242400
1.54861000
-0.96200400
-0.65337600
-1.05261000
-0.58459900
-0.50172300
-0.23882700
-0.85926100
0.09493010
0.24236900
-0.38115800
-0.78053400
-0.35962300
0.43932600
-0.09794970
-0.37150200
0.08435780
-0.19997700
-0.66766500
0.36982600
0.48385800
0.13701900
0.32453200
-0.42843500
0.15283200
0.36151900
-0.45301400
-0.38266800
-0.15928700
-0.13329300
-0.22477200
0.11027700
-0.29280600
0.55652000
-0.03350530
-0.53117900
0.83886200
-0.45771300
-0.25533200
0.48017500
-0.25136600
0.25964500
0.05684420
-0.07014890
-0.05631380
-0.18008400
-0.57009000
0.05604470
0.37121000
-0.55852000
0.13902300
1.80244000
1.45921000
0.83145800
0.16136600
0.05388470
-0.00334741
-0.10299700
-0.50472200
0.13796700
-0.60282900
-0.05379050
-0.78700400
-0.35124700
-0.24075700
0.00318055
-0.51935700
-0.83814800
-0.50205200
0.04021750
-0.65905500
0.06034010
0.44853500
-0.60881800
-0.57729000
-0.83125500
-0.61259800
-0.39276400
-0.36062000
-0.58321500
-0.49259200
0.17945900
0.32652100
0.16771900
0.04129360
0.07858960
0.29754400
-0.03762880
-0.48644300
-0.24250500
-0.53863000
0.10292700
-0.76525200
0.01251560
0.14182600
0.46144700
-0.21388900
0.12773900
0.27711200
-0.00232368
0.21534700
-0.42066600
-1.03786000
-0.99741900
-0.29193600
0.35734400
-0.10693500
1.48114000
0.52567900
-0.29002400
-0.38731400
0.06275930
-0.56804400
-0.30500400
0.55262200
-0.47760800
-0.01310390
-0.72721200
0.11487500
-0.93598400
0.17782600
0.29403400
-0.54682000
-0.01103710
-0.14093500
-0.32233900
-0.08442280
-0.72012200
-0.31741700
-0.05138390
-0.15722500
0.41883400
-0.68714100
-0.44519000
-0.93490500
0.94322600
-0.39409800
0.19159600
0.37285700
-0.20299800
-0.51175600
-0.18712800
-0.01441560
0.41781500
-0.15224100
-0.86769800
-0.60033500
0.69309100
-0.58259400
0.14704500
0.08780320
-0.16407400
-0.28031000
-1.10598000
0.42618600
0.19388000
0.17221700
-0.52976500
0.81720300
0.06427750
-0.26538700
-0.57677000
0.75134600
1.10645000
-0.08273350
-1.22850000
0.48153500
0.80522300
-0.24574700
0.37876400
-1.18313000
0.38744300
0.04430750
-0.50522100
-0.14746000
0.50026500
-0.37332300
1.36901000
-0.65372700
-0.04189050
0.96651600
0.52055600
-0.08066110
-0.31612800
-0.41757500
0.29373900
-0.88790700
-0.15224600
-0.61113800
0.08432340
-0.06737080
-0.68599800
-0.06581380
0.19176500
0.58037100
-0.06115140
-0.68409700
-0.82392500
-0.59867600
-0.85390400
0.43269600
0.12686300
0.25748100
-0.12122000
0.54509300
-0.49187200
-0.12277500
-0.09635740
0.24481200
-0.09509560
-0.67071800
-0.51209000
0.39365100
-0.41517300
-0.40601700
-0.25664500
-0.38732300
-0.04453660
-0.31500200
-0.03773550
-0.50086300
-0.41314700
-0.45765500
-0.29868400
-0.27485300
0.28053000
-0.56180600
0.47536700
-0.89882500
2.35028000
-0.38796700
0.20247100
-0.13513700
-0.20195100
-0.34617700
0.78450700
0.40241200
0.44480800
0.81504400
-0.72098200
-0.52771300
-0.80192000
-0.29397400
0.63992600
1.06372000
-0.03653460
-1.26652000
-0.26034100
0.65053700
-0.64053600
0.03671440
1.86064000
-0.36346600
-0.45514300
1.14441000
0.44635400
0.86983300
1.41533000
1.03831000
0.98089300
0.80795500
-0.75237900
-0.71666600
-1.48961000
1.55320000
1.91603000
0.57282400
0.92768800
0.60244900
1.30995000
1.25849000
0.41355800
0.04502950
-0.05780400
-0.64135300
-1.10643000
-0.07270700
-0.41689300
-0.08553290
-0.07621670
-0.40228300
-0.74050600
-0.31934200
-0.00118361
0.23575800
0.16256000
0.68596200
0.91037900
0.07223080
0.47598800
0.10154500
0.43232500
1.03455000
0.94901000
1.33022000
1.29771000
-0.79005400
-0.41075300
0.07737180
-0.09855620
0.29605900
0.34245200
-0.23542200
-0.17572700
0.55405900
-0.01611140
0.77830300
-1.46060000
-0.83791400
-0.20878700
-0.02618030
0.15173800
-0.02823250
-0.34844900
-0.31076800
0.37435900
0.14888400
-0.23011800
-0.14659500
-0.96903100
0.33275400
-0.07351100
0.46618700
-0.12586500
0.86197200
-0.80356400
0.97157900
0.40603000
0.34609500
-0.01922060
-0.34267500
0.36765900
1.92641000
1.55634000
0.34022800
0.07653590
-0.59603100
0.05961540
-0.22124600
-1.10852000
-0.15672600
-0.90818400
0.39800600
-0.41573000
-0.23897200
-1.12046000
-0.13517200
0.04921260
0.17839300
-0.28679200
-0.23629800
-0.17787900
-0.24674400
-0.56537200
1.51025000
0.34881000
-0.12577800
-0.22091100
-0.47039100
-0.39823300
-0.04431760
-0.69587500
-0.48681600
-0.36428000
-0.04778490
-0.59476400
0.01329400
-0.08729960
-0.40084200
-0.41399900
-0.99913200
-0.46469700
-0.00579592
-0.45160200
-0.80930400
0.57550100
-0.56583600
-0.21714800
-0.79890600
0.44102400
-0.23515800
0.13496500
-0.20332300
-0.13256600
-0.71976900
-0.09676880
-0.37422500
-0.39990600
-0.60536000
0.49405600
0.09789330
0.04010250
-0.29467600
0.05238380
-0.72093100
0.16986500
-0.33210200
-1.04283000
-0.25836500
-1.35306000
0.23391600
-0.40696100
-0.15599800
0.29557200
0.12644700
-0.18754800
2.96570000
0.59303700
-0.67514500
0.03061940
1.06703000
0.00437263
-0.33867500
-0.18556800
0.46384000
0.40122100
0.15884600
0.77920800
0.15754000
-0.08542670
0.31093800
-0.25732600
1.09660000
-0.44969500
-0.22938900
0.15629600
-0.20863300
-0.50730600
0.26473100
0.02196510
-0.18001700
-0.22286800
-0.25961300
0.06840870
0.06462710
-0.43476600
-0.38709000
-0.26797900
-0.14842700
-0.09557120
-0.48251100
0.24777100
-0.63411200
-0.69924000
-0.45656000
-0.70326100
0.39145900
-0.11172600
-0.39656500
-0.07528020
0.94282600
-0.26358500
0.41759500
-0.37879900
-0.63136600
-0.05230540
