4.59998000
6.61234000
5.23150000
4.97875000
5.99167000
5.34318000
4.89527000
5.01800000
4.77741000
4.71418000
-0.54231500
4.69627000
4.97914000
5.02514000
5.00046000
0.94739400
5.51404000
0.21698100
4.85140000
5.44414000
5.46297000
0.91474700
5.79630000
5.20528000
5.64987000
5.13079000
4.75759000
5.15218000
1.01940000
5.03961000
5.33179000
4.78785000
4.99317000
5.56728000
0.32560300
5.37739000
5.62496000
5.15027000
5.00619000
4.67826000
5.23523000
1.50055000
4.75640000
5.04524000
0.56674900
5.10323000
5.34809000
5.01225000
-0.31401000
0.26688800
-0.80900500
-0.24477500
-0.30961900
-0.13148300
-0.32304400
0.29465400
-0.43865500
0.05903390
0.51272200
0.55103900
0.19551500
-0.13543800
-0.25665800
-0.03939540
0.21590900
0.17990400
-0.40913900
0.40408300
-0.24928800
0.08129600
-0.04569320
0.65130900
-0.04190170
0.87548000
-0.72946300
-0.20698000
-0.17839800
0.12141800
-0.09330170
-0.00416145
0.21585800
0.10328900
-0.00830288
0.24978500
-0.14252700
-0.16211100
-0.26535900
-0.58011400
-0.80904300
-0.00371547
-0.40274400
-0.04719190
-0.64382700
-0.39800500
-0.22662300
-0.09373060
-0.41672700
0.18638800
-0.06365800
0.15730700
0.94357800
0.20768600
0.11394300
-0.57081600
-0.16513500
-0.18716000
1.43813000
0.30450200
0.33507900
0.83848700
-0.82695400
1.43669000
0.84115400
-0.69714400
-0.79107600
-0.17199700
-0.29352600
-0.12589100
-0.10672400
0.06223020
-0.54186200
0.16932300
-0.03175450
0.40644400
-0.58508600
-0.29882000
-0.42380300
-0.24994900
0.06578090
-0.38697000
0.58146400
0.00451097
0.04505730
-0.36587900
0.05714350
0.98315400
-0.49024900
-0.46083200
1.03365000
0.68904500
-0.23717300
0.42521200
-0.10105700
-0.04557820
0.02475960
0.06743120
-0.23735400
1.74438000
0.45870200
0.05165940
0.83472700
-0.42531800
0.32483200
0.25744400
-0.02326100
-0.06609020
0.29966100
0.01626120
-0.03533940
0.20798600
-0.36677400
0.12842300
-0.19696800
-0.41700100
-1.09583000
0.25914000
-0.26880900
0.23004400
-0.60337200
0.14887300
0.56012700
-0.31848200
0.29054600
0.26007400
-0.37586400
-0.09914320
0.03416590
0.38637900
-0.28491700
0.15566800
-0.29897800
-0.10561700
-0.03998850
-0.23783800
-0.45587800
0.17203500
0.62764100
-0.08252000
0.25495400
0.57506500
0.14601300
0.14462800
-0.38117100
0.40693600
0.06027580
-0.36707500
-0.11598500
0.52246500
0.53445700
-0.23477400
0.41722300
0.00221465
-0.30723500
-0.45503300
-0.65040500
-0.53938800
-0.54543000
-0.03793310
-1.08040000
-0.09015850
-0.19974300
0.22410900
-0.49697400
0.15843400
-0.64987900
0.25824500
-0.71870000
-0.14611500
-0.12528300
0.49708300
-0.30390200
-0.46557800
0.42151100
0.14048500
0.16415400
-0.26086200
-0.05334990
0.27143900
-0.44333000
-0.43657800
-0.37545000
0.03765090
0.07859290
-1.00446000
-0.15384400
0.23997700
0.16350400
-0.25384400
-0.02513180
0.38478400
-0.56269500
0.32211100
-0.23656200
0.39169900
0.36596100
0.52166800
0.12524600
1.02144000
-0.39126700
0.28016700
-0.42411500
-0.09812350
-0.17851100
-0.24084700
-0.42685500
0.00220566
-0.98219800
-0.67448800
0.21583500
1.25554000
0.32854500
0.14846800
0.35228200
-1.46631000
-0.47849400
0.09451550
0.56237700
0.89315200
-0.10158300
-0.24218600
-0.03101330
1.35549000
-0.04321510
-0.50660200
-0.41250700
-0.37767700
0.47014200
0.41242600
1.03414000
0.03498800
1.42953000
-0.33827600
-0.23004800
-0.35125600
-0.42516000
0.16152900
0.98131100
0.31439200
0.43855600
-0.34189600
-0.56075100
0.36682500
-0.10223100
0.11014000
0.31998500
-0.95520700
-0.41693900
-0.08293690
-0.64416100
0.06191610
-0.02303520
0.64107900
1.51224000
0.10206300
0.10048400
-0.34861800
-0.48003600
-0.19841100
0.41982700
-0.48015900
-0.72101400
-0.04296360
-0.09713370
1.06620000
-0.09271260
1.00780000
0.31557400
-0.25290900
-0.45448700
-0.08233590
0.30885900
-0.11812800
0.48642700
-0.32871800
-0.11925600
0.03225530
-0.74522400
0.45061200
-0.42247300
-0.43837500
0.08312770
-0.68633300
-0.23957100
-0.01498020
0.29455900
-0.20913500
0.35285800
0.07801910
-0.60735000
0.04134080
0.00440888
-0.12103800
-0.40667400
-0.03133270
0.49687700
0.21543200
-0.62152600
-0.26124300
0.06671410
0.34070100
0.71685900
0.40694200
0.23063900
-0.59084700
-0.43740500
-0.84637900
-0.92809100
0.14644200
-0.15735400
-0.46124100
0.42019400
0.04469990
0.04284520
-0.11447300
0.17878500
0.24432200
-0.07931180
0.13069000
0.46109800
-0.25478100
-0.01999630
0.39561600
-0.19394900
0.37869700
0.13994100
0.12558900
0.30286100
-0.43138000
0.11599100
-0.15315900
0.40109400
-0.40868500
0.11612200
-0.26454600
0.54240200
-0.00293228
-0.17642200
-0.47011000
-0.66018900
0.13821600
0.56630800
0.42302900
-0.49404200
0.56950800
-0.11960600
-0.57925200
0.24041000
-0.93989600
0.61127900
-0.33661800
1.39842000
1.31132000
-0.11334000
0.32711800
-0.20014600
-0.16229100
-0.27900200
-0.46128600
0.33942500
0.20241200
-0.09366560
0.30814700
-0.26748400
-0.56009800
-0.29902900
-0.24907300
-0.05531570
0.13358500
-0.01271760
0.52708900
-0.54221300
0.14152600
-0.69408000
-0.44153900
-0.28610400
-0.30107100
0.02512640
0.21442800
0.15052900
-0.13145200
-0.33254100
0.28702400
1.00200000
-0.13150600
-0.42343300
0.11570100
-0.50648800
-0.40493300
-0.77828500
0.54204300
-0.47741100
-0.63146800
-1.12320000
-0.42118500
-0.73757800
-0.11009900
0.33703500
-0.67234800
0.36351600
-0.41130900
-0.15619000
-0.09544210
-0.14453200
-1.13265000
1.16069000
-0.58760100
-0.19938500
-0.68686400
0.55506400
0.07907710
-0.54954700
0.23802600
-0.28498300
0.32949200
-0.70092300
0.34549900
-0.35583900
-0.14576300
0.92535200
0.18575300
-0.53442800
-0.39526800
-0.48345400
-0.28767600
0.29474600
-0.26977800
-0.40329700
-0.34565700
-1.07713000
2.20732000
-0.25157100
0.01745910
-0.24169200
-0.94850200
-0.16785400
0.12391500
0.00150881
0.50934900
1.01355000
0.39690900
-1.11249000
-0.18409900
-0.42044100
0.44736800
0.00862010
-0.03796350
0.25291600
-0.02735140
-0.41919500
0.04811910
-0.17468200
-0.91619400
0.06532690
0.16459800
0.08401030
-0.37432400
-0.16699500
-0.70453500
-0.26658200
-0.58011900
-0.43984800
-0.50416400
0.45140700
-0.04767220
0.57303900
-0.07150650
-0.20719100
0.15220500
-0.53288200
-0.31680600
-0.03937670
-1.61566000
0.33302500
-0.00101942
-0.70428800
-0.40199000
-0.17327600
0.58835800
-1.02676000
-0.14669800
0.65259600
-0.17573500
-0.82585300
0.33857800
0.08280120
-0.19077500
0.37851600
-0.49075700
-0.12795000
1.01654000
0.44631900
-0.84178300
-0.33984000
-1.24608000
0.02377720
1.03799000
0.40970500
-0.83158100
0.04815420
-0.45830300
-1.24059000
-0.24233800
0.27744200
-0.13145200
-0.30533200
0.97759700
-0.96314000
1.86991000
0.04282700
-0.01440280
0.25154000
0.02543010
-0.26411400
-0.45120700
-0.61026100
-0.31578700
-0.44149200
0.10940700
-0.60363500
-0.06202020
-0.39311700
0.70001600
0.52322200
-0.27642900
-0.68085700
-0.63473100
-0.32852500
-0.11307900
0.56433700
0.02545690
0.35268100
-0.39638800
0.33167100
-0.71421800
-1.10373000
0.24833300
0.17789700
0.71294500
-0.30613900
1.12198000
-0.02781440
0.57901000
-0.35894200
0.15770600
-0.49519100
0.41680900
0.45997600
-0.11832500
3.12598000
0.09055040
0.23884000
-0.90766700
1.13054000
-0.08136160
-0.19276100
-0.39272200
0.07048900
0.17773000
0.43318200
0.34857300
-0.14541400
-0.08105230
-0.09009340
0.01203970
-0.69668000
-0.20170000
-0.05379610
0.00215104
-0.64845300
-0.39651500
-0.04509380
0.54931300
-0.17694700
0.16313900
0.05756860
0.46965000
-0.60600500
-0.62972700
1.18809000
-0.34259000
0.28251100
0.08314360
-0.00626798
-1.06583000
0.12146000
0.11567600
0.29905400
1.48692000
-0.48054800
-0.94117200
-0.60201800
0.40952900
0.90019800
-0.73984200
0.33751200
0.22254400
0.86595100
-0.50687700
0.41303500
-0.10123100
0.33592100
0.03219630
-0.98108600
0.02922260
-0.39399500
-1.18053000
-0.17946200
-0.74422600
-0.35244000
-0.15387100
0.13959900
-0.51608600
-0.20813800
1.02792000
-0.14959600
-0.16814000
-0.36174500
-0.67393500
-0.75523200
-0.64670500
-0.73685500
-0.01943720
-0.87987900
-0.84780300
-0.03467380
-0.52118900
1.18692000
-0.28286600
-0.07336310
0.45990700
-0.69533200
-0.13840000
-0.21912000
-0.18432200
0.65483700
0.11710900
-0.37747200
0.13875300
-0.81666100
-0.41212100
0.15694100
-0.49419900
-0.10084900
-0.89538600
-0.34105100
0.09409660
-0.92503500
0.08671610
0.43600300
-0.76524500
-0.00901108
-0.43941600
-0.24352700
0.41653100
0.43035200
0.12564900
0.01638500
-0.24397800
0.20252200
0.22570800
-0.24965300
-0.32840500
-0.16420400
-0.57520800
0.15933400
-0.35602800
0.29912100
-0.27513800
-0.38484200
0.48806700
0.63669700
-0.01734990
-0.66814400
0.78102700
-0.32346500
-0.26037700
-0.12720300
0.38003300
0.56730700
-0.12508100
0.00322150
0.50483600
-0.42678600
-0.11083400
-0.57183600
0.25217500
-0.49597400
-0.15877500
-0.50834400
0.16675900
-0.17008200
-0.20418300
-0.55279800
1.05091000
-0.27414600
-0.42344200
0.31471000
0.37936100
-0.54959100
-0.62861800
0.03750130
-0.49934100
1.21172000
-0.04944510
-0.09442100
0.06232450
0.87291900
-0.32924400
-0.28470500
-0.29775800
-0.14974800
0.01819610
-0.26695800
-0.63170800
-0.40936600
-0.07029970
0.31599200
0.16350500
0.13326800
0.97266100
0.03676870
-0.45572500
0.18686700
0.77311600
-0.66022900
-0.38432400
-0.91424300
-0.03464520
0.41634200
0.36953800
-0.11128200
0.41462700
0.09498000
-0.62713500
0.09396030
0.04996620
-0.42194100
0.05976840
-0.54682100
0.14969000
-0.32482800
-0.13598500
-0.16698400
-0.45118300
0.02748980
-0.40006800
-0.15843500
-0.13986000
0.28226000
0.33942400
-0.84004500
0.00784669
0.57546300
-0.49005900
0.55587300
-0.30561300
-0.21485800
-0.35915700
-0.01984680
0.30278000
0.49997100
0.49460900
0.46819200
0.12741600
-0.83218100
0.00179693
0.26816300
-0.41712700
-0.18480600
0.23175700
0.16176700
0.43283100
-0.07340200
0.58707400
-0.47616000
0.38444800
-0.07857510
-0.89967800
-0.01186700
0.41462700
-0.07992130
0.38463100
1.53231000
0.24533400
-0.93403400
-0.12153400
-0.59293000
-0.64578400
-0.18351200
0.22202500
-0.65026600
0.00095474
0.98033200
0.51310400
0.03758400
-0.16927000
-0.29588900
0.49329700
-0.60297300
0.67638000
-0.31323800
-0.54648000
0.13949400
-1.35844000
0.22628400
0.38586300
0.27118000
-1.07346000
0.41751000
-0.20185900
-0.24224400
0.68573300
-0.40707500
-0.32033000
-0.52008500
0.41590100
-0.27823900
-0.46030000
-0.23340900
-0.80939200
-0.35615800
0.05347220
-0.32715000
-0.21930700
0.74338800
-0.42031300
-0.43039000
0.01088830
-0.23274900
0.24151000
-0.34350900
-0.12630800
0.61095400
0.71811500
-0.29416200
-0.29767100
0.42952200
0.38463300
-0.40222300
0.43232400
-0.67239600
0.16585200
-0.52261600
0.36406300
0.67504800
-0.01415490
-0.65528700
0.17685400
-0.27648600
0.07929060
0.16919700
0.56628100
0.31956500
-0.65454200
0.15575900
0.36674400
-0.78892400
-0.57269900
-0.14958600
0.18465700
-0.39397500
0.37945600
-0.23157600
-0.25262800
-0.40142900
-0.00754340
-0.39823300
0.54396000
-0.10350300
-0.25219300
0.36163700
-0.23406500
0.06420170
-1.40484000
1.33717000
0.57382400
0.46523200
-0.15898500
0.12492800
0.21610100
0.76070000
-0.18522700
0.04031960
0.78856200
0.12643100
0.67208900
0.08316450
-0.12020800
-0.38199300
-0.09929160
0.35266200
0.60570800
-0.15724900
-0.49547500
1.12487000
-0.51474100
0.83492500
-0.43555700
-0.17092800
-0.12408000
0.50053500
0.15035300
0.40753000
0.22455300
0.12123500
-0.06578840
0.38544100
-0.68473000
0.03563880
0.51238700
0.29992700
-0.62172500
0.38942600
0.16968800
0.15559000
0.03848850
0.67865900
0.39074700
-0.59246100
0.32101400
0.03448410
0.36863100
-0.18218200
-0.68016300
-0.11460500
0.33462800
-0.31871600
-0.96705200
-0.03645950
0.14444700
-0.41430200
-0.15457500
0.24105100
-0.37385900
0.66628000
0.76202400
0.01178280
-0.16503900
-0.31314900
0.42960400
-0.61047000
-0.19601900
-0.19383900
0.07993080
-0.04513130
0.16406400
0.32851600
0.41641500
-0.11896700
0.74181200
0.10338700
-0.63648600
-0.26254100
0.33312800
1.33852000
-0.18245500
1.16867000
0.88087100
-0.35279100
-0.12681600
-0.28658600
-0.17311100
0.38972100
-0.06322030
0.52096900
-0.32333800
-0.15911000
-0.07368620
0.03580720
-0.18440500
0.31390200
-0.65528100
-1.24904000
-1.22439000
-0.34275100
-0.44722200
-0.37317600
-0.03389850
-0.15638400
-0.50603600
-0.38629900
0.18144900
0.20494300
-0.19746600
0.11013600
-0.31107500
0.09541810
0.96029100
-0.18400100
0.43651800
0.08976680
-0.38489000
0.06672280
0.02939780
0.90969000
0.53973400
0.60124000
-0.24988000
-0.05206870
-0.13691900
0.25695100
-1.12613000
-0.63167400
-0.22623800
-0.52814100
-0.41851800
-0.91872400
1.63513000
-0.28798900
0.08815570
-0.57696400
-0.24314900
-0.04376660
-0.75935200
-0.23348800
0.16989300
-0.56492900
0.63845600
-0.34634100
0.75026100
0.01820410
0.21796200
0.03994670
0.20213500
-0.29283500
0.50053500
-0.13945900
0.49754300
-0.45470100
-0.07029460
0.04524000
-0.25786900
-0.59164200
0.22492700
1.40175000
-0.55625100
-0.75399900
-0.44022800
0.14838200
0.19988300
-0.39381600
-0.51951400
-0.09555190
1.77705000
0.49913500
0.22700200
-0.18712200
-0.19588100
-0.36525200
-0.72985400
0.51108000
0.33826700
-0.29009900
0.06509690
-0.42082800
0.44398600
-0.32742800
0.46891700
-0.72933600
-0.11592900
-0.53878400
0.17654800
-0.67619700
-0.26459200
-0.03683740
0.58712000
0.22374400
0.52647700
0.39887700
-0.52066500
-0.27169300
-1.17266000
0.26723200
1.09016000
0.54080800
1.31268000
-0.14509500
1.47870000
-0.27542800
0.87023900
-0.46616800
-0.15873800
-0.14223200
0.14610300
-0.15470100
0.16497400
0.55903600
0.76969800
0.01511760
-0.26585800
0.20086500
0.03774950
0.62276600
-0.21341300
-0.73784100
0.97142400
0.24509800
-0.31076600
-0.00456034
0.08057960
0.08192850
-0.32773500
1.55013000
-0.20775800
0.58259300
0.37939600
0.02612090
-0.24803900
-0.37971200
-0.55024600
-0.38104300
0.41661600
0.18789100
0.45550400
1.11894000
0.40960100
0.07501830
0.33373300
0.53769400
-0.31803300
-0.55684600
-0.96809300
0.30031700
0.34501300
-0.02743830
-1.18437000
-0.23432000
-0.04331750
-0.14344400
-0.51366400
-0.17876700
-0.28930800
0.03315870
-0.62489600
0.66510100
-0.20541800
0.71360600
-1.02493000
-0.19943000
0.60161000
1.87576000
1.09481000
0.52967500
-0.03480490
-0.16508700
-0.23139000
0.79258700
-0.01385710
-0.21646700
0.50215300
0.33831400
-0.74360500
0.56999300
-0.48554600
0.00123337
-0.14489200
0.12687000
-0.24492500
-0.08473230
-0.48009700
0.12367100
-0.00964451
0.26663100
-0.18482300
-0.26788700
0.25143900
-0.09439810
-0.47500600
1.94295000
-0.18864600
-0.43205900
0.02483860
-0.11055000
-0.97357000
-1.15445000
0.15728300
1.06480000
0.09729720
0.09035940
0.25349200
0.29405800
0.65527400
0.15492600
-0.10701200
-0.25276500
0.25065200
-0.64813700
-0.06155020
0.50417900
-0.27953200
0.00872436
0.46047000
-0.22552700
-0.17263800
0.57380900
-0.00903892
0.27340100
-0.26970000
-0.23699500
0.04103440
-0.21434700
0.71537700
-0.19692000
-0.35679800
-0.26561500
-0.29742100
-0.07005890
0.01616990
-0.10663800
-0.24578200
-0.58627900
-0.38492500
-0.13210000
-0.28929200
0.92027400
0.11568200
1.40472000
0.90012800
-1.34462000
-0.61782500
-0.64030200
-0.15193100
-0.39269100
-1.34052000
-0.32994500
-0.62608100
0.08172610
-0.64165600
-0.44366600
-0.24345900
-0.30859500
-0.58022500
-0.08363930
-0.57032300
-0.40913300
0.20417200
-0.96350500
0.48217600
-0.58493500
-0.01671940
-0.39226700
-0.02944140
-0.10662500
0.34862200
0.62673500
0.16484200
1.89142000
1.02090000
0.97831100
1.13351000
0.99396300
1.24272000
-0.17292900
-0.03953030
0.38284300
0.36937600
-0.15869000
0.92213100
0.37952200
1.55002000
0.26428500
0.20626900
1.73441000
0.69630000
0.22287300
-0.05388750
0.44831500
0.05078460
0.49735200
0.40588700
0.06471450
0.25777600
1.24903000
-0.25280100
0.05807100
-0.30731100
-0.28464300
-0.39475200
-0.78111500
-0.21860000
1.31917000
-0.44635000
-0.81011300
-0.38895600
-0.32114600
-0.15010300
-0.36683700
-0.08350620
-0.08594540
0.05221200
-0.14572600
0.24915700
0.38648200
0.29372700
-0.49345000
-0.30060100
0.45474700
-0.25784400
-0.09290880
-0.00224085
0.06584310
-0.58993800
-0.76027000
-0.41281000
-0.35003200
0.04488840
-0.49885300
1.67493000
0.18197200
-0.37436100
-0.23497100
-0.52230100
0.48006200
-0.79652100
-0.67718400
-0.28867400
-0.14956200
0.20301400
-0.44957300
-0.17612700
-0.11346500
-0.37786300
-0.39049500
0.91497400
-0.54643400
-0.99848300
-0.76294900
0.81838600
0.46321300
1.08159000
0.33848500
-1.03774000
0.14015700
-0.31633300
0.49685800
-0.88001600
-0.00113402
-0.26763100
0.05221280
-0.85782800
-0.49996600
-0.27683200
-0.36831000
-0.28469100
-0.55555600
-0.41359600
0.09020820
-0.96180900
0.17805300
0.20744600
-0.15894400
0.11034400
0.09743400
0.17123900
-0.23301700
-1.04774000
-0.40326000
0.42911400
-0.15995400
1.05062000
-0.66763700
0.94677700
-0.42151200
-0.31495600
0.13974800
1.00759000
0.50443300
0.27771400
-0.43374100
0.08670840
-0.57238700
0.04797420
-0.04931860
-0.24410400
-0.07509830
-0.19634400
-0.04102900
0.07297670
-0.33687300
0.79283800
-0.14798900
-0.49861100
1.31313000
0.49837200
-0.23740300
0.05645940
0.56205000
0.44431900
0.06743200
0.20913100
-0.01192370
-0.17155200
-0.25839800
0.06521580
0.25849200
-0.36166100
-0.28991900
-0.10445500
0.09038940
0.20329200
1.31747000
0.83513000
-0.10473900
-0.51086900
0.18348500
0.50057200
-0.64459200
-0.09722780
1.33830000
-0.44854800
0.30949500
0.61759500
-0.11361100
-0.71397100
-0.24624300
0.44700900
-0.45129300
-0.19788100
0.08456310
-0.41803600
0.36649500
-0.42980700
1.92497000
-0.29506700
0.26533100
-0.33785200
0.27752200
-0.10108700
0.24883200
0.58724000
-0.16679100
-0.66269000
1.73036000
-0.35740100
-0.23048600
-0.39126200
-0.42534400
0.77981900
0.56154900
0.55072400
-0.25916200
-0.58161300
-0.96318400
0.27049900
-0.43560600
0.90861000
-0.34038800
-0.62414500
-0.18693500
0.09066730
1.35837000
0.62589500
-0.60128900
0.35419300
-0.73735200
-0.00849136
0.34544000
-0.11812000
0.01230740
-0.26971800
-0.32201500
0.07561680
-0.18690800
0.05198970
-0.50852600
1.10997000
0.41198700
0.08426170
-0.62238000
0.12565800
0.13465100
-0.33362900
-0.22784100
-0.47371400
-0.11507500
0.04220120
-0.19242300
0.04515260
-1.17644000
-0.14116400
-0.87136900
-0.04147490
-0.50125700
1.65321000
-0.11747400
-0.47939000
-0.41913400
0.20806700
-0.48562400
0.05759120
-0.05326210
-0.22477300
-0.02790300
-0.23072900
-0.08855030
-0.76537900
0.09984960
-0.56411500
-0.49280200
0.36988500
0.19193300
0.01471800
-0.57355300
0.25886900
0.41680600
-0.60178600
-0.07766430
1.10715000
1.08716000
-1.06306000
-0.12501700
0.00838234
0.02145120
0.85215000
-0.84497300
0.44583400
-0.38289600
-0.07228540
0.17775900
-0.42422900
-0.41306100
-0.08561470
-1.13341000
0.46485100
0.19520700
0.61191800
-0.89916700
-0.52829800
-0.27326700
0.22524900
-0.27215100
-0.16358300
0.20806700
0.15810100
0.06388160
-0.65623000
-0.05519870
-0.17266500
-0.53715200
-0.12702600
-0.10695700
-0.50394600
1.32970000
0.08395180
0.22582900
0.90538900
-0.12333400
-0.67311800
-0.31025200
-0.47777800
0.12614000
-0.27590900
-0.73905200
-0.17942400
1.70164000
-1.12040000
-0.27069500
-0.46132600
0.10018700
-0.15821000
0.05772200
-0.81860100
-0.29555300
0.38201000
-0.16077500
0.51121800
-0.16620400
-0.23354900
0.08289360
-0.34692500
0.06939880
-0.68229200
-0.87164000
-0.47647500
-0.25374500
0.05695420
-0.18958600
-0.41255300
0.54647300
0.10374800
-0.01867220
0.10750000
-0.54920600
0.77423500
-0.31041800
0.46714400
0.03283400
-0.63260200
0.26599900
1.34566000
-0.19322400
-0.24958000
0.12496400
-0.05479740
0.38326900
0.69579800
0.01151220
0.70132600
0.28329800
0.22092400
-0.02525130
-0.40866300
0.48238700
-0.07680040
-0.66418000
-0.29734600
0.35286000
2.67791000
-0.82809500
-0.11470800
-0.46519000
0.73379700
0.93632800
0.50232500
1.25238000
-0.13140800
2.27129000
1.52137000
0.18916100
0.66903400
-0.12813100
0.06908890
0.87811500
-0.97795500
0.36786000
-0.27304800
0.01079870
-0.17038300
2.90140000
-0.22555200
-0.74801600
0.41250600
0.00122709
0.10574000
0.56594400
1.56144000
-0.47429600
0.48424700
1.25226000
-0.04971370
-0.40494500
0.05386100
-0.70516400
-0.01465540
-0.81465900
-0.43580100
0.27694300
-0.10467100
-0.12575000
0.54369300
0.58507100
-0.64523100
-0.28393900
0.53236000
-0.41881300
-0.96370600
0.01691490
-0.86508700
-0.50334300
0.22163200
-0.10020700
-0.71840900
0.80262700
1.21308000
0.37374700
-0.32149200
-0.48039600
0.62610800
0.30815800
-0.25767500
0.42679600
0.04737830
-1.03167000
0.44702900
-0.48833200
-0.32510500
-0.19739200
-0.00432816
0.04572430
-0.62365500
-0.40009500
-0.72217100
0.83943100
-0.22782100
-0.31919700
0.32217700
1.03921000
0.47197200
0.23938900
-0.31272200
-0.58634900
-0.31563600
-0.42274100
-0.29303100
-0.45325100
0.03447320
0.10053700
-0.54082500
-0.14911800
-0.36355900
-0.02584180
1.26611000
-0.23593900
-1.06786000
-0.34481800
0.09688920
0.39916700
-0.06907470
-0.19090000
-0.20224400
-0.54571000
-0.44484200
-0.92864400
-0.15134600
2.02882000
-0.34355400
0.26090100
-0.90492500
-0.27782300
0.81729800
-0.80470100
0.10597600
-0.33033500
-0.23536300
-0.01962350
2.05425000
-0.22139700
-0.38359000
0.39671800
0.23555800
-0.79682700
-0.65472800
-0.03560390
-0.03742580
0.16859200
0.89215700
0.34200100
0.78717000
0.07456830
1.30771000
0.74156300
0.74711400
-0.19264300
1.00097000
0.14046300
0.98247600
-0.14422800
-0.26776300
-0.37168300
-0.67597500
0.37490700
-0.29800100
0.35914000
0.39363900
0.49609600
0.09109700
-0.70323100
0.20090800
-0.56305800
0.74049400
-0.03352890
0.41834900
-0.24998500
1.04880000
1.24626000
-0.50485300
-0.81474100
-0.35712600
0.10694000
-0.16979300
0.42067700
-0.69154200
-0.06989640
0.21424600
-0.55618500
-0.36160900
-0.04885220
-0.00201751
0.32011300
0.88462300
0.24661000
0.30403500
1.14637000
-0.26079500
-0.24227700
-0.25815100
0.24137100
0.16722600
0.13165600
0.11972200
-0.58581900
-0.90301100
-0.37919600
-0.79255800
-0.39181500
-0.56547100
0.00371898
0.22650100
-0.40516700
-0.44938300
-0.14556000
-0.04537350
0.40691600
0.21210900
-0.15935000
0.26754100
-0.05289850
0.04540390
0.54630500
-0.72776200
0.04115620
0.07554960
-0.27519500
0.74946700
0.55602600
-0.21561100
-0.16414700
-0.14078200
0.24917700
-0.40288200
0.13524100
0.44756400
0.00782251
0.56142000
0.30360400
0.86176800
1.02189000
-0.33551800
-0.32114100
0.58031100
-0.50319400
0.16598400
0.59052500
-0.39058100
-0.56740400
-0.45784300
-0.22249400
-0.02413690
-0.67934600
0.60228200
0.76740600
1.01426000
-0.39941500
0.70706700
-0.56158800
0.09934290
0.29743600
-0.01560300
0.04334230
-0.03330060
0.47460200
-0.45397500
0.05041750
0.14048300
0.56063200
0.56063200
-0.31963700
0.07044640
-0.42056600
-0.54892600
-0.22652300
-0.18392000
0.21787500
0.68325800
-0.74440000
-0.04812420
0.41304300
-0.07703360
-0.21210300
-0.29729100
-0.42891500
-0.16731900
-0.70603100
1.47349000
0.29085700
0.00574764
-0.69897300
0.21462200
0.12997600
0.14624700
-0.38136700
0.42925700
0.17133000
-0.29455900
-0.07363810
-0.76209700
-0.24177400
-0.48800300
-0.04960930
-0.49417500
-0.22647700
-0.63933900
-0.22147800
0.30644400
0.21872600
-0.34165100
0.96142100
1.16869000
-0.52421500
-0.01884290
-0.06773560
0.16883800
0.21663200
-0.71806300
-0.05355380
-0.69902400
0.13834000
-0.60353900
-0.01314790
-0.14176200
0.30555700
1.00397000
-0.00481936
0.20678700
-0.19305000
-0.65048200
-0.38533900
0.36721900
-0.22128200
-0.27302700
-0.53984800
-0.14290400
-0.03658960
-0.26518000
0.48479800
0.10889400
-0.27193900
0.34051400
1.20928000
-0.06813590
-0.33225900
-0.51901900
-0.18397100
0.28797000
-0.66972900
2.09078000
-0.45739700
0.41053900
0.11810000
-0.98164700
0.02244700
0.59168000
0.43168900
0.32411400
-0.18232800
0.89387700
-0.41769500
0.36603900
-0.05311290
-0.28765300
-0.12748500
0.16482800
0.13359700
0.83915800
1.14728000
2.50656000
-0.67302800
-0.25692300
0.10352700
0.73599600
0.16642500
-0.02258560
-0.11045000
0.41703900
-0.02112500
-0.55328300
-0.21389600
-0.21434100
-0.36906800
-0.34544700
0.27064700
-0.78666900
0.21509100
0.12006400
0.11120500
0.18219500
0.12680700
-0.52079100
0.39908800
0.13083700
0.52139600
-0.25106400
-0.42204100
-0.35892600
-0.14506800
-0.13475200
0.01840010
-0.77965100
-0.35472500
0.03951250
-0.07335020
0.27216400
0.43542700
-0.20818700
-0.03994650
-1.08888000
-0.22944200
-0.69376700
-0.08640000
0.48219400
-0.05091780
0.13363700
-0.66237300
-0.46139000
0.34392400
0.95892100
-0.40557600
-0.76354300
0.43190100
0.03019460
-0.24555300
-0.28770900
-0.41037700
-1.33026000
0.10364400
-0.56281200
0.00031685
0.15252800
0.21697300
0.25916600
0.12901000
0.62941700
0.05580440
1.61167000
0.69975100
-0.26954200
-0.23268400
-0.15183000
-0.58592900
0.04013020
0.46576000
-0.09936490
-0.43760000
1.26073000
-0.32902100
0.78182600
-0.11691200
-0.24906300
1.43161000
0.36374100
0.47798100
-0.04877300
-0.37595800
-0.45177300
-0.48675600
0.50861500
0.18128800
-0.39130600
-0.59753700
-0.15753700
-0.49205500
1.80850000
-0.07920640
-0.16756800
-0.14964700
0.20616700
-0.68516700
1.47581000
0.42395300
-0.67669800
-0.22797100
-0.41089200
-0.40888900
-0.26586000
-0.41931900
-0.66868200
-0.37984700
-1.25276000
-0.16265800
0.89412600
-0.72007300
-0.52105400
0.16361400
-0.85791900
-0.67774300
0.76925500
0.90252300
0.04233220
-0.13159200
0.19608700
-0.66372800
0.10862300
-1.04243000
-0.60526000
-0.44636600
-0.65322500
-0.49157400
0.72537600
-0.24525200
-0.26811300
-0.34247500
0.23492800
0.29331000
0.01618630
-0.04833310
0.45790900
-0.55162700
-0.32884100
-0.20327700
1.03727000
-0.57806300
0.51083200
0.32228900
0.48494200
0.30798000
-0.07961210
-1.15014000
-0.63373700
-0.30742800
-0.49183800
-0.63632400
0.70834600
-0.07154350
0.00140924
-0.22721500
-0.93174500
0.79799600
0.07311810
0.49250000
-0.60010100
0.71620800
-1.10346000
0.29544900
-0.56406100
-0.30304000
-0.07483500
-0.25911200
-0.10922300
-0.52031000
-0.34690000
-0.40059400
0.12400200
0.06996140
0.72753400
0.21360200
0.21594200
-0.05290340
-0.65754200
0.35314900
-0.20889200
-0.63632500
-0.90638600
0.05306500
-0.17741200
0.38537100
0.01122410
0.30868000
-0.61402400
0.08609250
-0.06370280
-0.24698000
-0.47881100
-0.13520400
-0.39587700
-0.34479800
-0.02383050
0.12666200
0.09595380
-0.54448500
-0.13600800
0.36123100
-0.44955100
0.18745500
-0.20391500
0.18101100
0.17531900
-1.09595000
0.33609800
-0.26409000
-0.16733400
-0.44933900
-0.00011761
-0.42820200
0.09459800
-0.32440500
0.42505400
-1.06659000
0.37413000
-0.28160900
0.24982200
0.45951900
0.25224800
-0.51040900
0.24302900
0.38660600
-0.25903900
-0.38376000
0.42110700
1.11590000
-0.46772100
0.38668200
-0.27656400
-0.57295300
-0.17115300
-0.30473900
-0.48250700
0.19399500
0.15562800
-0.25430800
0.37254500
0.01684920
-0.27012100
0.61963000
-0.45782500
-0.07323480
0.28296300
-0.66100000
-0.60949700
-0.17240300
-0.18066700
0.50972400
2.39602000
-0.67927400
0.14859300
-0.75059100
-0.25277800
-0.04611300
-0.93729500
1.11649000
0.70617700
-0.17445300
0.38660600
0.00163747
-0.28413300
-0.04058930
1.08390000
0.33153400
0.11762500
1.54724000
0.63411800
-0.90621300
0.16069600
0.08088380
1.02522000
0.33959600
0.46963100
-0.35874600
-0.47550500
-0.30341500
0.73492400
0.62133600
-0.59027500
-0.27697100
0.23530200
-0.53574200
-0.71281500
0.01727370
1.14332000
1.23457000
1.02639000
1.26812000
0.80100400
1.05162000
0.73307700
0.29745100
1.47589000
0.70407700
0.26732300
0.61345600
0.74598500
2.08756000
-0.20315500
0.24569600
-0.05662790
-0.04885250
-0.56477900
0.20198800
-0.00587906
0.33428000
-0.10565300
0.82882900
-0.53603900
-0.38877600
-0.32944000
1.87533000
-0.01960660
-0.64864100
-0.56244600
0.66676700
-0.31192000
-0.58782000
0.04015170
-0.26124400
-0.39821400
-0.36856800
-0.20180100
-0.04531360
-0.03017860
-0.04160970
-0.57436100
-0.15216600
0.57299300
-0.58373300
-0.96698500
-0.15468500
-0.49204600
0.07108910
0.14968100
0.57781000
-0.06849790
0.58786300
0.60877500
-1.18947000
0.53788900
0.32497600
-0.11598200
-0.22721800
0.27499000
-0.17101300
-0.21253100
-0.15818800
-0.47354600
-0.20472900
-0.90479800
-1.25704000
0.07265630
-0.38506700
-1.09746000
-0.58458400
-0.19223200
-0.45198700
0.10767000
0.33386700
0.43451900
-0.24631400
-0.25867700
0.18659900
-0.88488900
0.02396870
-0.71044700
0.27811400
-0.60458100
0.06915410
-0.10304800
0.06479220
-0.77425800
1.35263000
0.23630600
-0.71461500
-0.18606500
-0.18528000
0.01786100
0.10219600
0.04774890
-0.41017400
-0.25429600
-0.33167000
-0.11407200
0.13620600
-0.16608600
-0.34755100
0.19121400
-0.31258100
-0.75264600
-0.51390900
0.39216500
-0.37234700
0.14191500
0.02000990
0.00335269
-0.61268800
-0.32868100
0.61382600
-0.25894200
-0.70204400
-0.00856744
-0.42861400
0.31472900
-0.55183400
0.45856600
-0.03322950
-0.10416800
-0.60970400
0.53239100
0.56916400
-0.10661500
-0.22136300
0.26182700
0.01475330
-0.13854400
0.08412260
0.27394700
-0.16306700
-0.13908600
-1.14331000
0.78881500
-0.21259600
0.39144600
-0.95455900
0.35713000
-0.92010000
0.74845100
-0.44619700
0.11169700
-0.14668700
-0.40818400
-0.54182200
-0.14901700
-0.32710500
-0.64657800
0.04165000
-0.03941590
-0.87120600
-0.30521800
0.11892900
-0.75594200
-0.46787300
-0.17924800
-0.40728100
-1.08351000
0.08355210
-0.03544140
-0.42358600
0.43881800
-0.19792800
0.12254500
-0.63055500
-0.55404500
-0.76512900
-0.15966900
0.11142400
0.65360900
-0.74744700
-0.45639200
-0.13372100
-0.01002980
-0.60131500
-0.01278550
1.06576000
1.92016000
2.83059000
0.48887900
0.48134400
0.54803700
-0.54992800
0.07370600
-0.03562670
0.52835800
0.14091900
0.27763200
0.38852900
-0.40528100
0.14833500
-0.18864400
-0.08546120
0.11000400
-0.08597970
0.00531292
-0.45197500
0.43132200
0.48133500
-0.49784000
-0.34385400
-0.26896400
0.07201450
-0.86253800
-0.19652300
0.47298100
-0.14721500
1.32080000
0.42156100
0.01008410
-0.34058000
0.33813600
-0.21349000
-0.56890800
-0.00399211
-0.58894600
0.86504700
0.20048300
0.78667400
-0.62761100
0.21588300
0.29028700
0.67841900
0.60456500
-0.14336500
-0.12481300
-0.19626800
-0.42288800
-0.69131500
-0.25833900
0.65525000
-0.45278300
0.28965400
0.09649010
-0.23029500
-0.07516490
-0.03295380
0.09767350
-0.03746240
-0.38248500
-0.07574110
0.08809890
0.12464100
0.21049500
2.03655000
-1.02519000
-0.88531400
-0.68498200
0.24324200
-0.35762700
0.92687200
0.29632600
0.41516800
1.05679000
0.67533700
-0.49960400
-0.11632000
0.14389300
0.12191400
0.15926200
0.01774260
2.41351000
0.65083500
-0.58953700
0.46334800
-0.67478700
-0.53560900
-0.43134200
0.59218900
0.75036600
0.28513200
-0.25866700
0.52486900
-0.50226300
0.50821600
0.56382900
0.14323100
-0.16518600
0.28169800
-0.04044090
-0.11209300
-0.32479800
1.12980000
0.69977600
0.00108443
-0.12830500
0.02037560
1.14175000
0.79013200
-0.33665000
1.13057000
0.32761900
-0.37368900
-0.46411700
-0.40091400
-0.12179200
-0.39617900
-0.20803700
-0.29886300
0.15756300
0.38986200
-0.35620200
-0.74302100
-0.11675900
0.84534800
-0.24263100
0.31645500
0.77661700
0.10479000
0.52289100
-0.48420600
3.05984000
1.05396000
0.26121600
-0.19634900
-0.06235690
-0.21477200
-0.51835500
0.18514600
-0.07049530
-0.11773300
-0.45073800
-0.45552200
-0.48342700
0.71355000
-0.26144000
0.36161900
-0.97222800
-0.57312700
-0.56641600
-0.14375100
-0.34302700
0.11699200
0.28546800
0.09971630
0.08837900
0.01512230
0.05554160
0.08912790
-0.23969000
-0.03957920
0.05036080
-0.15016000
0.85618900
0.07310150
0.08600140
-0.37401300
-0.43340600
-0.46916400
-0.04415300
0.05812610
0.07030030
0.18976000
-0.39158500
-0.40379300
0.02126670
-0.34043100
-0.26041500
0.04542710
0.23282600
-0.15124500
-0.52296300
-0.15538400
-0.21970300
-0.00180658
0.04439430
-0.09531400
-0.57684200
0.09927110
0.28681200
-0.54639000
-0.22145300
0.39391800
-0.83627500
-0.71725400
0.38599500
1.06530000
0.53140300
-0.00177841
0.11360000
-0.74622900
0.25130400
2.31207000
-0.07026240
0.17152200
-0.04152370
0.14503200
0.19355900
-0.22385800
0.35891700
-0.51270700
-0.00087712
-0.41213200
0.07546180
0.18343700
0.28077800
0.29083400
-0.05603170
0.21633200
0.49962000
-0.85709200
0.28390400
-0.76675700
0.30983400
-0.62901400
0.46537400
-0.38628600
0.10478000
0.08780000
-0.16379700
0.49445700
0.10225000
-0.13098300
0.25388100
-0.50088400
-0.18718600
-0.35085300
-0.13650400
-0.43930800
-0.20910100
-0.78074100
-0.08560080
0.13271200
-0.49355100
0.04925750
-0.06886810
-0.43649000
-0.42363100
-0.55739400
0.04104990
0.68512000
-0.27391200
-0.29085600
0.19242300
-0.46096900
-0.41061500
-0.01040710
-0.22248700
-0.27665500
-0.22616500
-0.42281700
-0.29654600
-0.53506000
0.20054600
2.45168000
-0.31735300
0.97653100
-0.23443200
-0.14422400
1.17776000
1.34050000
-0.08692580
-0.71463400
-0.95387000
-0.90332300
-0.14439500
-0.07747080
-0.52013200
-0.45866300
0.32093900
0.00131445
0.06856990
-0.13157100
-0.54131300
-0.12203600
-0.02291610
1.94368000
0.86310100
-1.15139000
-0.21572100
0.22566700
-0.03872950
-0.34321200
-0.06389800
-0.42783200
-0.46267200
-0.00417428
0.39167800
0.38085900
0.34192000
0.28666300
-0.50045200
0.56161500
-0.25135300
-0.57696900
-0.19602300
0.99013600
-0.21300100
0.46055800
1.47428000
1.03203000
-0.12219400
0.09879660
-0.91170000
-0.65899200
0.06549380
0.61791900
-0.79115600
-0.54856400
0.71799100
3.65943000
1.01530000
0.62993500
0.24803400
-0.15869500
0.07465520
0.27394000
-0.57422100
-0.69787400
0.04280800
-0.26576500
0.43888300
0.20291600
-0.44338900
0.52730900
0.58772400
0.03086540
-0.06225100
-0.45939400
0.14245900
0.25791800
0.46730500
-0.03449720
0.43003500
0.00543564
0.11581800
-0.24227000
-0.02265850
-0.06900210
0.50108900
1.72455000
-0.13453100
-0.48828100
-0.69399500
-0.85476000
-0.12078600
-0.28253300
-0.67355000
0.77195300
0.44576600
0.40602400
-0.24152100
0.15531400
-0.84752400
0.46798100
-0.58708000
-0.15379900
-0.01646760
0.32739000
-0.21082000
0.04101760
0.09591720
-0.10276800
-0.67614900
-0.13878300
0.77055500
0.77846100
0.30886000
1.54411000
0.47793500
1.62185000
0.63048400
-0.22001300
-0.32292600
-0.16591300
-0.34695600
-0.11156400
-0.33231400
0.06392530
-0.15367800
-0.00712505
-0.30395200
0.19563100
-0.59399400
-0.14610000
-0.84296400
0.15656200
-0.53836200
-0.92276500
0.99856000
-0.84680400
0.47772000
-0.12545100
0.42090900
1.16127000
0.13453300
-0.32891200
-0.50089800
-0.91837000
0.05077440
-0.55985400
0.25841500
0.07153150
-0.56246900
0.54071400
-0.67468700
0.63606900
-0.28700100
-0.54966900
-0.21593100
-0.33173600
1.06886000
-0.72135900
0.46768500
-0.98393100
-0.06118050
-0.46794000
-0.04290590
-0.21348700
-0.20649600
-0.40551200
-1.56209000
0.23547000
0.16898100
-0.89329100
-0.08867910
-0.22695900
-0.10673300
-0.47282700
0.18250300
-0.21282400
-0.25774000
-0.38462900
-0.27945700
-0.40967400
0.88494600
-0.56806800
-0.71350600
-0.11227400
-0.55335500
-0.44719300
-0.63486100
-0.32039900
-0.50074800
-0.25833400
-0.61466100
-0.27207300
-0.46313600
-0.03797560
0.72273200
-0.10803800
-0.19012700
0.15307800
-0.04426240
-0.28972700
-0.43782100
0.01638490
0.05613640
-0.63934500
0.08704580
0.32462600
0.33148400
-1.03116000
1.15845000
0.28318700
0.74431300
-0.48920600
-0.72344900
1.19104000
-0.33292900
-0.27660100
0.32772600
-0.30787800
-0.35923700
0.31280900
0.32278700
-0.46993600
0.04469440
0.28626600
-0.40987800
-0.56432900
-0.45341400
-0.50514000
-0.04354830
0.53199500
0.32500600
-0.29093200
-0.66244900
-1.30314000
-0.36729500
-0.29091100
-0.17800900
0.27450700
-0.31339100
0.30165200
-0.31558200
1.08724000
0.08889240
-0.40024200
-0.26754300
0.20064300
0.31425400
-0.03660820
-0.53328300
0.84749100
-0.22318600
-0.09620120
-0.10879300
-0.03960910
-0.75378100
0.28665700
-0.19982200
-0.42045600
0.62095400
-0.50193700
0.62547900
-0.01324410
0.00085088
-0.48144800
-0.13115400
-0.35016000
-0.57509400
0.37699200
-0.51293700
-0.11246800
0.94953000
-0.03883410
-0.30456700
-0.05281830
0.44369600
-0.51173900
-0.01913400
-0.68489500
-0.03142890
-0.73849100
0.31384800
0.51803200
-0.23738400
-1.29524000
-0.03572520
1.51070000
0.99513300
-0.56771200
-0.07837330
0.25187900
-0.21940800
0.62342400
0.12829300
-0.43466400
-0.68301500
-0.46692100
-0.48630400
-0.52645200
0.01679850
0.16421400
0.10995200
0.15349500
-0.03973230
0.14834600
0.32145200
-0.48832400
-0.35152000
-0.29886400
0.38743600
-0.30395200
-0.95259100
-0.55340200
-0.79055300
-0.11385000
1.15897000
-0.54185800
-0.85481200
-0.03979350
-0.53004500
-0.05107540
-0.61896300
-0.22821400
0.49659000
0.01541990
-0.66946900
-0.38558900
0.10004500
0.85106900
-0.59978100
-0.90104200
-0.38334300
0.20061700
0.33473700
0.55376100
-0.73294500
-0.48727500
-0.03619310
-0.30422300
-0.59120400
-0.53240000
-0.31617000
-0.02843430
-0.25255300
-0.30850400
-0.25737800
0.56617000
0.34283200
0.18902800
-0.25090600
0.00177822
-0.88902600
0.01839280
-0.05201330
-0.28169900
2.30011000
-0.44480200
-0.01535930
0.22839300
0.01610300
-0.33323800
0.75254100
-0.25361800
0.06486850
0.11062500
-1.01384000
-0.62738100
-0.44774300
0.37090500
0.15383200
-0.33937400
-0.53296200
-0.21401500
0.19584900
-0.06027030
-0.05737230
-0.28895500
-0.25247400
-0.38447000
-0.22852600
-0.18407100
0.03176150
0.53943300
0.48175700
-0.22350300
-0.39599400
0.04179560
-0.28615100
-0.06819990
-0.01107000
-0.23301900
1.30173000
-0.11725100
-0.13430200
-0.75933500
1.52566000
-0.96394800
0.67028200
-0.12265900
0.26298400
-0.76831300
-0.19703700
-0.35818600
-0.57581500
-0.30640600
-0.76825000
-0.49852000
1.46111000
0.27977800
0.17050100
-0.21447500
-0.54581200
-0.09690570
-0.20333000
-1.00801000
-0.64027700
-0.25931900
0.50706700
0.45346500
0.06882280
4.01472000
0.70486600
0.73890100
-0.12197800
-0.00334275
0.61245800
0.41911400
0.56727300
0.16317100
1.34385000
-0.86454900
0.07415310
0.26303300
0.17111400
-0.57396900
0.04159230
-0.55963200
-0.07773190
-0.32333600
-0.48377600
-0.42027000
-0.00780812
-0.47276600
-0.43609700
-0.10035500
0.81919000
-0.28660800
-0.50756300
0.00521619
0.26673800
1.30305000
0.34805400
-0.30830900
-0.13268600
-0.09058950
-0.16984700
-0.15190200
0.28942500
0.21335500
0.53638300
-0.21453100
-0.21310000
-1.22802000
-0.12794500
-0.38076400
-0.04052750
1.09056000
0.84490300
1.02669000
0.59066700
-0.70361200
-0.20901300
-0.98016600
0.58766900
-0.51861900
-0.32365800
-1.06347000
-0.52639200
-0.86886200
-0.32084700
0.14461300
-0.20279200
0.42966600
0.21909200
0.86078500
-0.20722400
0.68840400
-0.28370500
-0.20672600
-0.48227600
0.08517140
0.31903300
-0.22820200
-0.44739500
-0.71689300
-0.17006800
-0.22384900
-0.32233300
0.57418900
0.14964000
-0.15545900
-0.62357400
0.27204700
-0.47364600
-0.00641580
0.13215500
0.43241100
0.09670300
-0.00281862
0.19285700
-0.72644700
-0.49051300
-0.14192500
0.27737100
0.11437700
-0.29911500
-0.12714400
-1.14872000
0.09382560
-0.59366900
0.66947100
-0.18103900
0.18327300
-0.11392500
-1.06071000
0.44922400
0.85855400
-0.49846100
-0.39439700
-0.18374000
-0.33071400
-0.40106100
-0.54187000
-0.13155100
0.32174300
-0.54866000
-0.20171300
-0.50831600
-0.28399500
-0.84019400
-0.09229530
-0.63304100
0.52237200
-0.35155200
-0.33376700
-0.37745200
-0.03071950
0.05430120
-0.08264780
0.66451600
0.28515300
0.98639500
0.11292600
-0.69070600
-0.41740100
-0.17906500
0.09884590
-0.60331700
0.52814700
0.32644200
-0.60484900
0.26051700
-0.60808700
-0.14947700
-0.24930300
-0.24181000
-0.56342800
-0.10117100
-0.08911330
-0.53230900
-0.35626000
-0.60967000
-0.66719900
-0.17081000
-0.25950600
-0.73455600
-0.32257600
-0.53667400
-0.08237950
-0.04174670
0.49672100
-0.15937600
-0.32885300
0.37313100
-0.24541200
0.34238600
1.20114000
-0.28886300
-0.19954200
-0.38053500
-0.52496100
-0.20923700
-0.65207100
0.24444900
0.18537900
-0.70628300
0.41100800
0.15227800
0.48177500
-0.15143000
-0.38178400
0.14751300
1.29410000
-0.44986200
0.75447700
0.50503900
-0.37182900
-0.53602100
-0.17194700
0.63365600
-0.93291300
0.54690000
1.37222000
0.44892500
0.50642800
-0.40078900
-0.44781600
-0.66477300
0.22253700
0.43544700
1.16749000
0.06143120
-0.02381770
0.19109300
-0.48609400
-0.57993400
-0.50050800
0.36924300
0.17257800
-0.12153500
-0.25896400
-0.65983300
0.94074100
-0.69625500
0.45716000
-0.13828300
-1.01821000
-1.03532000
-0.52063500
-0.00642202
-0.59087200
-0.91504500
2.03875000
1.29745000
-0.49595600
0.31536900
-0.39966600
0.64693800
0.17618800
-0.78358100
-0.04835320
-0.26119800
-0.86269600
-0.56693300
-0.67981700
0.04019870
-0.56034100
-0.64786100
-1.34825000
-0.08710650
-0.28759600
-0.10869200
-0.63932500
-0.10758100
-0.54297100
-0.80899700
-0.65526100
0.21535800
-0.49531700
-0.82241500
0.63429800
0.61827400
-0.11512200
-0.95130800
-1.01747000
0.03398740
0.06731700
-0.16001300
-0.68256700
-1.03487000
-0.96880800
0.37658700
-0.23572300
0.42938800
-0.04187050
1.16839000
-0.11898600
-0.25067000
1.22332000
-0.59828700
-0.41951200
-0.50142200
0.59236100
-0.35660800
-0.46423600
-0.09946450
1.70537000
0.68290800
-0.29297700
0.13922000
0.27377100
-0.04799170
-0.03217290
-0.40915000
1.34715000
0.71556900
0.27039600
2.75617000
0.44169900
-0.86283300
0.30877400
1.33329000
0.02580430
-0.42059700
-0.22898300
-0.50754300
-0.32062800
-0.25478500
0.20733700
0.10545500
0.11409000
-0.69605500
-0.88169400
-0.19134800
-0.12065400
0.98915800
-0.28374300
-0.38497900
-0.69465200
0.24385500
-0.14066100
0.14948800
-0.72479600
-0.09898070
-0.05526920
-0.29354700
-0.28094500
-0.27172700
0.12346000
-0.35162400
0.78120000
-0.35480000
0.10545600
0.12231400
-0.02823690
-1.01996000
-0.30004500
-0.97252300
0.06613760
2.54224000
1.58821000
-0.76790100
-0.35214600
1.12235000
0.03370650
-1.00142000
-0.57776900
0.69554800
0.61980500
0.29080800
0.14600700
-0.54379500
-0.12136200
-0.93510600
-0.47047100
-0.59866800
0.47190500
0.16132900
-0.61753500
-0.48644600
-0.41609500
0.18439200
0.21436800
1.53852000
-0.14608000
-0.00353309
-0.53108800
-1.32008000
-0.07173340
-0.11610600
0.06661610
-0.60852100
-0.17695000
-0.35012800
1.35825000
1.08411000
-0.18067000
-0.24392700
-0.63155500
-0.05201560
0.24748700
-0.87657600
-0.59681700
-0.68733500
0.03761440
-0.17780100
-0.11515000
-0.15128700
-0.73102900
-0.33103000
-0.41988700
-0.69466000
-0.52487700
-0.01544570
1.17561000
-0.57649000
-0.45025700
-0.63374200
0.17655200
1.33042000
1.27820000
0.14023200
-0.43663000
-0.04749800
0.59687200
-0.94954800
-0.04788430
-0.43126800
-0.30107700
-0.16962100
0.36819900
0.07717970
1.38911000
0.73507000
-0.79754500
0.70871000
0.38742500
-0.36845300
-0.60791600
0.71238700
0.43359500
1.29945000
0.67966200
0.97627000
0.15644800
0.50258900
0.40431200
0.63251600
-0.00271476
0.58502800
-0.33950800
-0.08507740
0.17832900
0.80507200
-0.40391800
0.53819900
-0.41886700
-0.91149500
-0.24079600
-0.99195200
0.05585590
0.02218180
-0.50025900
0.13515700
0.02589360
0.53965600
-0.31479300
0.07285870
0.12646400
-0.20247100
-0.10689700
-0.14962900
0.19581100
0.11441800
1.35032000
-0.41337300
0.71770600
0.46440100
0.01341820
0.19228100
0.24389300
-1.02714000
-0.35959600
-0.21887400
0.64144300
0.74097900
-0.70964500
-0.43251800
-0.18939000
-0.27268800
-0.76714900
0.03239850
-0.20348200
0.35789900
-0.30367600
0.21071900
0.06560660
-0.46299900
-0.49107400
-0.39979200
-0.19244600
1.41175000
0.77240200
-0.23055500
1.08486000
0.28565400
-0.23237200
-0.31737700
-0.29832900
-0.68653000
0.27370000
0.44116300
0.26290200
0.50929000
0.58158900
0.38593300
0.41772400
1.47790000
-0.77112600
0.24792900
0.13375400
0.08226470
0.73602100
0.99907700
0.34447500
0.06311570
-0.22672400
-0.39940400
0.05604330
-0.60761500
0.09868820
0.89652500
0.35528700
1.41018000
1.85862000
0.44315400
-0.21122200
-0.09212670
-0.30169900
-0.00621513
0.09562770
0.23989800
0.77900900
0.29357400
1.31063000
0.09145110
-0.51434900
-0.14066300
-0.13601400
-0.69955100
0.09807860
-0.86279500
-0.46087900
0.31209100
-0.35697500
-1.09519000
-0.29745400
-0.05136010
-0.76125400
-0.52682000
-0.85416200
-0.39148800
-0.41592800
-0.41981000
-0.99090300
-0.60877600
-0.75894700
-0.64251400
-0.12452600
-0.13236900
-0.68534800
0.55442900
3.18563000
-0.20636000
-0.61536000
-1.11327000
-0.41994600
-0.26024100
-0.23096900
-0.17939500
0.31299300
-0.41753000
0.10210200
-0.94747800
-0.06757520
0.36464200
0.07536600
0.67030500
-0.32426700
-0.20259300
0.17300200
0.29960400
-0.11579900
-0.41421700
0.10293900
0.03168710
-0.33164300
-0.39673000
0.14328600
0.22614800
-0.59505500
-0.02307520
2.34815000
-0.35158300
0.03858100
-0.13175400
0.16958900
0.74833300
-0.08575910
-0.42290200
-0.03844650
-0.29827200
-0.57157800
0.08292500
-0.46202200
0.25219300
-0.03364480
0.13315000
0.21371700
-0.44740300
-0.03690210
-0.21855900
-0.33900200
-0.18190400
-0.35155500
-0.38936300
0.06829730
-0.23269600
0.19819700
0.13882500
0.18745500
0.11559000
-0.04204050
-0.09540470
-0.31474800
-0.28758900
0.23911300
0.01900610
-0.84802500
-0.02247570
-0.10921100
1.11091000
-0.19844400
-0.50111700
0.12743300
-0.32804100
-0.65925600
-0.06584370
-0.14904200
-0.40314400
-0.29727000
0.39433800
0.41806100
-0.12097700
-0.55671500
-0.14446900
-0.43849700
0.36392900
0.11314000
-0.34425400
0.05525690
0.34394400
-0.16461400
1.12045000
0.29492000
-0.34316000
0.47757300
-0.33187500
0.30982000
-0.50402300
-0.24459200
1.49130000
-0.79141900
-0.28415600
-0.02839840
-0.43069300
-0.49178900
-0.26263500
-0.06244720
0.27587600
0.19989700
-0.20088600
-0.81086200
-0.33108000
0.29486500
0.08790070
0.41423600
-0.57626300
0.05702610
-0.70386400
0.37970300
-0.00644322
0.38774500
-0.24713300
0.35055500
-0.53431800
0.04524230
-0.24847100
0.36380800
1.40646000
-0.17888500
-0.63631100
-0.18450100
-0.19520400
1.00304000
0.29513900
0.37758900
-0.55256500
-0.65563000
-0.15391500
-0.14183700
-0.08224890
-0.80447700
0.03409540
-0.13852600
1.18969000
1.13829000
-0.49415000
0.58629100
2.09617000
-0.27241700
-0.23531600
0.35732600
-0.40874900
-0.37865600
-0.18594600
0.11724700
-0.34477000
-0.28257100
-0.01114210
-0.40954300
-0.69638300
0.12889700
-0.14165600
0.07548970
-0.75415600
0.17924200
-0.28357900
-0.74943900
-0.03287290
-0.47565700
-0.59271200
-0.34852500
-0.82987000
0.30704500
0.44508100
-0.54922900
-0.57429600
-0.84051100
-0.05143440
-0.68415100
0.03265150
-0.20981000
-0.27811400
-0.34625800
0.46422200
0.15149400
-0.09597350
0.45958500
0.49299600
0.01200770
-0.10258100
-0.45201100
-0.32340200
-0.28383400
-0.77998600
0.25819500
0.28363400
-0.52814600
-0.28780500
0.55905700
-0.45860300
-0.25175400
0.68663600
-0.11763600
0.22930600
-0.67900500
-0.20940200
0.32245900
-0.92345400
0.67650700
-0.36291100
0.13472400
-0.16256300
0.20969700
0.08959960
-0.09469730
0.17735400
0.15764300
2.65139000
-0.33528500
0.86258700
-0.58513500
-0.44731400
-0.46300500
0.07412320
-0.15739400
-0.35968000
-0.01770070
-0.42024900
0.60013800
-0.21424600
-0.44559300
-0.10664000
-0.76669700
0.52282400
-0.61072900
-0.17688700
-0.41024800
-0.20423500
-0.28811500
0.52548900
-0.32317600
0.76476200
-0.48530800
-1.12554000
-0.21176300
-0.20461400
0.19216400
-0.18801300
-0.20621700
-0.07149600
-0.39038700
0.33320400
-0.32752600
-0.54692900
-0.56564100
-0.08437600
-0.81917600
-0.11496000
-0.30962500
-1.22192000
-0.49052700
-0.29946800
-1.23256000
0.11303800
0.23587600
-0.30889500
-0.37350300
-0.12660000
3.04856000
-0.60894900
-0.08364370
-0.26159100
0.20439000
0.12393300
0.51785600
-0.24363000
-0.59490700
0.00780775
0.16038300
0.17995600
0.30931200
-0.39219700
0.07338450
-0.70392100
-0.26365100
-0.07278400
0.05064110
0.15980600
-0.53134000
-0.35551900
-0.16568800
0.33089800
-1.04745000
0.02340100
0.90591800
-0.25593900
-0.17092900
0.52652400
0.52110300
-0.06025030
0.90315100
0.52273900
-0.65054800
-0.94064200
-0.16097300
0.39948400
-0.37381300
-0.27604700
-0.09828890
0.26247500
0.03176570
-0.54808200
-0.22916000
-0.25430100
0.11282300
-0.35599500
-0.91067600
-0.51975700
-0.46712800
-0.10595700
-0.73537700
-0.37184900
-0.36117200
-0.93003500
0.31792900
0.83367700
0.37384400
1.11653000
1.88512000
0.80117600
-0.31835700
-0.11605900
-0.13458400
-0.18670200
-0.46109800
-0.69545100
0.57017600
-0.16290300
-1.04753000
-0.61464100
0.50418600
-0.52967600
-0.80406100
-0.02995040
-0.67386200
-0.25863900
-0.81112300
0.28211100
-1.12073000
0.20892400
-0.13991400
-0.69436000
-0.16064700
-0.43591100
-0.15346900
-0.33848000
0.07903770
0.28525100
-0.01398710
0.09610140
0.26887100
0.11879200
-0.27579600
0.02882530
0.04390410
0.32889600
0.80472000
-0.06585930
0.31340400
-0.54024400
1.89842000
-0.38487600
-0.40166300
1.29579000
-0.43095100
-0.24102300
-0.04385330
0.24852900
-0.42873400
-0.25554000
-0.60239400
-0.61909900
-0.30108600
0.73437900
0.73543600
-0.43602700
1.01040000
-0.28328800
-0.25988600
0.29484900
-1.07911000
-0.28507500
-0.16224200
0.15864900
-0.52404500
0.72097700
0.68446600
0.77062100
0.58576400
0.40613800
0.54360900
0.21270800
-1.03953000
-0.48291600
0.56994600
-0.64897000
-0.61739800
-0.30967100
-0.86924500
0.41834000
-0.23789800
-0.27623400
0.02924170
-0.33590000
-0.57256200
-0.53166800
-0.69590800
-0.33682400
-0.55302800
-0.28975600
-0.09343450
-0.29890900
0.77027100
0.42039000
0.58582700
1.11322000
0.13260200
0.43185400
-0.36102100
-0.58156400
0.12335600
-0.50222000
0.42414100
-0.14064800
-0.16629200
-1.15954000
-0.81977900
-0.11967400
0.80780500
0.21204000
0.35394800
-0.67461700
-0.35338000
-0.89178700
-0.42268100
-0.88812100
-0.65895300
0.08542430
-0.53383900
0.22077400
-0.55053000
0.80348600
1.63637000
0.58440200
0.15087300
0.16242800
-1.01858000
-0.78242100
0.50549100
-0.22069700
-0.57961000
-0.05588000
-1.60580000
0.32272800
-0.18630300
-1.21833000
-0.02557520
-0.04115540
-0.48125000
-0.20110900
0.50520500
-0.44480300
0.14725400
-0.22461000
0.00650497
-0.04717450
-0.24560100
-0.81079000
-1.41642000
-0.02224480
-0.62150100
0.92605100
-0.32107700
0.03883250
-0.58540700
-0.13378300
-0.03860500
-0.20864800
-0.42315100
0.04356590
0.27815100
-0.20693900
0.03561810
-0.26856800
0.44716500
1.56399000
0.19754700
-0.56899800
-0.10283700
-0.28114100
-0.76278700
-1.06759000
0.46359200
0.44829700
-0.36033400
-0.12656400
-0.29532500
-0.03648310
-0.12929800
-0.38791500
0.04072600
-0.32447900
-0.13964100
-0.32747500
-0.63122500
-0.25783900
-0.72722100
0.17112600
0.49804000
0.60540600
0.04670080
-1.17207000
0.17404500
-0.43042200
-0.03339920
-0.01624860
-0.70069300
-0.71542400
-0.49291600
-0.15937900
0.14403500
-0.11276400
-0.56418600
0.10933700
0.23248000
0.23957600
-0.32833300
0.37495400
-0.53260700
-0.28673100
1.11340000
0.91579400
0.32197900
0.31166500
-0.08476590
0.66273400
0.14500200
-0.15124500
-0.65669100
-0.84831700
0.87583200
-0.23673100
1.50038000
-0.48643400
0.09384410
-0.74433300
0.13195800
-0.59956800
0.20611700
0.94251900
0.40956100
-0.13819300
-0.09714730
0.11401400
-0.30095600
-0.76565800
-0.61772400
-0.17241600
0.29762600
-0.56063900
-0.61161500
-0.14971300
-0.33229100
-0.52256800
-0.45710400
-0.55342200
0.02433950
0.01123550
-0.00143658
-0.05190600
-0.82658700
1.34028000
-0.52541300
1.08654000
-0.42516900
0.44308900
0.19327300
0.11384700
0.98513900
0.16651200
0.67560900
-0.12321100
-0.71313000
1.01351000
0.16461300
-0.10077900
-0.71364800
0.47051400
-0.16263100
-0.04080410
-0.31870100
-0.69186900
-0.55112000
-0.15973900
0.45767600
0.46791900
-0.38099600
-0.36658500
-0.10322100
-0.66148500
-0.10441300
0.12615500
-0.33070000
-0.01726540
-0.18808300
0.44902000
0.06904190
-0.20036900
0.54164000
1.48279000
0.28174900
0.06273030
0.23916500
0.22531100
-0.68734300
-0.22438500
-0.19829700
0.32680200
-0.44956800
0.06745410
-0.00046432
0.02318230
0.41958200
0.32115400
0.36031500
0.07558020
-0.34020700
-0.50638200
-0.37225600
-0.10112100
0.57790700
-0.27929400
-0.64494500
-0.32312400
-0.57125100
-0.45933300
-0.13516600
-0.45652000
0.96874700
0.01789850
-0.21426800
-0.21596200
-0.12976300
0.12857700
-0.07671010
0.96016900
-0.04536690
0.36387700
1.53959000
0.04017490
0.42354200
-0.41376500
-0.32583700
-0.18071900
-0.36359800
0.70795200
-0.22249600
-0.10441600
-0.58449500
-0.30117800
-0.78990400
-0.32935200
-0.30871300
-0.12973400
-0.22801900
-0.14254800
-0.07735920
-0.93100300
-0.43088500
-0.36964200
-0.48794800
-0.51306600
1.54257000
1.16951000
0.38273300
-0.19870900
-0.12871500
0.87412000
-0.30634800
-0.26350500
-0.10158800
0.52042900
-0.74861100
0.40954500
-0.14642400
-0.92923100
0.19418500
0.51471100
-0.56021800
0.07249080
-0.74346000
0.01192590
-0.49995300
-0.96501200
-0.44125400
-0.12513600
0.22569100
-0.58493300
-0.06875740
-0.37906000
1.09668000
-0.58802700
0.39312600
0.01803520
-0.42525000
0.24161000
-0.09483220
0.78568800
-0.95546900
-0.60270200
-0.09390430
-0.77865400
-0.68971800
-0.03420840
0.21463200
-0.44224900
-0.68186900
0.58137600
-0.15117500
0.37318500
-0.36718000
0.25670700
-0.45897700
-0.29261400
-0.57277400
0.13463500
1.58310000
-0.06728750
-0.82002000
-0.44104200
-0.07527100
0.45195800
-0.60211000
-0.19508800
0.02862960
-0.53449100
-0.10107900
-0.42743800
-0.41399300
0.23556000
0.00080215
-0.12641900
0.07907290
0.02041170
-0.05084850
-0.27722000
0.63471800
-0.73913000
-0.74893500
-0.74214400
-0.71606600
-0.89810100
-0.64931800
0.52740000
-0.26922000
-0.70986100
-0.60454600
-0.76872100
0.35921200
0.72535900
-0.37310700
0.15663800
-0.10333800
-0.74079900
-0.33016300
0.37319100
-0.12623400
-0.32656000
-0.52132400
-0.07237980
2.32896000
-1.10568000
-0.32716600
-0.06839890
-0.41373000
0.62336300
-0.05489460
-0.15022800
-0.02234290
0.50080200
0.89216000
0.42023400
0.04533130
0.05169510
-0.16682100
-0.01601870
-0.05149390
0.18607100
-0.43056500
-0.52197100
-0.84239600
0.80773400
-0.33407300
-0.55774700
-0.04648050
0.01003240
-0.51796400
0.28053800
-0.20120000
-0.60004200
-0.84448300
0.00651505
0.23232000
0.80573600
0.32004900
-0.29121200
0.41947500
-0.79593500
0.19145900
1.42327000
-0.80024700
-0.29659200
0.14221400
-0.49540500
-0.82995800
-0.41601000
-0.09195940
-0.29466700
-0.47077400
-0.03323970
-0.25808300
-0.09335640
0.40032300
0.28790400
-0.51603900
0.00174993
-0.21713400
0.23279000
0.10047200
-0.28821900
0.13733300
-0.14191300
-1.25374000
-0.19289500
-0.19020700
0.63228000
-0.13612600
0.17051500
-0.75996200
-0.69804300
-0.40392600
-0.65202500
-0.46565600
-0.85189200
-0.26802100
-0.07953990
-1.41563000
0.55047500
0.11544400
-0.46106000
-0.76300600
-0.16770300
-0.21909600
-0.73666500
0.01379920
-0.08324430
-0.77154600
-0.33523600
0.89190800
-1.04861000
1.32930000
0.10446200
0.38977500
0.08449390
1.17684000
-0.27453700
-0.84516600
-0.19732700
-0.58846500
0.55855400
-0.23011500
2.02997000
0.85307000
0.90893700
2.51954000
0.27340900
1.58527000
-0.17212200
0.44126600
-1.00265000
0.29131000
0.21641200
-0.21722800
-0.60402400
-0.07190000
0.50027100
0.64672900
0.74720400
-0.37265500
0.12331900
0.14492500
-0.13735100
-0.34679300
0.21614900
1.63532000
0.79098100
0.86123000
0.41662200
1.11645000
0.61469600
0.18010700
-0.77578900
-0.06275790
0.07377900
0.60352100
0.28479200
-0.70742500
0.23072900
-0.53445400
-0.72476200
-0.05614030
0.18527500
-0.35474700
0.07168350
0.01371350
0.56623100
0.07677870
-0.25429100
-0.71805200
0.03427090
0.39185400
-0.51492900
0.17928900
-0.66663700
1.32748000
-0.40118400
-0.13092900
-0.20428700
-0.52320600
-0.58333600
-0.33484200
-0.06632210
-0.25961500
0.11917900
-0.30513400
-0.20581200
-0.55596000
-0.60160000
0.35151300
-0.11282300
0.50479300
-0.26233500
-0.50211200
-1.11926000
-0.07390810
-0.71149100
-0.53188900
0.31937000
-1.05583000
-0.41234900
0.14574400
1.63540000
-0.23066300
-0.46398400
-0.71834200
1.10338000
0.12897400
0.13781300
0.22215500
0.22436900
-0.09658400
0.21446300
-0.28618300
0.16304800
0.43305900
0.35431500
0.86348400
-0.88706500
-0.79941300
-0.18731100
0.16895000
-0.49308000
-0.96273800
-0.29247900
0.00863227
-0.70092500
0.96027100
-0.07250760
0.24476500
-1.03038000
-0.30116400
0.11177800
0.43529800
0.03879250
-0.65988500
1.16229000
0.54595600
1.04206000
0.03826510
0.12330800
0.05540780
-0.81567700
-0.58204300
0.11811500
-0.43487100
0.16549300
0.14744800
2.58555000
0.99029900
0.11537600
-0.02229290
0.09567370
-0.49468900
-0.49912900
-0.75132200
-0.46470300
-0.03598570
0.09778910
-0.69644800
-0.35539700
-0.17270500
0.14575400
0.94404700
0.41872200
-0.82448200
-0.80631500
0.54755200
-0.27938900
0.05603020
0.00131497
-0.44531800
-0.56211900
-0.66710500
0.08021960
-0.63637200
-0.31579300
0.15462100
0.54290600
-0.31175600
-0.51540400
-0.12023600
-1.11934000
-0.00763242
-0.18022600
-0.84374300
-0.58286100
0.01180650
0.11227100
-0.32002100
-0.24721300
0.72149000
0.49384300
-0.28880900
-0.87297500
0.13884500
-0.06530280
0.05287400
-0.33182500
0.43581600
-0.58335800
-0.46716100
-0.03112130
0.00652809
-0.07602910
-0.77049700
-0.84329700
0.31728400
0.07418630
-0.86417000
-0.16360000
-0.67193700
-0.43677200
-0.82011900
-0.85864400
-0.19637400
-0.79643600
-0.22077000
0.14343900
0.08743340
-0.61535000
0.40185800
-0.14866500
-0.14073800
0.10528600
0.68341600
-0.98614600
-0.39694100
-0.22378100
-1.08972000
0.23518800
0.11838100
-0.46580700
-0.57447100
-0.05335250
0.13253900
-0.44610800
-0.12221100
0.62254000
-0.23981400
0.98385800
0.30808200
-0.29508100
-0.05843000
0.81865700
0.03828530
-0.71633300
0.95816100
-0.39492800
-0.49433300
-0.04358020
-0.41958200
-0.01248000
-0.28150400
0.14357700
-0.32613400
-0.04728430
-0.71974000
-0.13555900
-0.30765100
-0.11257900
0.10996600
-0.67249200
-0.56307900
-0.13871300
-0.18752700
-0.39145700
-0.27699000
-0.10942800
-0.34651200
0.15203600
-0.05034060
-0.02939410
-0.76155200
0.16048000
-0.09055930
-0.36431200
1.24367000
-0.02580680
-0.01974090
0.34562000
-0.29971500
0.36780000
-0.86026100
-0.60094200
-0.12404100
-0.52548700
0.15406600
1.63367000
0.19307500
0.11871200
-0.30374200
0.07324810
-0.98642300
0.07447830
-0.09706480
-0.08894130
-0.63278100
0.04104960
-0.35524600
0.05748550
0.15000100
-0.09699980
0.30085800
0.66261200
-0.10179000
-0.51053300
-0.68973100
-0.69309900
-0.41156100
-0.22657100
-0.73891000
0.15549400
-0.74442100
1.01308000
0.05255270
-0.40343400
-0.19230900
-0.49082600
-0.00621102
-0.24284000
0.69440000
-0.26683700
-1.32913000
0.12870300
0.57731600
-0.55855900
-0.28896500
0.03627080
-0.03561410
-0.05765550
-0.36562100
-0.31497300
-0.31354700
-0.34374900
-0.37753600
-0.69976300
0.20593600
0.21939700
0.03487510
0.57077400
-0.59288200
-0.05695640
0.46971300
-0.54212500
-0.66798500
0.03334380
-0.06758050
-0.16983300
0.24221700
-0.29202500
-0.14956600
0.18711900
-0.25973800
-0.57935200
0.13663300
-0.51401300
-0.02026660
-1.02385000
-0.09063660
-0.81138000
-0.09701800
-0.31853800
0.62853800
-0.29090700
-0.26229800
-0.52074900
1.56581000
-0.24733000
-0.30115300
0.81248900
1.58513000
0.31592100
0.33291500
0.56056300
0.33463200
-1.11761000
0.51236500
-0.01122740
-0.09984440
-0.46911100
0.14473600
0.21152500
-0.22732800
-0.02263890
-0.13738600
0.10270000
-0.98791600
0.34441100
-0.01140540
0.31778200
-0.04018180
0.26886200
-0.26497200
-0.23732500
-0.07073980
-0.07738300
0.10173000
0.22605500
0.23035400
1.48382000
-0.16118300
0.35494000
-0.42869000
0.21290500
-0.46630400
0.68828700
0.63306200
0.27040200
0.01220180
1.44730000
-0.77978200
0.60554300
0.06967450
0.09875850
0.41429400
0.95575200
-0.47121900
-0.01781230
-0.21228500
-0.33902400
-0.27113100
-0.55834500
-0.71351800
-0.09255980
-0.00221165
-0.55861000
-0.78770600
0.48210700
-0.26453900
-0.17505300
0.38964200
0.32974400
0.73472300
-0.85856600
-0.53544200
-0.02016270
0.23259900
-0.72397700
-0.32110100
-0.23631500
-0.48699000
-0.52677600
-0.21755500
0.55504000
-0.64333400
0.35235100
0.70299200
-0.66051100
-1.04736000
-0.33332200
-0.26196800
0.23974300
-0.15900800
0.43480900
-0.85039000
-0.43060300
-0.32560500
0.05339130
0.25300700
0.32161500
0.40660600
-0.56806600
-0.91987500
0.33715400
0.32004500
-0.10107400
-0.35402400
-1.12038000
-0.26556700
-0.41490300
0.13380800
-0.63656600
-0.42061900
2.93168000
-0.46673500
0.41553000
0.01464430
-0.71881800
0.12722900
-0.14601400
0.40266700
0.14248200
0.31697100
-0.04768250
0.28179400
-0.36676700
-0.74882200
-0.45409600
-0.40532300
-0.18201500
0.23072200
-0.78804800
1.13191000
-0.42327600
-0.58333200
-0.45456900
-0.63705500
1.85155000
0.37378500
-0.49181300
0.58118000
0.35066700
0.15144800
-0.75745000
0.45472500
-0.28180400
-1.25254000
0.79908200
0.16022600
0.08801630
-0.06370320
-0.82992900
-0.86078800
0.50722400
-0.54671600
-0.07809090
-0.02860940
-0.31757600
-0.64632400
-0.32533400
0.11356100
-0.41922500
-0.12978600
-0.35263100
-0.46140200
-0.32585900
-0.31281200
0.35277200
0.36753900
0.49809100
-0.42543200
0.24345800
0.28619600
0.69249600
-0.40670600
-0.27812900
0.10904300
0.12259300
0.06663950
0.47598200
0.32985000
0.65897100
-0.31178500
0.36861900
-0.29837800
2.93972000
-0.36713300
-0.57006500
-0.46338200
-1.10933000
0.35214400
0.45351600
0.72288600
-0.88543000
0.34004100
-0.52255600
0.19217300
-0.70191900
-0.25300600
-0.42875000
-0.32516600
0.76305800
0.10439300
0.35884800
-0.23066300
1.01592000
-0.09747300
-1.16315000
-0.71286400
0.14339900
0.15193800
1.48833000
-0.08912710
-0.24673500
-0.36384100
-0.75460000
0.12714900
-0.01149270
0.38626000
-0.16881100
-0.61382800
-0.54294700
-0.39787100
-0.98788300
-0.14918100
0.15928800
0.11375300
-0.33132000
0.61674500
-0.95115000
-0.53529700
0.09711410
0.34619500
-0.66149400
-0.19892600
-0.30447900
0.52756900
0.84742000
0.42830000
-0.82444400
0.11343900
-0.05418100
-0.51887600
0.31477400
0.99332600
0.30982300
-0.10283100
0.95524200
0.63623500
0.55539400
-0.29108300
0.33923700
0.19935800
-0.42124200
-0.69796600
-0.76979100
-0.25048200
-0.95665700
-0.08927540
0.99520300
-0.19844100
0.22199500
0.11871200
-0.14528400
0.30354100
-0.28025000
-0.01613480
-0.32752500
0.10415200
-0.27548700
0.40146200
0.32998100
-0.36860600
-0.27662700
0.57535400
-0.46720900
0.00464786
0.75822700
0.28373000
0.18936600
-0.58392700
-0.68869300
1.62331000
-0.27534200
1.08121000
1.30630000
0.72536200
0.71578200
1.03645000
1.15840000
0.36163400
-0.28710600
-0.55441000
-0.23348700
0.13968800
-0.09242750
-0.00434284
-0.01056910
-0.43690700
-0.98531300
-1.02377000
0.01868100
-0.53789400
0.13968800
-0.37386100
-0.04937810
-0.73171800
-0.15586400
1.55024000
0.04925430
-0.51724400
-0.66368800
-0.49031700
-0.15774900
-0.06670220
0.11994500
-0.43635800
0.01882620
-0.07277320
-0.39559000
-0.55268900
-0.27510400
0.15837900
-0.11818400
-0.83665000
0.28640900
-0.26422900
-0.37686500
0.08102030
0.10169500
1.80929000
-0.32743700
0.27183300
-0.14371700
0.37392800
1.60904000
-0.37115900
-0.40631200
-0.36841700
-0.33126000
0.43531300
-0.31962700
-0.09128960
0.63701500
0.10146000
-0.59485800
0.05480910
-0.41058400
-0.09862740
-0.67885700
-0.19581500
-0.45020500
0.73433500
-0.24745000
0.96910800
-0.64382000
-0.22409200
-0.23012300
0.33161800
-0.09103970
-0.20031600
-0.06224190
0.34462200
-0.28582500
-0.18550700
0.09990510
-0.72912400
0.44996500
0.09208960
0.09208960
0.01976540
-0.69040900
-0.25669800
0.30473300
0.00203499
-0.19439000
0.53159600
-0.44558900
-0.07684860
-1.10075000
-0.15261100
-0.26601800
-0.09456050
-0.28909900
-0.22860300
-0.61432400
0.27148600
-0.12868100
-0.51130300
0.19878000
-0.32056600
-0.22764900
-0.08688590
-0.19741000
2.16268000
0.28205600
-0.05606000
0.91096500
1.00941000
-0.24583000
-0.37588400
1.07042000
0.17745800
0.18923000
0.19771900
-0.46265700
0.08281170
-0.59498200
-1.13765000
0.50809700
-0.96036100
0.16930800
-0.93510100
-0.48338500
1.42618000
-0.08017260
-0.39460300
-0.11784600
1.58031000
-1.14012000
-0.59627300
-0.28468900
0.44981800
0.85004800
0.20315800
1.46123000
0.57414600
-0.19986300
-0.57334900
-0.05421390
0.18151500
-0.26918900
0.44186000
-0.73612900
-0.67906200
-1.02816000
0.00726504
0.13743300
-0.66142800
-0.27813200
-0.86026200
-0.83665000
-0.03430550
0.24448100
0.13875800
0.23121500
-0.48160000
-0.70950100
-0.34741400
-0.38641600
0.30284300
-0.02658420
-0.12046200
0.00907056
-1.07865000
-0.67225200
0.16032800
-0.28854500
-0.84644700
0.81499700
0.02009910
-0.25002900
-0.15319700
-0.26286000
-0.36726800
-0.06766330
-0.06339790
-0.65803300
0.10337800
-0.53586300
-0.53586300
0.06849450
0.19868500
0.77577000
0.23222100
-0.24862500
0.02384590
-0.91540500
0.20748400
0.11114500
-0.03630240
-0.24657100
0.01194680
-0.41452600
-0.23916900
-0.07904380
-0.52058600
-0.40942800
-0.09434910
0.66113000
-0.42040100
0.74739700
0.67935600
-0.01407310
0.80970300
1.82156000
0.11506700
-0.02917300
-0.24489700
-1.02884000
-0.74181100
-1.18947000
0.40476800
0.20946600
-0.49869300
-0.47127100
-0.55775900
-0.40771000
1.35408000
0.20129700
-0.66830000
0.30934700
2.50319000
-1.30803000
0.63473700
-0.78989800
0.16448800
-0.23302500
-0.94630000
-0.00246654
-0.12498100
-0.45388100
0.02464780
0.02679100
-0.52039200
0.11168900
0.24995000
-0.62256500
0.65538800
-0.68721100
0.28032600
-0.24544600
-0.11033200
0.00521623
0.92564200
-0.10321600
0.25388200
0.51414000
0.72710300
-0.66408400
0.28785900
1.06972000
0.79810300
0.17566500
-0.24474500
0.34824700
-0.70470500
0.49987000
-0.35748100
0.10797500
-0.21842700
0.10917700
0.35464800
0.01465490
-0.33731800
0.18143700
-0.25240900
-0.09100930
-0.32024200
-0.27019000
0.06233060
0.37072100
-0.52374700
0.09823980
-0.12976500
-0.34054500
-0.93575400
0.27530300
-0.74861600
0.13920600
-0.36204300
-0.60461600
-0.26989500
-0.29468700
-0.30343700
-0.42703100
-0.16222500
0.18470100
1.49292000
-0.03121670
1.35661000
0.06716540
0.39317900
-0.98297800
-0.18292500
-0.70719000
0.55831700
0.10852400
-0.02309400
-0.26909100
0.96060400
0.36411700
0.52810200
0.99598000
0.21894700
-0.42993400
-0.48353000
-0.21368600
-0.52220500
-0.31261500
0.31583300
-0.58417400
-0.23519400
0.17939100
0.48413600
-0.69584400
-0.10598000
-1.10576000
0.42701500
-0.10047600
-0.62979300
-0.53142000
-0.28710100
-0.31078800
0.24393900
0.41429600
1.48542000
-0.91412700
-0.76125200
-1.01468000
-0.62166400
-0.48220700
-0.27282900
-0.83973300
0.02128030
0.22978000
-0.41572400
-0.80375300
-0.31895100
0.33809100
-0.08302600
-0.47511900
0.05294000
-0.17809800
-0.65675300
0.44995400
0.38442900
0.33488400
0.36846000
-0.59567700
-0.01052620
0.27684900
-0.55285400
-0.45735700
-0.00589916
-0.18647500
-0.22936500
0.18089600
-0.32744200
0.63263800
-0.05580290
-0.57623000
0.77439300
-0.19102900
-0.29726800
0.40711400
-0.22083700
0.27686800
0.03485700
0.02476290
-0.11994500
-0.08339540
-0.65768800
0.04244970
0.32647000
-0.49302000
0.06971840
2.03034000
1.57215000
0.76304500
0.32088600
0.14157700
-0.00638522
-0.21503900
-0.31839700
0.13526800
-0.71210400
-0.12121900
-0.66310800
-0.12675700
-0.21398000
0.07763300
-0.61672300
-0.81305000
-0.46665400
0.05645590
-0.82055600
0.20332800
0.37566600
-0.41605400
-0.60262300
-0.86131600
-0.50782100
-0.48629300
-0.39894100
-0.67822900
-0.53638100
0.16935900
0.33663900
0.09805650
0.05297370
0.13193900
0.25024400
-0.00266260
-0.59184100
-0.27676400
-0.50380300
-0.00960243
-0.78101200
0.08831960
0.30699100
0.32385500
-0.22422500
0.14751100
0.15729200
0.04328430
0.27616100
-0.43504800
-1.13324000
-1.02646000
-0.34147800
0.46534400
-0.15163200
1.38626000
0.43552200
-0.34135400
-0.37812800
0.06962110
-0.41577500
-0.22498800
0.43639200
-0.40066400
-0.02886320
-0.53970900
0.14866700
-0.98841000
0.10135900
0.27236500
-0.59769900
-0.17757200
-0.23861400
-0.14271900
0.06939980
-0.73463200
-0.23180100
-0.13701000
-0.12033200
0.48614900
-0.48809000
-0.47305000
-0.95227400
1.01265000
-0.49741600
0.16348200
0.30617700
-0.12755500
-0.56338800
-0.21571100
0.03256630
0.38769500
0.02569060
-0.85507800
-0.63583900
0.76116300
-0.57439800
0.10125500
0.10029500
-0.34925700
-0.21913600
-1.04294000
0.27110700
0.24116800
0.08578940
-0.48189100
0.91058000
0.03716840
-0.19993300
-0.65014400
0.72477100
1.10921000
-0.15200500
-1.19007000
0.50408200
0.84102000
-0.24555700
0.31999900
-1.03353000
0.34141800
-0.01236970
-0.35319500
-0.13172700
0.46855600
-0.28405200
1.29726000
-0.60068700
-0.18290300
0.96220800
0.44575500
-0.10729200
-0.45715400
-0.35620700
0.26045300
-0.89173800
-0.19130100
-0.57078600
-0.00289867
-0.14965600
-0.76935900
-0.09984440
0.10249100
0.51457900
0.01646480
-0.74146300
-0.93106000
-0.67803100
-0.89098400
0.48242100
0.13404300
0.19791400
-0.06343310
0.66636800
-0.55578500
-0.25835000
-0.04745080
0.28715500
-0.15881400
-0.58503400
-0.47890200
0.43656700
-0.36557600
-0.46502100
-0.06982170
-0.43682600
-0.03769620
-0.21156200
-0.15027100
-0.53354200
-0.34442200
-0.48879700
-0.39786100
-0.25608000
0.22011000
-0.48556300
0.35434100
-0.75844300
2.31097000
-0.24861200
0.26774700
-0.17498900
-0.04826710
-0.34944100
1.13813000
0.45389600
0.43496900
0.71223100
-0.67491100
-0.52031200
-0.65299000
-0.27898600
0.54271600
1.00057000
-0.08771350
-1.28774000
-0.12338400
0.63397100
-0.62745600
0.09163460
1.80817000
-0.43161100
-0.50562300
1.09324000
0.33206600
0.84760800
1.36269000
0.96947800
0.93761500
0.87121700
-0.82013200
-0.79635300
-1.63381000
1.45642000
1.79979000
0.59659800
0.84946700
0.56220800
1.32342000
1.32995000
0.52870400
0.05090960
-0.00983876
-0.58839200
-1.10226000
-0.20919800
-0.26086700
0.01058300
-0.11949400
-0.42843400
-0.76343000
-0.18351200
-0.02451600
0.31225500
0.13134300
0.68941500
1.01646000
0.10613100
0.41645100
0.09405160
0.14210100
1.01076000
1.03366000
1.17868000
1.46931000
-0.65961900
-0.42790600
-0.07124550
0.00667366
0.28734700
0.29024200
-0.15306400
-0.20024800
0.52625000
0.01293810
0.77380500
-1.38043000
-0.82177700
-0.29635000
-0.07663620
0.13054300
0.14300900
-0.35464100
-0.39709500
0.45315900
0.07200540
-0.30525700
-0.17043200
-0.59779000
0.25310400
-0.04183250
0.40768100
-0.20047100
0.86268600
-0.63675200
0.88631000
0.64576200
0.25157200
0.07072380
-0.31976100
0.40603400
1.79962000
1.71070000
0.27353700
0.28165300
-0.51995700
0.00423600
-0.24444100
-1.18427000
-0.12953900
-1.04466000
0.35659700
-0.42787100
-0.33711300
-0.94042600
-0.00690266
-0.03324580
0.21412500
-0.37237100
-0.24737600
-0.18703400
-0.29653800
-0.48740100
1.41729000
0.32198800
0.00620255
-0.12177300
-0.46472700
-0.43943500
0.00637038
-0.62629700
-0.23558700
-0.34785400
0.06972770
-0.58293600
0.02525690
-0.13743200
-0.33978300
-0.31522600
-1.01320000
-0.52543500
0.06235860
-0.47790600
-0.71648100
0.49711300
-0.77319900
-0.22166600
-0.85594200
0.37779600
-0.11171600
0.57382900
0.29227200
-0.19640400
-0.77025600
-0.13421200
-0.36237100
-0.34273000
-0.57544000
0.46041400
0.04413620
-0.06779630
-0.34720300
-0.00257191
-0.63692200
0.19393200
-0.34061500
-1.10935000
-0.26357800
-1.44439000
0.17537000
-0.41990300
-0.21711300
0.30906600
0.12181100
-0.19822600
2.99055000
0.53856500
-0.68686100
0.04526990
1.04806000
-0.00278989
-0.34783700
-0.22381800
0.47456800
0.32951600
0.05226350
0.85000000
0.25214500
-0.01550150
0.29168900
-0.35873200
1.21712000
-0.46410700
-0.28652300
0.23683800
-0.25608900
-0.55824700
0.21852700
-0.03331900
-0.26694000
-0.18497500
-0.19373400
0.07293960
0.15600700
-0.45848700
-0.40122200
-0.30528100
-0.18705500
-0.21589000
-0.41278900
0.16479400
-0.67237700
-0.83657100
-0.46830700
-0.62491200
0.26180100
-0.09735090
-0.44900900
-0.09520240
0.97265100
-0.23206600
0.35764600
-0.24102100
-0.51429400
-0.01777070
