4.55241000
6.44522000
5.06274000
4.94616000
5.88140000
5.22555000
4.81040000
4.84037000
4.71628000
0.75323800
-0.42929200
4.57508000
4.89474000
4.94135000
4.84050000
0.68401400
5.43844000
0.13277000
4.59499000
5.30594000
5.15512000
0.96803900
5.45009000
5.15960000
5.46821000
4.86060000
0.62591200
5.06121000
0.91747200
4.98059000
5.28802000
4.74776000
4.82775000
5.36916000
0.21013600
5.33745000
5.21102000
4.98397000
4.83279000
4.51136000
5.14451000
0.80741200
0.63998600
4.96988000
0.35206100
5.02103000
5.18541000
4.92896000
-0.23511600
0.21012400
-0.61902700
-0.27004900
-0.31385400
-0.26346700
-0.27356600
0.35186900
-0.37120500
0.04673330
0.21140900
0.73442500
0.20872000
-0.41143800
-0.31543000
-0.06242050
0.34087900
0.43062100
-0.46436300
0.44003200
-0.20117700
0.06326580
-0.06827400
0.64326400
-0.10474800
1.03284000
-1.04356000
-0.41732600
-0.19178300
-0.11336700
-0.08726120
-0.04820470
0.05553820
-0.14988700
-0.05532650
0.28732300
0.11580600
-0.18986400
-0.36599900
-0.71310100
-0.78959300
-0.07180280
-0.24093100
-0.04902580
-0.54094900
-0.34479800
-0.41803200
0.03849230
-0.55783600
0.22262600
-0.17301200
0.20290500
0.97866200
0.30567800
-0.05879600
-0.71029100
-0.05520300
-0.37216000
1.22848000
0.10174200
-0.03902780
0.20011700
-0.85262200
1.11266000
0.52786600
-0.79161800
-0.87131700
-0.28353100
-0.21157100
-0.11216400
-0.24205300
-0.14174600
-0.38889700
0.07593080
-0.21090000
0.38804700
-0.61845700
-0.75787800
-0.37746500
-0.09171110
0.01307160
-0.50176500
0.70961800
-0.10195200
-0.07440980
-0.37268900
0.05095180
0.84573700
-0.59030900
-0.26723600
1.08850000
0.30637600
-0.32166200
0.18917600
-0.49740600
-0.10465500
0.06803000
0.07330240
-0.35791700
1.40931000
0.36254200
0.04844320
0.63666800
-0.50712400
0.22907600
0.20637900
-0.05082630
-0.15595100
0.21256300
0.01211420
-0.03187740
0.31239900
-0.19046300
0.14159500
-0.26921500
-0.62287500
-1.18521000
0.19130300
-0.27961300
0.28762400
-0.73739800
0.08638830
0.38192000
-0.75556800
0.15860500
0.14813200
-0.42630100
-0.32408100
-0.18014500
0.43755900
-0.40101800
0.10377600
-0.59013200
-0.06308340
-0.15966800
-0.43095100
-0.49856200
0.22404700
0.39996000
-0.32128600
0.27861500
0.53335600
-0.22901200
-0.04332500
-0.26252400
0.24218900
-0.02888530
-0.27271700
-0.28233400
0.45422700
0.42365400
-0.26758100
0.38276700
0.02585170
-0.18774500
-0.90301300
-0.72423400
-0.62655900
-0.50924700
-0.31575800
-1.13657000
-0.39602900
-0.11216500
0.19517900
-0.88954400
0.16290100
-0.52529800
-0.12138300
-1.04347000
-0.21954600
-0.11087800
0.65420200
-0.41019000
-0.79757200
0.49409300
0.12288900
-0.03993070
-0.30582100
-0.11207600
0.17030500
-0.69488500
-0.38884900
-0.34832600
0.15040500
0.08764600
-1.20600000
-0.25689200
0.14705200
0.02584690
-0.55179500
-0.16157200
0.31360200
-0.51986600
0.12233600
-0.22893800
0.12703800
0.06343190
0.44961600
-0.05480450
0.65810900
-0.48125500
-0.00489312
-0.44067800
-0.09121450
-0.34225600
-0.28212800
-0.47190300
-0.10087600
-1.26191000
-0.64180500
0.51236900
1.27379000
0.11393000
0.03626440
-0.11382800
-1.27311000
-0.77959800
-0.22808200
0.02934270
0.84263600
-0.32048200
-0.25465400
-0.15908600
1.36861000
0.17217700
-0.47474900
-0.52183600
-0.70503300
0.06576560
-0.19063800
0.84250200
-0.14726400
1.10945000
-0.13444200
0.04382980
-0.36374000
-0.32978100
0.12921800
0.86725600
0.09794810
0.18914000
-0.22323700
-0.49324700
0.33497100
-0.16673400
0.25166400
0.25114600
-0.88997400
-0.58038400
-0.18684800
-0.65782700
-0.18875100
0.14606600
0.63415200
1.50688000
-0.11289600
-0.01259520
-0.31333800
-0.56263400
-0.18457400
0.50729300
-0.46974700
-1.03300000
-0.26362000
-0.32637800
1.17690000
-0.25650000
0.90041000
0.08403900
-0.26167300
-0.39139600
-0.13729600
0.06976310
0.08333170
0.45122500
-0.33920700
-0.40467700
-0.06197290
-0.78115200
0.15133300
-0.45938600
-0.41058100
0.11920400
-0.61411100
-0.28790500
-0.12990500
0.36873200
-0.06382670
0.54250700
-0.06728080
-0.51810600
0.20021200
0.01077800
-0.08805090
-0.44317200
-0.09104690
0.62374700
0.22888400
-0.76943700
-0.25104700
0.03255380
0.15626300
0.59026400
-0.36241600
0.17976400
-0.60478100
-0.41173300
-0.80896300
-1.02531000
-0.14480300
-0.16580700
-0.47077200
0.42662000
-0.07177780
-0.24923400
-0.27002000
0.36194800
0.08115280
-0.24879000
-0.20245300
0.31832300
-0.47733100
0.03649600
0.28785800
-0.13758700
0.29469400
0.25577200
-0.30830700
0.49541600
-0.92039700
-0.05216390
-0.35009100
0.36185100
-0.51416500
0.14355100
-0.46758600
0.56500300
-0.09638950
-0.06118090
-0.90055500
-0.73461100
0.07984750
0.57838900
0.00384895
-0.77893500
0.52542700
-0.19279500
-0.54665000
0.88830700
-1.00934000
0.47523200
-0.20303600
0.95874000
1.21260000
-0.48011000
0.23169700
-0.33628000
-0.55843800
-0.20778600
-0.58036400
0.46280900
-0.40892200
-0.54093600
0.44675600
-0.35903800
-0.72801400
-0.18752600
-0.30904200
-0.14514900
-0.13312100
0.00893593
0.48046300
-0.57082200
0.18771000
-0.70660000
-0.85175300
-0.05391730
-0.40358800
-0.03249370
0.11430200
0.21777100
-0.31838600
-0.36763800
0.33680100
0.69920200
-0.25116500
-0.21156400
-0.05730140
-0.84544000
-0.47533200
-0.70270800
0.65913600
-0.74321800
-0.75401200
-1.00438000
-0.48545200
-0.99815600
-0.28420500
0.10818300
-0.64090400
-0.16462900
-0.43939800
-0.41212200
-0.04207450
-0.31888800
-1.46286000
1.22831000
-0.92715400
-0.23291700
-0.72754600
0.44162800
0.09152100
-0.66447400
0.00177031
-0.13799100
0.16426600
-0.75480200
0.14541600
-0.37915600
-0.39971900
0.99702700
-0.05998530
-0.85054700
-0.53595000
-0.61221200
-0.25735900
0.07789490
-0.35274600
-0.61709300
-0.47516600
-1.13208000
2.13275000
-0.66514600
-0.28783600
-0.68645900
-0.96374900
-0.08541040
-0.01578890
-0.05368770
0.31556400
0.74165200
0.31598200
-1.08213000
-0.33035000
-0.85181400
0.31629800
-0.02393260
-0.18034700
-0.11146300
-0.03931300
-0.45150000
-0.05941980
0.03131050
-0.75959100
-0.05281660
-0.03796340
0.08993590
-0.08833090
-0.36999900
-0.61831400
-0.10847700
-0.69840500
-0.51638200
-0.63719800
0.23768300
-0.15927800
0.22535400
0.04488840
-0.60512500
0.11018200
-0.34820400
-0.42094700
-0.22401800
-1.75749000
0.40260100
-0.30587300
-0.80209000
-0.41196800
-0.32725700
0.51249500
-1.06977000
0.07382030
0.55530300
-0.24500100
-0.90733600
0.42087900
-0.28577800
-0.16714600
0.16083900
-0.80182600
-0.23267700
1.05031000
0.22399500
-0.61998900
-0.35850500
-1.23779000
0.06758100
1.12035000
0.14871900
-0.91994800
-0.12761400
-0.58582100
-1.22694000
-0.14573000
0.25893800
-0.08771570
-0.21488900
0.70763200
-1.00916000
1.52254000
0.03501230
-0.23057200
0.21282500
0.02158980
-0.24127600
-0.40901200
-0.56745700
-0.27516800
-0.41018200
0.46548100
-0.57786400
-0.27309500
-0.29593000
0.53580200
0.30928700
-0.19687900
-0.62164800
-0.76089600
-0.41314900
-0.46198100
0.25591900
-0.00525157
0.19382900
-1.02385000
0.26064400
-0.87578300
-0.99410200
0.15529400
0.31632100
0.49251600
-0.47924100
0.63547800
-0.09033710
0.31856300
-0.32830600
-0.18364300
-0.73473200
-0.09760880
0.37959600
-0.03777710
3.08845000
0.08091750
0.27081700
-1.00836000
0.88876700
-0.03336480
-0.25606400
-0.54058200
0.13674300
-0.20322300
-0.01830310
0.11387000
-0.47441300
-0.17688400
-0.20163500
-0.17452600
-0.97716200
-0.58973800
-0.12768400
0.03642970
-0.58483100
-0.52253500
-0.15417400
0.14196700
-0.33826200
0.01410630
-0.17806300
0.24559800
-0.58743200
-1.05436000
1.09623000
-0.33857600
0.13255100
0.13976000
-0.31175600
-1.15742000
0.53680200
0.05979150
0.36088400
1.26466000
-0.52428400
-0.84078100
-1.11843000
0.15191500
0.58136600
-0.86124200
0.33657500
0.32854900
0.91841200
-0.37881800
0.53411700
-0.08842670
0.28973700
-0.10363900
-0.76282700
0.07507270
-0.38930700
-1.36955000
-0.02358940
-0.61117700
-0.40225800
-0.15882800
0.18177400
-0.56620400
-0.26613000
1.27164000
-0.11524800
-0.22209000
-0.68935100
-0.88089900
-0.99908200
-0.67515100
-0.70450800
0.54892900
-1.31789000
-0.88009600
-0.35218400
-0.58864300
0.84582000
-0.32777900
0.00800387
0.39362500
-0.83461400
-0.15948700
-0.53345300
-0.27642600
0.41266700
0.13920700
-0.68766700
0.23151600
-0.83935600
-0.28743100
0.05557080
-0.45890000
-0.13920600
-0.72976400
-0.43671900
-0.02795970
-1.05852000
0.44103400
0.32484900
-0.63105200
-0.14167900
-0.71871900
-0.36634400
0.46669000
0.20833100
0.01910800
-0.10857900
-0.32844000
0.23629100
0.26076100
-0.12813800
-0.49514900
-0.32906400
-0.46377200
0.07189930
-0.35063400
-0.06516820
-0.15716300
-0.23870200
0.60086300
0.19657700
-0.31478600
-0.86802900
0.58925300
-0.34701800
-0.28043200
-0.19082000
0.27970400
0.42700300
-0.19204200
-0.16298700
0.45558800
-0.24127200
-0.24815100
-0.63106900
0.30415100
-0.58974700
-0.13951900
-0.38569300
-0.01551730
-0.13133900
-0.33434200
-0.56226500
0.85780800
-0.33330700
-0.43184400
0.24620500
0.27013900
-0.47289700
-0.56181500
-0.06682080
-0.40065900
1.00220000
-0.10263100
-0.22091900
0.00893882
0.44908800
-0.47116500
-0.41894300
-0.41604000
-0.28589600
-0.03425780
-0.48718500
-0.87575700
-0.74932800
-0.29199900
0.33019800
0.29069800
0.24678700
0.89954600
-0.18346200
-0.54035800
0.29009500
0.57584300
-0.51622600
-0.43292200
-0.75380100
0.00030280
0.51766300
0.04731560
-0.19741800
0.28472000
0.01051790
-0.59962000
0.27709800
-0.03560840
-0.28156500
0.02083360
-0.52973200
0.08870450
-0.46636400
-0.07866350
-0.05855990
-0.47967600
-0.01749110
-0.40410000
-0.11317400
-0.60028100
-0.11659200
-0.15933300
-0.88990300
0.17579100
0.52730800
-0.40199400
0.24160000
-0.55360400
-0.17296100
-0.25270300
-0.10324100
0.37221000
0.59305000
0.55727600
0.46042200
-0.17002300
-0.99656200
0.04482320
0.25265800
-0.34817600
-0.59118200
0.23753600
-0.05317120
0.44920700
-0.03427130
0.82351800
-0.41336700
0.30591700
-0.15347400
-1.34145000
0.05570500
0.28472100
-0.65820800
0.52105900
1.49524000
0.28122800
-1.07378000
-0.21921300
-0.69520400
-0.67724500
-0.40247100
0.14035100
-0.88793100
-0.08231080
0.81685000
0.24355400
-0.42636300
-0.28313500
-0.38312000
0.45961400
-0.87251800
0.65717000
-0.43452100
-0.53692800
0.08171550
-1.54990000
0.08738600
-0.04930050
0.22935000
-1.00324000
0.20055100
-0.40193800
-0.12786100
0.41321000
-0.36308500
-0.46069800
-0.78642000
0.43297800
-0.54971000
-0.53307800
-0.05001100
-0.80289200
-0.23843300
-0.25669600
-0.47380400
-0.30516100
0.38851000
-0.29775300
-0.50524900
-0.14576900
-0.52665600
-0.22304900
-0.23621100
0.02903650
0.68222100
0.61236300
-0.27843500
-0.21581600
0.27139600
0.02308060
-0.55463700
0.26716400
-0.79435100
0.11004900
-0.84984700
-0.09220440
0.55060400
-0.24309700
-0.83057100
0.08197660
-0.53717700
-0.03115050
0.33777300
0.60454900
0.34878900
-0.77790700
0.10275100
0.22405900
-0.89951600
-0.40393100
-0.30203300
0.45654800
-0.65681700
0.01061540
-0.40361800
-0.33363900
-0.50436600
-0.11575000
-0.51468800
0.11251900
-0.03309290
-0.23288300
0.52310400
-0.39540800
-0.07619550
-1.31738000
1.00526000
0.48329200
0.25404100
-0.04042520
-0.21194100
0.04803560
0.37554700
-0.22229700
0.09589390
0.89130700
0.30441700
0.73883200
0.20316700
-0.03156350
-0.63843600
-0.01233450
0.05938870
0.21320700
-0.38526000
-1.20161000
0.96474300
-0.77591400
0.92656400
-0.75646800
-0.02149300
-0.08260640
0.65866800
-0.01709690
-0.12895000
0.08346850
-0.07509110
-0.17730400
0.41867000
-0.67044900
-0.03426030
0.63013300
0.19886300
-0.57219200
0.27049600
0.03949340
0.08152140
-0.19878200
0.68064000
0.68233300
-0.51481400
-0.06355630
0.12266300
0.46887500
-0.16887900
-0.58349900
-0.18018500
0.35602000
-0.31512800
-1.01082000
0.04454660
-0.10684500
-0.68017700
0.00066210
0.42390300
-0.54417900
0.43315400
0.66439800
0.04103390
-0.18185300
-0.43006100
0.46453500
-0.66193700
-0.49543200
-0.45680400
-0.02072400
-0.35461400
0.16921000
0.33119500
0.08056620
-0.17186700
0.78558700
-0.25532600
-0.39195400
-0.29723300
0.09163190
1.17165000
-0.57815500
0.75261900
0.82283800
-0.19211700
-0.15512300
-0.18215900
-0.09866150
0.33490000
-0.11793500
0.31149200
-0.21440000
-0.19405200
0.12446600
-0.01515500
-0.24125400
0.33854700
-0.69453500
-1.24686000
-0.97669800
-0.43847800
-0.31524900
-0.33296700
-0.32683400
-0.47560300
-0.66064500
-0.56642100
0.01208650
0.19681700
-0.37575900
0.11786400
-0.31591000
-0.01810180
1.01216000
-0.21412400
0.46237200
-0.21985500
-0.32352800
0.08206560
0.00091875
0.93670000
0.65996700
0.31482600
-0.32077100
0.01261660
-0.22266800
0.02792940
-0.80978100
-0.77850100
-0.20333000
-0.55060300
-0.40164700
-1.14182000
1.34679000
-0.41772900
0.07482550
-0.93840200
-0.46116600
-0.04582010
-0.60686900
-0.18979900
0.02446720
-0.47654400
0.59824300
-0.47395000
0.60942100
0.13344600
0.37349600
-0.00065583
0.11046200
-0.30702900
0.65866800
-0.12262600
0.41363300
-0.85996300
-0.48313600
-0.19064800
-0.44573400
-0.50769200
0.09837910
1.53178000
-0.39622200
-0.70499600
-0.61341100
-0.03322780
0.12132400
-0.62168600
-0.38479200
-0.11533700
1.62758000
0.22101600
0.19218700
-0.26317200
-0.15678700
-0.85299800
-0.77449800
0.43222600
-0.01169260
-0.78462900
-0.22747600
-0.52141200
0.37716500
-0.29619000
0.60332900
-0.74091800
-0.25346900
-0.61029200
0.16821900
-0.55103500
-0.19568400
0.03733090
0.55960100
0.03610440
0.40399600
0.37958700
-0.53884200
-0.27454500
-1.09676000
0.27376200
1.07898000
0.16768500
1.16304000
-0.21062300
1.16867000
-0.46001400
0.63029900
-0.63542400
-0.14623800
-0.10968800
0.19431200
-0.17216500
0.11959700
0.03672940
0.95267600
0.03913120
-0.31081000
0.28618500
-0.00905163
0.53556300
-0.32365200
-0.96771600
0.58185100
0.24054200
-0.32605200
-0.16175200
-0.21776700
-0.02205320
-0.27978100
1.35546000
-0.49539900
0.55902700
0.18653100
-0.21091100
-0.39727600
-0.63602300
-0.40854200
-0.47831100
0.39754600
0.13899400
0.50812400
0.71152800
0.66078600
0.14405600
0.29009500
0.46660900
-0.32365300
-0.75086300
-1.35297000
0.29630300
0.31759600
-0.08620360
-1.03691000
-0.59127500
-0.14357200
-0.31006300
-0.20704500
-0.43974300
-0.63420200
0.31619000
-0.53849000
0.32708300
-0.28906200
0.81040100
-1.33613000
-0.46009500
0.49985000
1.65910000
0.40562300
0.52586500
-0.13109500
-0.19698200
-0.22501800
0.83166800
0.01043050
0.15353100
0.08433900
0.28235600
-0.94102700
0.68023000
-0.56910200
0.21331000
-0.35769200
0.05812030
-0.38904900
-0.17498600
-0.56314600
0.06007150
-0.16920900
0.12322700
-0.19818500
-0.47322800
0.31424600
-0.17562500
-0.64930900
1.66060000
-0.29061900
-0.25417100
0.09169060
-0.13626100
-1.06536000
-1.27531000
0.56574000
0.71153700
0.08607440
0.32410000
0.06528710
0.29434200
0.39681900
0.09599580
0.01777720
-0.16292800
0.27360900
-0.83710100
-0.01013020
0.22826800
-0.38055600
-0.04139800
0.13304600
-0.25346100
-0.31192400
0.22959100
-0.15587100
0.30777600
-0.45522100
-0.22926300
0.21909600
-0.33960400
0.58889300
-0.38050200
-0.41570600
-0.33423400
-0.49376900
-0.01153870
-0.12271100
0.09835890
-0.58450300
-0.74366800
-0.54469600
-0.17356800
-0.42258500
0.90336900
0.15604300
1.19664000
0.94249300
-1.54445000
-0.80698200
-0.76491400
-0.20540100
-0.39774600
-1.42833000
-0.11054900
-0.80927800
0.18753100
-0.72822300
-0.53989200
-0.21058600
-0.17286600
-0.54473500
-0.40269000
-0.76742600
-0.46799800
0.42832000
-1.23078000
0.42492800
-0.97208100
-0.36069200
-0.31564600
0.06908900
-0.31907900
0.34561100
0.58818700
0.22205500
1.51270000
0.34812400
0.74897600
0.62593700
0.70941600
0.94258300
-0.04347220
-0.09260680
0.03737450
0.27946000
-0.14305800
0.91746400
0.10256700
1.57336000
0.05882560
-0.19894700
1.75622000
0.44327000
0.70624500
-0.11426700
-0.23187900
0.11104400
0.17391100
0.29593400
-0.21115200
0.21350500
1.22964000
-0.21014900
-0.13159000
-0.60055200
-0.18135600
-0.74371000
-1.31010000
-0.28954200
0.97157800
-0.45398600
-0.78670200
-0.43444200
-0.40792300
0.00660947
-0.44881100
-0.20104300
-0.02602010
-0.10874400
-0.24045000
0.34216600
0.35524900
0.41311700
-0.50006600
-0.49370500
0.43701200
-0.23318400
-0.15396900
-0.04494800
0.04228550
-0.75710800
-1.00192000
-0.41291300
-0.65670200
0.00234447
-0.62853400
1.53720000
0.00707065
-0.46346900
-0.17716100
-0.51216200
0.50898500
-0.66642900
-0.96536400
-0.66566300
-0.10026300
0.14022000
-0.43960700
0.02568220
-0.35123200
-0.49843700
-0.42605800
1.02771000
-0.77518200
-0.98546500
-0.92420400
0.62733200
0.21098700
0.88962900
0.34385700
-0.97984000
-0.12686800
-0.37455800
0.43066400
-0.89985300
-0.21777800
-0.29982400
0.19135500
-0.89677200
-0.57286000
-0.17904700
-0.45466800
-0.27620400
-0.52088800
-0.53730500
-0.03205330
-1.08546000
0.24924000
-0.03442490
-0.41072500
-0.19059700
-0.01239810
0.32426900
-0.08620780
-0.93076600
-0.30835900
0.15936900
-0.10315200
0.86774400
-0.91189500
0.61490900
-0.48016200
-0.28066800
0.15711000
0.71564400
0.47212800
0.32438600
-0.57906500
0.09348760
-0.53848600
-0.34757400
-0.42656400
-0.79765100
-0.09014450
-0.22561000
-0.30517100
0.05186300
-0.49320300
0.49823900
-0.18391500
-0.52568700
1.04917000
0.49115000
-0.48669300
-0.04299080
0.50788000
0.38669400
-0.14707400
0.44188700
0.02896650
-0.07521720
-0.25980400
-0.02944820
0.42032900
-0.22152200
-0.05996990
-0.45312900
0.05899630
0.24770900
1.01982000
0.55113600
-0.09118440
-0.45767600
0.29829500
0.42945900
-0.56117300
-0.27042500
1.19015000
-0.53839200
0.37953600
0.14249800
-0.32042900
-0.68083600
-0.29618100
0.12660900
-0.52527700
-0.09767860
0.09552520
-0.41448000
0.34553400
-0.50776000
1.66449000
-0.33887500
0.12040600
-0.42257000
0.17484600
-0.05570320
0.35790600
0.17084100
-0.67631300
-0.69048700
1.49191000
-0.33278000
-0.21214000
-0.83558100
-0.75045400
0.86488900
0.23574400
0.24935200
-0.41154100
-0.92215100
-1.08539000
0.60144900
-0.73917600
1.03369000
-0.73527300
-0.53498400
-0.09850530
-0.00313796
1.07255000
0.17004500
-0.67106800
0.53670500
-0.82422900
-0.39097300
0.19540900
-0.24051100
0.28620100
-0.19519200
-0.27682200
0.12695400
-0.07094560
0.34728300
-0.51287600
0.66831800
0.27563200
0.02422100
-0.75768500
0.61041100
0.16930100
-0.42719000
-0.34419300
-0.31801100
-0.53537800
-0.34809000
-0.01258620
0.24374300
-1.06767000
-0.16433100
-0.73439900
-0.05240090
-0.69374000
1.21616000
-0.26749300
-0.45589200
-0.26165300
-0.14132400
-0.43519600
-0.00604726
-0.31862900
-0.19398000
-0.08879050
-0.07420230
-0.01086810
-0.71960800
0.08197400
-0.49614500
-0.53506200
0.38569800
0.16234400
0.00599366
-0.84280200
0.31286300
-0.17631700
-0.49969900
-0.27471800
1.04941000
0.84009400
-0.80535400
-0.09038760
0.01169390
0.05206790
0.84646900
-0.66528100
0.44504200
-0.20502500
-0.15215500
0.14408900
-0.61317100
-0.73451400
-0.05782830
-0.95525700
0.55951200
-0.08587000
0.84924000
-0.64172200
-0.47516000
-0.08642660
0.40166200
-0.57121100
-0.82907800
-0.14132400
0.37030300
-0.26600200
-0.71315200
-0.31379600
-0.22883700
-0.65394100
-0.38985700
0.07269120
-0.70216100
1.03879000
0.05259330
-0.09063530
0.70081700
-0.12876500
-0.63711700
-0.55025800
-0.51389000
0.15907200
-0.28429100
-0.57278300
-0.13589500
1.76908000
-1.38699000
-0.39570500
-0.51353900
-0.02638500
-0.00718333
0.02418130
-0.56722600
-0.70274900
0.38181800
-0.35340400
0.41648000
-0.10377200
-0.34600100
-0.11679300
-0.23204600
0.04469900
-0.71275200
-0.75484900
-0.45037000
-0.54193400
0.24628700
-0.17553900
-0.50487300
0.39716500
-0.07011090
-0.24709700
0.28595500
-0.47443300
0.71080200
-0.25418600
0.27382300
0.07122970
-0.65129200
0.06977730
1.20754000
-0.14671200
-0.36132500
0.04087680
-0.23114100
0.62269700
0.78765600
-0.07995510
0.63331400
0.46338200
0.34350700
-0.25333300
-0.65345600
0.43023200
-0.24003400
-0.56204700
-0.24035400
0.22631300
2.13015000
-0.87732600
-0.17987200
-0.42144600
0.62300800
0.83718300
0.36103300
1.04467000
-0.06319350
1.92153000
1.20666000
-0.22803800
0.67001600
-0.47865900
-0.21949500
0.67017200
-1.36205000
0.17412900
-0.34164600
-0.15831200
-0.18252000
2.44973000
-0.71848600
-0.60248100
0.13502500
0.01310570
0.02512190
0.68191600
1.48528000
-0.41043200
0.13730400
0.85613500
0.01397360
-0.63818600
-0.00726010
-0.58798600
-0.26251500
-0.61275500
-0.45007400
0.28500100
-0.36280000
-0.26425600
0.31058200
0.44012300
-0.64315000
-0.19425200
0.58404500
-0.49506000
-1.05505000
0.05772220
-0.72255600
-0.07018390
0.13910400
-0.10164700
-0.84532700
0.71032600
1.03587000
0.23924600
-0.43242100
-0.45703500
0.29054300
0.31158700
-0.33356100
0.26475700
-0.01841910
-0.96072200
0.35732700
-0.38514700
-0.09670810
-0.43718200
-0.20698500
-0.01131160
-0.50867600
-0.26616900
-0.60077300
0.77598400
-0.13755400
-0.35288800
0.37957600
0.75268400
0.44888800
0.27850200
-0.53360400
-0.42730900
-0.30739900
-0.38138900
-0.41740500
-0.64354200
-0.18620000
0.14450000
-0.53745600
-0.29323400
-0.45276900
0.13542700
1.02030000
-0.45939000
-1.24780000
-0.30154700
-0.02836350
0.23360900
-0.13338700
0.15541900
-0.22486400
-0.51327400
-0.43832500
-0.84515800
-0.23813500
0.88643900
-0.36826600
0.04121760
-1.20537000
-0.36869200
0.22083800
-0.74086500
0.05929710
-0.46575600
-0.48707700
0.17443900
2.15230000
-0.47932000
-0.25039200
0.18052200
0.10428900
-0.69714900
-0.60372700
-0.02275610
-0.18046100
0.08553920
0.76880200
-0.06690180
0.79891500
-0.08497500
0.96565000
0.73087100
0.49084100
-0.52985200
0.76158300
0.16943100
0.73809500
0.04673030
-0.57128000
-0.45014000
-0.84165200
0.29112000
-0.52872700
0.11973800
0.34940000
0.51977200
0.17361600
-0.62416100
0.05677820
-0.46307000
0.54346700
0.03525630
0.47984000
-0.43947100
0.89359000
0.93195700
-0.60312400
-1.28423000
-0.67377200
-0.18123100
-0.38193100
0.32786900
-0.44570100
0.08516410
0.26893800
-0.45550500
-0.60743200
0.01107410
0.01208580
-0.18051900
0.92569500
0.23448900
0.43935600
0.67966900
-0.16842600
-0.13896500
-0.25226200
0.31723500
0.30488900
0.13360500
0.00103606
-0.68184600
-0.77767200
-0.36721900
-0.94850300
-0.36637600
-0.41640500
-0.12210500
0.15319600
-0.51480900
-0.43072800
-0.48380100
-0.14495000
0.33979300
-0.00095826
-0.15913800
0.27034100
-0.04111880
0.04831940
0.22660400
-0.71532700
-0.15726100
-0.04309050
-0.46472500
0.38743100
0.55398300
-0.19498100
-0.51327000
-0.28627300
0.14642100
-0.67247000
0.06939820
0.09886600
-0.16943600
0.25332300
0.21249400
0.74130500
0.70085300
-0.62323600
-0.44701700
0.46970400
-0.64745300
0.11683900
0.49040200
-0.38669600
-0.54346900
-0.63328000
-0.28754300
-0.16740400
-0.66857300
0.41386800
0.45362000
0.88973200
-0.32462800
0.65093100
-0.80601100
-0.09581600
0.20429400
0.15014400
0.08035200
0.05915920
0.51110800
-0.44628600
-0.18144900
0.03791020
0.49464100
0.49464100
-0.39022200
-0.00192167
-0.17782100
-0.38579300
-0.32690200
-0.19243600
0.20667200
0.63996500
-0.71252500
-0.13374200
0.11904800
-0.23602600
-0.16932500
-0.35367400
-0.53247400
-0.07293350
-0.79444100
1.32509000
0.31745200
-0.17534200
-0.99360900
-0.00776515
-0.00845895
0.06305280
-0.55630600
0.20831200
0.05970880
-0.24852400
0.00449861
-0.77522700
-0.25639400
-0.54023400
-0.13873200
-0.48090800
-0.41192600
-0.92835400
-0.16743300
0.41591900
0.18310600
-0.82093500
0.79816800
1.21601000
-0.76724200
-0.25248800
-0.40212800
0.22115900
0.03605830
-0.73434200
-0.00750051
-0.53755500
0.06488730
-0.60853700
-0.08138290
-0.23508700
0.34259600
0.56448600
-0.02650000
0.09918870
-0.28876000
-0.94065600
-0.35078000
0.28907200
-0.29796300
-0.40725800
-0.66293600
-0.29517400
-0.01295700
-0.32060700
0.39416600
0.00637317
-0.40465300
0.69811900
1.13612000
0.19954100
-0.55837600
-0.63318200
-0.21789800
0.23496000
-0.67267600
1.77486000
-0.78547200
0.18539400
0.10057900
-1.39869000
-0.31671000
0.27972900
0.32921700
0.13170400
-0.22138300
0.47311100
-0.62051100
0.25065600
0.18506900
-0.35337900
-0.10112400
0.03282480
-0.18527900
0.69147800
0.42414400
2.21554000
-0.74483900
-0.03715700
0.26544200
0.48271600
0.19383600
-0.03868330
-0.20684000
0.25834000
-0.08225090
-0.67052600
-0.15262700
-0.15515700
-0.34392700
-0.45137700
-0.21249000
-0.73023900
0.05492790
-0.02324960
0.03392150
-0.03255880
0.25475000
-0.56482600
0.23020800
-0.04370190
0.29942900
-0.07936750
-0.53662900
-0.44776500
-0.24183500
-0.20670100
0.01607450
-0.83771800
-0.52005500
0.06998600
-0.15935100
-0.11901600
0.47825800
-0.62445500
-0.26971700
-1.02423000
-0.26675400
-0.57262100
-0.24300900
0.54555700
0.13449800
0.02145860
-0.81298000
-0.55545400
0.90072300
0.88028600
-0.96541100
-0.65613800
0.23986900
0.11084700
-0.12630000
-0.34617100
-0.44624000
-1.79869000
-0.08353610
-0.63695900
0.05944970
-0.03857740
-0.19466500
-0.20516300
-0.16387900
0.67744200
-0.27777100
1.48132000
-0.16765500
-0.24011100
-0.38005700
-0.05379300
-0.54635100
0.08256730
0.39007500
-0.14987200
-0.47915500
0.81436700
-0.28140900
0.51632000
-0.09664690
-0.37518500
1.26032000
0.21850200
0.40508600
-0.22021500
-0.54329700
-0.46820500
-0.85963300
0.42180200
-0.29734600
-0.40176100
-1.04018000
-0.16401500
-0.65620800
1.73326000
0.08720490
-0.34622800
-0.18921500
0.40958800
-0.70226900
1.80308000
0.45913400
-0.92027300
-0.66237700
-0.22357600
-0.58011500
-0.46174900
-0.40658100
-0.82641700
-0.21226600
-1.16963000
-0.19865500
0.91491600
-0.81660300
-0.47249500
0.03957300
-0.98114500
-0.61676200
0.48052700
0.96547300
-0.25684000
-0.20766900
-0.06729520
-0.77002900
-0.06284200
-1.24800000
-0.58297600
-0.10271300
-0.62622100
-0.46205800
0.41992500
-0.03938280
-0.20128900
-0.54717700
0.20989600
0.20455600
-0.02244670
-0.28366800
-0.12120600
-0.73236300
-0.44303700
-0.19705700
0.68753400
-0.49080200
0.58467000
0.16606400
0.52438600
0.44772200
-0.02866800
-1.20880000
-0.72200900
-0.97822400
-0.38330700
-0.74729600
0.46101900
-0.07115730
-0.20091600
-0.22444100
-1.00276000
0.50099200
-0.25665000
-0.02216570
-0.64336400
0.92840800
-1.09809000
0.32181000
-0.59021300
-0.28389200
-0.29992200
-0.53826700
-0.17600400
-0.46767200
-0.42284900
-0.44615500
0.01960090
-0.09765430
0.56282700
-0.17851400
-0.11034700
-0.03808440
-1.01294000
0.40889200
-0.41561100
-0.74729800
-0.82678500
-0.09285210
-0.22220900
0.25015900
-0.06991610
0.22805800
-0.57095500
-0.00980472
-0.07589350
-0.09373020
-0.43660600
-0.00795733
-0.37008900
-0.41732700
-0.24605500
-0.53289300
0.03218750
-0.48063000
0.02160680
0.34290600
-0.55006900
-0.11774000
-0.37249700
0.24950000
0.35945600
-0.80766800
0.17511700
-0.38853100
-0.70615200
-0.58721300
0.08498680
-0.66352600
0.12793000
-0.38008300
0.40771300
-1.20494000
0.14632800
-0.54607100
0.36498500
0.29054400
-0.04402850
-0.83516100
0.42395000
0.41692900
-0.10381800
-0.29993100
0.49940200
1.05943000
-0.49429200
0.33112700
-0.19960600
-0.73284200
-0.13034700
-0.30597200
-0.30000900
0.41042200
-0.14462000
-0.24259000
0.43110400
-0.10639900
-0.32523900
0.38769100
-0.36405700
-0.14647600
0.97555700
-0.70741300
-0.51750200
-0.13519700
0.02562470
0.25513700
2.43350000
-0.72311400
0.22739000
-0.64099900
-0.37593200
-0.13633000
-0.88144000
1.16208000
0.73450700
-0.27974100
0.41692900
-0.04068620
-0.20129800
-0.00124817
0.59171000
0.35810600
0.26709800
1.72867000
0.78730800
-0.66031500
-0.19121900
0.01431840
0.62721900
-0.01831630
0.40249300
-0.39392800
-0.66832400
-0.33613100
0.68172800
0.51950700
-0.59678700
-0.33995200
0.19818800
-0.74432300
-0.92246100
0.02680630
0.93225800
1.12645000
0.76164800
0.98003200
0.57786200
0.89501900
0.58087500
0.28150200
0.97701900
0.51659900
0.14614300
0.47428300
0.35142200
1.77684000
-0.26616200
-0.13663500
-0.20107100
-0.01018500
-0.77331600
0.04504710
0.02841620
0.21561000
-0.37566400
0.45772400
-0.46022400
-0.71319500
-0.31815300
1.55206000
0.09181260
-0.59246700
-0.56968400
0.28181900
-0.23467700
-0.53346400
0.20490800
-0.36453000
-0.31562400
-0.47110500
-0.41545400
-0.04254700
-0.09086370
-0.11099600
-0.46255800
-0.33350400
0.28429400
-0.78707000
-0.86599500
-0.60161400
-0.14724100
0.30892400
0.04791980
0.59137500
0.03002590
0.54837500
0.82181900
-0.99169500
0.52733400
-0.25995100
-0.26841200
-0.32154300
0.02801510
-0.45147200
-0.10807800
-0.17903600
-0.39041700
-0.13972600
-0.73357300
-1.28386000
0.20173000
-0.19313400
-1.06987000
-0.49587600
-0.19474700
-0.39140800
0.03062090
0.12431300
0.19332000
-0.33307000
-0.31753100
0.07533380
-0.79898900
0.13797900
-0.71355800
-0.02904080
-0.59519800
0.17248900
-0.34020400
-0.09074550
-0.88077400
1.24634000
0.32205900
-0.80053300
-0.25613100
-0.04048730
-0.03862030
0.22424600
0.05690360
-0.54446300
-0.68648000
-0.20791600
-0.13689900
-0.26041700
-0.26260100
-0.35870000
0.34521900
-0.32588900
-0.76939700
-0.34830800
0.35186400
-0.52917700
0.14123200
0.05901810
-0.09853210
-0.84333500
-0.38285600
0.27800200
-0.71330800
-0.56468300
-0.10202500
-0.52656300
0.14538300
-0.55568500
0.16114200
-0.10963100
-0.14543400
-0.76599400
0.22958600
0.78667000
-0.08871130
-0.20896600
0.21967200
-0.28228600
-0.36998800
-0.10688000
0.22456100
0.00623058
-0.25302700
-1.24740000
0.44298600
-0.40758700
0.30979500
-0.86189000
0.24059700
-0.95095600
0.55808600
-0.53529800
0.10369200
-0.20778700
-0.39756400
-0.49989000
-0.13663400
-0.56408300
-0.42300200
-0.05171360
-0.02480590
-0.72384100
-0.42485700
0.02876500
-0.58154300
-0.49342000
-0.20556200
-0.43203600
-1.60680000
0.22355900
-0.00047319
-0.46328800
0.29645400
-0.59124200
0.05081970
-0.59350700
-0.62561800
-0.66045000
-0.19408000
-0.03038480
0.43699700
-0.51923500
-0.67891600
-0.10272300
-0.05263200
-0.85770600
-0.11181300
0.75902400
1.93340000
2.41790000
0.46016300
0.33098500
0.03220490
-0.54670900
0.09035310
-0.20032700
0.60250400
0.24904500
-0.27514400
0.23496200
-0.16306300
-0.06484140
-0.22087700
-0.16188400
-0.07185150
-0.10264400
0.03413840
-0.24113900
0.34826000
0.22826600
-0.54426800
-0.40016800
-0.41601200
-0.35320200
-0.93868400
-0.38418800
0.54060000
-0.79367400
1.12740000
0.12486000
-0.30399700
-0.32030000
0.31767200
-0.18602000
-0.64707300
0.04550640
-0.66482800
0.45700900
-0.11318100
0.91125900
-0.59543700
0.09596410
0.40945800
0.43612200
-0.09693720
-0.32887900
-0.20955900
-0.35097700
-0.42735600
-0.65769000
-0.17613500
0.45767800
-0.71725900
0.17733400
0.06858030
-0.32606500
-0.40204200
-0.08224770
-0.00048923
-0.04561640
-0.41690600
0.09361730
0.12859500
-0.05109300
0.31793000
2.09221000
-1.09379000
-0.97010700
-0.53076000
0.69198300
-0.57944900
0.98055200
0.11740400
0.23877500
0.96083600
0.49767000
-0.58692900
-0.35202700
0.00648193
-0.15370200
-0.03401180
0.04731300
2.21822000
0.16851400
-0.63444700
-0.08965910
-0.75556100
-0.25611200
-0.28317000
0.44337000
0.45624200
0.83891900
-0.29062500
0.55365500
-0.43843700
0.69412200
0.40758900
0.23088400
-0.22819400
0.44899200
-0.04738760
-0.58681100
-0.42151500
0.69166800
0.45962500
-0.13987000
-0.13601900
-0.03214710
1.33427000
0.63928300
-0.57256300
0.99160300
0.16361200
-0.40541500
-0.45978300
-0.33547000
-0.24480900
-0.18709900
-0.03015860
-0.18251100
-0.00611928
0.23283300
-0.44303000
-0.94765200
-0.26343300
0.74537400
-0.27656400
0.30021000
0.54380900
0.02924380
0.32255500
-0.59825700
3.00697000
0.70852300
0.11200700
-0.16957800
-0.23600000
-0.16409300
-0.38635100
-0.11330200
-0.01109260
-0.08344320
-0.35815100
-0.29490500
-0.66636900
0.18301200
-0.29807800
0.11472000
-0.96493000
-0.66211300
-0.65229400
-0.20490100
-0.41438800
0.14701100
0.07252780
0.15552400
0.03491760
-0.04451320
0.08460290
-0.31760600
-0.15544900
-0.38184800
0.11685800
-0.45079700
0.86411900
0.08675180
-0.18721100
-0.31744100
-0.47849400
-0.39325400
-0.08625830
-0.09274890
-0.05124220
0.13563000
-0.30724000
-0.41239500
-0.02209410
-0.32593200
-0.45104800
0.07853800
0.27362600
-0.16653000
-0.47822000
-0.13179100
-0.08353930
0.34441500
-0.08077610
-0.33012000
-0.62077800
0.12163200
0.34192200
-0.83808100
-0.19168300
0.21590600
-0.85719200
-0.64782600
-0.11674000
0.90092400
0.59737300
0.01619000
-0.02572330
-0.56200900
0.17676900
2.05107000
0.01944860
0.16814400
-0.12878200
0.07987240
0.12062400
-0.17674900
0.28101300
-0.46691900
-0.50572000
-0.45067200
0.15970400
0.18514800
0.34480600
0.36017700
-0.01263520
0.17927200
0.58107100
-0.81691600
0.14983600
-0.50006400
0.44168300
-0.64920800
0.60483200
-0.30628100
0.11752000
0.08478650
-0.14197200
0.33233700
0.08419710
-0.05267570
0.17394200
-0.53916100
-0.42246500
-0.42615200
-0.15738100
-0.48691900
-0.20143200
-0.71837900
-0.05853630
-0.04261670
-0.55238000
0.02814900
-0.29701700
-0.34442100
-0.90419900
-0.65238400
-0.29431700
0.45014400
-0.47266800
-0.20463500
-0.14322400
-0.46865400
-0.41261000
0.01701850
-0.25553800
-0.60459000
-0.17325100
-0.51993800
-0.59638500
-0.46786100
0.01053580
1.79259000
-0.25747800
0.88784300
-0.46682400
-0.03101390
0.95212400
0.96535600
0.14719500
-0.68177200
-0.89629700
-0.76072600
0.01638110
-0.02013540
-0.56221800
-0.38194700
0.25985000
-0.13227800
0.04729190
-0.21026200
-0.57248000
-0.21974900
-0.02708920
1.89269000
0.56412700
-1.01377000
-0.06226490
0.05477530
-0.16302300
-0.20892000
-0.13814200
-0.77761100
-0.66730800
0.03772510
0.31444300
0.46464400
0.24982200
0.14444600
-0.48573000
0.27292300
-0.23279200
-0.39810600
-0.06924730
0.87170500
-0.55216900
0.89025700
1.56392000
0.79806600
-0.24944000
-0.24281300
-1.09331000
-0.65977300
0.24215100
0.08664070
-0.97833400
-0.74383000
0.37282900
3.49320000
1.03636000
0.46998300
0.08956580
-0.06044460
-0.00157705
0.31150800
-0.67168700
-0.94421500
0.02073010
-0.18390500
0.43125300
0.22693000
-0.30721000
0.41738000
0.51478100
-0.00039736
-0.08212450
-0.26476500
0.04406000
0.08235130
-0.03807740
-0.30729000
0.31208800
-0.08782940
0.17554700
-0.32115300
-0.07961000
-0.13539200
0.09017530
1.72495000
-0.23848200
-0.48758400
-0.69240400
-0.90427400
-0.21335600
-0.28639100
-0.46826000
0.81450500
0.36019100
0.07087400
-0.15249400
-0.08802040
-0.82010300
0.70789900
-0.36767500
-0.23436000
-0.27849900
0.69487100
-0.18391300
-0.29776500
-0.13556300
-0.48030300
-0.69628200
-0.24861500
0.50722000
0.80633900
0.28582500
1.20378000
0.44904000
1.14984000
0.45024300
-0.26006000
-0.46422100
-0.17041000
-0.20617600
-0.15813100
-0.33527200
-0.10893200
-0.18280600
-0.09079200
-0.41692900
0.00100522
-0.57378000
-0.22122800
-0.83825800
0.16239700
-0.48451600
-0.96262800
0.51349400
-0.98307300
0.38145000
-0.03803160
0.31167500
1.21116000
0.11330100
-0.45046600
-0.49211300
-1.14617000
0.09094280
-0.60468800
0.12992000
-0.02104650
-0.47896400
0.35910700
-0.41153200
0.52839000
-0.34322700
-0.51284000
-0.50299200
-0.23737700
1.19610000
-0.78462800
0.35026800
-0.65377400
0.10487300
-0.32371900
0.06872090
-0.26526900
-0.28413300
-0.28952400
-1.59226000
0.15158100
0.02971630
-0.91538100
-0.04851850
-0.28676400
-0.24562100
-0.20828200
0.31708500
-0.41474100
-0.41919000
-0.28733900
-0.21644600
-0.26665500
0.97242000
-0.40109000
-0.58868300
-0.20392700
-0.52195900
-0.42972100
-0.77283400
-0.17850600
-0.40963600
-0.36138300
-0.64228500
-0.19587300
-0.56001300
-0.13815000
0.54620800
-0.18032000
-0.07477030
0.13668000
-0.41036200
-0.26149600
-0.39575100
-0.01320680
0.06358420
-0.49536400
0.13137800
0.16963500
-0.11596400
-0.78563200
1.19621000
-0.08466960
0.19040300
-0.58095400
-1.09884000
1.00228000
-0.57085400
-0.07928410
0.42147100
-0.30404600
-0.49552700
0.08495790
0.08273400
-0.51344400
0.03382740
0.26101200
-0.47339700
-0.43366000
-0.35698400
-0.78845900
0.04411690
0.48800200
0.23718000
-0.46502400
-0.77971100
-1.34123000
-0.28312400
-0.05013680
-0.49740000
0.14954000
-0.31477400
0.07277020
-0.42535300
1.15559000
0.01557060
-0.37108300
-0.12135900
0.16270000
0.18371600
-0.00881582
-0.69020200
0.66561400
-0.19379900
-0.05051570
0.10639400
-0.32379600
-0.67878900
-0.10270800
-0.35996800
-0.18567900
0.78153500
-0.71873700
0.36411100
-0.46658200
-0.10374700
-0.44570000
-0.13505500
-0.25833300
-0.55643100
0.11658200
-0.65360200
-0.24509100
1.06787000
-0.24610600
-0.33945200
-0.24566100
0.40300200
-0.66878000
-0.12785900
-0.60476000
0.04077060
-0.69466700
0.27789300
0.25329200
-0.36845700
-1.22466000
-0.26468700
1.48958000
0.69823300
-0.65831500
0.01579810
0.36470000
-0.07816880
0.52457400
0.05544800
-0.44781300
-0.67685800
-0.58437100
-0.55258700
-0.55577500
-0.08020640
0.22958600
0.16815200
0.09004460
-0.74037700
0.12418300
-0.03241320
-0.76878600
-0.40227500
-0.29957900
0.13859500
-0.41692900
-0.98331500
-0.46929700
-0.83274900
-0.25609700
0.78349000
-0.48725800
-1.07043000
-0.01050280
-0.50141300
-0.28464200
-0.36832900
-0.35111200
0.42900200
0.04977960
-0.61385700
-0.42125000
0.03145060
0.82521700
-0.63367200
-0.71637200
-0.39625700
-0.01920660
0.25677200
0.27613000
-0.65802500
-0.45827500
-0.21789200
-0.38356000
-0.53227400
-0.54587300
-0.17332000
-0.20558500
-0.44741900
-0.21018100
-0.74699500
0.28103600
0.28167800
0.13654700
-0.35713300
-0.17158300
-0.56076600
0.13658400
-0.08534390
-0.36464900
1.99814000
-0.33998300
-0.06363770
-0.08873420
-0.08394100
-0.41046000
0.55834800
-0.18177000
0.44375200
0.18428600
-0.96793500
-0.44051100
-0.40617100
0.33533000
-0.36881700
-0.19973700
-0.46815500
-0.26465100
0.13933100
-0.08372300
-0.35138300
-0.34416300
-0.64018400
-0.58415200
-0.30159900
-0.23454900
-0.29750300
0.58592600
0.52941500
-0.43096300
-0.34949000
-0.06879140
-0.16671700
0.02073550
0.03104010
-0.19525700
1.10925000
-0.19746100
-0.13134000
-0.73059100
1.29044000
-1.26413000
0.69867300
-0.31179400
0.26354000
-0.50721200
-0.36296600
-0.25191100
-0.58371900
-0.09472110
-0.80441200
-0.69838700
1.09188000
-0.13231300
0.06190620
-0.00036881
-0.65610700
-0.32076400
-0.33123200
-0.79410800
-0.98938000
-0.44011700
0.43709700
0.51604200
0.51114400
4.04850000
0.63019600
0.48164800
-0.18988700
-0.08600790
0.40788800
0.73205100
0.15734500
0.19864200
0.95012500
-1.10375000
-0.10680300
-0.40457500
0.07100330
-0.52114900
-0.12246800
-0.59075800
-0.01329310
-0.41051400
-0.60027800
-0.41358800
-0.07287090
-0.30310300
-0.56426700
-0.07822430
0.47183100
-0.33104100
-0.48399700
-0.15492400
0.15137400
0.90364100
0.25842100
-0.41367700
-0.06831560
0.04855160
-0.06987120
-0.08726600
0.13098300
-0.11840700
0.53264600
-0.10925400
-0.21713300
-0.96845200
-0.03020160
-0.32737300
-0.15394300
0.74454500
0.84083600
1.11582000
0.30538000
-0.44577900
-0.18845200
-1.14330000
0.48752300
-0.06219210
-0.66362500
-1.41864000
-0.77789000
-1.14920000
-0.41417400
-0.21097600
-0.26285100
0.07342100
-0.16966800
0.81960500
-0.25182000
0.59029700
0.04044050
-0.27190400
-0.64509300
-0.08331900
0.07759500
-0.24188300
-0.43164300
-0.90787300
-0.20522300
-0.49845900
-0.47928100
0.66020600
0.13844000
-0.20069600
-0.83427000
0.38375300
-0.47490600
-0.10420100
-0.17292500
0.49144100
-0.01982550
-0.17402300
0.30619700
-0.71394600
-0.49389600
-0.24264300
0.49895500
0.18908500
-0.25827900
-0.16352300
-0.90075800
-0.22061900
-0.50015500
0.24201700
-0.58466600
0.17876000
-0.27351600
-1.00456000
0.19787600
0.63611600
-0.48407600
-0.28167900
-0.61927600
-0.45129800
-0.30433600
-0.55375000
0.09108740
0.35743400
-0.52011100
-0.13485200
-0.64295900
-0.37796000
-0.89994700
-0.09471800
-0.65664800
0.18994100
-0.40895000
-0.38321600
-0.45015200
-0.00616881
0.04095820
-0.27125200
0.78758400
0.49144700
0.94552800
0.18017300
-0.53006800
-0.41716600
-0.28503400
-0.16182000
-0.53812100
0.74010200
0.25029800
-0.77143000
0.89017000
-0.57190100
-0.15618600
-0.33681600
0.00044727
-0.55186000
-0.07462870
0.08260710
-0.67547000
-0.39823900
-0.52358800
-0.68264600
-0.30380500
-0.45177300
-0.80740500
-0.31792600
-0.41256600
-0.03245410
-0.15228400
0.26374100
-0.30672500
-0.24972200
0.24327100
-0.07934730
0.67287800
1.15806000
-0.46418800
-0.44048200
-0.46967900
-0.94699800
-0.70933900
-0.65772800
0.35119200
0.02103610
-0.56903900
0.42745800
-0.02388540
0.63152000
-0.19960500
-0.40513800
-0.24679200
0.94082000
-0.61787600
0.75190800
-0.07115450
-0.49558300
-0.80128900
-0.14039700
0.50206400
-0.98784900
0.68460100
1.52353000
0.45217400
0.44817000
-0.50990200
-0.53231300
-0.68614000
0.26337300
0.42648900
1.12705000
-0.01601750
-0.22522200
0.16140800
-0.66890600
-0.53020700
-0.78539700
0.28672600
0.57232800
-0.11856400
-0.41448200
-0.55847600
0.30015100
-1.09870000
0.06248760
-0.09542560
-0.89728600
-0.89801600
-0.70210700
0.07458030
-0.38312700
-0.89831100
2.36425000
1.40211000
-0.44251300
0.42402900
-0.34768400
0.51866400
0.02577060
-0.48997000
-0.21286400
-0.31337400
-0.61540100
-0.52896300
-0.89069700
-0.10225300
-0.71996400
-0.49493700
-1.51220000
-0.12082600
-0.29513800
-0.05890000
-0.65425100
-0.06115830
-0.76568500
-0.82332500
-0.74634900
0.25421300
-0.48587200
-0.64849400
0.70918700
0.61844000
-0.17591100
-0.83650800
-1.05940000
-0.04301910
-0.08793510
-0.22749300
-0.49849000
-0.97277400
-0.84921600
0.39319100
-0.16992500
0.13119200
-0.10684700
1.45721000
-0.13108900
-0.31419300
0.91966300
-0.59976400
-0.55383800
-0.34455500
0.26326700
-0.33691200
-0.54367000
-0.17267000
1.48264000
0.38130000
-0.10317000
0.06105140
0.24719300
-0.01745900
-0.29530000
-0.29587400
0.75429200
0.57696300
0.25173800
2.58695000
-0.22180600
-0.92019500
-0.00413661
1.26533000
0.29488600
-0.54158400
-0.40270900
-0.46949500
-0.39228000
-0.39841300
0.06148830
-0.10114300
-0.04660850
-0.68056100
-0.81078500
-0.15621300
-0.40440800
0.34215300
-0.23008500
-0.52816000
-0.68536300
-0.06343210
-0.17860500
-0.08548470
-0.64854100
-0.09926140
-0.22814900
-0.31681400
-0.05121720
-0.05101990
0.33375600
-0.49133500
0.61286300
-0.40510000
0.05530420
0.06046180
0.00892059
-0.82285300
-0.34646000
-0.77933900
0.07628860
2.47306000
1.80984000
-0.81401800
-0.37459700
1.12874000
0.11424500
-1.06323000
-0.74000800
0.33203400
0.61963400
-0.03873230
-0.18774600
-0.56987100
0.04887650
-0.98021000
-0.72446900
-0.34578700
0.25674500
-0.02097940
-0.40543300
-0.62002500
-0.41203900
0.25212700
0.10717800
0.93525600
-0.18622900
-0.25025600
-0.61807300
-1.35194000
-0.05897640
-0.24116200
-0.05594570
-0.47133800
-0.18951000
-0.63411400
1.26445000
0.76612000
-0.23033300
-0.41065000
-0.82710900
-0.06614150
0.23946200
-1.05579000
-0.48747400
-0.49432700
-0.04599620
-0.48150900
-0.37320500
-0.07799580
-0.65715900
-0.39674800
-0.40523900
-0.64887900
-0.52309400
0.03167320
1.01793000
-0.54685600
-0.62660900
-0.65442700
-0.01308670
0.83276300
0.95337300
-0.27613800
-0.43769200
-0.20388600
0.57939300
-1.06715000
-0.18362500
-0.49588100
-0.48681700
-0.39590700
0.41185800
-0.22952000
1.05034000
0.85402000
-0.69380600
0.44640100
0.24636700
-0.63653400
-0.82707600
0.71446000
0.02415480
1.44268000
0.44757400
0.91523600
0.19425400
0.50585400
-0.06940720
0.63483500
-0.23790400
0.47102100
-0.14641600
0.08404760
0.32702100
0.59296400
-0.49051000
0.34849900
-0.51154400
-1.12309000
-0.22440700
-0.90403600
0.40870100
0.05793470
-0.67443300
0.07276120
-0.12554200
0.47454300
-0.55127200
-0.24423000
-0.04449820
-0.26501600
-0.35397800
-0.31305900
0.35779500
0.09323550
1.30535000
-0.29369900
0.59333200
1.03664000
-0.44254200
-0.11269700
0.03833270
-0.96873100
-0.21853000
-0.35246500
0.28431600
0.65397600
-0.81658500
-0.67096800
-0.33281000
-0.43012300
-0.63276900
0.20165200
-0.28546400
0.07363820
-0.47288300
-0.01731690
0.07790920
-0.63661100
-0.71752800
-0.38338600
-0.18917000
1.35391000
0.54492500
-0.61255800
0.85909400
0.26042300
-0.29176300
-0.31405400
-0.19132400
-0.64094300
0.43182600
0.53407400
0.25867100
0.39441300
0.62023500
-0.03486230
0.52051000
1.44693000
-0.70733900
0.09872950
0.27126400
0.04651740
0.32978900
0.73734300
0.48215100
0.17539300
-0.48863400
-0.22274500
-0.13491300
-1.00682000
0.08324000
0.82291300
0.02322850
1.50759000
1.67132000
-0.00848809
-0.20402800
-0.06713610
-0.58994200
-0.01750950
0.04125580
-0.19600900
-0.21496700
0.46941100
0.97974800
0.06150730
-0.55513900
-0.14435400
-0.28217300
-0.87106200
0.01916690
-0.89156500
-0.59287000
0.26128700
-0.46799100
-0.84902600
-0.25501100
-0.06843520
-1.18005000
-0.72679100
-1.04310000
-0.35453100
-0.38938200
-0.55193400
-0.81509900
-0.48182200
-0.76416800
-0.74210100
-0.23483000
-0.12674300
-0.65280800
0.25515100
2.92946000
-0.74836600
-0.68670800
-1.12038000
-0.36776600
-0.10095800
-0.29371500
-0.23534000
0.44327500
-0.47498300
0.01284190
-1.03574000
0.00645482
0.32816300
-0.09814950
0.50510100
-0.32608000
-0.29624500
0.08766320
0.33052300
-0.03051210
-0.52000600
0.22809600
-0.20662200
-0.63250500
-0.33293600
0.77949600
0.22699700
-0.60830600
-0.00512499
2.10688000
-0.19342400
0.01554490
-0.13270400
0.20367600
0.39023600
-0.07734150
-0.43067700
-0.17667100
-0.47067700
-0.56085800
0.07213480
-0.56460600
-0.14362500
0.10531100
0.12240600
0.06883030
-0.44141100
-0.05741860
-0.28141300
-0.20398800
-0.54652300
-0.42101900
-0.55770900
0.03136500
-0.24925600
0.21170700
-0.07627980
0.13394900
0.02636390
0.01601790
-0.14475200
-0.32022000
-0.40922600
0.11818100
-0.11999100
-0.70892100
-0.05171420
-0.44473400
0.98517400
-0.16167600
-0.57614600
0.10751200
-0.53010300
-0.78384500
-0.12402000
-0.25809900
-0.46304400
-0.32219300
0.18911300
0.44105800
-0.17050900
-0.64575300
-0.22472700
-0.31652000
0.51688900
0.00614887
-0.47412000
-0.00517757
0.37095200
-0.37478800
0.88627400
0.26411400
-0.22124000
0.57254700
-0.22404600
0.15436800
-0.24360700
-0.15320200
0.90739100
-1.02110000
-0.14493300
-0.10520000
-0.59505200
-0.76220300
-0.55247100
-0.14839100
0.29710100
0.17716300
-0.06775110
-0.98448000
-0.41823800
0.23801300
0.01461240
0.38357400
-0.63891000
-0.12326500
-0.64610500
0.48776600
-0.14392800
0.10009000
-0.00257064
0.20374300
-0.59381700
-0.10757000
-0.51662200
0.20747000
0.71508600
-0.23884400
-0.78074400
-0.28909000
0.09397540
1.08914000
0.26245900
0.49944000
-0.49449100
-0.58187400
-0.38454400
-0.45309900
-0.23439700
-0.66918100
-0.15704800
-0.54302300
1.01180000
1.04193000
-0.25160300
0.28139100
0.92319600
-0.45739200
-0.34839700
0.60358800
-0.30483300
-0.27430500
-0.01716030
0.11727100
-0.54021400
-0.21404600
-0.09560860
-0.54518500
-0.81708700
0.35413500
-0.61698200
0.08524110
-0.82546500
-0.09695210
-0.26346800
-0.70762700
-0.01440910
-0.50816000
-0.81985900
-0.26532400
-0.86198700
0.24757900
0.04435200
-0.28716900
-0.63285200
-0.99727800
-0.11621700
-0.84029400
-0.15874200
0.01008200
-0.23684500
-0.59553000
0.39220200
0.15779300
-0.08551750
0.35262000
0.33667900
0.19594800
-0.31304800
-0.56622700
-0.46109500
-0.17823900
-1.13896000
0.15740700
0.46524600
-0.61356000
-0.12496900
0.50624600
-0.60487200
-0.59893700
0.64493800
-0.09238640
0.28724800
-0.81664200
-0.21250200
0.41923900
-0.76399500
0.56655500
-0.32666700
0.11977600
-0.14202700
0.22564100
0.35336700
-0.16795800
0.27438900
0.09016230
2.42398000
-0.27336800
0.75093000
-0.74547700
-0.34696100
-0.47827000
0.23515800
-0.38096600
-0.35993300
-0.01798110
-0.37982600
0.41342800
-0.14019100
-0.30860600
-0.28233500
-0.57913200
0.51001200
-0.77008500
-0.22116100
-0.53325500
-0.37178700
-0.37442000
0.18116100
-0.17872400
0.56790600
-0.63038000
-1.35027000
0.01042590
-0.46237800
0.20630300
-0.28593000
-0.27904500
-0.02207960
-0.39270000
0.38345600
-0.43214500
-0.33240600
-0.60940600
-0.17758000
-1.12206000
-0.25152500
-0.20762500
-1.22539000
-0.42487200
-0.34838100
-1.25976000
-0.38149700
0.18848000
-0.16700500
-0.16525200
-0.11024300
3.02139000
-0.41461400
-0.21683500
-0.29707800
0.10741200
0.32251800
0.62249400
-0.56159800
-0.76904600
0.08474710
0.10895800
0.04822240
0.30337300
-0.38789300
-0.34046700
-0.67810200
-0.20730900
0.01656740
-0.02635970
0.07926290
-0.64475200
-0.52470600
-0.35459500
0.11503900
-0.95154100
-0.06618740
0.70766000
-0.27969800
-0.28303800
0.55300300
0.37520300
-0.23061400
0.45728900
0.47765500
-0.67233700
-0.85937300
-0.22694100
0.21763600
-0.36937500
-0.16935000
0.03076670
0.18323900
-0.00252813
-0.57346500
-0.22937200
-0.04252870
0.18527000
-0.30231000
-0.87363100
-0.61247500
-0.59281600
0.04500250
-0.99020800
-0.39041500
-0.30911500
-1.22391000
0.40074900
0.57940700
0.32556700
0.83914400
1.38893000
0.10648600
-0.57560600
-0.50404200
-0.06093810
-0.24582000
-0.44558800
-0.78647800
0.33401300
-0.12567700
-1.01456000
-0.77244000
-0.08764710
-0.47153900
-0.75434400
-0.64570400
-0.43158500
-0.38073200
-0.75046500
0.12285900
-1.17530000
0.18774300
-0.22605400
-0.55818300
-0.09898900
-0.49672400
-0.32995300
-0.41017400
0.11632100
0.27106100
-0.11473400
0.05517240
0.09933420
0.22146600
-0.57760500
-0.27984300
-0.06235060
0.07531770
0.57097700
-0.24233900
0.04002560
-0.92423800
1.58089000
-0.35322600
-0.32824600
1.13743000
-0.65149300
-0.17196400
-0.08640860
0.37063400
-0.42567300
-0.29044300
-0.54015800
-0.46976700
-0.25294400
0.52100100
0.81626900
-0.67323000
0.78238000
-0.34065500
-0.23847400
0.29453000
-1.03293000
-0.15396400
-0.18558300
-0.45548000
-0.52470900
0.79388600
0.68236900
0.32312000
0.19933200
0.03251080
0.55538300
0.26721000
-0.92771200
-0.58244600
0.35538400
-0.72882800
-0.63713600
-0.42303500
-0.60656200
0.47308400
-0.10810300
-0.17556300
-0.08476390
-0.37994300
-0.66881500
-0.37414000
-0.73726300
-0.13423200
-0.63762500
-0.41854400
-0.15090700
-0.71705300
0.59647800
0.41736100
0.33299200
0.77272900
-0.31960400
0.29921500
-0.32197100
-0.42315600
-0.18415800
-0.44389900
-0.01673840
-0.31045200
-0.37602100
-1.17049000
-0.99709200
-0.08595990
0.29830000
0.16489300
0.33196900
-0.48669700
-0.21262100
-0.95075200
-0.56919300
-0.98083800
-0.61889500
0.31312700
-0.64926100
0.15255700
-0.52403200
0.81003200
1.78333000
0.56797800
0.04723850
0.05544340
-1.27495000
-0.93366800
0.71187800
-0.32167400
-0.39080900
-0.15448300
-1.78973000
0.18062800
-0.21672200
-1.32104000
-0.19013800
0.02304650
-0.58405100
-0.30157200
0.42691500
-0.62046300
-0.15186100
-0.22777200
0.18762400
0.03543510
-0.27332200
-0.70265100
-1.59405000
0.06386660
-0.36828200
0.95247000
-0.23641600
-0.20535400
-0.50522100
-0.16591200
-0.04224830
-0.15494600
-0.32021400
0.20551700
0.12777300
-0.09908870
-0.00843192
-0.36874100
0.25685000
1.21109000
-0.00631140
-0.84414500
-0.18213800
-0.22353600
-0.84438400
-1.12988000
0.26719700
0.01879220
-0.05568360
-0.03754390
-0.29467000
0.08343520
-0.11050100
-0.59886800
0.02848000
-0.56649000
-0.15091800
-0.33663600
-0.84966300
-0.33757900
-0.54565000
-0.04166010
0.34629700
0.51915000
-0.19700200
-1.16520000
0.04839370
-0.62146700
-0.13317100
-0.12313900
-0.69305900
-0.74503000
-0.38530900
-0.20519200
0.01000860
-0.20133000
-0.67148000
-0.30243400
-0.22955000
-0.43554700
-0.18461700
0.35616800
-0.34360400
-0.26637900
1.01597000
0.64382300
0.27904400
0.22300200
-0.00784788
0.71187600
0.26495100
-0.11632400
-0.76041300
-0.75525500
0.87581400
-0.33763400
1.64114000
-0.60494100
0.08252400
-0.90704900
0.28740100
-0.94639300
0.02582520
0.95344900
0.23496500
-0.27071800
-0.04385400
0.01137530
-0.14111200
-0.74057200
-0.79005600
-0.14915300
0.45243300
-0.36729000
-0.40132200
-0.00174717
-0.13800100
-0.48179200
-0.51548300
-0.50083400
0.04369400
0.03984170
-0.09344790
-0.07900420
-0.96863000
1.15065000
-0.42309300
0.31064300
-0.37380000
0.22520200
0.17163800
0.07201330
0.79134300
0.48821300
0.60939300
-0.01710130
-0.63453100
0.84652500
-0.09273770
-0.25285300
-0.57310300
0.40774900
-0.09445560
-0.12332500
-0.37922300
-0.74650700
-0.63749400
-0.18556200
0.47363200
0.23464800
-0.39046500
-0.60364500
-0.08515020
-0.65092900
-0.41271600
0.09326210
-0.24569300
0.02727900
-0.11989000
0.11577900
-0.00091937
-0.39023900
0.08014050
1.43065000
0.31924700
0.00835157
-0.03272490
0.06071340
-0.87747600
-0.28221400
-0.28796800
-0.00249204
-0.42683900
-0.23735400
-0.36445800
-0.18272700
0.61196700
0.10282000
0.36347900
-0.25644600
-0.43105800
-0.71335100
-0.24089600
-0.24323000
0.17835000
-0.23327600
-0.76408800
-0.66706500
-0.56247500
-0.65569000
-0.05329070
-0.51744900
0.59021500
0.09807410
-0.34124500
-0.17370400
-0.03873870
-0.03944430
0.28166900
0.43336100
-0.48385400
0.47643700
1.32641000
-0.01012680
0.78648100
-0.49753500
-0.36378800
-0.16808900
-0.41407800
0.42424500
-1.20374000
-0.15955100
-0.22632600
-0.45484400
-0.85082300
-0.47239600
-0.56548900
-0.11146300
-0.19144900
-0.11838600
-0.26681300
-0.86928900
-0.53547600
-0.47443600
-0.56890000
-0.72116700
1.11262000
1.09709000
0.50374300
-0.40900800
-0.15476300
0.79636200
-0.13470500
-0.11380400
-0.29176700
0.38528400
-0.75810800
0.32954300
-0.07270460
-0.71949400
0.18597600
0.48104700
-0.49396500
-0.07636450
-0.86761300
0.09100170
-0.52773100
-0.90140200
-0.53929000
-0.16460700
0.19194300
-0.52924000
-0.00988719
-0.77525600
0.66154500
-0.60758600
0.20069700
0.13825800
-0.55114100
0.12172300
-0.19309300
0.19169400
-0.68467400
-0.80976100
-0.17560900
-0.86051600
-0.79002200
-0.03502430
-0.23598500
-0.33529000
-0.53684000
0.25810500
-0.04126320
0.20806900
-0.38796900
0.10290100
-0.67397400
-0.18176500
-0.48306500
0.08366210
1.50220000
0.08606060
-0.88980200
-0.48193200
0.00228463
-0.04775090
-0.50461900
-0.25889700
-0.25361700
-0.65766800
0.03203830
-0.44102300
-0.39831100
0.22077300
-0.01971680
-0.11226600
0.21720500
0.10994600
-0.16789000
-0.17843100
0.41589600
-1.13287000
-0.65092100
-0.57902500
-0.53135800
-0.79599000
-0.64162500
0.27926100
-0.27117700
-0.66908100
-0.74037600
-0.76846000
0.43846900
0.88514700
-0.40473200
0.35911700
-0.12349700
-0.69142800
-0.34937700
0.38143300
0.15911400
-0.41566400
-0.66064100
-0.35157600
2.39215000
-1.33780000
-0.17933000
0.14257700
-0.43339100
0.59047800
-0.12615200
-0.15870000
-0.13701600
0.76822800
0.43726300
0.33314500
0.00685093
0.17455800
-0.05756560
-0.37979100
-0.06531210
0.10622800
-0.36196600
-0.67830800
-0.96282000
0.27384400
-0.28926800
-0.86004500
0.02365590
0.12043000
-0.42891300
0.10805400
-0.41297200
-0.46523400
-1.12513000
-0.11556600
0.24182300
0.65866200
0.29242600
-0.13564800
0.42855700
-0.84107600
0.34266400
1.28026000
-0.64991500
-0.16920300
-0.23701800
-0.42094700
-0.99113800
-0.59070300
-0.13204400
-0.47803800
-0.65652300
-0.08036880
-0.18049200
-0.24217600
0.03867180
0.40262100
-0.51671900
-0.03841400
-0.02168630
0.28703000
0.02876020
-0.28434300
0.08667300
-0.13027700
-1.49691000
-0.43886800
-0.12470200
0.55069100
-0.31066300
0.06771760
-0.73457300
-0.63153900
-0.31690500
-0.79406400
-0.54426100
-0.97124000
0.13937800
-0.15323700
-1.47825000
0.39070800
0.05533610
-0.66213100
-0.95040500
-0.33371300
-0.29626300
-0.90768500
-0.24637400
-0.10222300
-0.79387200
-0.37542000
0.63259200
-0.79632000
1.45630000
0.11785100
0.26101500
-0.15919300
1.01604000
-0.10329100
-1.07606000
-0.22040300
-0.46041400
0.49000500
-0.18935400
1.51931000
0.74350700
0.46840100
2.34251000
0.38446800
0.96416900
-0.18730200
0.63179300
-0.99349200
0.38064600
0.26769100
-0.08017240
-0.72100300
-0.20726700
0.56712700
0.59815500
0.62593200
-0.75682700
-0.08231920
0.23743400
-0.15959700
-0.39291200
0.35019600
1.04120000
0.73909300
0.68148600
0.11843300
0.67229700
0.55095100
0.16117200
-0.97541800
-0.45268600
0.08041670
0.47860700
-0.24938500
-0.67310600
0.05226140
-0.71142900
-0.83618700
-0.09119140
0.15763900
-0.50840800
0.18969800
-0.06644590
0.34165000
0.09365890
-0.57494900
-0.74975700
-0.08363980
0.48846900
-0.67172800
0.22075700
-0.56909300
1.06708000
-0.55836300
-0.21513100
-0.13802200
-0.46208900
-0.57333100
-0.37163800
-0.42867300
-0.14955900
0.03406200
-0.41289600
-0.63019800
-0.72196300
-0.64455700
0.11393600
-0.05915580
0.53060500
-0.24538500
-0.31135300
-1.24525000
-0.00843501
-0.65021400
-0.54197800
0.24461600
-0.95252500
-0.43977200
0.06525290
1.34948000
-0.48583100
-0.41061200
-0.70090100
1.13469000
-0.10300500
-0.19771300
0.23183900
-0.04407000
-0.04088480
-0.02802660
-0.27965200
0.26003200
0.48143300
0.55799800
0.58708700
-0.75905400
-0.94727300
-0.10643900
0.16721200
-0.45028400
-1.43905000
-0.28692100
0.12604300
-0.80831600
0.62483900
-0.05495280
0.38045600
-1.20551000
-0.02883860
0.77640200
0.17738900
-0.61818700
-0.73757700
0.92893500
0.23557100
0.69298400
-0.08446610
0.75675200
-0.08749900
-0.85566100
-0.42784600
0.22373800
-0.78452500
0.36951400
-0.11164500
2.35521000
1.25377000
0.00319861
-0.37340200
0.00716321
-0.92626900
-0.40707400
-0.99768000
-0.39702000
-0.29346100
0.00561270
-0.43664600
-0.42895800
-0.45743900
0.11970300
0.66923800
0.22321000
-0.71414900
-0.70087700
0.58861900
-0.61660600
-0.41182800
0.10459800
-0.29431600
-0.62185400
-0.87544400
-0.00601801
-0.51969500
-0.29375700
-0.07022020
0.63699200
-0.43311400
-0.54583100
-0.28069200
-1.46017000
0.20991800
-0.11280600
-0.90015300
-0.60601900
-0.37849100
0.04997730
-0.41572000
-0.30603100
0.42635100
0.00390314
-0.67542200
-0.83104600
0.17928900
-0.75220000
0.12228200
-0.38704900
0.41983000
-0.58278500
-0.41204800
0.20121900
-0.20979600
0.12130300
-0.84762300
-1.16959000
0.55311400
0.12579000
-0.87093000
-0.25619800
-0.52353300
-0.38278900
-0.92501600
-0.64856400
-0.15037100
-0.45338800
-0.02624170
-0.13792500
0.19303700
-0.90442600
0.02690580
-0.19421500
-0.18968800
0.02386540
0.59209300
-1.18046000
-0.54659400
-0.35835500
-1.08700000
0.25604000
0.12637600
-0.34543800
-0.48643900
-0.11860900
0.02194580
-0.28167500
-0.23195400
0.75302600
-0.12515100
0.85545900
0.29723400
-0.37986900
0.03333590
0.38611500
0.03226390
-0.63798000
0.91390100
-0.61240000
-0.42145000
-0.19305700
-0.37233800
-0.25742600
-0.43414700
-0.24988300
-0.40490700
0.07673490
-0.55570700
-0.26279500
-0.30692300
0.03570560
0.07772250
-0.60644500
-0.66940400
-0.21552900
-0.46896900
-0.57738500
-0.12664200
-0.15518800
-0.57187300
-0.05619300
0.10458300
-0.06747310
-0.70676800
0.26622900
-0.17739200
-0.61569800
0.96764000
-0.07996070
-0.03057410
0.24416000
-0.34100700
0.42499500
-1.11939000
-0.79024200
-0.04181450
-0.74006600
0.36858900
1.41726000
0.23768300
0.12260600
-0.38217000
0.23421500
-0.99293900
0.11859400
0.02162260
-0.18041300
-0.60321300
-0.48725900
-0.28282400
-0.11081300
-0.02490490
-0.16393000
0.21048900
0.43806100
-0.03495320
-0.51114200
-0.72810300
-0.58774100
-0.42460500
-0.71273000
-0.74380900
-0.01814670
-1.03608000
0.77971500
-0.09232890
-0.34876000
-0.25404300
-0.94670100
0.08910320
-0.36810200
0.76253900
-0.15824100
-1.76581000
-0.18241800
0.76931100
-0.55240400
-0.17568400
-0.10693300
-0.18754500
-0.10297600
-0.43985400
-0.27573500
-0.47801600
0.01085170
-0.49976800
-0.90513900
0.16618500
0.23584800
-0.09585090
0.56504400
-0.95454100
-0.12119000
0.33615300
-0.67478300
-0.74709900
0.20799100
-0.03375840
-0.20634800
0.15879800
-0.26464000
-0.09382170
0.76457900
-0.24966100
-0.56228700
0.36854800
-0.37856800
-0.12034300
-0.93675100
-0.36009000
-0.89493400
-0.31154900
-0.50963900
0.44432000
-0.38436000
-0.13342500
-0.63653600
1.41254000
-0.37596000
-0.41644000
0.68585100
0.93999500
0.00746906
0.28151500
0.22864000
0.01470720
-1.16958000
0.37300100
-0.23797100
-0.05984950
-0.81567300
0.13236800
0.28855600
-0.12204800
-0.42164200
-0.80043200
-0.15360600
-0.93162400
0.21923800
0.09307930
0.03456380
-0.14669100
0.45279900
-0.36160300
-0.40250300
-0.31970800
0.01694840
0.15383700
0.06016550
0.14501900
1.18937000
-0.36582300
0.57904800
-0.66174100
0.09658700
-0.43964800
0.62986200
0.41360700
0.32633000
-0.20354700
1.04399000
-0.82016700
0.53158200
-0.03930990
-0.05844020
0.28086900
0.14621700
-0.41209600
-0.13346300
-0.10928200
-0.38120700
-0.46722200
-0.86443500
-0.39378100
-0.16537700
-0.00681630
-0.74184100
-0.90565200
0.52933700
-0.51022100
-0.21922700
0.13866100
-0.98869400
0.64581800
-0.78883000
-0.15750400
0.06807860
0.14180800
-0.66026300
-0.70092700
-0.26024700
-0.60709500
-0.56620100
-0.26722800
0.69570500
-0.55995900
0.43860200
0.51749600
-0.88566900
-1.06314000
-0.27010500
-0.50675400
0.23314900
-0.32486800
0.38562800
-0.93379200
-0.55749600
-0.23814200
-0.18109000
0.26369200
0.44124400
0.04648710
-0.77915100
-1.05610000
0.52223200
0.30958600
-0.10763900
-0.31200800
-1.17717000
-0.26355500
-0.36161300
0.11813400
-0.59938300
-0.47622500
2.69099000
-0.41178600
0.14956200
-0.22046400
-0.69714900
-0.09122400
-0.09376050
0.09516150
0.13333900
-0.11799500
-0.10297500
0.28035200
-0.20979000
-0.63877800
-0.49255900
-0.41076500
-0.24936500
0.11184600
-0.86335900
0.80947200
-0.40807800
-0.57739800
-0.40651000
-0.35459700
1.97944000
0.10073200
-0.48016200
0.60004100
0.28912300
0.20484100
-0.78039400
0.35794500
-0.23911400
-1.09020000
0.25358200
0.33165600
0.00159529
0.07717100
-1.06531000
-1.08180000
0.81222500
-1.06451000
-0.05420730
-0.00316968
-0.72782300
-0.66460900
-0.31550400
0.01630560
-0.52447900
-0.01538780
-0.57337800
-0.70191000
-0.50885400
-0.68734400
0.18197200
0.36708700
0.56456500
-0.33389200
0.26192600
0.35164500
0.51694100
-0.32347600
-0.41604800
-0.09899850
-0.00413992
-0.56103400
0.15684600
0.53552200
0.60157500
-0.63867700
0.14600700
-0.46173800
2.76696000
-0.25398700
-0.68355500
-0.59029600
-1.12193000
0.99626800
0.42338800
0.61328400
-0.78940800
0.13098900
-0.62814400
0.24310900
-0.51749300
-0.38234900
-0.26552200
-0.22868600
0.47869800
-0.25193000
-0.02129440
-0.06768670
0.82536100
-0.06835660
-1.00809000
-0.40454700
0.18183900
0.16965300
1.24592000
0.22082500
-0.55771700
-0.46966800
-0.57865400
0.10271400
-0.00654524
0.09984660
-0.25178400
-0.75125000
-0.53945800
-0.36431600
-1.06806000
-0.49847200
0.02543380
0.24746600
-0.28080500
0.68810000
-0.97511100
-0.51717800
-0.16829800
0.07630010
-1.10196000
-0.30534900
-0.52247000
0.45759700
0.63266200
-0.00923129
-1.03692000
0.35618600
0.14142300
-0.46325300
0.30116900
0.74119600
0.33007500
-0.04588170
0.90341500
0.58453800
0.43641400
-0.27656700
0.10433700
0.09259120
-0.63230200
-0.68039300
-0.81467800
-0.22368500
-1.00404000
-0.13625600
0.49034500
-0.58169600
0.11810100
0.12260600
-0.22325400
0.12865200
-0.44520500
-0.01225160
-0.23487300
-0.08493960
-0.13942400
0.22083500
0.42514000
-0.32828000
-0.23291400
0.52073900
-0.51573000
0.01430800
0.44269300
-0.10297600
0.14420600
-0.66940900
-0.94740900
1.46190000
-0.23395600
0.62925400
1.18066000
0.22350100
0.27267000
0.68189900
1.00898000
0.53742900
-0.33400000
-0.64214200
-0.27870100
0.12428000
-0.22279700
-0.01939550
-0.02325460
-0.40293100
-1.09075000
-1.22085000
0.04767560
-0.47159600
0.12428000
-0.60962100
-0.08858870
-0.61425100
-0.11902100
1.43344000
0.21287300
-0.44549700
-0.81121300
-0.76374800
-0.21800200
-0.32169700
0.05651870
-0.32588800
-0.24021000
-0.28859400
-0.49119100
-0.53944800
-0.29618500
0.19853200
-0.15766200
-0.55019600
0.34600900
-0.72973200
-0.48191200
-0.08758680
-0.47008900
1.73965000
-0.20521000
-0.14485700
-0.07928300
0.27567900
1.51261000
-0.41662200
-0.39253100
-0.65599000
-0.17211100
0.21134500
-0.54429400
-0.00757672
0.22907800
0.21834400
-0.52416300
0.00908607
-0.24024100
-0.26300200
-0.40667900
-0.23974400
-0.34841800
0.72804800
-0.13077500
0.62750700
-0.85749500
-0.16042900
-0.36578200
0.47678800
-0.04813260
-0.41631000
-0.34335300
0.17222400
-0.44110100
-0.18785700
-0.11416400
-0.48617100
0.46984800
0.08119390
0.08119390
-0.28415900
-0.72293700
-0.48819600
0.39776600
-0.18562200
-0.44869400
0.06882710
-0.49514900
0.03918070
-1.01394000
-0.28281700
-0.36782800
0.05272710
-0.40257300
-0.22087800
-0.56542600
0.30799800
0.02104330
-0.54482200
0.22150000
-0.36836800
-0.21410600
-0.06966490
-0.27119700
1.64591000
0.04863080
-0.07299550
0.60278800
0.60683800
-0.38269400
-0.45346900
0.71297600
-0.01736060
0.18554300
-0.02569290
-0.15600700
-0.06401810
-0.54600700
-1.07400000
0.03906000
-0.94079200
0.19600600
-0.96172600
-0.55323900
1.07838000
-0.14975000
-0.40558500
-0.38171800
1.41440000
-1.18671000
-0.78772900
-0.14795500
0.76077400
0.58750100
0.15059800
1.26864000
0.46250300
-0.19039800
-0.49497300
-0.72245200
0.07758280
-0.32081100
0.01059460
-0.98229100
-0.61934200
-1.02471000
0.07740640
0.72077400
-0.83156800
-0.37243400
-0.31264600
-0.55019600
-0.17944000
-0.28102300
0.03466860
0.18192000
-0.26659400
-0.50139300
-0.64158100
-0.35988100
0.11337800
0.06199370
-0.01969020
-0.15486600
-1.05867000
-0.52940500
-0.17879700
-0.36718900
-0.87331400
0.69023500
0.13109400
-0.03889570
-0.45188300
-0.07335700
-0.34086700
-0.11363700
-0.07578320
-0.87080100
-0.22141600
-0.65815400
-0.65815400
-0.02789650
0.27041000
0.50969400
0.06682020
-0.23790600
0.08062980
-1.04088000
0.05577080
0.25753800
0.09294660
-0.30039000
0.03828780
-0.46662800
-0.13830100
0.01412950
-0.67735400
-0.49854400
-0.33439600
0.39687500
-0.39566100
0.49586100
0.47865900
-0.33534200
0.38296500
1.80190000
-0.64446000
-0.00136285
-0.33028800
-1.04963000
-0.61442900
-1.21490000
0.37884000
0.41657400
-0.54660100
-0.42307600
-0.42613200
-0.63141600
1.07102000
0.38254500
-0.94102200
0.33233500
2.02785000
-1.21729000
0.75152400
-0.74889100
0.12431000
0.01232780
-0.58756300
-0.24151800
-0.29855100
-0.34492000
-0.03613140
-0.27792000
-0.58093800
-0.49202900
0.19012000
-0.58028200
0.56542900
-0.80136000
0.31984500
-0.13025200
-0.12613800
-0.05938130
0.92314100
-0.23752800
0.15266600
0.46640800
0.25173600
-0.90332000
-0.03615890
0.77425500
0.60213400
0.28746300
-0.17706800
0.28920100
-0.67812100
0.38580900
-0.63701400
0.17364100
-0.14055000
0.08278270
0.29978700
-0.00679378
-0.27447200
-0.05472240
-0.37345800
-0.26241500
-0.51004600
-0.17310100
0.11119900
0.28653100
-0.58791800
-0.46201100
-0.09121320
-0.61635700
-1.05460000
0.23644300
-0.55673900
-0.01866960
-0.18848300
-0.66807200
-0.43172600
-0.74854400
-0.51451800
-0.37524200
-0.05549080
-0.00156609
1.19648000
0.09910150
1.20396000
0.01515450
0.24222700
-1.10013000
-0.09860390
-0.96652000
0.54898400
0.05096550
-0.24308800
-0.20768700
1.00807000
0.26874100
0.54067300
0.96513600
0.23550500
-0.37427600
-0.68460300
-0.22889700
-0.45054300
-0.36559300
0.21212600
-0.52619700
-0.42619400
-0.29098300
0.47441900
-0.54015700
-0.25826300
-1.05952000
0.32537200
-0.21150700
-0.75537700
-0.31877100
-0.20804000
-0.50781500
0.26243800
0.49640100
1.18685000
-1.13162000
-0.36170000
-1.01855000
-0.58881900
-0.60084700
-0.08900020
-1.08110000
-0.04722210
-0.09014540
-0.53141600
-0.76741700
-0.41055900
-0.02832520
-0.08841630
-0.53544500
0.02957020
-0.39839100
-0.50170600
0.22259000
0.42735300
-0.12652800
0.02472020
-0.57459300
-0.30198300
-0.28468800
-0.58256700
-0.39151700
0.08337030
0.04483600
-0.24888500
0.08016250
-0.55026000
0.51204700
-0.04592180
-0.45035300
0.71143400
-0.50285500
-0.26429200
0.29579900
-0.30585700
0.09722240
0.10031000
-0.01891490
-0.02628130
-0.19811800
-0.70001800
0.00325659
0.32592300
-0.43718700
-0.03259730
1.81377000
1.38024000
0.38258500
-0.28467000
-0.18173600
0.06645870
-0.19568700
-0.69120900
0.21454700
-0.51266600
-0.23048600
-0.80164500
-0.55818000
-0.08177360
0.13212600
-0.52573400
-0.69272900
-0.40685300
-0.15727000
-0.66745400
-0.09233060
0.47981900
-0.53637300
-0.78808400
-0.75238400
-0.24415100
-0.67001200
-0.47771600
-0.50430200
-0.56124700
0.29300800
0.30878900
0.17269400
-0.42246600
0.08188150
0.27085800
-0.20933500
-0.38805500
-0.26700600
-0.46168700
-0.25338200
-0.68081500
-0.06794840
0.17050500
0.44107700
-0.38326900
0.10190300
0.22225000
-0.08266330
0.15129500
-0.57228200
-0.85098100
-1.05370000
-0.30076800
0.04158320
-0.05999330
1.40866000
0.17829400
-0.29677800
-0.21030000
-0.15568400
-0.50010000
-0.49737900
0.33721000
-0.48245800
-0.38454400
-0.62205200
0.08100770
-0.92753200
0.09080320
0.33502200
-0.45014700
-0.20223100
-0.01300170
-0.35200100
-0.01768420
-0.93948900
-0.36687100
0.08451970
-0.27261800
0.02994460
-0.65623300
-0.40501500
-0.89392000
0.48780500
-0.27231200
0.10362700
0.22463700
-0.22467200
-0.55893500
-0.24475900
-0.25253900
0.33704600
-0.27847100
-0.96728500
-0.47619900
0.65424800
-0.53868300
0.08266390
0.07115020
-0.32155300
-0.30465300
-0.93372000
0.25803300
0.16617300
0.14018900
-0.59443600
0.66949300
-0.03506300
-0.15846100
-0.79066100
0.62183600
1.17553000
-0.17873800
-1.42864000
0.32730900
0.57747800
-0.44362500
-0.05421380
-1.12564000
0.51951600
-0.11720400
-0.46213800
-0.27857800
0.22563700
-0.56020900
0.88255400
-0.63267900
0.04128930
0.49906700
0.04399880
-0.67347800
-0.20399100
-0.67996300
0.28608100
-0.81897900
-0.07957130
-0.60558800
-0.01440880
-0.15498500
-0.68138900
-0.05984950
0.13427600
0.47748000
-0.04473240
-0.70532300
-0.70445800
-0.58988200
-0.89336300
0.46290100
-0.09692400
0.23259600
-0.16577500
0.30931100
-0.51687500
-0.38204300
-0.16675900
0.49777900
-0.09814760
-0.68516000
-0.42088300
0.56473400
-0.47676300
-0.49993400
-0.24867800
-0.45348200
-0.01591840
-0.23959500
0.02776390
-0.65065200
-0.39637100
-0.63936600
-0.30356800
-0.38070400
0.24244200
-0.56982500
-0.21255900
-0.87182900
2.22967000
-0.29912300
0.05868500
-0.21935300
-0.12799500
-0.51926900
0.56732800
0.35067700
0.34996500
0.60684000
-1.02108000
-0.60682800
-0.84602300
-0.31350300
0.50237200
0.71004800
-0.14012700
-1.16403000
-0.27601100
0.43107600
-0.58775800
0.02385630
1.62493000
-0.39962400
-0.57874900
1.14466000
0.09638590
0.69481800
1.07210000
0.62268500
0.62950100
0.50947600
-0.77012800
-0.50196400
-1.64154000
1.41888000
1.38353000
0.19862400
0.73178100
0.51427900
0.93604900
1.21742000
0.20778000
0.02741420
-0.01496880
-0.65170400
-1.02981000
-0.16184200
-0.32534000
0.00412441
-0.17002300
-0.42355500
-0.56343200
-0.35958600
0.00588783
0.40712900
0.00571770
0.64166600
0.64264200
0.14745800
-0.01023100
0.60764000
0.15713300
1.07726000
0.54052400
0.98446700
0.85033100
-0.96059200
-0.54355600
-0.15399300
-0.10882500
0.27388100
0.39672100
-0.23297300
-0.45897200
0.38560100
-0.05556160
0.60074800
-1.55943000
-0.94272800
-0.66713900
-0.10855400
0.05792510
-0.02683660
-0.40994000
-0.44301000
0.42081800
0.16585200
-0.52119600
-0.51284100
-0.95984400
0.24018600
-0.17100000
0.20259700
-0.17215300
0.44339500
-0.90012400
0.57031700
0.24198200
0.24739700
-0.03146860
-0.54064600
0.43239700
1.33740000
1.48462000
0.10698300
-0.12533000
-0.65167800
0.15140200
-0.46639900
-1.24879000
-0.31831500
-0.73258300
0.33757700
-0.79186400
-0.34801800
-1.07275000
-0.18084000
0.00220470
-0.05214140
-0.48396500
-0.31915900
-0.11064900
-0.58495800
-0.44153600
1.40185000
0.50209900
-0.28923900
-0.26745100
-0.49036600
-0.36161500
-0.17849700
-0.55824800
-0.78976500
-0.34523800
-0.21504500
-0.48577100
0.14273800
-0.19563600
-0.27212300
-0.49978700
-0.90580200
-0.48606400
-0.06404820
-0.36282700
-0.83616700
0.03673130
-0.78511600
-0.35677400
-1.03864000
0.55743400
-0.42354300
-0.05830910
-0.29526500
-0.55238200
-0.86915400
-0.14132300
-0.43814300
-0.63368600
-0.59686900
0.66278600
0.16332600
-0.07038540
-0.45573600
0.08924910
-0.69788800
0.00750169
-0.46020000
-0.79512100
-0.32835600
-1.31410000
0.13735500
-0.36806100
-0.22849700
0.29746800
0.17977600
-0.47348200
2.92386000
0.13320400
-0.52597100
-0.01420400
0.70182500
-0.20539200
-0.41007300
-0.39382100
0.25227700
0.31910300
-0.18590000
0.59429500
0.26178200
0.03182020
0.15710800
-0.23972200
1.04278000
-0.29086700
-0.34618000
0.36457000
-0.26359600
-0.44403500
0.08648920
0.19067400
-0.08951420
-0.15998700
-0.17340400
0.07084070
-0.06913970
-0.40766300
-0.38049300
-0.45578500
-0.13201700
0.12322400
-0.48417500
-0.07391380
-0.69443400
-0.77094800
-0.33433900
-0.73377200
0.44652700
-0.03974620
-0.51617500
-0.15063200
0.86810800
-0.40526000
0.42432900
-0.38828500
-0.65435700
-0.14883600
