4.65553000
6.58912000
5.13261000
5.00809000
5.94597000
5.28637000
4.90391000
4.97024000
4.78773000
0.87085600
-0.47635600
4.65410000
4.99280000
5.04194000
4.90226000
0.74728500
5.50100000
0.19006100
4.75109000
5.40377000
5.23010000
0.98418600
5.55137000
5.18584000
5.58038000
4.96489000
0.69117600
5.16884000
0.99444900
5.06617000
5.33721000
4.79428000
4.97847000
5.47070000
0.29494800
5.42718000
5.31779000
5.11832000
4.92666000
4.65259000
5.21550000
0.92746000
0.71383000
5.04044000
0.42365200
5.08995000
5.29217000
5.07039000
-0.25034800
0.24681400
-0.61372700
-0.26725800
-0.29275600
-0.21236800
-0.27729400
0.30543000
-0.37496300
0.02426870
0.16352000
0.73684500
0.19002300
-0.41437900
-0.27970100
-0.05081760
0.26429300
0.37016200
-0.50711100
0.45887600
-0.20775500
0.08210070
-0.06814000
0.64327100
-0.08143210
1.04566000
-1.13797000
-0.40483900
-0.27384700
-0.12830900
-0.04430720
0.04289900
0.04735190
-0.06733010
0.03151170
0.32141800
0.00804139
-0.14744400
-0.39280700
-0.64334700
-0.80816500
-0.04433130
-0.28293100
-0.00150073
-0.57446900
-0.32070700
-0.43755300
0.00408677
-0.56488100
0.27296100
-0.19142100
0.19502100
0.98982200
0.25951400
-0.01397770
-0.62230700
-0.05751020
-0.40506600
1.26349000
0.17721900
-0.01088840
0.29018800
-0.78757100
1.16975000
0.50752500
-0.86491700
-0.85633200
-0.28662000
-0.20198000
-0.06251050
-0.25072200
-0.12372800
-0.39147600
0.11075200
-0.15527700
0.35971300
-0.60139800
-0.74598400
-0.39827200
-0.12078200
0.02760150
-0.46037100
0.72619400
-0.07141060
-0.06240950
-0.38973900
0.06409140
0.88269700
-0.56131400
-0.30338000
1.04119000
0.26374400
-0.32907300
0.18286500
-0.37121800
-0.11116500
0.12361400
0.08064780
-0.26679700
1.50959000
0.37837800
0.02813290
0.63274600
-0.46791500
0.17315800
0.17620000
-0.00860750
-0.16348900
0.21761200
0.07059640
-0.04134320
0.31304000
-0.18832900
0.14013100
-0.27456600
-0.58782200
-1.18317000
0.27428800
-0.28321100
0.28218600
-0.76989100
0.13066000
0.42937400
-0.73329900
0.21737200
0.16493500
-0.39138600
-0.33880100
-0.15614100
0.46956700
-0.36936800
0.11693300
-0.51604700
-0.11073100
-0.18774300
-0.40219800
-0.52197700
0.26936800
0.47041500
-0.26348000
0.24198400
0.62759300
-0.23554100
-0.04772940
-0.25458200
0.24486800
-0.04036380
-0.25441400
-0.19672800
0.45168700
0.46169400
-0.23711500
0.33864900
0.02560390
-0.13882700
-0.89544200
-0.68853100
-0.60751700
-0.53307000
-0.26365900
-1.12057000
-0.42359800
-0.09504990
0.19503600
-0.84903100
0.18315700
-0.51547200
-0.15886300
-1.09309000
-0.27180000
-0.14257400
0.65598500
-0.37858600
-0.73963900
0.51206900
0.17123400
-0.03795190
-0.23751700
-0.15630900
0.20758300
-0.68972900
-0.32919300
-0.31574300
0.17508400
0.10821600
-1.25023000
-0.27246800
0.22784800
0.04930430
-0.50030900
-0.13322200
0.33122900
-0.52891700
0.16679700
-0.21471300
0.18272600
0.10883400
0.48265000
-0.01387380
0.79316900
-0.43796500
0.01069410
-0.43067600
-0.08510280
-0.37356400
-0.23487800
-0.45059300
-0.06572850
-1.23949000
-0.71963400
0.52132000
1.30893000
0.08688180
0.02059470
-0.12413600
-1.25144000
-0.74261800
-0.21290500
0.06375560
0.89920000
-0.36666100
-0.21235800
-0.10541600
1.42024000
0.15805500
-0.46128500
-0.50071600
-0.69998600
0.09000380
-0.13615600
0.92453300
-0.13239000
1.18903000
-0.19132400
-0.00084652
-0.38097700
-0.32421100
0.16741600
0.97893200
0.14653300
0.24139300
-0.28935300
-0.47370300
0.32746400
-0.19071100
0.23354100
0.25792300
-0.83909400
-0.58078900
-0.17658200
-0.61076000
-0.20750600
0.09265460
0.65087400
1.53836000
-0.10090500
0.02866660
-0.30487200
-0.54633300
-0.56929300
0.50966000
-0.44933300
-1.00385000
-0.26320600
-0.45562100
1.18188000
-0.22337900
0.90740100
0.19006500
-0.23230100
-0.36706500
-0.10842000
0.07540260
0.07089490
0.48471300
-0.33109900
-0.43100000
-0.06847700
-0.86299600
0.18891000
-0.42567700
-0.42410700
0.14887400
-0.60097000
-0.21540900
-0.12070000
0.38086500
-0.12432600
0.47774700
-0.05350130
-0.53615300
0.11630300
0.01132300
-0.08700660
-0.38125200
-0.04637310
0.61087400
0.25313700
-0.78500100
-0.24822900
0.10127600
0.14342900
0.59607900
-0.41040500
0.18510400
-0.84738700
-0.35425400
-0.82975500
-0.98482200
-0.14534800
-0.11636500
-0.46793300
0.37676200
-0.05904520
-0.22926000
-0.22937300
0.30130700
0.12195600
-0.27184600
-0.12183700
0.29888400
-0.41392100
0.04769880
0.34422900
-0.15753500
0.27664400
0.18484200
-0.35917300
0.51752000
-0.87130700
-0.01514380
-0.27930200
0.36649400
-0.45603300
0.19952000
-0.50976600
0.60785900
-0.11593000
-0.07969380
-0.89142300
-0.72150700
0.09844070
0.61562300
0.05340450
-0.84928100
0.57611400
-0.24793100
-0.56634800
0.83902800
-1.00508000
0.54183900
-0.24140300
1.02226000
1.26458000
-0.45482700
0.15983700
-0.38234800
-0.44751500
-0.18734900
-0.61413900
0.44646600
-0.41974100
-0.48772400
0.42608200
-0.33112900
-0.68437800
-0.18324400
-0.26732700
-0.19758200
-0.17046000
0.10565900
0.48704900
-0.54639900
0.18046200
-0.76631700
-0.72711800
-0.03935800
-0.40910300
0.00517491
0.10036900
0.16832300
-0.37507800
-0.34498800
0.31942800
0.81520700
-0.36202900
-0.23938500
-0.22041800
-0.85514600
-0.43962600
-0.68834800
0.65774800
-0.69952400
-0.68631400
-1.05276000
-0.43091900
-0.93523300
-0.29079900
0.24460800
-0.60578900
-0.18460300
-0.47022600
-0.33820300
-0.01830810
-0.23695900
-1.44141000
1.25924000
-0.90444600
-0.22200200
-0.71347100
0.52585200
0.13496100
-0.63712200
0.03086740
-0.11716700
0.19493000
-0.71837200
0.12636700
-0.47984500
-0.37363200
1.02736000
0.03696270
-0.80504300
-0.47374000
-0.54578600
-0.27104700
0.14149900
-0.34630400
-0.64511500
-0.39832000
-1.19121000
2.16577000
-0.57954100
-0.27780500
-0.63331800
-0.98074000
-0.08634900
0.01528980
-0.02398210
0.26158500
0.78181500
0.31585800
-1.13143000
-0.30748800
-0.78796700
0.31749500
-0.03030220
-0.08681770
-0.06196750
-0.00445859
-0.41828600
-0.01660480
0.02450720
-0.77083600
-0.01246500
-0.04556130
0.13850300
-0.18797300
-0.37664800
-0.57858900
-0.18303800
-0.68709700
-0.48461300
-0.57838700
0.28497300
-0.19090000
0.25537800
0.10520300
-0.64203500
0.14326300
-0.35103000
-0.38867800
-0.18944400
-1.75397000
0.34418200
-0.36439300
-0.90600400
-0.43562400
-0.26790500
0.52954400
-0.98744100
0.08869920
0.50375000
-0.26481100
-0.84709800
0.48543500
-0.30839600
-0.21382200
0.13370900
-0.69026400
-0.20808800
1.05970000
0.29052900
-0.62941200
-0.33585100
-1.13801000
0.03630980
1.11473000
0.09241550
-0.87585800
-0.08622800
-0.54422300
-1.22914000
-0.13571100
0.33294700
-0.05492080
-0.22404700
0.79023200
-0.91453400
1.63036000
0.03717430
-0.15592900
0.26723600
-0.00980463
-0.25540600
-0.37661800
-0.61049100
-0.30390200
-0.39915600
0.38334400
-0.65645100
-0.20344300
-0.34672400
0.54300800
0.42500900
-0.26400700
-0.64551100
-0.76633000
-0.40302700
-0.38261500
0.36928300
0.03016810
0.20043500
-0.98445200
0.27839200
-0.86424200
-0.99159200
0.17115100
0.33251600
0.54312900
-0.42433200
0.61655000
-0.16143500
0.34262900
-0.29567300
-0.16129900
-0.67904700
-0.02928040
0.38327500
-0.01292850
3.16690000
0.11399600
0.29284100
-0.98610800
0.83696800
-0.05636850
-0.25040300
-0.50800000
0.17242900
-0.31042000
-0.09398170
0.15893800
-0.47344000
-0.13932900
-0.22260000
-0.14391000
-0.92073900
-0.59762100
-0.15083400
0.13479500
-0.58464600
-0.49262000
-0.12832800
0.19038000
-0.29943600
0.02168320
-0.13539100
0.24955100
-0.59197900
-0.98779800
1.16738000
-0.33504500
0.18554800
0.18424900
-0.27585400
-1.21028000
0.54469800
0.04380100
0.31737200
1.40128000
-0.50708900
-0.78152400
-1.04183000
0.16432500
0.58767800
-0.90890100
0.35054400
0.34979300
0.90325300
-0.51474900
0.56950800
-0.06638590
0.25811500
-0.08491150
-0.79580500
0.17133800
-0.39642600
-1.41543000
-0.05047400
-0.65096400
-0.36565800
-0.18848400
0.21536700
-0.59586800
-0.22965200
1.26220000
-0.12914200
-0.22644100
-0.64042600
-0.87745200
-1.08285000
-0.66783400
-0.66565500
0.53544000
-1.32752000
-0.91690700
-0.35013200
-0.53848500
0.98175200
-0.37396400
0.04479750
0.39496200
-0.76817100
-0.22205000
-0.55286700
-0.23051600
0.48756300
0.16852200
-0.64697700
0.27088600
-0.75025800
-0.35392700
0.05939450
-0.52152000
-0.12616500
-0.69172900
-0.42915400
-0.02674720
-0.96151500
0.36955900
0.36606700
-0.54688300
-0.10611400
-0.70188500
-0.31728400
0.42393500
0.22317800
0.00948750
-0.06808380
-0.28490100
0.24500000
0.22392300
-0.16929900
-0.51154400
-0.32096400
-0.46487500
0.10841400
-0.33559800
-0.01699340
-0.14142700
-0.20143300
0.60944600
0.20351000
-0.27629200
-0.83368700
0.60070000
-0.39494800
-0.22331300
-0.14761800
0.33860100
0.41191000
-0.17360400
-0.20635700
0.45923200
-0.33069800
-0.18829200
-0.56785900
0.30272100
-0.64284300
-0.10226600
-0.36695500
0.03805030
-0.07326680
-0.28029100
-0.54955100
0.85254200
-0.33349800
-0.43975700
0.28752400
0.36204000
-0.48060300
-0.56223700
-0.06929900
-0.34938700
1.04381000
-0.07296720
-0.13904000
0.12275400
0.60208900
-0.48530500
-0.52257900
-0.40583300
-0.33138400
-0.08868810
-0.47474700
-0.99020200
-0.72534400
-0.24281700
0.36865700
0.26776400
0.28955900
0.89990600
-0.15655800
-0.46181000
0.28007600
0.62719700
-0.55038900
-0.41865200
-0.76335200
0.01297000
0.50474600
0.02686710
-0.13081300
0.32250400
0.11857800
-0.63421400
0.27086900
-0.04607710
-0.25636200
0.00974589
-0.50036200
0.12590300
-0.43437300
-0.05410350
-0.07458560
-0.42373900
-0.06148000
-0.41057800
-0.10921400
-0.60529000
-0.07346970
-0.15762600
-0.90476000
0.19975000
0.56157300
-0.51397300
0.23980400
-0.50672000
-0.12192000
-0.27809300
-0.04493090
0.37771400
0.60852700
0.55532800
0.42865500
-0.09645510
-1.02281000
0.07998210
0.23936700
-0.42945800
-0.52185500
0.22113900
-0.04247000
0.47362100
-0.07300860
0.82781400
-0.41185200
0.25796200
-0.11752700
-1.35620000
-0.00306703
0.32250400
-0.69603800
0.46507900
1.43303000
0.28448000
-1.08587000
-0.19840300
-0.72844500
-0.64912200
-0.38452500
0.21947000
-0.79807600
0.00504811
0.88511400
0.31788300
-0.36924100
-0.39229300
-0.37341000
0.50970700
-0.83564800
0.71925600
-0.44817600
-0.55615000
0.07420150
-1.52972000
0.12523800
0.03595050
0.24427500
-0.89919300
0.22578900
-0.36596600
-0.16555200
0.41577600
-0.38812600
-0.43784600
-0.74799800
0.41931300
-0.50524800
-0.51503800
-0.01793410
-0.93797200
-0.25185700
-0.29291600
-0.51915500
-0.31818800
0.46506000
-0.30722600
-0.52829700
-0.14386400
-0.55199300
-0.20689600
-0.23186800
-0.03766190
0.67539400
0.62761900
-0.31979100
-0.17324100
0.29489500
0.03559720
-0.58090200
0.21960900
-0.80352700
0.18122600
-0.75212100
-0.05854950
0.54172400
-0.19622900
-0.82208000
0.05164410
-0.53806200
0.03190490
0.25721000
0.63247600
0.33604700
-0.80845300
0.07647110
0.23253600
-0.97633900
-0.37404300
-0.32915600
0.48509200
-0.70183500
-0.00543941
-0.40578900
-0.26613700
-0.48146900
-0.04721610
-0.46393700
0.13769800
-0.03964860
-0.18490900
0.53022100
-0.34205700
-0.03765630
-1.34488000
1.01369000
0.48946700
0.29036900
-0.10197200
-0.19424600
0.09178490
0.33112300
-0.16370200
0.00346828
0.87305100
0.36260700
0.78184700
0.14966900
-0.04009160
-0.65359900
-0.05320890
0.02318080
0.19803700
-0.36089000
-1.16595000
1.09206000
-0.82077100
0.96701500
-0.67879300
-0.00073851
-0.09979800
0.68481600
0.02933430
-0.03275230
0.12448700
-0.09698180
-0.19756600
0.39132900
-0.73000100
-0.00088006
0.61367800
0.25953500
-0.64812300
0.19537300
0.09244660
0.14746000
-0.21987900
0.73596700
0.66736400
-0.53594500
-0.02505610
0.13186200
0.48580200
-0.15536900
-0.64345700
-0.15028200
0.41188100
-0.29118400
-0.98910400
0.05638370
0.00999954
-0.62684100
-0.01675090
0.41136900
-0.52692700
0.37357000
0.70846600
0.04324770
-0.15233500
-0.42039500
0.47939500
-0.64200800
-0.47001500
-0.48912900
-0.01003370
-0.31673100
0.24283200
0.34714100
0.01575780
-0.15574400
0.79790000
-0.25851900
-0.45488600
-0.32646400
0.10049000
1.25306000
-0.47516400
0.76284000
0.80818500
-0.10954700
-0.17995500
-0.17518500
-0.04780360
0.35150800
-0.11679100
0.34471400
-0.24242700
-0.15190200
0.10683600
0.07799420
-0.24883000
0.25558000
-0.63340200
-1.24598000
-1.04833000
-0.43105000
-0.31319200
-0.30561900
-0.30302400
-0.38501100
-0.70745500
-0.55236000
0.02989400
0.22580000
-0.35747800
0.09752490
-0.22241800
0.01493240
1.05203000
-0.25126700
0.50242500
-0.14046700
-0.34288600
0.06714700
-0.00385273
0.96100100
0.65432500
0.35953400
-0.35124800
-0.01184880
-0.20418400
0.05387220
-0.76928500
-0.80116500
-0.15074500
-0.67655200
-0.37981900
-1.13823000
1.48418000
-0.40317600
0.05761720
-0.95102000
-0.51495600
0.03825030
-0.65725100
-0.17027100
0.02994810
-0.51058400
0.64880600
-0.41610600
0.71987300
0.08499490
0.35263900
0.03027050
0.11979400
-0.25823100
0.68481600
-0.15302400
0.48535600
-0.87103800
-0.47722700
-0.20929400
-0.47306500
-0.48772100
0.16507000
1.52551000
-0.32902500
-0.67650900
-0.54736800
-0.00296332
0.15824700
-0.55615800
-0.38922000
-0.17731800
1.69843000
0.22821000
0.28075900
-0.26329900
-0.20416400
-0.82794300
-0.87653600
0.47669200
-0.07387150
-0.76671300
-0.15446800
-0.40847800
0.29518300
-0.26293700
0.53779400
-0.86141800
-0.25806600
-0.55497400
0.12316500
-0.48032900
-0.18939000
0.00776996
0.56407300
0.13967900
0.42751800
0.45071300
-0.52828000
-0.23606300
-1.01230000
0.27714800
1.16384000
0.28936500
1.10976000
-0.21425100
1.25883000
-0.41150800
0.61820600
-0.69091500
-0.13140700
-0.05459330
0.24335000
-0.15614600
0.13682000
0.10789600
0.97052400
0.01147910
-0.30866000
0.35374000
0.02270220
0.56132700
-0.31217400
-0.96261200
0.61484300
0.24972600
-0.34219600
-0.15936700
-0.25741200
-0.00971226
-0.32619700
1.41297000
-0.49281400
0.53912000
0.17850300
-0.10524100
-0.37032700
-0.59936000
-0.41583700
-0.45211400
0.40691600
0.09493300
0.51742600
0.69633500
0.67731400
0.11407400
0.34722100
0.45188500
-0.30788900
-0.69864500
-1.31720000
0.30139600
0.33426400
-0.07872690
-1.02748000
-0.64628500
-0.08228840
-0.33795200
-0.25760100
-0.36785000
-0.24284400
0.17454900
-0.56562100
0.32708300
-0.23882900
0.77277900
-1.32836000
-0.38585700
0.65802200
1.72868000
0.45563700
0.49200600
-0.03315010
-0.16234000
-0.15835600
0.86466000
-0.03303690
-0.01663910
0.08452040
0.34842600
-0.89246500
0.72462700
-0.48330800
0.19250300
-0.29025000
0.13773300
-0.35062600
-0.09143350
-0.54796400
0.10269300
-0.14400600
0.15089000
-0.17287700
-0.57941900
0.32745500
-0.16653600
-0.62781300
1.69674000
-0.31199600
-0.26507300
0.12113100
-0.18039900
-0.99293800
-1.38058000
0.65410500
0.84820000
0.11131700
0.13728900
0.07222690
0.31234800
0.43661500
0.07071350
0.03480550
-0.09498620
0.21580700
-0.74514400
-0.01284880
0.27874600
-0.32924300
-0.02005990
0.10818400
-0.26996400
-0.28593500
0.20658900
-0.14227600
0.34743400
-0.33643500
-0.27787100
0.21004900
-0.35158900
0.62416200
-0.33731600
-0.42977600
-0.28860500
-0.46392700
-0.06374610
-0.12755500
0.08463430
-0.53227300
-0.71168900
-0.51732300
-0.20726000
-0.36709400
0.96203000
0.12234500
1.27903000
0.97823500
-1.53073000
-0.76485300
-0.79423500
-0.19606500
-0.36644900
-1.41591000
-0.14940600
-0.72461700
0.14488000
-0.73204300
-0.47634200
-0.21993600
-0.25966500
-0.53178700
-0.37827800
-0.69472200
-0.50871500
0.38839700
-1.23068000
0.47258600
-0.91692800
-0.36191600
-0.33481700
0.05892840
-0.32754000
0.39853900
0.58047500
0.29239400
1.44259000
0.32236700
0.86475600
0.76683500
0.83329000
1.08347000
-0.02727790
-0.07432490
0.04915980
0.32350700
-0.12930200
0.89941500
0.20927100
1.66003000
0.11106300
-0.11181900
1.75993000
0.56719600
0.70321200
-0.17103200
-0.15399700
-0.01459450
0.25643500
0.35809000
-0.09286440
0.11927900
1.27621000
-0.16638400
-0.20369000
-0.52680700
-0.24250100
-0.66750500
-1.28515000
-0.26447400
1.04491000
-0.44031500
-0.77961600
-0.41434500
-0.43741900
0.01474570
-0.46005300
-0.15398500
-0.04199870
-0.11673800
-0.18376700
0.35934700
0.34889800
0.36243000
-0.41429700
-0.42265000
0.46641100
-0.15748300
-0.11985700
0.00574728
0.00688526
-0.71976300
-0.95862000
-0.53565700
-0.56282100
-0.01638860
-0.60887800
1.48071000
0.00833135
-0.42599500
-0.09530370
-0.49603900
0.56101000
-0.65319500
-0.94419000
-0.60838900
-0.08530840
0.21125300
-0.37315300
0.04791390
-0.32950700
-0.46216100
-0.35176600
1.00420000
-0.79951200
-1.02851000
-0.78078800
0.76946900
0.29513800
0.94829400
0.34996600
-0.99121500
-0.11732100
-0.35348300
0.47167500
-0.86137500
-0.20215100
-0.28644900
0.13925700
-0.93033700
-0.54521700
-0.18100000
-0.43203500
-0.27983300
-0.52739000
-0.52163500
0.03234550
-1.01811000
0.30535500
0.01158350
-0.31976700
-0.22292300
-0.03378860
0.28483200
-0.05579990
-0.99267900
-0.28698000
0.19460700
-0.08424740
0.91265600
-0.85172000
0.76733200
-0.47504400
-0.24602400
0.15043800
0.78683100
0.42173800
0.31313200
-0.61251100
0.12011000
-0.56106500
-0.26058300
-0.40221800
-0.73053400
-0.12694200
-0.17723800
-0.36742600
0.01028020
-0.43825300
0.46296700
-0.10023500
-0.51821900
1.16823000
0.51130000
-0.47328000
-0.01193330
0.47611800
0.40995800
-0.03132730
0.36048400
0.04334100
-0.04139820
-0.23656100
-0.00397249
0.39256000
-0.23409700
-0.05053430
-0.45193000
0.09000100
0.19739900
1.14959000
0.67862200
-0.06713630
-0.46681600
0.37084200
0.46329900
-0.56683300
-0.24713000
1.26614000
-0.49642300
0.38223100
0.21686500
-0.32594500
-0.64579900
-0.32783000
0.13224100
-0.48148300
-0.17727200
0.15322800
-0.39788200
0.37608600
-0.52325400
1.80118000
-0.33536400
0.18272100
-0.38327800
0.16382100
-0.02278380
0.30017800
0.15640900
-0.64085900
-0.68303700
1.55454000
-0.37839200
-0.23599300
-0.82630700
-0.71512000
0.95536200
0.22995200
0.22656700
-0.38573200
-0.92424500
-1.09314000
0.67283200
-0.65383400
1.05245000
-0.67470700
-0.48319100
-0.16819300
0.01684750
1.28910000
0.20242200
-0.67912300
0.58529100
-0.84956400
-0.29294100
0.23717000
-0.18487200
0.26186000
-0.22141600
-0.37270200
0.22469700
-0.08899300
0.37599300
-0.51433400
0.79054400
0.37325000
0.01172590
-0.69207600
0.54017500
0.15635700
-0.37289400
-0.30974100
-0.28560700
-0.50270500
-0.30129000
-0.08890300
0.20497300
-1.08277000
-0.15825800
-0.74596300
-0.06508530
-0.65970500
1.35703000
-0.23731700
-0.49631800
-0.18442100
-0.13243100
-0.35712200
-0.01170050
-0.21927900
-0.16279000
-0.09692880
-0.14174100
-0.02495380
-0.72075200
0.09317830
-0.47962900
-0.54852600
0.35837600
0.19724200
-0.00397311
-0.81469500
0.34501800
-0.20317700
-0.51595800
-0.26285500
1.17920000
0.92534600
-0.80706700
-0.07688760
0.00662730
0.07434720
0.91884200
-0.63008800
0.48763500
-0.25287200
-0.13786000
0.18873000
-0.60025200
-0.68820500
-0.01795070
-0.86497200
0.61015500
-0.01982290
0.77893800
-0.69382900
-0.42385700
-0.10619500
0.44091300
-0.53681200
-0.82528500
-0.13243100
0.32297400
-0.22384700
-0.65718500
-0.25546600
-0.20179200
-0.57761000
-0.40007600
0.11283400
-0.76742400
1.07731000
-0.01564890
-0.09614920
0.78079800
-0.14268900
-0.64454100
-0.63652000
-0.51293700
0.10901100
-0.23794300
-0.58907500
-0.17267500
1.86548000
-1.34795000
-0.37172500
-0.45604900
-0.02539810
0.00831743
0.06065390
-0.53510300
-0.63311500
0.40407400
-0.27630600
0.35809400
-0.08622760
-0.32442600
-0.07117350
-0.24260100
0.04948790
-0.77766100
-0.75311100
-0.44318800
-0.49231100
0.27325700
-0.16467600
-0.44624500
0.44991100
0.00290645
-0.21457400
0.26088700
-0.56174700
0.73769400
-0.21540300
0.37145500
0.16065000
-0.63878900
0.10384200
1.23593000
-0.23709300
-0.27556000
-0.03932640
-0.18445400
0.61217300
0.77612100
-0.03587900
0.70603000
0.44700900
0.32815900
-0.14846300
-0.63557600
0.49151300
-0.22548900
-0.54689500
-0.26596100
0.24382200
2.29117000
-0.88704700
-0.14982400
-0.45636700
0.64995400
0.92700700
0.49645600
1.10254000
-0.05181450
1.88855000
1.33811000
-0.12150400
0.71572100
-0.40627600
-0.20689000
0.76746800
-1.30921000
0.13750900
-0.32778900
-0.15347300
-0.19700100
2.59034000
-0.80282200
-0.58295200
0.08127890
0.02001020
0.02417140
0.76459100
1.54642000
-0.38739100
0.18807500
0.96917500
-0.03051970
-0.62494000
0.07433560
-0.62864300
-0.18611200
-0.65376600
-0.45934500
0.23365000
-0.31517800
-0.21149700
0.36531500
0.45797000
-0.63823900
-0.24677500
0.59789600
-0.51479200
-1.03647000
0.12613500
-0.77963500
-0.18546800
0.17606700
-0.03465370
-0.85177000
0.72617500
1.03623000
0.26835700
-0.41107100
-0.40790200
0.31897600
0.35295200
-0.26938100
0.25139000
0.01671810
-0.97117600
0.36378300
-0.40186400
-0.18495900
-0.27754000
-0.21357800
-0.02437020
-0.53388200
-0.27475500
-0.54823900
0.85250000
-0.10176900
-0.33822400
0.38760900
0.84063600
0.47434600
0.27608900
-0.45902300
-0.56367100
-0.34655000
-0.36976800
-0.38349400
-0.63270500
-0.17388300
0.12478000
-0.54455700
-0.28931300
-0.44816300
0.09891020
1.07230000
-0.46422200
-1.15729000
-0.38137800
0.02755340
0.28987300
-0.18048700
0.11515700
-0.24002500
-0.50989600
-0.40707900
-0.83790900
-0.22207800
0.92534100
-0.40655200
0.00357597
-1.20251000
-0.40130200
0.12475300
-0.73293700
0.06719830
-0.45491300
-0.43164200
0.12831100
2.07970000
-0.43795700
-0.27549100
0.21984000
0.15896000
-0.69337600
-0.58481100
0.02461980
-0.20870200
0.11843700
0.84958200
0.02663510
0.81734400
-0.03108130
1.08518000
0.75237600
0.55105500
-0.38924600
0.83542700
0.16325800
0.82104700
0.02703870
-0.51405800
-0.39182000
-0.84792500
0.30740500
-0.43212100
0.13356100
0.38486800
0.52558200
0.08902840
-0.62502200
0.02204470
-0.46393000
0.62859000
0.08231080
0.50935500
-0.38444700
0.94366400
1.00382000
-0.59340300
-1.22001000
-0.66379800
-0.07834560
-0.37501600
0.34213900
-0.44043000
0.06898100
0.22096700
-0.46930600
-0.68747000
0.02713490
-0.03414200
-0.20216700
0.96119100
0.26268800
0.43424200
0.74614600
-0.17499600
-0.09918420
-0.19064000
0.26224700
0.22239000
0.13932000
0.04252160
-0.65632200
-0.76760800
-0.30570100
-0.92866600
-0.35008500
-0.49684000
-0.13540500
0.25079500
-0.76535100
-0.46620800
-0.41471400
-0.07053830
0.33960000
0.08531440
-0.13228000
0.30373200
-0.06374110
0.05829370
0.27107600
-0.68892300
-0.10694800
-0.02276800
-0.45710900
0.34724400
0.50764600
-0.19918100
-0.51114900
-0.28174800
0.14511400
-0.61675000
0.09539900
0.06833650
-0.11692700
0.22230100
0.20728700
0.84663400
0.76458500
-0.60866200
-0.40750600
0.43638100
-0.66218900
0.19302500
0.46493500
-0.37046300
-0.52181800
-0.60757600
-0.27441700
-0.13599400
-0.67471300
0.48245300
0.59560500
0.88580300
-0.31851500
0.69840700
-0.79374700
-0.05562130
0.20924400
0.09303380
0.08263100
0.04133330
0.54114600
-0.37446800
-0.08739090
0.07419890
0.47724200
0.47724200
-0.39013900
0.07730030
-0.16010100
-0.42581600
-0.34558000
-0.23433800
0.22445100
0.62534800
-0.76480600
-0.08892180
0.14072400
-0.15480700
-0.17382900
-0.30069600
-0.48445600
-0.10831900
-0.78188100
1.32012000
0.31085100
-0.12080700
-0.92927700
0.02405480
-0.02785630
0.02030480
-0.47719800
0.26976800
0.10428700
-0.20862000
-0.04262320
-0.67637700
-0.22758700
-0.54872000
-0.17209900
-0.44132700
-0.36788900
-0.86457000
-0.12513800
0.43095500
0.15351100
-0.83782800
0.80462900
1.19627000
-0.63473700
-0.24416000
-0.34470100
0.25367600
0.10022700
-0.80488200
0.08111210
-0.47338600
0.10481600
-0.56749200
-0.08657080
-0.21921200
0.36251400
0.55416600
-0.08004680
0.16602900
-0.24969000
-0.94266400
-0.32278300
0.30077700
-0.24347500
-0.39021200
-0.58696000
-0.22305200
0.00062696
-0.27868000
0.40751500
-0.11826100
-0.30105100
0.64440600
1.22065000
0.18921300
-0.52549000
-0.58590500
-0.17141700
0.23562900
-0.74457400
1.91914000
-0.73315300
0.23803800
0.11267100
-1.44843000
-0.34512700
0.40456900
0.35712000
0.16350600
-0.15636100
0.51061200
-0.56603300
0.26655000
0.16058600
-0.31355100
-0.08777110
0.03544570
-0.10336000
0.70087100
0.49409100
2.23855000
-0.73473200
-0.00694614
0.28769800
0.52886200
0.17321900
-0.05394850
-0.21137200
0.28366900
-0.04392200
-0.65299300
-0.12108400
-0.14676800
-0.34518800
-0.39470500
-0.31352400
-0.68325900
0.10261400
-0.01526580
0.07307870
0.02018220
0.34402800
-0.54487300
0.32968900
-0.02837000
0.36934000
-0.05064320
-0.52336900
-0.40085800
-0.17130800
-0.20802400
-0.05508520
-0.88992700
-0.46619600
0.11716800
-0.12419100
-0.08221770
0.43072500
-0.58037900
-0.24339900
-0.94644500
-0.28767900
-0.50482100
-0.13155700
0.51752800
0.08449510
0.09391180
-0.73352300
-0.52118900
0.90021600
0.86400300
-0.93459100
-0.66489300
0.27972500
0.17076400
-0.14957400
-0.32738900
-0.41849800
-1.73136000
-0.00548763
-0.62210200
0.09321750
-0.01186840
-0.19159500
-0.16819700
-0.12055000
0.58815600
-0.26302400
1.53490000
0.49005600
-0.24383600
-0.33634100
-0.05925880
-0.58138700
0.07425190
0.48495100
-0.16328500
-0.50773900
0.91094200
-0.30120600
0.50969300
-0.08701170
-0.45165900
1.39208000
0.30112400
0.46864300
-0.19775900
-0.52966800
-0.42898400
-0.89477300
0.42020500
-0.28373300
-0.39470400
-1.09933000
-0.14153900
-0.57041300
1.73849000
0.03201920
-0.37560000
-0.24762700
0.40072200
-0.71957700
1.87142000
0.42234600
-0.88174500
-0.70919600
-0.27394100
-0.58058200
-0.45865800
-0.38570400
-0.80636300
-0.21975200
-1.16193000
-0.24036600
0.95930200
-0.80351600
-0.49464600
0.02353680
-0.96692600
-0.67221200
0.56748500
1.02727000
-0.26975500
-0.23325800
-0.05881770
-0.74165500
-0.00818753
-1.27291000
-0.58101800
-0.10814100
-0.62305700
-0.52536700
0.40873900
-0.00706269
-0.22922700
-0.50280800
0.23449700
0.21142000
0.05095750
-0.30616400
-0.12343500
-0.69137200
-0.42978900
-0.10874800
0.86027200
-0.52780100
0.59258600
0.12479100
0.53584800
0.53739900
-0.02248650
-1.17151000
-0.70307300
-0.96295800
-0.30036200
-0.57928600
0.50612500
-0.09658900
-0.18577700
-0.16748500
-1.03265000
0.56027800
-0.18849800
-0.00195627
-0.60406800
0.88831600
-1.09196000
0.32885600
-0.51109300
-0.23793800
-0.21696400
-0.52692400
-0.16733300
-0.40986400
-0.40124100
-0.46662000
0.08910430
-0.08751900
0.57253600
-0.17587900
-0.09575250
0.01265690
-1.00153000
0.43989700
-0.40360800
-0.57928800
-0.81795400
-0.11612600
-0.23908000
0.30920800
-0.07637200
0.25349700
-0.51351400
-0.03998090
-0.06538410
-0.09984710
-0.42704700
-0.03925720
-0.37254900
-0.43654200
-0.26157900
-0.55714000
0.04636870
-0.47700300
0.04577080
0.36145400
-0.51357100
-0.09451960
-0.35886600
0.24495600
0.24005400
-0.88336700
0.27302800
-0.41101600
-0.32845900
-0.54072000
0.00726127
-0.63879000
0.13160800
-0.36275900
0.43035100
-1.07451000
0.10909300
-0.51376800
0.36412800
0.33408700
0.00240497
-0.79642100
0.39933200
0.40975000
-0.17946900
-0.32887500
0.48327700
1.07738000
-0.48415200
0.33164900
-0.18635300
-0.77696600
-0.09734890
-0.27860900
-0.28397700
0.33506000
-0.09820380
-0.25302700
0.44152800
-0.09835130
-0.37884800
0.40223700
-0.36303900
-0.14718200
0.24177700
-0.61199000
-0.49851700
-0.13547900
0.03083770
0.32758600
2.46039000
-0.66123400
0.27891200
-0.71649100
-0.35301800
-0.17523100
-0.83081900
1.20619000
0.78651400
-0.24917400
0.40975000
-0.02343680
-0.20715600
-0.03833330
0.72591300
0.45960300
0.21537100
1.66270000
0.74201600
-0.81355700
-0.13721600
0.01317540
0.70944600
0.07651570
0.41927800
-0.35140400
-0.65287400
-0.31433400
0.75932900
0.58440200
-0.53434300
-0.36645100
0.21754900
-0.69256900
-0.92337600
0.04976510
0.89466600
1.19532000
0.84793500
1.06611000
0.61658200
0.97933400
0.72621200
0.31950700
1.12093000
0.53140800
0.12698800
0.49104400
0.46211900
1.90087000
-0.30478800
0.00579333
-0.24622700
0.04051760
-0.79272500
0.04446660
-0.07085650
0.29971800
-0.38343300
0.43490000
-0.47610500
-0.70186000
-0.25480100
1.61474000
0.11094700
-0.55018200
-0.49401700
0.32677700
-0.31412600
-0.52675500
0.26493700
-0.35482400
-0.31639100
-0.51296200
-0.37665000
-0.02666400
-0.07315120
-0.12509500
-0.47995200
-0.34908300
0.39398700
-0.74342600
-0.85756400
-0.50622500
-0.33433400
0.29572100
0.01353810
0.55180300
0.01043220
0.65369100
0.73007700
-1.01644000
0.59440800
-0.22864600
-0.25846200
-0.28068100
0.12351200
-0.44298400
-0.12297700
-0.17274700
-0.40550800
-0.21114100
-0.67898700
-1.23851000
0.16772800
-0.18556200
-1.13071000
-0.41576600
-0.16927900
-0.35571800
0.09219590
0.09548790
0.21744400
-0.31169700
-0.37944900
0.11197100
-0.75915400
0.21088500
-0.76682900
-0.05111260
-0.65890300
0.18477100
-0.33089300
-0.01754240
-0.84482800
1.28552000
0.33473400
-0.79419800
-0.26007800
-0.09438360
0.03364430
0.25127100
-0.06646010
-0.54286100
-0.70598100
-0.21387400
-0.13941300
-0.18934700
-0.19434600
-0.32216000
0.36274800
-0.32227600
-0.72234300
-0.37502700
0.36610300
-0.49019800
0.11512400
0.06823480
-0.07061450
-0.79011900
-0.37014700
0.30286700
-0.60614500
-0.51119400
-0.07173280
-0.52212800
0.13101200
-0.59671700
0.14980500
-0.07737720
-0.23003200
-0.71273600
0.19644900
0.73378800
-0.08507220
-0.19330700
0.21623800
-0.23233700
-0.29673200
-0.08091220
0.25914900
-0.04440230
-0.23264100
-1.22070000
0.49688300
-0.40076700
0.34538800
-0.78629200
0.31112800
-0.93413200
0.57643700
-0.49547900
0.08342580
-0.21183800
-0.33071000
-0.53521000
-0.17754500
-0.45568000
-0.44856700
-0.07861880
-0.01940950
-0.71195700
-0.41131600
-0.01759370
-0.60461500
-0.50573100
-0.15802100
-0.37023800
-1.50340000
0.24118900
-0.00989362
-0.45132100
0.29358500
-0.62520400
0.11604700
-0.58791000
-0.58375400
-0.69446000
-0.19382600
-0.06627830
0.50980900
-0.55381500
-0.60151000
-0.05413990
-0.02699130
-0.87598400
-0.12288300
0.84686500
1.93634000
2.52844000
0.45105400
0.31103300
0.05846130
-0.50690700
0.07585770
-0.18356700
0.56804200
0.22852200
-0.24722500
0.30712500
-0.17170600
-0.03885260
-0.22221800
-0.22662900
-0.03991000
-0.05235720
0.06633250
-0.30027000
0.40882400
0.39124600
-0.51726300
-0.45697600
-0.39040400
-0.28505000
-0.91513300
-0.32087000
0.52092100
-0.75887400
1.13836000
0.19717700
-0.28088200
-0.34901800
0.34489600
-0.16398400
-0.61180200
0.03610460
-0.63149200
0.64581700
-0.02635060
0.94321100
-0.51948400
0.12371800
0.36067600
0.42767700
0.02230530
-0.25284900
-0.20448100
-0.36276700
-0.41186200
-0.62965900
-0.19376000
0.49994200
-0.63480900
0.21126300
0.07286120
-0.21438800
-0.37558700
-0.02576030
0.03591780
0.03657440
-0.41649800
0.02441490
0.12169000
0.08724700
0.28459600
2.19556000
-1.03779000
-1.01761000
-0.58433200
0.72697200
-0.56992600
1.00958000
0.04250140
0.28404700
0.96190400
0.54337200
-0.53764500
-0.29283500
0.03894930
-0.11209400
0.00898704
0.04962930
2.32350000
0.20842900
-0.62151900
-0.04257300
-0.68626900
-0.21973400
-0.23934400
0.51757000
0.47055200
0.88097700
-0.24706000
0.57140800
-0.45984100
0.67988200
0.34342300
0.21707600
-0.18981700
0.41624600
-0.01455540
-0.62134100
-0.39331200
0.82197300
0.54275400
-0.14226400
-0.13239500
-0.01700070
1.28266000
0.63287400
-0.52250700
1.03207000
0.23300700
-0.35279300
-0.41503100
-0.34322300
-0.21514700
-0.19527400
-0.08874850
-0.20510500
-0.03317420
0.33264400
-0.44431200
-0.99678400
-0.20042000
0.82580700
-0.26626200
0.32969500
0.51735000
-0.04462730
0.39551900
-0.52931400
3.03645000
0.70721000
0.15454200
-0.12161900
-0.18148800
-0.18800300
-0.42565400
-0.19608100
-0.01988630
-0.03982610
-0.25844000
-0.27389700
-0.63649700
0.26034100
-0.26609100
0.09975750
-0.95542800
-0.61465400
-0.61432300
-0.19409100
-0.35366100
0.10654400
0.07645170
0.18846300
-0.01439490
-0.03518550
0.04903020
-0.28715400
-0.20086600
-0.32725900
0.10446700
-0.42137000
0.89849100
0.13359400
-0.14808000
-0.24810500
-0.47415400
-0.39291300
-0.04257820
-0.05930670
0.05129670
0.04760780
-0.33461800
-0.42696200
0.04480790
-0.28746400
-0.39623400
0.08674190
0.27702400
-0.21974900
-0.48142800
-0.08006620
-0.14616900
0.32391800
-0.04801270
-0.22832900
-0.63054800
0.14709200
0.27200500
-0.81213400
-0.15974400
0.19990600
-0.83243400
-0.66073800
-0.10098000
0.90961800
0.66411000
-0.11323200
-0.00237130
-0.56658900
0.16032600
2.21048000
0.03275290
0.14882100
-0.03082110
0.05572630
0.15383700
-0.15830000
0.24485200
-0.46900500
-0.52461400
-0.44090500
0.16489600
0.14622100
0.35422000
0.34349400
0.01855480
0.16367700
0.57079600
-0.78268100
0.14662000
-0.54948900
0.32389800
-0.64545500
0.59034200
-0.33469600
0.16777600
0.10000700
-0.16179900
0.36419700
0.08927780
-0.04177860
0.21105500
-0.50558100
-0.40963500
-0.36259700
-0.12809700
-0.43886700
-0.20453200
-0.78596400
-0.04024010
-0.10862900
-0.54718900
0.05867860
-0.24848700
-0.32370600
-0.90228300
-0.61858500
-0.30141900
0.53742200
-0.39397600
-0.28647300
-0.12036900
-0.51502600
-0.47819200
0.02129060
-0.26953000
-0.53898000
-0.15667400
-0.51263900
-0.63509600
-0.47587300
0.08517110
1.92627000
-0.24087400
0.91890600
-0.41011100
-0.03715150
0.99420300
1.05350000
0.11507000
-0.63478400
-0.86745100
-0.79521700
-0.02232410
-0.05156470
-0.53977200
-0.38151600
0.22668400
-0.15308600
-0.00688720
-0.25242300
-0.56237300
-0.17918700
-0.04632690
1.88749000
0.58671800
-1.05857000
-0.15938300
0.03292550
-0.15268100
-0.17060500
-0.05951810
-0.74418700
-0.67894200
0.11635100
0.35787900
0.46399900
0.27954700
0.16493200
-0.47726700
0.29552500
-0.24715000
-0.39775300
-0.03450360
0.87853700
-0.55138600
0.26291500
1.55427000
0.81391300
-0.19345100
-0.20510300
-0.99413900
-0.64751000
0.23568100
0.16606400
-0.90515000
-0.78116000
0.42056800
3.51907000
1.06859000
0.49023700
0.07391520
-0.06537780
-0.00700066
0.32461600
-0.64985800
-0.96827300
0.05659760
-0.17864400
0.42530100
0.26784500
-0.35557500
0.40638500
0.55786900
0.01475970
-0.12510600
-0.25629300
0.04553550
-0.00154659
0.02370460
-0.26098300
0.37854400
-0.06877390
0.13232800
-0.33034900
-0.08166370
-0.11263600
0.12992000
1.77302000
-0.24304300
-0.46863300
-0.71583300
-0.83783900
-0.17111900
-0.25001400
-0.53157400
0.85741200
0.39220200
0.00756813
-0.15374000
-0.01454060
-0.80933300
0.69273800
-0.37751800
-0.14279300
-0.18577300
0.75266200
-0.23031800
-0.23808200
-0.11991000
-0.45087400
-0.70805700
-0.24979100
0.51801700
0.87657700
0.28407800
1.41602000
0.51715800
1.22441000
0.46473400
-0.16754900
-0.40494700
-0.22951200
-0.12134100
-0.13869600
-0.29898100
-0.04289320
-0.16037900
-0.08460680
-0.42866400
0.00680967
-0.62257900
-0.12657300
-0.78947200
0.14888100
-0.50227700
-0.92155800
0.57645200
-0.97950100
0.43096000
-0.05703330
0.33858000
1.23388000
0.18575100
-0.45273600
-0.50053100
-1.02365000
0.10935200
-0.50209900
0.19565700
-0.02688370
-0.40423000
0.46358600
-0.49723500
0.63936000
-0.32629100
-0.44895800
-0.42501100
-0.23454100
1.17027000
-0.69603000
0.37396400
-0.64278400
0.01122880
-0.30192100
0.14292000
-0.23417100
-0.27861800
-0.26462700
-1.61135000
0.10479700
0.04640020
-0.99122800
-0.09696260
-0.31168900
-0.23649300
-0.22203700
0.31021100
-0.36615900
-0.36179200
-0.26452700
-0.16327300
-0.20225700
0.96625300
-0.42060400
-0.60562200
-0.20929500
-0.48056800
-0.45222900
-0.74037800
-0.23798700
-0.47517000
-0.37935900
-0.56002500
-0.10863800
-0.52454300
-0.12992200
0.53886700
-0.18742900
-0.05310430
0.19384500
-0.32473000
-0.19961800
-0.37408500
0.06769560
0.13817800
-0.46351100
0.14490500
0.21335300
-0.01604580
-0.86137200
1.18682000
0.02155580
0.29968600
-0.62004900
-1.04084000
1.10739000
-0.58529300
-0.07869870
0.41962300
-0.27075600
-0.45842000
0.10467600
0.08424500
-0.43760100
0.10468700
0.32584700
-0.36967200
-0.41606400
-0.37762700
-0.78820400
0.06314400
0.47724400
0.23916500
-0.41410800
-0.74591900
-1.29646000
-0.24450200
-0.11426800
-0.49154800
0.26636300
-0.27992800
0.13285600
-0.44610000
1.12399000
0.08132300
-0.34065000
-0.15243500
0.15690800
0.20979300
-0.05024580
-0.64270800
0.79735200
-0.24621700
-0.06604650
-0.00230020
-0.27267700
-0.67391500
-0.05931610
-0.28246300
-0.21893800
0.74481200
-0.80822400
0.36236500
-0.48437800
-0.07774110
-0.39287600
-0.08422730
-0.24582400
-0.63786400
0.12177400
-0.59073600
-0.21055500
1.06118000
-0.21844200
-0.31628900
-0.20914300
0.42002300
-0.65770700
-0.15983000
-0.61202600
0.04874170
-0.66696800
0.31374600
0.26828900
-0.36277600
-1.18982000
-0.27953700
1.44587000
0.79996400
-0.66250000
0.01880810
0.32054500
-0.09251430
0.57542300
0.07234150
-0.40367000
-0.57494700
-0.59762900
-0.55874100
-0.45844700
-0.00759685
0.24788900
0.18834100
0.09046100
-0.61416400
0.12813600
0.03988400
-0.80750700
-0.40928700
-0.23804300
0.14221500
-0.42866400
-1.01438000
-0.42845200
-0.79338800
-0.19426500
0.87286400
-0.54771200
-1.02242000
-0.00983828
-0.43555900
-0.28545600
-0.33385200
-0.30163600
0.42849000
0.06287640
-0.63120400
-0.42266400
-0.00828704
0.85008500
-0.62342200
-0.77981800
-0.46672500
0.00246256
0.26671000
0.30692800
-0.60036100
-0.49079500
-0.18443700
-0.37156900
-0.53620700
-0.50285400
-0.22412400
-0.18105700
-0.36551100
-0.21969900
-0.79287500
0.28578000
0.19724800
0.19775800
-0.33106400
-0.18165600
-0.64694100
0.16459100
-0.07204640
-0.42264600
2.06783000
-0.37997900
-0.01462630
-0.08395160
-0.11529700
-0.34794400
0.58943400
-0.23712400
0.45453700
0.26220700
-0.94728500
-0.47077800
-0.34579600
0.36499300
-0.32372600
-0.12447900
-0.45223500
-0.24690600
0.12670800
0.01033560
-0.38512900
-0.31411100
-0.57164600
-0.54824000
-0.34031300
-0.17272100
-0.28012200
0.54992100
0.53257100
-0.37120000
-0.31806500
-0.06397370
-0.13120300
-0.01283400
0.08361190
-0.13762400
1.15500000
-0.22803700
-0.16616800
-0.68956100
1.29871000
-1.06245000
0.62674300
-0.32774500
0.30328100
-0.49693300
-0.32897900
-0.24588300
-0.54674200
-0.13782400
-0.70269900
-0.67457100
1.14187000
-0.07931740
0.05458920
-0.02905270
-0.64270700
-0.33653300
-0.28417000
-0.80385100
-0.95395100
-0.43411700
0.44890800
0.50162400
0.27913100
4.08703000
0.68272200
0.58694000
-0.21793300
-0.12279700
0.51347000
0.76547600
0.15109000
0.20435900
1.00233000
-1.05121000
-0.05037540
-0.41783800
0.03178770
-0.47755500
-0.11757700
-0.57923100
0.00292043
-0.37916500
-0.55776100
-0.37263800
-0.00047067
-0.32071100
-0.52143000
-0.11246600
0.53867000
-0.28348000
-0.48768700
-0.19629200
0.13414100
1.03108000
0.28011100
-0.35611300
-0.07851970
-0.00857877
-0.09073670
-0.05735100
0.14297200
-0.09438380
0.54686100
-0.07060820
-0.24148000
-0.92514300
-0.03051270
-0.31239500
-0.21094900
0.88363000
0.66456400
1.11240000
0.40505400
-0.50660800
-0.20584700
-1.08698000
0.48168900
-0.09767650
-0.60721800
-1.30022000
-0.74747600
-1.10293000
-0.45697200
-0.17716900
-0.25630100
0.05925260
-0.12094900
0.84592900
-0.21912600
0.60067500
0.03004610
-0.22279900
-0.63726200
-0.05389840
0.03022960
-0.29583800
-0.50223200
-0.81505400
-0.21090000
-0.53536900
-0.44140600
0.66426000
0.21739300
-0.18764100
-0.81347100
0.40942900
-0.45390200
-0.09441740
-0.17107400
0.50906100
0.01242010
-0.14277900
0.38868400
-0.68218600
-0.43437600
-0.25356100
0.51036400
0.22804900
-0.36576500
-0.19497100
-0.98974900
-0.20291800
-0.46369600
0.20412700
-0.60921400
0.21442700
-0.19859600
-0.94134200
0.14829700
0.71980000
-0.43038700
-0.26413000
-0.65528700
-0.44012600
-0.29061800
-0.52539400
0.11805800
0.33602300
-0.47130000
-0.05753720
-0.59921300
-0.33966200
-0.93378600
-0.11335700
-0.66312900
0.23787200
-0.38563700
-0.36922400
-0.41987300
0.02128860
0.06468640
-0.24851300
0.78518700
0.45944600
0.94548100
0.19935700
-0.50732900
-0.34540800
-0.27103600
-0.17795800
-0.54599600
0.56733400
0.25744900
-0.78569300
0.23099200
-0.57416300
-0.14122500
-0.25160500
0.01162820
-0.52421200
-0.06541460
0.02330590
-0.59784400
-0.37949900
-0.54995100
-0.62661200
-0.34059100
-0.37278800
-0.75644100
-0.35401800
-0.45484200
-0.02488750
-0.13021600
0.38819300
-0.27160200
-0.21308700
0.23539900
-0.14283100
0.54704700
1.12045000
-0.37071200
-0.39378300
-0.49642200
-0.94450700
-0.60687600
-0.64455400
0.27139100
0.11442200
-0.56318700
0.45603100
0.00401950
0.61947600
-0.20925900
-0.41391000
-0.20809900
0.97117000
-0.59285400
0.76505100
-0.03694760
-0.46891500
-0.77694000
-0.12473800
0.56331400
-0.95492000
0.64395800
1.48622000
0.47737800
0.42857800
-0.45594500
-0.52592800
-0.67521500
0.30376600
0.49471400
1.14688000
-0.02659980
-0.15063100
0.18235500
-0.71176500
-0.51458900
-0.71016200
0.34651500
0.52329000
-0.04699290
-0.42596700
-0.60429300
0.33828300
-1.04378000
0.07283470
-0.06226680
-0.90213000
-0.90385000
-0.62970900
0.08017790
-0.41182500
-0.92010400
2.44449000
1.45889000
-0.48720300
0.40685500
-0.35205700
0.52115700
0.04850500
-0.46361400
-0.17976800
-0.19506600
-0.73052800
-0.58557100
-0.79785800
-0.08898360
-0.72712500
-0.55432000
-1.47296000
-0.17858400
-0.26196700
0.01063670
-0.64645300
-0.01512690
-0.81994000
-0.81929400
-0.73236100
0.41405500
-0.49234500
-0.71508700
0.72586500
0.67684200
-0.09864560
-0.80620000
-1.11584000
-0.04309060
-0.08748870
-0.17358600
-0.51619100
-0.80794400
-0.79162100
0.40675300
-0.16019300
0.10758300
-0.07014340
1.24167000
-0.14326600
-0.34509600
0.95707500
-0.57190000
-0.51952600
-0.34253800
0.30070400
-0.27156000
-0.48642000
-0.19447600
1.55450000
0.40547600
-0.08777540
0.07078860
0.28224000
-0.05067520
-0.30416900
-0.34374600
0.72689500
0.61807600
0.15405500
2.75228000
-0.10165000
-1.00219000
0.00772935
1.28505000
0.25858200
-0.54522500
-0.31014000
-0.43677600
-0.32347200
-0.35092600
0.09644990
-0.07303570
0.05049170
-0.63457800
-0.79009600
-0.14531800
-0.33996600
0.40872700
-0.25444500
-0.55484700
-0.70615200
-0.05520940
-0.20996000
0.00106627
-0.68479900
-0.13105500
-0.23030500
-0.31213900
-0.03408650
-0.03375490
0.32079300
-0.45601600
0.59695100
-0.36667700
0.01761940
0.00283918
0.03703680
-0.89900100
-0.37209700
-0.79877300
0.04334890
2.60275000
1.82202000
-0.79481000
-0.35595100
1.08519000
0.12993600
-1.00486000
-0.80757600
0.36109500
0.56543800
-0.02523270
-0.16734600
-0.48169700
-0.02841190
-1.03579000
-0.65250200
-0.34966900
0.30149200
-0.01263170
-0.45426300
-0.63545300
-0.37249800
0.30358600
0.15825800
0.91817400
-0.18824400
-0.25486900
-0.65953700
-1.40422000
-0.01442790
-0.22314300
0.02657490
-0.44454600
-0.17747000
-0.65404400
1.30661000
0.84459300
-0.13025600
-0.34145700
-0.87604300
0.02080770
0.31317500
-1.06666000
-0.47012100
-0.60865700
0.02489020
-0.45582200
-0.46348600
-0.09001830
-0.62888600
-0.39674900
-0.37971800
-0.60959100
-0.50633900
-0.02836850
1.10521000
-0.55377900
-0.63813700
-0.58963600
0.03409870
0.98008000
0.95661200
-0.23615100
-0.40050300
-0.15590300
0.60226300
-0.99831900
-0.24180400
-0.43565000
-0.48057900
-0.34713200
-0.08936390
-0.17445300
1.14563000
0.85235200
-0.64044000
0.52313100
0.26758100
-0.62909000
-0.81791000
0.70333400
0.11177300
1.40923000
0.48763800
0.89701900
0.16823100
0.37555600
0.02807360
0.66589900
-0.25945100
0.53491500
-0.07454740
0.07697570
0.35282700
0.73167600
-0.43575200
0.46779800
-0.41900400
-1.14141000
-0.18456700
-0.91320200
0.39704500
0.04792730
-0.66944100
0.14063600
-0.10708900
0.49018600
-0.51128500
-0.30494300
-0.08949400
-0.29032800
-0.28139900
-0.29715900
0.16653000
0.09396080
1.27014000
-0.29931000
0.57150900
0.38585000
-0.32461900
-0.08898140
0.08207200
-0.93815200
-0.11629500
-0.33586600
0.37146100
0.68380100
-0.79494800
-0.69974200
-0.25821100
-0.41859000
-0.63945800
0.14783100
-0.26868100
0.02480470
-0.40949200
-0.05235600
0.06253840
-0.57904400
-0.65658800
-0.38527300
-0.18116100
1.43089000
0.53278400
-0.52789500
0.87316400
0.30232100
-0.29562500
-0.23376100
-0.13771800
-0.67257900
0.50945900
0.51389100
0.30340100
0.34243400
0.61683100
0.08509650
0.47168900
1.44685000
-0.67198400
0.19366900
0.22557600
0.03529060
0.38544000
0.82886900
0.49612800
0.19203100
-0.44079900
-0.16563500
-0.10476200
-1.02831000
0.05768470
0.87964400
0.08609980
1.57063000
1.65617000
0.01724620
-0.15597100
-0.06484340
-0.57971300
-0.02377130
0.02672420
-0.12670600
-0.17335000
0.50948800
1.08659000
0.03966460
-0.54968800
-0.11072700
-0.25789700
-0.79485100
0.07902910
-0.81360800
-0.55192800
0.32265900
-0.42381000
-0.89445800
-0.22143600
-0.04931870
-1.17706000
-0.70682200
-1.00657000
-0.45108000
-0.34603200
-0.55678100
-0.91623200
-0.47837800
-0.78666900
-0.68465500
-0.23165700
0.00380181
-0.50461900
0.33653700
3.03594000
-0.71980900
-0.67554500
-1.10338000
-0.28295500
-0.07158950
-0.27624000
-0.23935700
0.45161800
-0.54692100
0.10790100
-0.99644600
0.00306907
0.35872800
-0.07410290
0.55939200
-0.30017100
-0.31987100
0.07329100
0.30237000
-0.02708130
-0.46415500
0.19738100
-0.16636000
-0.56219800
-0.29020800
0.76147700
0.29708100
-0.58426200
-0.01628370
2.23263000
-0.20149400
0.02823800
-0.12245700
0.21505000
0.48963900
-0.06367250
-0.45453900
-0.15151300
-0.45788200
-0.57449900
0.11999900
-0.52381600
-0.06286760
0.06682930
0.15069100
0.04249720
-0.43466900
-0.05280130
-0.18179000
-0.30649700
-0.53287100
-0.38869500
-0.58107300
-0.00849820
-0.28549600
0.18805600
-0.00537383
0.06769010
0.06782170
0.03266160
-0.08120350
-0.28176000
-0.41065400
0.13755200
-0.15185800
-0.70679700
-0.08856690
-0.51054900
0.99713900
-0.12388600
-0.50709700
0.16676900
-0.51722500
-0.73090000
-0.10182100
-0.25711500
-0.42951000
-0.34546700
0.23086100
0.59279500
-0.21194900
-0.71324200
-0.18587500
-0.27121200
0.53443200
0.07333040
-0.44035800
-0.01826820
0.30949900
-0.41167400
0.94239200
0.20407800
-0.24035800
0.56453400
-0.21265800
0.14841800
-0.34164900
-0.08996130
0.88995500
-0.97589700
-0.12953800
-0.02450080
-0.59673100
-0.69427800
-0.52291000
-0.08780350
0.25813600
0.01758050
-0.06636630
-0.99155800
-0.38892400
0.30749500
0.07136770
0.33157800
-0.60900500
-0.05543190
-0.61133000
0.48413200
-0.13894600
0.13694100
-0.05314760
0.21803600
-0.53175300
-0.06529340
-0.58354900
0.23439000
0.76091200
-0.16504500
-0.72986100
-0.28075500
0.07468410
1.02772000
0.29135000
0.51491300
-0.44130800
-0.54465800
-0.30976300
-0.41419700
-0.17324000
-0.73985400
-0.16332400
-0.46187600
1.00200000
1.11710000
-0.22721200
0.40398000
0.96021000
-0.46851700
-0.36459000
0.56822000
-0.37050000
-0.30111500
-0.04945930
0.14865700
-0.52815900
-0.20158700
-0.08140670
-0.52153600
-0.85380700
0.35713300
-0.55325600
0.12461600
-0.83689000
-0.11057200
-0.23369800
-0.68846600
-0.07657580
-0.46911400
-0.84084800
-0.30843600
-0.83285000
0.26850500
0.10734500
-0.26519100
-0.62248600
-1.06091000
-0.10391300
-0.81326500
-0.16192200
0.06996420
-0.30615100
-0.54472700
0.41700900
0.13550400
-0.08246370
0.40681300
0.37401000
0.22617700
-0.29902900
-0.57542000
-0.40137000
-0.11259300
-1.09250000
0.15598600
0.45163400
-0.64493100
-0.11634000
0.51106200
-0.62020300
-0.57479800
0.69944300
-0.15101600
0.25636200
-0.79731900
-0.22185600
0.40840900
-0.86941800
0.62745700
-0.26781900
0.16072400
-0.08219180
0.23676200
0.21548400
-0.14563100
0.25979000
0.12460000
2.53509000
-0.32120500
0.81249900
-0.69724900
-0.26191000
-0.46362600
0.25767300
-0.33509000
-0.40726200
0.05160570
-0.36837800
0.44836500
-0.11053900
-0.27604000
-0.28379700
-0.64167000
0.51006500
-0.73966100
-0.22450100
-0.53428400
-0.32802100
-0.37952300
0.21395200
-0.18863400
0.56291100
-0.61380800
-1.28695000
0.03974180
-0.38712100
0.24527400
-0.30410000
-0.29186300
0.03086130
-0.38444400
0.36540800
-0.46411700
-0.34910400
-0.57762800
-0.17902600
-1.07250000
-0.18987100
-0.24739500
-1.20184000
-0.42595100
-0.33777400
-1.31004000
-0.34871400
0.17623400
-0.14126500
-0.16926900
-0.11946500
3.13273000
-0.47143600
-0.21988800
-0.30571800
0.12498200
0.16237900
0.67475900
-0.52699500
-0.73427300
0.11965600
0.17181200
0.07828130
0.42778200
-0.34774800
-0.33741500
-0.67344700
-0.21295600
0.04237360
0.02020910
0.06117380
-0.63650800
-0.54855100
-0.32786900
0.15500100
-0.93355300
-0.06564070
0.87708400
-0.33882100
-0.29152600
0.50044700
0.41029100
-0.22046800
0.54722000
0.47160300
-0.72659400
-0.89277900
-0.20050700
0.15669300
-0.42431500
-0.17449400
0.02190380
0.19056800
-0.02085730
-0.55390600
-0.27724200
-0.06142820
0.16316300
-0.42555000
-0.79975800
-0.57077100
-0.63886000
0.03815340
-0.97486500
-0.40228100
-0.33030900
-1.15790000
0.46814400
0.66237800
0.36742200
0.89276700
1.47780000
0.14428000
-0.55403700
-0.42974900
-0.07616320
-0.23988800
-0.36872100
-0.77636700
0.33174200
-0.14123100
-0.94976100
-0.76362800
0.02479740
-0.35551700
-0.74101800
-0.18937700
-0.50654800
-0.38130700
-0.67239700
0.19872500
-1.16888000
0.21255500
-0.22256700
-0.59496800
-0.11286600
-0.46685900
-0.29793100
-0.37912100
0.11978000
0.31242300
-0.05794900
0.09370570
0.10405400
0.17267900
-0.55348600
-0.21926200
-0.07514570
0.09613170
0.65051500
-0.19720300
-0.01888810
-0.97105100
1.67116000
-0.34756900
-0.36687100
1.21525000
-0.60380800
-0.21028400
-0.06609320
0.33617400
-0.36472400
-0.32703300
-0.49170800
-0.49464500
-0.23444500
0.54661500
0.86057500
-0.51797800
0.82355900
-0.34509700
-0.21754200
0.30252500
-0.98365400
-0.18265700
-0.11467800
-0.32670000
-0.47227200
0.83829500
0.72242700
0.44903800
0.21752000
0.13867900
0.64697200
0.26987200
-0.96084400
-0.58658000
0.40474000
-0.76553700
-0.66147400
-0.38986300
-0.56808400
0.45292700
-0.08073140
-0.06528810
-0.09550430
-0.37342500
-0.63641300
-0.36855300
-0.68687500
-0.16396200
-0.68396600
-0.31824100
-0.16805900
-0.66560400
0.57084000
0.50364800
0.32832400
0.82010200
-0.26483300
0.38007600
-0.37242900
-0.46430700
-0.17186400
-0.39737000
-0.01684420
-0.31827700
-0.40978700
-1.12365000
-0.89195200
-0.07448830
0.44786600
0.17102500
0.33739400
-0.46128000
-0.15571600
-0.95528100
-0.52653600
-0.94739400
-0.64117700
0.28015600
-0.70599900
0.09619970
-0.50287700
0.83523000
1.87130000
0.65247200
0.13436100
0.02343330
-1.22503000
-0.91434500
0.69299200
-0.28798700
-0.38288400
-0.07403690
-1.66138000
0.25529000
-0.25193700
-1.28513000
-0.17288900
0.06707260
-0.54485500
-0.23427000
0.49023400
-0.57457100
-0.04369340
-0.14334000
0.21922700
0.04350290
-0.23463600
-0.75053700
-1.60003000
0.10218500
-0.44363200
1.03384000
-0.27100100
-0.26035200
-0.48128300
-0.15592200
0.02818210
-0.12869900
-0.28944700
0.22482600
0.12047400
-0.09032660
0.00180001
-0.35946200
0.27139500
1.36659000
-0.07380120
-0.82360300
-0.17789900
-0.21108700
-0.87385000
-1.05733000
0.22954000
-0.00294218
-0.06119800
-0.02655650
-0.26123000
0.08408760
-0.08989180
-0.58409800
0.01773160
-0.47234800
-0.16877300
-0.29871500
-0.83475000
-0.30684800
-0.55876500
-0.02141170
0.34441200
0.56521000
-0.16020500
-1.21468000
0.08967240
-0.59613900
-0.14344000
-0.11536900
-0.66117100
-0.74307300
-0.34132300
-0.24877100
0.05566640
-0.19828200
-0.62229500
-0.30899400
-0.14108500
-0.43210900
-0.23364400
0.31741500
-0.37013100
-0.26214100
1.05702000
0.63743600
0.31579300
0.21860100
-0.05837610
0.68953800
0.20413600
-0.15689000
-0.73459900
-0.79426200
0.88664800
-0.25966700
1.67728000
-0.60120800
0.11411800
-0.90381300
0.28435800
-0.87926200
0.00853793
0.87713200
0.22832800
-0.27719000
-0.01224660
0.01913520
-0.12214400
-0.75343000
-0.84781900
-0.17792600
0.39758500
-0.34232900
-0.37013700
0.05854890
-0.19492400
-0.41930200
-0.49226100
-0.47068600
0.05876980
0.07236160
-0.07972810
-0.07423290
-0.94631500
1.30316000
-0.47331400
0.39263000
-0.37831800
0.36237200
0.21778800
0.10569500
0.85033500
0.51445000
0.67080300
-0.08398740
-0.52879600
0.89674800
-0.14587100
-0.20997300
-0.57730100
0.43296600
-0.10881100
-0.09575390
-0.39903900
-0.69740400
-0.59612400
-0.15088600
0.50424100
0.31000400
-0.39991800
-0.55259400
-0.05303860
-0.56158900
-0.49548700
0.07937440
-0.22274600
-0.00932657
-0.05559340
0.14232000
-0.02197640
-0.37439200
0.11032000
1.40481000
0.39341000
0.02628800
-0.05870870
0.05491380
-0.78209800
-0.26507800
-0.29606900
0.01325980
-0.49210500
-0.26096300
-0.32918800
-0.23556300
0.53238900
0.18112300
0.39269500
-0.24709800
-0.47894700
-0.73402900
-0.29658700
-0.27063600
0.25173600
-0.23498900
-0.73256600
-0.61502400
-0.48763400
-0.58226200
-0.04848430
-0.50878500
0.65646100
0.10374300
-0.30411400
-0.20219800
-0.05175450
-0.04780480
0.29107000
0.46488400
-0.43245100
0.40425600
1.36627000
-0.05114640
0.78735900
-0.46707000
-0.35891300
-0.21342800
-0.35877400
0.47783500
-1.11033000
-0.14094500
-0.40012300
-0.39142200
-0.84863100
-0.53992900
-0.57447800
-0.10165200
-0.15359000
-0.13352300
-0.27908700
-0.86512900
-0.49769700
-0.48384100
-0.53111900
-0.69599700
1.16215000
1.01479000
0.51852500
-0.45904300
-0.12970100
0.75649900
-0.14140700
-0.09363030
-0.24033600
0.44001100
-0.79545200
0.40402000
-0.01229120
-0.70324000
0.18009500
0.54588400
-0.40954200
-0.04331440
-0.87516900
0.02356620
-0.43769500
-0.89426600
-0.51832100
-0.15665700
0.21336200
-0.50865100
0.06315420
-0.75618500
0.76549500
-0.52250400
0.23061900
0.10510900
-0.49765800
0.12448300
-0.18104700
0.20014800
-0.67932500
-0.78779900
-0.19998600
-0.83861600
-0.76934500
-0.00540057
-0.24428500
-0.41694400
-0.49890200
0.25655300
0.00965696
0.21555200
-0.31487200
0.14508300
-0.70483100
-0.19620600
-0.51767900
0.09346250
1.62195000
0.06382480
-0.94679800
-0.49800000
0.02854330
-0.10454600
-0.46088800
-0.21441600
-0.19689600
-0.62318100
0.05306540
-0.41158500
-0.40707500
0.25954500
-0.02060260
-0.10558600
0.19225300
0.03321070
-0.14300200
-0.17064400
0.45987200
-1.11089000
-0.63529800
-0.65830300
-0.59426500
-0.79138100
-0.62701200
0.18698000
-0.23814300
-0.71007600
-0.65084400
-0.83216100
0.40654300
0.84082200
-0.40521100
0.35547200
-0.10345100
-0.67726100
-0.36498100
0.40436900
0.21052600
-0.29518900
-0.57527100
-0.31746500
2.40775000
-1.29684000
-0.31980500
0.17587400
-0.33551400
0.70768300
-0.18656500
-0.15628200
-0.11997300
0.79854300
0.28547100
0.31530000
0.00291606
0.18290000
-0.04361110
-0.40484800
-0.10144000
0.13926700
-0.40494100
-0.66977900
-0.94852000
0.43195300
-0.32066100
-0.80044600
0.04928550
0.15940700
-0.47580400
0.14389000
-0.25535400
-0.48359200
-0.99666600
-0.04346680
0.20514200
0.70035500
0.29661200
-0.10422500
0.40623900
-0.87139600
0.33497900
1.29288000
-0.65916200
-0.17435800
-0.17415600
-0.38879700
-0.91478800
-0.56794000
-0.21527400
-0.53954600
-0.54698700
-0.06134240
-0.15829800
-0.19701300
0.12297600
0.42352100
-0.40932900
-0.02327630
-0.03867530
0.25823100
-0.00521172
-0.27706200
0.07670910
-0.11306800
-1.38383000
-0.42674000
-0.13018200
0.55840900
-0.28450800
0.14354400
-0.71095700
-0.58112000
-0.28813800
-0.72007800
-0.51816300
-0.92550900
0.06966810
-0.15087000
-1.39950000
0.43028500
0.05135360
-0.70972800
-0.91514100
-0.34384000
-0.25805400
-0.86584100
-0.26254000
-0.13233400
-0.76784900
-0.36998900
0.76159300
-0.82999900
1.51772000
0.16312800
0.28494900
-0.25014600
1.07907000
-0.12270900
-1.01212000
-0.19250300
-0.44190600
0.56511700
-0.23948500
1.64405000
0.74080600
0.58540600
2.39207000
0.44077600
0.99887300
-0.13115200
0.63897000
-1.07573000
0.36517800
0.35085300
-0.12569700
-0.72380600
-0.19866000
0.58037000
0.57026600
0.52215800
-0.69903200
-0.06463800
0.18123500
-0.18369200
-0.43303100
0.41274500
1.16531000
0.77720900
0.78235000
0.10518200
0.78148100
0.57828300
0.23003700
-1.08731000
-0.43502100
0.13697200
0.55834700
-0.22540600
-0.62828400
0.01281160
-0.66848500
-0.81793100
-0.01813960
0.20857600
-0.46627900
0.17133900
-0.01451020
0.36784700
0.11699200
-0.49945400
-0.70275300
-0.00799997
0.54615300
-0.58208800
0.20976000
-0.58598200
1.18167000
-0.53963900
-0.22008500
-0.20527800
-0.41963000
-0.70923300
-0.29972500
-0.38295800
-0.13880600
0.02763090
-0.39743600
-0.68864300
-0.69380000
-0.63085500
0.10660400
-0.06180720
0.54541900
-0.25895600
-0.25501500
-1.19790000
-0.07134000
-0.62801000
-0.57396800
0.29718800
-0.92921100
-0.42448100
0.16832900
1.41650000
-0.44250100
-0.39351800
-0.71195600
1.18091000
-0.11041100
-0.14780800
0.26143700
-0.00304013
-0.07392090
0.01433440
-0.27631800
0.26683500
0.53773000
0.54830400
0.56015600
-0.73884800
-0.82171100
-0.09733220
0.17442600
-0.36733700
-1.43422000
-0.27781800
0.07468100
-0.80595900
0.69919700
-0.08704890
0.46800000
-1.16541000
-0.03697110
0.76720200
0.24138000
-0.54902500
-0.72851000
1.00631000
0.22956000
0.81789900
-0.13464600
0.87999200
-0.02758760
-0.95314300
-0.48301500
0.24208300
-0.68883600
0.32050900
-0.02880910
2.42625000
1.24972000
0.08877010
-0.46238100
0.02933040
-0.95931500
-0.34583700
-0.98069500
-0.39036400
-0.21618400
-0.01916700
-0.54137500
-0.43420100
-0.41175000
0.06968430
0.69306500
0.23226500
-0.73440600
-0.73591900
0.58591100
-0.55500100
-0.28384300
0.12153600
-0.30444100
-0.64743100
-0.82131000
-0.03498660
-0.53145400
-0.29988800
-0.05352170
0.62978800
-0.40360900
-0.52571700
-0.23123300
-1.39192000
0.22122700
-0.19250400
-0.88216800
-0.57972400
-0.38143000
0.10255100
-0.68868500
-0.31823100
0.52845800
0.03703400
-0.64835700
-0.87601500
0.14984300
-0.69627800
0.08541700
-0.35641300
0.41975700
-0.53576600
-0.38892800
0.12697900
-0.15342500
0.00586988
-0.81365400
-1.11844000
0.53928700
0.07758590
-0.84740300
-0.21008100
-0.57395500
-0.40573000
-0.94059900
-0.67722400
-0.12157600
-0.47575000
-0.02559600
-0.07250950
0.16266500
-0.86514000
0.14866900
-0.15017800
-0.12025200
0.05498790
0.61562000
-1.13260000
-0.58127500
-0.30422800
-1.05341000
0.28201500
0.09919510
-0.34762900
-0.46884300
-0.11440700
0.01937260
-0.31933700
-0.18664400
0.75539900
-0.13426800
0.91173700
0.24689200
-0.36485600
-0.00351195
0.43175100
0.05818820
-0.60406900
0.97328300
-0.58032100
-0.35088800
-0.22968600
-0.36162900
-0.18242500
-0.41926400
-0.12007500
-0.39519900
0.05606030
-0.52121000
-0.26552100
-0.31316700
0.02060610
0.09097370
-0.60972200
-0.66688600
-0.21201000
-0.35583700
-0.66647300
-0.08817710
-0.10638700
-0.52823900
-0.04295120
0.04998110
-0.03768340
-0.69540500
0.31134800
-0.17676900
-0.57768600
1.00711000
-0.01802930
0.00129952
0.27252300
-0.37122900
0.43707400
-1.12224000
-0.79054100
-0.03342430
-0.62484700
0.44022800
1.46842000
0.24845400
0.16212100
-0.34172100
0.22255400
-0.93285800
0.17579100
0.02620180
-0.19641900
-0.64961300
-0.43250300
-0.16503800
-0.08163470
-0.05977360
-0.11448500
0.19312300
0.49364200
0.00706153
-0.53126900
-0.70055400
-0.62170800
-0.47938500
-0.69433800
-0.78382200
0.11050600
-1.03906000
0.84650500
-0.00252284
-0.39448100
-0.25146800
-0.85836500
0.06422620
-0.33117900
0.75648300
-0.15893400
-1.73479000
-0.12487700
0.73807000
-0.51813700
-0.13609900
-0.13508700
-0.09263970
-0.06916460
-0.44687500
-0.34438900
-0.54035200
0.08691570
-0.50849700
-0.90389400
0.15567600
0.13635800
0.00419818
0.61454000
-0.87112500
-0.07512240
0.37007900
-0.59672900
-0.73661800
0.18853900
0.04349990
-0.07892730
0.14194800
-0.24872200
-0.04714620
0.82989100
-0.24058200
-0.55598400
0.35493500
-0.36068700
-0.05926750
-0.89438700
-0.30793100
-0.87738200
-0.26584800
-0.38217800
0.52882400
-0.38912900
-0.12308400
-0.69314500
1.41917000
-0.38381800
-0.40665600
0.76476100
0.97377200
0.06711880
0.34838500
0.32064500
0.05383810
-1.17042000
0.42887700
-0.18906400
-0.03907460
-0.76312900
0.15427100
0.31049200
-0.13377100
-0.35733000
-0.78550500
-0.16960700
-0.84920300
0.20679000
0.11091900
0.09158590
-0.13681300
0.40536200
-0.28890700
-0.33333900
-0.30070500
0.09648940
0.14500000
0.09547480
0.13760100
1.35823000
-0.27709300
0.56425400
-0.56604800
0.08641710
-0.43401100
0.54952500
0.50990300
0.27385200
-0.16526500
1.16459000
-0.77153600
0.54044500
-0.03370900
-0.02876460
0.31173700
0.24525800
-0.45811400
-0.13195600
-0.08833310
-0.34275900
-0.44259200
-0.84038600
-0.47947300
-0.18944700
-0.04591670
-0.67778000
-0.89299400
0.56739900
-0.48286000
-0.20427500
0.19000000
-0.95772900
0.75447700
-0.76454700
-0.33273800
0.03479150
0.20734800
-0.65487800
-0.64507300
-0.25021900
-0.53798500
-0.51619800
-0.24088200
0.70866200
-0.54020800
0.42403200
0.54396800
-0.87056800
-0.97397300
-0.28716300
-0.44293300
0.21569800
-0.35299200
0.40192500
-0.99844400
-0.56180700
-0.28569000
-0.08454480
0.28341200
0.39966900
0.05019920
-0.78404000
-1.05781000
0.51841100
0.35766500
-0.13888700
-0.28186500
-1.13360000
-0.31472900
-0.35496700
0.12415200
-0.52372100
-0.45558900
2.71498000
-0.38433700
0.15033600
-0.31047000
-0.64535300
-0.10282500
-0.06048290
0.23377100
0.14058600
-0.10177000
-0.12665800
0.29169300
-0.21979400
-0.61694700
-0.51855200
-0.42397100
-0.22387900
0.13325000
-0.86340100
0.87806800
-0.41076100
-0.53166700
-0.33415500
-0.32581000
2.04033000
0.10849000
-0.51013200
0.59864500
0.37465900
0.26456900
-0.76480800
0.35341700
-0.26458400
-1.12320000
0.25086100
0.35656600
0.00799540
0.03196700
-1.00023000
-1.06602000
0.78096600
-1.02326000
-0.07455410
-0.01340160
-0.68708500
-0.60253900
-0.31884100
0.08516790
-0.46043700
-0.03151770
-0.52294200
-0.71944900
-0.45161600
-0.61905400
0.27409200
0.42842300
0.61512800
-0.29593000
0.34088300
0.31451800
0.45006200
-0.37058500
-0.40910000
-0.05308920
-0.06482080
-0.49018400
0.23018100
0.52972800
0.62844400
-0.62323700
0.19079000
-0.34104000
2.80671000
-0.34169400
-0.68240000
-0.51188000
-1.11301000
0.32184700
0.36778300
0.70092200
-0.82438800
0.23581000
-0.60266100
0.25094200
-0.50959800
-0.31538300
-0.23961500
-0.19779500
0.52490100
-0.18650400
0.03127410
-0.07441370
0.85215400
-0.03979550
-1.04391000
-0.44259900
0.13646600
0.18507600
1.19363000
0.23162000
-0.54923800
-0.35933700
-0.52983900
0.08546190
0.01056830
0.16832400
-0.22874700
-0.70408000
-0.56831800
-0.34618000
-1.02349000
-0.45747500
0.01274290
0.18148300
-0.33903800
0.66795500
-0.99225800
-0.51257300
-0.08149580
0.09965410
-1.06327000
-0.23397600
-0.44859700
0.53196900
0.74277400
0.08083070
-1.04036000
0.35455300
0.10849600
-0.52340400
0.27834400
0.84128100
0.32378400
0.00805386
0.88186600
0.61588000
0.47318400
-0.19196200
0.16663400
0.13921900
-0.54923400
-0.66748900
-0.75305700
-0.21083100
-1.00985000
-0.09228800
0.63177900
-0.50625700
0.04138570
0.16212100
-0.19437900
0.17030600
-0.45058400
0.03987840
-0.19726100
-0.11447200
-0.12989700
0.25925800
0.39900200
-0.34150300
-0.18093600
0.47604900
-0.52868300
0.07297280
0.47743800
-0.04273470
0.15533100
-0.61787800
-0.86347800
1.46902000
-0.24230200
0.74366500
1.29078000
0.25795600
0.31669200
0.77383500
0.98379900
0.53381500
-0.34412400
-0.60747800
-0.27151000
0.14620100
-0.21200800
-0.06048960
0.03103670
-0.42378700
-1.02690000
-1.07975000
0.10444200
-0.44801400
0.14620100
-0.57862600
-0.05248750
-0.61257400
-0.04036730
1.39776000
0.27924200
-0.49340700
-0.80771100
-0.75560200
-0.18829700
-0.24526500
0.17584200
-0.29190700
-0.16538700
-0.24705900
-0.46588500
-0.52340800
-0.29593600
0.13561500
-0.15906100
-0.54349200
0.36617200
-0.70112900
-0.56445300
-0.11145500
-0.44764400
1.80531000
-0.24173500
-0.09858570
-0.08355870
0.23348000
1.53826000
-0.37754800
-0.38496400
-0.70749400
-0.09414650
0.20751200
-0.46392400
-0.08083530
0.26303900
0.20301700
-0.52443600
0.07701970
-0.25626200
-0.17591800
-0.35639800
-0.39798700
-0.49626400
0.71878500
-0.12819800
0.55351200
-0.83214700
-0.07462720
-0.33755200
0.45963700
-0.00259667
-0.43302300
-0.22390800
0.20303100
-0.45359800
-0.17671400
-0.11949900
-0.53960200
0.29746600
0.13803900
0.13803900
-0.27440300
-0.65127100
-0.37999900
0.39471100
-0.15815600
-0.52277200
0.11984100
-0.43325900
0.02890900
-1.00065000
-0.26796900
-0.33389400
0.00003284
-0.36313900
-0.20249100
-0.54309400
0.30232300
0.08916190
-0.58222400
0.13339900
-0.40023900
-0.13177900
-0.00199385
-0.25900300
1.70202000
0.03163650
-0.28502700
0.61509100
0.75811000
-0.43656400
-0.46568500
0.83475900
-0.01439210
0.19917300
0.02786180
-0.15921300
-0.10702200
-0.48044900
-1.00974000
0.08848740
-1.00243000
0.21691000
-0.86530500
-0.48461300
1.20335000
-0.21854700
-0.38700200
-0.27812100
1.43288000
-1.19764000
-0.76074700
-0.15084100
0.88113800
0.55832300
0.22286100
1.37780000
0.43383600
-0.15448400
-0.47433000
-0.63144000
0.19469200
-0.30152800
0.06173570
-0.94088400
-0.65076300
-1.07198000
0.13464000
0.72069200
-0.76662700
-0.34431100
-0.36631100
-0.54349200
-0.12358400
-0.27587400
0.06671170
0.18247900
-0.24627100
-0.58941800
-0.58133400
-0.31994400
0.13897000
0.09635650
-0.00360602
-0.08425170
-1.07061000
-0.44966600
-0.16433700
-0.29381700
-0.83036800
0.68477400
0.17142300
-0.21801000
-0.35448400
-0.12920000
-0.34202400
-0.06329340
-0.06518840
-0.82584000
-0.15175400
-0.62503200
-0.62503200
0.01584940
0.27381200
0.57594000
0.03449960
-0.26752600
0.05502320
-1.01085000
0.14280500
0.30383800
0.04467860
-0.23171500
0.02048930
-0.45529600
-0.10513900
0.06045240
-0.64589700
-0.47979900
-0.28593500
0.41516000
-0.42205500
0.57289600
0.52521400
-0.30106100
0.38484400
1.81844000
-0.65034700
0.02975200
-0.29343300
-1.08710000
-0.64001700
-1.11768000
0.33509500
0.44549600
-0.48848800
-0.39642600
-0.43638300
-0.59157100
1.19545000
0.40764600
-0.89249400
0.35048900
2.12746000
-1.21639000
0.76897600
-0.79273900
0.14261200
0.06367210
-0.62969800
-0.21483600
-0.29283800
-0.40499400
-0.01998890
-0.25335000
-0.55966600
-0.45942000
0.20760200
-0.54357500
0.65531800
-0.70910200
0.31255600
-0.11962600
-0.08842780
-0.03815590
0.96702200
-0.20092700
0.24004500
0.43745500
0.32294100
-0.90692500
0.03554120
0.77189300
0.72127000
0.28124100
-0.12869500
0.31090700
-0.73869200
0.39006500
-0.57692800
0.20975200
-0.10069000
0.05879160
0.38945200
0.00957910
-0.29401600
-0.02734110
-0.34927200
-0.29309100
-0.49536500
-0.15723600
0.13824100
0.37522200
-0.51776600
-0.37215500
-0.02665650
-0.50988800
-1.03424000
0.26874500
-0.65359100
-0.04038650
-0.21915000
-0.62429100
-0.41220200
-0.76431400
-0.47245300
-0.34244300
-0.03941080
-0.00052087
1.31283000
0.04604710
1.21375000
-0.00107746
0.25953300
-1.06789000
-0.10991500
-0.93570700
0.52368900
0.08148450
-0.21768500
-0.19437900
0.98327800
0.28105500
0.62246700
1.07465000
0.25209500
-0.35809200
-0.62509900
-0.24580200
-0.41773300
-0.32776000
0.22821600
-0.48936500
-0.40319200
-0.24848700
0.47635500
-0.62914100
-0.22186200
-1.03486000
0.32241200
-0.25169900
-0.80901400
-0.33810800
-0.30090800
-0.46860300
0.21757700
0.51001400
1.24230000
-1.05654000
-0.36227800
-0.92352100
-0.55357700
-0.61932300
-0.12018700
-1.02138000
-0.06545020
0.00018766
-0.53547900
-0.79006900
-0.35552600
0.00836520
-0.07916130
-0.48737900
0.07602610
-0.34364200
-0.42801600
0.22808500
0.46340800
-0.12130100
0.03415550
-0.52051500
-0.26566300
-0.23203000
-0.57425200
-0.42991100
0.07749390
0.02139910
-0.25707800
0.08800930
-0.52794200
0.54780800
-0.08144340
-0.50408600
0.72816700
-0.52613200
-0.32732500
0.36366200
-0.28356900
0.16977600
0.07740740
0.01665660
-0.04189980
-0.24830800
-0.73259300
0.02808660
0.37437100
-0.48845400
-0.01663840
1.86576000
1.42675000
0.40353300
-0.25717300
-0.14512300
0.07317050
-0.24085000
-0.67472800
0.20916800
-0.49926800
-0.20386400
-0.76938500
-0.54527100
-0.05982040
0.12155700
-0.53230400
-0.70680900
-0.39839100
-0.10079900
-0.75898000
-0.08003660
0.54442600
-0.56416600
-0.74876800
-0.75087700
-0.29778900
-0.59264500
-0.47514600
-0.47746700
-0.55049900
0.29949100
0.36893200
0.22771100
-0.36591300
0.09643490
0.28779200
-0.14019300
-0.42029900
-0.26925000
-0.47387000
-0.19516500
-0.71234800
-0.02761140
0.27476400
0.43884000
-0.34110000
0.10569200
0.26424200
-0.05666820
0.20050700
-0.51969000
-0.86729800
-0.99108900
-0.31021900
0.05904330
-0.03583670
1.48635000
0.24237800
-0.18467900
-0.29991000
-0.11553000
-0.48655900
-0.46916000
0.37447500
-0.50538800
-0.22696100
-0.62760500
0.09125300
-0.90155900
0.12360100
0.31613100
-0.47409700
-0.23055000
-0.03732310
-0.31770500
0.01437550
-0.93064300
-0.35396800
0.00721705
-0.21186900
0.06828620
-0.67946600
-0.46028600
-0.90687600
0.57808700
-0.29212000
0.14282700
0.26037500
-0.21765000
-0.57032300
-0.20290500
-0.27960300
0.32836900
-0.19838800
-0.92889500
-0.45844400
0.70278500
-0.58766800
0.07391660
0.00297729
-0.34387900
-0.30436800
-0.95694200
0.30816600
0.14949100
0.14986900
-0.57059200
0.65482400
-0.03275060
-0.18320000
-0.78183700
0.64047500
1.21326000
-0.12584000
-1.35164000
0.30673400
0.67323900
-0.35699000
-0.01427880
-1.08378000
0.49811400
-0.09104100
-0.43910500
-0.23135000
0.25743900
-0.44995300
0.95463100
-0.65275000
0.07056750
0.63389400
0.15536300
-0.73917800
-0.24515200
-0.67531300
0.35741300
-0.73612000
-0.09301920
-0.58486300
0.00964635
-0.09565050
-0.66309600
-0.03907460
0.16281900
0.47955900
-0.02870280
-0.73557000
-0.63472200
-0.56708200
-0.85166700
0.45024800
-0.04739240
0.17779200
-0.16771100
0.29770200
-0.52511500
-0.32994300
-0.15072800
0.55226300
-0.13037100
-0.66473800
-0.42722400
0.48006700
-0.46406000
-0.49989100
-0.23224100
-0.41867600
-0.00442745
-0.24042300
-0.00690174
-0.60217800
-0.41809400
-0.64556100
-0.32600900
-0.31829400
0.28029500
-0.51687400
-0.17487600
-0.92307200
2.29919000
-0.31935400
0.09491540
-0.24347500
-0.13231200
-0.50028100
0.65840800
0.33611500
0.36938100
0.63521900
-1.01043000
-0.55424100
-0.78433000
-0.33773300
0.53655000
0.82665800
-0.04278620
-1.13475000
-0.27092800
0.44626000
-0.64787100
0.05489030
1.47218000
-0.37436000
-0.55120200
1.24302000
0.19147700
0.76318700
1.13637000
0.78179200
0.75790500
0.51218300
-0.81537800
-0.54380700
-1.62222000
1.49291000
1.48647000
0.23594200
0.74439800
0.59905200
1.03306000
1.18607000
0.27269900
0.05042990
-0.03085920
-0.57235100
-1.01858000
-0.10100700
-0.31623100
0.00292696
-0.10195100
-0.42518200
-0.61684000
-0.31974900
-0.01158340
0.36990800
0.03903770
0.68032300
0.74141700
0.18351500
0.05298360
0.74620500
0.14133700
1.16502000
0.73971200
1.11789000
0.90713000
-0.93164700
-0.54415500
-0.11526100
-0.04549990
0.30593100
0.28783100
-0.23584100
-0.50528100
0.34536700
-0.12360000
0.64990300
-1.52899000
-0.92290500
-0.60977000
-0.09249640
0.10065300
-0.04287260
-0.38955300
-0.51585700
0.42680900
0.19232000
-0.48225700
-0.40983300
-0.89818000
0.22156000
-0.15024700
0.24456200
-0.15613300
0.55642400
-0.89777000
0.70192600
0.27867100
0.23684800
0.00358336
-0.51078900
0.47975100
1.39823000
1.52794000
0.16043900
-0.16906800
-0.70673400
0.22022500
-0.43198800
-1.20687000
-0.28038200
-0.77396200
0.29218700
-0.73795100
-0.35251100
-0.99241300
-0.10149100
-0.05127390
-0.04446050
-0.51541300
-0.27079800
-0.15268800
-0.51232400
-0.46613400
1.47036000
0.54057100
-0.26398600
-0.25635500
-0.48150500
-0.36534500
-0.12446600
-0.59820900
-0.73996700
-0.39409500
-0.11672500
-0.46437700
0.08231420
-0.13925200
-0.35455400
-0.50085600
-0.89744600
-0.51039700
-0.05274620
-0.37851200
-0.77020400
0.12084900
-0.78314700
-0.35662600
-1.02231000
0.54435600
-0.40126800
-0.04984390
-0.27612300
-0.54950500
-0.82422700
-0.12166200
-0.42998600
-0.60473100
-0.60712600
0.54315800
0.19351000
-0.06280030
-0.39749600
0.06376000
-0.68875100
0.08108590
-0.43490600
-0.82443600
-0.34688500
-1.33916000
0.15825300
-0.35588800
-0.20389800
0.24236900
0.15176200
-0.42629800
2.94223000
0.28315400
-0.58697300
-0.03612440
0.77490800
-0.17379900
-0.32546000
-0.36576500
0.32574700
0.32192400
-0.16661100
0.68655900
0.28132200
0.04046530
0.17155000
-0.29392000
1.08033000
-0.31588900
-0.31117100
0.37623700
-0.21802600
-0.44991200
0.13630200
0.16492600
-0.07768330
-0.12948600
-0.14467200
0.13104600
-0.04806340
-0.41283000
-0.30918000
-0.37327200
-0.08171890
0.02034780
-0.54668400
-0.01202300
-0.72553700
-0.73360800
-0.32383900
-0.69268100
0.35981100
-0.11080100
-0.48770600
-0.12439700
0.89695500
-0.38528600
0.47398400
-0.35380600
-0.58833400
-0.11414000
