4.69577000
6.67198000
5.29007000
4.99435000
6.06561000
5.44123000
4.94028000
5.05025000
4.85749000
4.81513000
-0.45155100
4.73923000
5.06649000
5.04249000
5.02660000
1.01195000
5.60130000
0.22741300
4.85211000
5.51456000
5.47768000
0.91879600
5.83116000
5.18749000
5.72030000
5.18315000
4.77221000
5.14403000
1.10135000
5.10413000
5.43697000
4.83483000
5.05689000
5.61063000
0.36147100
5.41923000
5.67171000
5.21840000
5.04092000
4.73931000
5.26445000
1.62230000
4.76472000
5.12731000
0.61260300
5.18474000
5.41282000
5.04030000
-0.38446200
0.25598800
-0.81505800
-0.29851800
-0.32257200
-0.15824000
-0.33207700
0.25162000
-0.44958600
0.11332400
0.44996700
0.56254300
0.20022000
-0.15934100
-0.25566100
-0.04991850
0.18573100
0.20143300
-0.40933000
0.40493400
-0.19738500
0.05326340
-0.01181140
0.67896700
-0.08226400
0.83305400
-0.75518900
-0.20494500
-0.19434600
0.12228200
-0.12091600
-0.03257800
0.23341200
0.10193300
-0.02723710
0.26622400
-0.13960000
-0.17305900
-0.31432900
-0.52991500
-0.78506100
-0.00672533
-0.40745900
-0.06546290
-0.61634500
-0.42681800
-0.21798600
-0.15213300
-0.42180600
0.20278900
-0.10416300
0.13816900
0.88653100
0.22602600
0.13929900
-0.58253200
-0.19093800
-0.22447300
1.43133000
0.26699500
0.37732700
0.69277900
-0.81240500
1.45954000
0.89761900
-0.73759300
-0.80246900
-0.17178200
-0.27742600
-0.10736500
-0.09746130
0.07595220
-0.52654400
0.16592900
-0.00811502
0.43467500
-0.58259300
-0.33786300
-0.41278600
-0.23951200
0.06946380
-0.37476900
0.55265900
-0.02683730
0.03638950
-0.35294200
0.06307370
0.96648400
-0.49019700
-0.71414100
1.05819000
0.66820800
-0.26033200
0.51965100
-0.06532820
-0.07061250
-0.02581130
0.05409460
-0.18293100
1.82493000
0.43269300
0.08209130
0.86378300
-0.43294500
0.35110400
0.20313700
0.00283563
-0.04907570
0.30006600
0.03140530
-0.05833270
0.16891200
-0.35861900
0.11090600
-0.21283300
-0.41770200
-1.10887000
0.26364200
-0.28870700
0.23251400
-0.66712400
0.14676300
0.53892300
-0.31632900
0.32105700
0.29159100
-0.35599200
-0.05440030
0.01329960
0.41484200
-0.32115300
0.21054200
-0.29392100
-0.06701820
-0.09705100
-0.26087300
-0.47335200
0.20362700
0.65801900
-0.03316330
0.22471100
0.69097700
0.11440800
0.14046100
-0.43783900
0.37014300
0.06272350
-0.32333400
-0.09573690
0.50409000
0.55278200
-0.21658200
0.40066800
-0.02414990
-0.30365900
-0.48343400
-0.64079000
-0.56938400
-0.45034500
-0.06388660
-1.03828000
-0.09534350
-0.21770100
0.21347400
-0.48177100
0.16502700
-0.58837300
0.25909200
-0.66732700
-0.15487300
-0.11197600
0.54526300
-0.30528200
-0.43950100
0.42457000
0.04279640
0.14125000
-0.28733400
-0.05443290
0.26864000
-0.43560000
-0.42774300
-0.36624900
0.02954140
0.08944980
-1.05629000
-0.14816100
0.32577200
0.12835300
-0.30195800
0.00784008
0.33643300
-0.58723200
0.31860600
-0.17217300
0.41265000
0.40586400
0.55359500
0.13880400
1.09503000
-0.39024500
0.30900600
-0.43334900
-0.08563280
-0.16207600
-0.26638200
-0.42177000
0.00652513
-1.00306000
-0.62322300
0.25312900
1.27982000
0.32704200
0.16713300
0.33904000
-1.47820000
-0.45937600
0.17027700
0.54964300
0.89414300
-0.07537380
-0.29082200
-0.03942990
1.42651000
-0.04084990
-0.52222000
-0.33783200
-0.33175900
0.46288000
0.42175200
1.05389000
0.00613215
1.42411000
-0.29500700
-0.22003100
-0.34427700
-0.45005100
0.17850200
1.05872000
0.36628400
0.26182800
-0.33204700
-0.52840200
0.34855200
-0.09578600
0.11570300
0.30624000
-0.93034200
-0.41208500
-0.05015920
-0.67086500
0.09169050
-0.01848170
0.62753400
1.55366000
0.08215960
0.12666000
-0.35897200
-0.39307000
-0.23528400
0.40020300
-0.44789300
-0.71563800
-0.01810010
-0.12895300
1.10880000
-0.08251830
1.04051000
0.37375900
-0.20874900
-0.42997700
-0.09904200
0.24630400
-0.08738440
0.52516500
-0.30258800
-0.10240200
-0.02925910
-0.72017300
0.50020900
-0.41059200
-0.38045300
0.09038350
-0.65445600
-0.24796000
0.01188870
0.29254500
-0.24838800
0.33452100
0.08764470
-0.64433400
-0.00986966
-0.01818220
-0.12805400
-0.34822500
-0.03984590
0.44890100
0.21979300
-0.60558700
-0.27718200
0.06993860
0.34468800
0.79616600
0.46431700
0.19706800
-0.59375000
-0.42358500
-0.85232500
-0.91643400
0.08939910
-0.11241500
-0.46368800
0.43460300
0.06150330
0.05448820
-0.11127100
0.18730700
0.26125600
-0.07536690
0.10951100
0.44815900
-0.24985200
-0.05099330
0.36887600
-0.15997700
0.38534100
0.04266620
0.10536200
0.26779700
-0.43100700
0.13455600
-0.17089600
0.35730100
-0.39395600
0.14085700
-0.29472400
0.50207700
-0.07406600
-0.15077500
-0.45806100
-0.63884100
0.11462800
0.54479700
0.43350700
-0.52770100
0.60681000
-0.12866600
-0.58877200
0.24949900
-0.94230400
0.61658900
-0.30326900
1.45963000
1.34645000
-0.12652000
0.35178900
-0.21387900
-0.14651600
-0.21854800
-0.48336200
0.34209900
0.21921300
-0.08970710
0.35291900
-0.25503500
-0.55896900
-0.29559000
-0.27772100
-0.12807600
0.09034670
0.00197119
0.56302200
-0.51522400
0.14910800
-0.63034200
-0.40801200
-0.26120000
-0.26159800
-0.00732607
0.18893500
0.10317800
-0.18167200
-0.37554500
0.26284500
1.11995000
-0.09662290
-0.43455600
0.08256720
-0.52763500
-0.41091600
-0.77193400
0.56321600
-0.39847500
-0.66083600
-1.13931000
-0.36455900
-0.72271800
-0.13471000
0.42767900
-0.63795200
0.30536400
-0.40007700
-0.15286700
-0.05991270
-0.15088200
-1.12190000
1.17936000
-0.60359600
-0.17668100
-0.67410800
0.61240200
0.09899780
-0.54858900
0.26484000
-0.23685300
0.37245500
-0.71648600
0.35983100
-0.36392900
-0.13110400
0.94438900
0.21746900
-0.57174500
-0.42986600
-0.51807200
-0.28683800
0.34166300
-0.27363900
-0.36271700
-0.37506600
-1.09041000
2.27968000
-0.17469000
0.08375880
-0.25304200
-0.93262400
-0.13626200
0.13275100
-0.02228440
0.48059000
1.02548000
0.36784000
-1.09520000
-0.16388300
-0.39902600
0.41792800
-0.04136220
-0.01879700
0.26385400
-0.01485750
-0.43733000
0.03038770
-0.12189400
-0.84724700
0.10677600
0.18077900
0.05339430
-0.37797700
-0.22851000
-0.72870600
-0.27686100
-0.55587900
-0.49740100
-0.50767900
0.39492500
-0.04278150
0.59095900
-0.03570410
-0.19935300
0.14072800
-0.50811700
-0.38308300
-0.09386800
-1.56839000
0.37696800
-0.08541700
-0.73498100
-0.40086100
-0.11741400
0.60991700
-0.97622000
-0.12546600
0.59225100
-0.17987500
-0.81300600
0.35540700
0.07717650
-0.15806700
0.35310100
-0.46527200
-0.15960800
1.00978000
0.48024400
-0.81133800
-0.33850400
-1.26632000
0.03866110
1.09892000
0.37814200
-0.86992900
0.09798280
-0.45012900
-1.18406000
-0.29149000
0.34874000
-0.16903000
-0.29617800
1.01756000
-0.92056100
1.88003000
0.07428880
0.02919770
0.23306500
0.02068980
-0.26619800
-0.47066800
-0.56456600
-0.35094600
-0.37273600
0.10284100
-0.62744100
-0.06194380
-0.41288500
0.67467400
0.51818200
-0.28212100
-0.72449300
-0.62635000
-0.30652700
-0.09669520
0.53577400
-0.06167120
0.34329100
-0.33412700
0.27741800
-0.70725900
-1.08647000
0.26621200
0.19460000
0.70725600
-0.28910600
1.09557000
-0.06126460
0.55559600
-0.35225200
0.19155000
-0.50732400
0.35039300
0.48004200
-0.11129500
3.20558000
0.05068230
0.18868100
-0.92574700
1.22166000
0.00368066
-0.19334200
-0.37082500
0.10287500
0.17950300
0.42852100
0.30377100
-0.06447450
-0.03312030
-0.11067800
0.01169360
-0.69922300
-0.22686800
-0.05112030
0.03675070
-0.65801700
-0.34082300
-0.05386430
0.53803100
-0.13095600
0.16981400
0.08552520
0.53312300
-0.54519900
-0.61176400
1.21831000
-0.30572100
0.31417200
0.05505080
-0.05175590
-1.10330000
0.13325000
0.05465110
0.23031100
1.57282000
-0.47449700
-0.96154500
-0.56213300
0.44807700
0.89108700
-0.76805900
0.33480100
0.26703200
0.89056300
-0.57486400
0.41909100
-0.13041900
0.32606100
0.03206880
-0.99630800
0.01914330
-0.37883000
-1.18876000
-0.14693400
-0.74197300
-0.30933000
-0.14798400
0.11091900
-0.52123900
-0.22170700
1.06194000
-0.13284700
-0.15330200
-0.32425400
-0.69150400
-0.77078400
-0.58768700
-0.73867400
0.45326000
-0.84162700
-0.86348600
-0.03762130
-0.59927000
1.26626000
-0.35739100
-0.04307880
0.45110000
-0.65671500
-0.12246000
-0.20770000
-0.17645400
0.64602600
0.07844280
-0.34546200
0.17867700
-0.83980700
-0.41320400
0.10264300
-0.52702000
-0.09717980
-0.84141000
-0.38730900
0.11540800
-1.00837000
0.09831290
0.40086500
-0.49661300
-0.00228790
-0.39474900
-0.20590300
0.48569800
0.45201400
0.07776190
0.05845840
-0.25753300
0.23434800
0.25667500
-0.21259100
-0.30580300
-0.15487700
-0.51837400
0.16815600
-0.33770300
0.30120700
-0.30685700
-0.39646100
0.48974400
0.65764600
0.03344490
-0.65675600
0.78051400
-0.34661600
-0.27904100
-0.08908530
0.34917800
0.55157000
-0.23505000
0.00634228
0.53428600
-0.41975500
-0.10723300
-0.52918500
0.27156800
-0.45150000
-0.17750300
-0.47720700
0.16498900
-0.21000300
-0.15989500
-0.56292200
1.06437000
-0.24253400
-0.38831800
0.31861400
0.39314500
-0.51567600
-0.64075000
0.01806500
-0.47594400
1.23767000
-0.09384030
-0.06859010
0.07063710
0.89515600
-0.30928800
-0.28129700
-0.26855400
-0.19758600
0.01876870
-0.28059600
-0.65435000
-0.36627400
-0.11581700
0.23428500
0.11130200
0.05327510
0.98091900
0.04156850
-0.44814800
0.18092100
0.81619400
-0.66224900
-0.40742600
-0.95090200
-0.01456480
0.45393700
0.40292100
-0.20140900
0.40799000
0.10925900
-0.66528800
0.09608920
0.01579080
-0.41304300
0.06975470
-0.51363500
0.10534900
-0.32603600
-0.13229900
-0.12688200
-0.46581100
0.03007540
-0.40847500
-0.17420400
-0.12171700
0.28342500
0.35368200
-0.86123900
0.02822600
0.58235700
-0.51854100
0.54457300
-0.31222000
-0.21461300
-0.33325000
-0.03754360
0.29202000
0.49744100
0.47269800
0.45832100
0.12360800
-0.75486200
0.00282300
0.28768400
-0.44597300
-0.19895400
0.23389600
0.15790600
0.43895500
-0.07770750
0.56689400
-0.45881000
0.37045600
-0.09571980
-0.96860000
-0.06432130
0.40799000
-0.12487200
0.35647800
1.57986000
0.23887200
-0.96626000
-0.09710320
-0.58453300
-0.60243400
-0.18280600
0.29732900
-0.66612400
0.05713690
1.02771000
0.55532300
0.10149400
-0.18259600
-0.29686600
0.47710600
-0.56196000
0.65258200
-0.32070200
-0.52887000
0.15061300
-1.33548000
0.23550900
0.36478400
0.26442500
-1.07513000
0.43716800
-0.22478200
-0.28251800
0.64960600
-0.39442700
-0.24372900
-0.48041300
0.44456800
-0.27831000
-0.49960100
-0.24270600
-0.86269500
-0.41192600
0.05129770
-0.31199900
-0.26125700
0.70645600
-0.47029400
-0.46482200
0.04689980
-0.19992100
0.24230800
-0.33654600
-0.09238140
0.61021300
0.76083200
-0.27739600
-0.31180100
0.45176000
0.37990500
-0.32569300
0.37755500
-0.63728900
0.19055700
-0.49367100
0.37618000
0.68986800
-0.00243985
-0.63584100
0.17185300
-0.32298600
0.08004910
0.16358800
0.65834000
0.32440200
-0.62529600
0.15119000
0.42535600
-0.79734400
-0.54325500
-0.12841100
0.19060800
-0.36505100
0.40365600
-0.28780200
-0.28436300
-0.39758500
-0.01674540
-0.41861700
0.43942400
-0.15298700
-0.24204400
0.29004500
-0.21833400
0.09488130
-1.34823000
1.33966000
0.59978000
0.51912900
-0.14621200
0.05695280
0.27782900
0.74251700
-0.22285600
-0.01564720
0.74321600
0.10564800
0.63606300
0.14116800
-0.04717290
-0.39408800
-0.13676600
0.32759600
0.56060400
-0.10016200
-0.49368700
1.15424000
-0.50126400
0.84625300
-0.42976500
-0.11324300
-0.12420600
0.46087600
0.16652300
0.36817400
0.26830300
0.13481100
-0.06676990
0.37340700
-0.70340200
0.03445690
0.51722600
0.26073000
-0.79990200
0.42179600
0.08639380
0.16684700
-0.01911160
0.73201100
0.41315000
-0.60631700
0.33941600
0.02540670
0.33014300
-0.15156900
-0.75459100
-0.07495270
0.36585600
-0.28215400
-0.91241000
-0.01589330
0.14710700
-0.40892600
-0.15176200
0.25097000
-0.42536800
0.66481400
0.72863900
0.02610000
-0.15559900
-0.30050800
0.43013600
-0.57832300
-0.12566700
-0.22532500
0.09932140
-0.02153600
0.16270500
0.32189100
0.35443000
-0.16228700
0.73446400
0.11689400
-0.62637500
-0.27094100
0.31331600
1.40609000
-0.18830600
1.13844000
0.97577200
-0.32700900
-0.12114200
-0.28908900
-0.17069400
0.37072700
-0.04051550
0.57729000
-0.29613100
-0.18921700
-0.03345200
0.05737490
-0.19491100
0.30673400
-0.63458900
-1.20668000
-1.18185000
-0.35546800
-0.44747300
-0.33572300
-0.01940440
-0.12049900
-0.51260800
-0.39105800
0.20293000
0.24665900
-0.22015400
0.08753210
-0.29856300
0.05145280
0.85745400
-0.18192300
0.41091000
0.11334400
-0.38400300
0.07396820
0.03476480
0.87475800
0.54138000
0.60953400
-0.25375300
-0.06256540
-0.19888500
0.26245400
-1.12951000
-0.62450800
-0.24055500
-0.45239200
-0.42899700
-0.88528700
1.71782000
-0.28463300
0.11749400
-0.53437100
-0.25097700
-0.04306590
-0.74637600
-0.33918600
0.18087800
-0.56475900
0.61443100
-0.34905100
0.77741800
-0.01604520
0.23271600
0.04498460
0.16088700
-0.29932600
0.46087600
-0.12879900
0.43116700
-0.43568000
-0.07416440
0.07810800
-0.22852200
-0.55077700
0.23286100
1.36796000
-0.51395700
-0.76427700
-0.44032500
0.14655100
0.14223300
-0.38343500
-0.53603400
-0.08158820
1.75067000
0.48786700
0.13462500
-0.21629500
-0.14606500
-0.36438600
-0.71532700
0.47791400
0.28729300
-0.30623000
-0.05070180
-0.36043200
0.45544200
-0.27737100
0.47627800
-0.77992700
-0.07743840
-0.51397800
0.21161300
-0.70456500
-0.24799000
-0.01145120
0.55953900
0.21702400
0.48020000
0.35407600
-0.50440300
-0.22300400
-1.15069000
0.27758100
1.12774000
0.45456600
1.24440000
-0.13001900
1.54188000
-0.29436300
0.76919400
-0.48944900
-0.17782000
-0.20624900
0.11022300
-0.10765500
0.19166300
0.62953400
0.75417100
-0.05164680
-0.29156900
0.13515300
0.02851950
0.60114900
-0.17317900
-0.69547900
0.98672500
0.25051300
-0.29120200
-0.03622100
0.08673360
0.09605780
-0.29574800
1.57659000
-0.24148500
0.63998600
0.37112000
0.00501030
-0.22512300
-0.37852900
-0.62382900
-0.37955200
0.45816300
0.16930800
0.45547800
1.07702000
0.42931100
0.09480860
0.34867500
0.55217800
-0.29875200
-0.54374400
-0.98757800
0.28397300
0.33537800
0.05174620
-1.12090000
-0.25835700
0.01365550
-0.16115000
-0.50812900
-0.19060700
-0.30310300
0.00022660
-0.61692400
0.63689800
-0.17925400
0.79150400
-1.03875000
-0.19803500
0.67100800
1.98159000
1.14923000
0.49264500
-0.02286030
-0.14685600
-0.26470200
0.76995300
-0.01648630
-0.14329900
0.50122200
0.34575500
-0.74481700
0.61669900
-0.45512300
0.04299740
-0.09655810
0.13429700
-0.18183100
-0.14658800
-0.48210500
0.13189300
-0.00783180
0.26031300
-0.21634400
-0.24804000
0.22991000
-0.04965920
-0.45402700
2.00898000
-0.16682800
-0.40346800
0.04286040
-0.10395800
-0.94829000
-1.18905000
0.23597800
1.13976000
0.09924490
0.15954300
0.27744000
0.26759600
0.65479600
0.13576400
-0.08282820
-0.28356200
0.25375100
-0.58090400
-0.14797700
0.51547400
-0.28129300
-0.01353750
0.49900900
-0.19112100
-0.18299400
0.60577600
0.05464780
0.29113600
-0.29805000
-0.21698400
0.05839640
-0.21909300
0.71381500
-0.24022200
-0.35596000
-0.29971900
-0.30232800
-0.08987350
-0.00240950
-0.07610130
-0.18294300
-0.53150800
-0.43812000
-0.13872100
-0.30902600
0.99666600
0.11664200
1.43696000
0.99574900
-1.29464000
-0.60961400
-0.62459000
-0.15574200
-0.33949900
-1.34614000
-0.33333400
-0.58799600
0.07383960
-0.64578400
-0.46728500
-0.24162100
-0.27540100
-0.61699700
-0.08752260
-0.54273200
-0.41222900
0.24653700
-0.94378300
0.52433700
-0.55646100
-0.01026710
-0.40314800
-0.03380680
-0.12701800
0.33738300
0.63246900
0.15354900
1.89974000
1.03491000
0.98614500
1.19909000
0.97252600
1.36787000
-0.20971700
-0.00455355
0.40435600
0.37262900
-0.11539900
0.92107400
0.37616700
1.58398000
0.26671100
0.21002500
1.70510000
0.78671000
0.22932500
0.00676237
0.44760000
0.06145150
0.48701200
0.38086500
0.06164410
0.27557200
1.29627000
-0.23833000
0.07987160
-0.22038500
-0.33993400
-0.37702300
-0.81140200
-0.19189300
1.36162000
-0.45395600
-0.81271400
-0.46602400
-0.33571600
-0.11946600
-0.35333200
-0.13356300
-0.08650310
0.05369100
-0.12094600
0.27297700
0.36622900
0.28972200
-0.49383000
-0.34152000
0.41666800
-0.27711100
-0.06975110
0.01398530
0.06599840
-0.56894300
-0.73228400
-0.37150300
-0.38057100
0.07869980
-0.44771500
1.67760000
0.20350000
-0.37386200
-0.18528400
-0.47940900
0.47915900
-0.79779700
-0.61040300
-0.29170100
-0.16436400
0.19343800
-0.44694300
-0.10163300
-0.10408400
-0.34499600
-0.41625300
0.96233000
-0.51339700
-0.96422800
-0.75636500
0.88792700
0.50532000
1.09676000
0.35485800
-0.97912000
0.12593200
-0.30599500
0.48475900
-0.91904600
0.00866089
-0.29360100
0.04924260
-0.85353400
-0.47959400
-0.26116100
-0.35220700
-0.30123300
-0.47697700
-0.42140100
0.06928600
-0.93105100
0.18529200
0.23001400
-0.13046200
0.18932700
0.09821040
0.16950900
-0.25538600
-1.06586000
-0.38586300
0.44773600
-0.14445000
1.09438000
-0.70002200
1.03569000
-0.38988200
-0.26648900
0.13273600
0.98491700
0.52152900
0.29700600
-0.45454300
0.11787400
-0.55475300
0.05520420
-0.06672860
-0.21103600
-0.06504140
-0.10457000
-0.04553570
0.07672700
-0.27425600
0.72965500
-0.16908900
-0.49412600
1.42124000
0.53608200
-0.27366100
0.02947870
0.56284500
0.44661200
0.05961170
0.22089300
-0.02030420
-0.21849000
-0.29833900
0.04070390
0.25275200
-0.40209600
-0.31660200
-0.14162400
0.14129900
0.22478300
1.37398000
0.94139300
-0.07161750
-0.51588500
0.16742000
0.53661400
-0.68287400
-0.10848400
1.40914000
-0.44710300
0.30034300
0.63809200
-0.06664990
-0.73807700
-0.25817500
0.43301700
-0.48941900
-0.18008300
0.12127000
-0.42387000
0.40058000
-0.47693600
1.97900000
-0.25402700
0.28384400
-0.35554800
0.28097600
-0.08859680
0.24522800
0.58837500
-0.11740000
-0.64744700
1.76564000
-0.32993600
-0.28659800
-0.44207700
-0.42529500
0.80236100
0.57602400
0.46946300
-0.23836200
-0.55914800
-0.89125000
0.33387700
-0.45225900
0.96063500
-0.27632400
-0.55725200
-0.13343900
0.04750520
1.49294000
0.65439100
-0.66092400
0.40919000
-0.70888700
0.00107897
0.38529600
-0.11689700
0.03242780
-0.27853800
-0.28554200
0.06682420
-0.21288300
0.08469900
-0.51424500
1.14751000
0.43780200
0.08660380
-0.59228500
0.16934100
0.14385900
-0.33719300
-0.19569900
-0.41156900
-0.11664100
0.00025153
-0.18708900
0.08759030
-1.18288000
-0.18186900
-0.78915800
-0.02000940
-0.57206100
1.68214000
-0.10617900
-0.45631400
-0.34936500
0.20674500
-0.47179000
0.05063070
-0.06771840
-0.18126700
-0.04250900
-0.20433700
-0.04531860
-0.68786600
0.07885400
-0.53899600
-0.48009400
0.35961800
0.14935200
-0.05027970
-0.57128700
0.23651100
0.34420300
-0.57839100
-0.07553660
1.17016000
1.17742000
-1.05742000
-0.00285924
0.07568440
0.04288460
0.86355700
-0.93558600
0.48993100
-0.41367500
-0.10140100
0.16277600
-0.41840500
-0.39997600
-0.06025660
-1.05792000
0.47175000
0.20557900
0.57962400
-0.86272800
-0.54745600
-0.30908500
0.24429300
-0.20008500
-0.13171000
0.20674500
0.19332900
0.08544560
-0.66330900
-0.08851880
-0.17824000
-0.52274700
-0.09163590
-0.14605900
-0.49011500
1.38840000
0.12902000
0.26073600
0.93593900
-0.14883400
-0.61131700
-0.25486900
-0.44566700
0.07416880
-0.26707100
-0.70744200
-0.17252400
1.72385000
-1.05837000
-0.24896600
-0.45711400
0.10365500
-0.14616400
0.09044240
-0.82602700
-0.33974200
0.39421800
-0.15907500
0.54334800
-0.16051500
-0.22188800
0.07921240
-0.31091500
0.07778070
-0.71755000
-0.83348300
-0.52153200
-0.23366200
0.04401130
-0.16403400
-0.41298700
0.51768900
0.10361100
-0.00529124
0.13443100
-0.61216900
0.81123100
-0.31926000
0.48930700
0.01102400
-0.58595600
0.31204500
1.36745000
-0.18664800
-0.27737500
-0.26814100
0.01907870
0.44888700
0.65841200
0.00893282
0.65339200
0.27424200
0.15254000
-0.01171230
-0.41550400
0.43918700
-0.07521650
-0.69005400
-0.29318400
0.31408000
2.82793000
-0.83152500
-0.09559710
-0.48582600
0.69807900
0.95297200
0.57199600
1.19117000
-0.21600600
2.32428000
1.61418000
0.21570900
0.69761900
-0.11469200
0.12252100
0.90143700
-0.97431100
0.36528900
-0.31968500
-0.01687100
-0.17992000
2.92432000
-0.28195700
-0.73427600
0.40638800
0.02832460
0.03739430
0.57784000
1.65325000
-0.44727900
0.06332100
1.33439000
-0.05129250
-0.40900700
0.13702500
-0.74892600
-0.04324030
-0.81330100
-0.44254100
0.31764000
-0.04207210
-0.10748900
0.49526100
0.56324000
-0.62247700
-0.31797300
0.56866500
-0.40808000
-0.95511800
0.05747020
-0.85167300
-0.43379500
0.23476400
-0.10201200
-0.64519600
0.82732900
1.23751000
0.36747400
-0.31951200
-0.47263600
0.60850300
0.21827400
-0.22359000
0.46252100
0.06697180
-1.01897000
0.41970100
-0.44586300
-0.27970600
-0.14099200
-0.04335170
0.03894780
-0.59433200
-0.41237800
-0.74251000
0.82901800
-0.24800900
-0.30325100
0.28677500
1.06079000
0.46311200
0.27256400
-0.30657800
-0.60650200
-0.38687000
-0.46359700
-0.27022600
-0.46193200
0.04834020
0.09461170
-0.53311900
-0.17000100
-0.40564200
-0.05905090
1.28583000
-0.16900900
-1.05552000
-0.30741800
0.07689220
0.39400400
-0.08841760
-0.12711900
-0.22661500
-0.53794300
-0.45816100
-0.94295700
-0.15574700
2.08700000
-0.35144300
0.24675100
-0.92815800
-0.28335000
0.76545700
-0.75683900
0.14319600
-0.33968700
-0.20910400
0.01546190
2.07989000
-0.23042400
-0.41076200
0.51238800
0.26484800
-0.76244200
-0.59642200
-0.05397780
-0.06082950
0.14545300
0.94162900
0.37416700
0.78637200
0.09601190
1.44715000
0.73692800
0.82486300
-0.13442800
1.04069000
0.01211280
1.03485000
-0.15946600
-0.22212600
-0.39383000
-0.62558800
0.38811700
-0.34559900
0.34231000
0.40742500
0.47702200
0.11280100
-0.71596700
0.21508000
-0.54075700
0.74325800
-0.04150000
0.38665900
-0.27104800
1.09028000
1.31565000
-0.45212000
-0.82226500
-0.44400400
0.11238900
-0.14942200
0.52888400
-0.63416300
-0.07906500
0.20165700
-0.58746800
-0.34505900
-0.08665760
0.01624740
0.28314100
0.81683700
0.15579400
0.31613100
1.09457000
-0.22761600
-0.21479900
-0.29981800
0.20919000
0.20371700
0.09377570
0.14558700
-0.60306900
-0.85007600
-0.42845400
-0.72711000
-0.42780200
-0.53127100
0.01663290
0.27145100
-0.37904700
-0.46039800
-0.14784600
-0.06830710
0.43143400
0.25013700
-0.22018500
0.21115400
-0.11495500
0.04120430
0.58619100
-0.69534500
0.04639060
0.09977700
-0.30905600
0.74201500
0.54547000
-0.19609600
-0.12687500
-0.14846500
0.24848200
-0.37631300
0.01655980
0.46603000
0.05097140
0.60594900
0.25751500
0.95537700
1.02149000
-0.33499500
-0.26844400
0.57179300
-0.49511100
0.18919300
0.59402400
-0.42393400
-0.61082600
-0.46920200
-0.22268500
-0.03379080
-0.67743100
0.55755500
0.77686200
1.09437000
-0.40446600
0.75491900
-0.51769300
0.08664130
0.30649200
-0.03695460
-0.01745880
0.00192801
0.47204400
-0.43898000
0.04225470
0.15800300
0.58875900
0.58875900
-0.27928800
0.02423740
-0.45287600
-0.56993900
-0.19336900
-0.21981500
0.22456100
0.69883200
-0.72140900
-0.02115400
0.36331000
-0.05421570
-0.24624600
-0.35053800
-0.42393600
-0.22960400
-0.68290700
1.61032000
0.33173000
0.00564257
-0.64021500
0.22464200
0.17462100
0.24243000
-0.39760800
0.52672000
0.21357500
-0.36944600
-0.10427000
-0.75206400
-0.25490000
-0.50184100
-0.07009830
-0.52751800
-0.23115100
-0.66093900
-0.20487300
0.29223900
0.22252200
-0.35367100
0.94490900
1.20119000
-0.51049900
-0.06612440
-0.00641109
0.15894600
0.27902400
-0.69664200
-0.03471790
-0.65367000
0.12138000
-0.63451300
-0.04191440
-0.17837600
0.30816700
1.07450000
0.04469800
0.22004000
-0.15106900
-0.63593400
-0.37565200
0.40799400
-0.14378200
-0.26125900
-0.45516200
-0.15721400
-0.02936290
-0.22423800
0.49016700
0.04216310
-0.24314100
0.32080900
1.20765000
0.03343090
-0.32053300
-0.54500200
-0.18471600
0.29350900
-0.71384000
2.20711000
-0.37945800
0.42105900
0.13484600
-0.96815100
0.07348520
0.65056300
0.48181100
0.35130200
-0.17334100
0.96492200
-0.48766100
0.35639300
-0.00176983
-0.26662100
-0.12631100
0.15350200
0.16634100
0.87834500
1.14889000
2.55345000
-0.65966000
-0.28582300
0.09776200
0.69787400
0.12726100
-0.02197900
-0.11746200
0.39937800
-0.00899182
-0.55398300
-0.18341000
-0.21179000
-0.37120100
-0.32186700
0.26833900
-0.75806000
0.20322600
0.11523200
0.07797640
0.18358400
0.13165600
-0.49993000
0.39586600
0.11182100
0.54007200
-0.26646700
-0.44505400
-0.33803200
-0.18682900
-0.12485100
-0.02723260
-0.77022600
-0.40100700
0.00297162
-0.04650970
0.25428200
0.39613200
-0.17771700
-0.04101350
-1.08777000
-0.24158000
-0.70582600
-0.06017360
0.47662200
-0.05092400
0.06989640
-0.70173500
-0.44640200
0.35080500
0.99023700
-0.36631400
-0.77693500
0.44101300
0.06815210
-0.22199500
-0.25127100
-0.34175000
-1.33382000
0.13498400
-0.56948000
0.00338696
0.08902390
0.13134000
0.22712100
0.14175600
0.60553800
0.08909540
1.65333000
0.72495500
-0.27457300
-0.18759900
-0.12616300
-0.59682700
0.04526330
0.50435600
-0.10779000
-0.43913900
1.31179000
-0.33958100
0.66051300
-0.11195500
-0.28441500
1.49485000
0.44004800
0.53380200
-0.06941070
-0.33639700
-0.51083300
-0.50575300
0.51299900
0.22295300
-0.41399300
-0.58506500
-0.13808100
-0.49404100
1.86180000
-0.04204460
-0.18073700
-0.17311000
0.23999000
-0.65903000
1.59367000
0.48542700
-0.65640400
-0.21930700
-0.36363900
-0.38687600
-0.22013100
-0.41816000
-0.65938400
-0.33874200
-1.20645000
-0.14573200
0.81729600
-0.73048800
-0.50065700
0.15072200
-0.83525500
-0.72889200
0.80086000
0.94643900
0.07721030
-0.08543060
0.10923600
-0.73136000
0.09049030
-1.00854000
-0.59757600
-0.41315200
-0.67378900
-0.47752100
0.67539600
-0.24685800
-0.27620100
-0.33534600
0.23840100
0.27705800
-0.03263110
-0.05729320
0.38230300
-0.53127700
-0.33780900
-0.12140800
1.19833000
-0.56069500
0.51813100
0.27228900
0.48213300
0.30836700
-0.12532400
-1.11068000
-0.65898400
-0.29604300
-0.42891900
-0.63053100
0.67010800
-0.08730530
-0.02660820
-0.25149800
-0.91704000
0.78740300
0.07761420
0.51615500
-0.56291900
0.72958100
-1.07813000
0.22962500
-0.59694500
-0.29680900
-0.07539280
-0.24367500
-0.15205400
-0.53060700
-0.29702900
-0.37028000
0.15012400
0.09088660
0.78849600
0.15274100
0.18816900
0.00530944
-0.78922000
0.35304200
-0.21874900
-0.63053300
-0.92105800
0.05289660
-0.17634400
0.43783800
-0.11832400
0.39218500
-0.64163700
0.10451200
-0.03397250
-0.22818100
-0.47435700
-0.08962560
-0.44327800
-0.35613000
-0.01146570
0.11057400
0.10892700
-0.47336500
-0.12588500
0.39298300
-0.43108600
0.21500400
-0.20636600
0.20461200
0.18861500
-1.02761000
0.37629100
-0.29053900
-0.17002300
-0.45855500
0.03153350
-0.44195500
0.12151400
-0.32081000
0.42486100
-1.01699000
0.42345100
-0.34713900
0.21418300
0.44608300
0.32502300
-0.42998200
0.31129300
0.42076100
-0.27520700
-0.40757400
0.37360500
1.14805000
-0.47835100
0.42375700
-0.27793000
-0.56758000
-0.16734800
-0.37277400
-0.44913300
0.16361800
0.14251100
-0.26987900
0.37516700
0.02271920
-0.29786000
0.61787000
-0.41514500
-0.09872740
0.34360500
-0.66316700
-0.58324000
-0.16782900
-0.16794700
0.56874900
2.39896000
-0.70402700
0.08316260
-0.81550600
-0.29078700
-0.02362680
-0.91587900
1.03187000
0.72256800
-0.17010600
0.42076100
0.02532900
-0.23452600
-0.09103790
1.20304000
0.34044800
0.13350800
1.59784000
0.60459300
-0.90740100
0.18416300
0.07141310
1.10144000
0.39687800
0.51518100
-0.35743800
-0.46415500
-0.26526900
0.77170100
0.66466100
-0.58430000
-0.29533700
0.24022200
-0.43990900
-0.68867500
-0.01002420
1.21151000
1.24367000
1.08995000
1.37711000
0.81746800
1.07624000
0.81607200
0.32878400
1.53924000
0.70588800
0.31603800
0.51021900
0.81204700
2.19182000
-0.14790500
0.32233000
-0.04096970
-0.03393540
-0.53298600
0.17085400
0.07189520
0.36496500
-0.04064420
0.82520500
-0.52903400
-0.40816100
-0.25216300
1.87692000
-0.01857640
-0.59915000
-0.62326500
0.12981000
-0.33501500
-0.58034400
0.07944280
-0.24848100
-0.39204400
-0.34928500
-0.19593900
-0.02003490
-0.02124120
-0.05497520
-0.57427900
-0.12300000
0.63962700
-0.54472600
-0.94482500
-0.16203300
-0.47859600
0.01231130
0.18183400
0.10775300
-0.05722820
0.59556700
0.63236900
-1.21148000
0.53013700
0.36703500
-0.07738310
-0.22481600
0.29433500
-0.20175800
-0.24351300
-0.19707500
-0.43094500
-0.18625600
-0.90502800
-1.23345000
0.08621950
-0.49192100
-1.05555000
-0.54450400
-0.16947400
-0.47076200
0.09718920
0.26340800
0.34848000
-0.29176100
-0.28584900
0.17733100
-0.83841300
0.01410860
-0.71878800
0.26009500
-0.63566700
0.06284350
-0.08736120
0.04867570
-0.79262200
1.37398000
0.21151900
-0.69533000
-0.21434800
-0.21471400
0.03052600
0.14939200
0.04410380
-0.47055600
-0.28152700
-0.36030300
-0.11991700
0.14995200
-0.19975600
-0.31045400
0.22524100
-0.27379700
-0.70685800
-0.49450500
0.37067000
-0.36753000
0.14201800
0.06453970
0.06996360
-0.57588700
-0.31453500
0.66386000
-0.26315600
-0.50096600
-0.02872040
-0.39706900
0.26051900
-0.49387400
0.49546100
-0.01567830
-0.07806170
-0.54093300
0.55776100
0.58954900
-0.09062230
-0.21689500
0.21407100
-0.04502790
-0.14469900
0.11030800
0.31645000
-0.22883700
-0.19579400
-1.14495000
0.78932400
-0.19457800
0.38310400
-0.93182900
0.38732700
-0.88867400
0.82202100
-0.42718300
0.12344800
-0.17107400
-0.38516400
-0.55851300
-0.09972890
-0.32994500
-0.62692700
0.03840900
-0.00531248
-0.82140000
-0.27899500
0.08706250
-0.71320600
-0.47836700
-0.16212000
-0.37063900
-1.02887000
0.05189790
-0.05030300
-0.39815200
0.42279500
-0.17822800
0.12483700
-0.63815300
-0.50124600
-0.78821200
-0.12556100
0.04791480
0.70839100
-0.72362100
-0.43314700
-0.07944000
-0.10057500
-0.63176400
-0.03098310
1.19809000
1.96757000
2.87366000
0.46125100
0.43140300
0.55385100
-0.52873300
0.08386020
-0.04963530
0.48936900
0.07116430
0.29070700
0.35116700
-0.40775600
0.13810700
-0.14967400
-0.09679060
0.13350300
-0.06430770
0.02452500
-0.51489000
0.44770400
0.48652100
-0.54126100
-0.32121800
-0.28583600
0.11903000
-0.83749400
-0.18506000
0.48862800
-0.14672300
1.40768000
0.47258000
0.04244500
-0.32623700
0.35146500
-0.24345400
-0.56964400
-0.00691926
-0.61895200
0.95043300
0.28575000
0.81999800
-0.62346900
0.22032300
0.28705700
0.70287500
0.62306900
-0.16192800
-0.20113600
-0.15272800
-0.41215600
-0.66995800
-0.20885700
0.62222300
-0.39461200
0.29723800
0.08724050
-0.24286400
-0.03181730
-0.04007190
0.08921210
-0.04481910
-0.40426000
-0.09171790
0.10423400
0.09011190
0.20332100
2.09262000
-0.98283400
-0.82606800
-0.66439100
0.34562200
-0.40903600
0.96632800
0.32824800
0.42196700
1.03187000
0.64596600
-0.49726900
-0.06275930
0.16494900
0.10393900
0.17332400
-0.09119230
2.43703000
0.70893800
-0.62746000
0.47347300
-0.64467900
-0.47291000
-0.44572200
0.59859300
0.76772200
0.32424600
-0.28438700
0.56806400
-0.52995500
0.44246400
0.60189200
0.16073100
-0.20273200
0.29763500
-0.05957740
-0.16960800
-0.27860400
1.23732000
0.73718500
-0.01239810
-0.27417900
0.12510800
1.19581000
0.77950300
-0.29591900
1.10993000
0.29538300
-0.34111500
-0.47295900
-0.44556300
-0.13730200
-0.38378300
-0.23546500
-0.29182000
0.16111500
0.39017300
-0.30633400
-0.79039200
-0.07552310
0.86429500
-0.20061100
0.25395800
0.77935500
0.10903700
0.49242700
-0.48420900
3.07643000
1.02343000
0.27040600
-0.22578700
-0.04926550
-0.22458800
-0.49099900
0.22308500
-0.08543580
-0.13679000
-0.42250800
-0.45073800
-0.47808200
0.65065800
-0.27187000
0.36754000
-0.95401400
-0.54377400
-0.55098500
-0.10328000
-0.33587000
0.09560920
0.27075200
0.11198300
0.12256100
-0.00300041
0.03746480
0.05783120
-0.18885200
-0.05165210
0.01646770
-0.11093400
0.94694700
0.10488000
0.07350770
-0.37556000
-0.50872100
-0.51381700
-0.01309340
0.08788600
0.07102100
0.22536800
-0.34893900
-0.45331700
0.04493570
-0.42067200
-0.24380800
0.01567210
0.26021300
-0.17812400
-0.54533400
-0.19912600
-0.24047700
0.01998910
0.00875888
-0.03452180
-0.50454000
0.10346500
0.31123400
-0.49441700
-0.15765400
0.37907100
-0.87398600
-0.70341200
0.39546000
1.07680000
0.57329600
0.08594500
0.18559800
-0.79119400
0.23937800
2.36795000
-0.05500000
0.17727400
-0.01047520
0.22688900
0.17546600
-0.20826300
0.34047300
-0.45423500
0.01682180
-0.41008000
0.08387210
0.22197000
0.27542600
0.27626100
-0.05500520
0.26575700
0.49012800
-0.86465300
0.27278200
-0.79809500
0.30878100
-0.64850100
0.46148800
-0.37050200
0.11610700
0.12542900
-0.12669300
0.52621700
0.10509400
-0.14702800
0.32044000
-0.43623000
-0.14355400
-0.32764500
-0.14053400
-0.50506800
-0.19706200
-0.77101900
-0.05685000
0.21113900
-0.50272100
0.06400160
-0.10018600
-0.42221500
-0.42056800
-0.51621800
-0.00879860
0.69206500
-0.32494600
-0.32249500
0.20614700
-0.43041600
-0.41076900
-0.04726840
-0.20814400
-0.25145000
-0.19451200
-0.38113700
-0.25870500
-0.54517200
0.18717300
2.47621000
-0.29989000
0.92931700
-0.26685400
-0.13931400
1.16493000
1.39972000
-0.11789300
-0.69441600
-0.91225500
-0.84258500
-0.13581300
-0.03205660
-0.53880900
-0.48290200
0.34313600
0.05721130
0.03469070
-0.10686600
-0.62112500
-0.10019900
-0.00023252
1.96386000
0.91326200
-1.13950000
-0.22321000
0.23153100
-0.09630090
-0.30592800
-0.07501540
-0.49737800
-0.50012800
-0.01520310
0.39512400
0.41608400
0.38176200
0.24848600
-0.53643700
0.43891900
-0.22336500
-0.52394700
-0.20975300
1.00316000
-0.13688100
0.51910800
1.49632000
1.07558000
-0.10123900
0.04481220
-0.82069300
-0.66189100
0.03483530
0.63864200
-0.79180000
-0.55666400
0.79256400
3.74073000
1.01604000
0.67595300
0.21138800
-0.14367700
0.07378740
0.27720200
-0.59168100
-0.64373500
0.04642810
-0.27151500
0.45594700
0.27707900
-0.39996500
0.45933300
0.59013000
0.02944470
-0.06068790
-0.44081700
0.16503100
0.27760100
0.51080300
-0.03799910
0.45287100
-0.00878273
0.06458340
-0.21852400
0.03155630
-0.07265670
0.53185900
1.80617000
-0.08466050
-0.55634100
-0.66794700
-0.86572900
-0.08733040
-0.30065900
-0.66841800
0.64241100
0.49168600
0.45624300
-0.22904500
0.07700130
-0.82186000
0.43622200
-0.61412000
-0.09306810
-0.03100580
0.40484100
-0.18903400
0.09475340
0.08304020
-0.08089010
-0.64251000
-0.14271700
0.78299900
0.80508300
0.33092300
1.57773000
0.50622100
1.68434000
0.61504000
-0.17732800
-0.35673500
-0.19053900
-0.35723400
-0.12876900
-0.40483800
0.05755410
-0.17478300
-0.00456833
-0.31940400
0.15037400
-0.62789600
-0.05993050
-0.83666700
0.13188300
-0.51796200
-0.90789100
1.01523000
-0.84908400
0.48917000
-0.09339770
0.46397100
1.17128000
0.10991100
-0.27541100
-0.48089700
-0.90317200
0.06916390
-0.55074900
0.26616500
0.05346900
-0.57537200
0.51662400
-0.67074600
0.68852500
-0.32158300
-0.56107200
-0.25236400
-0.34128500
0.97060300
-0.69921400
0.45128000
-0.94906400
-0.07128240
-0.45855700
-0.04069100
-0.20971500
-0.17891800
-0.37124200
-1.55553000
0.24257200
0.20019800
-0.82760900
-0.09265880
-0.21442700
-0.10131000
-0.43165700
0.19532500
-0.18934900
-0.19844800
-0.37649300
-0.29107600
-0.37967000
0.78999000
-0.54371500
-0.76531800
-0.11865900
-0.58689700
-0.44346400
-0.61801500
-0.33363900
-0.44563800
-0.26310000
-0.56704100
-0.37973900
-0.42874900
-0.09171050
0.70252600
-0.13665900
-0.18157400
0.16640300
0.01223020
-0.29633700
-0.43750200
0.01428390
0.05090480
-0.56813500
0.14125600
0.32223900
0.36842800
-0.98048200
1.15744000
0.27079900
0.73506700
-0.47209700
-0.76936700
1.29794000
-0.30591100
-0.23967200
0.36795800
-0.31756100
-0.32469800
0.30588700
0.30614300
-0.45941200
0.00574052
0.37134800
-0.43898500
-0.54038100
-0.44214500
-0.47144000
-0.03841420
0.53213500
0.29243400
-0.26649100
-0.61061400
-1.26874000
-0.35711300
-0.29333000
-0.23922300
0.24787400
-0.39246500
0.25126600
-0.30245700
1.11103000
0.11402700
-0.37635000
-0.30115400
0.23234800
0.32661900
0.00965617
-0.50443100
0.90594000
-0.16756600
-0.10366100
-0.12568700
-0.05751460
-0.74258200
0.33851500
-0.22266300
-0.46246500
0.16796300
-0.51512600
0.69637000
-0.04039690
0.01568930
-0.44890100
-0.18368100
-0.39318100
-0.53387000
0.41826100
-0.49653100
-0.05980590
0.96184600
-0.05276390
-0.24985700
-0.07714130
0.43193200
-0.50883000
0.04025860
-0.65433600
-0.01078180
-0.71747300
0.30482100
0.52406800
-0.26220400
-1.28031000
-0.05160570
1.60484000
1.02724000
-0.54240900
-0.08452750
0.23447000
-0.20174100
0.62787700
0.13911000
-0.39585600
-0.62619800
-0.44326700
-0.47050600
-0.55243500
0.06897240
0.19329600
0.15236000
0.14990400
-0.00546077
0.08952960
0.35338100
-0.42990000
-0.36851900
-0.35887100
0.34563600
-0.31940400
-0.92766000
-0.55093500
-0.75023200
-0.11763000
1.21302000
-0.45989000
-0.82181000
-0.03435040
-0.50006700
-0.03778290
-0.59991300
-0.21055600
0.45836300
0.01326250
-0.64300300
-0.34842200
-0.01146410
0.79717800
-0.58038400
-0.82455900
-0.39421900
0.21043800
0.36627000
0.53019000
-0.71939000
-0.47803100
0.00176360
-0.31071100
-0.55275400
-0.54175100
-0.28876800
0.00845022
-0.29380700
-0.28963900
-0.25765300
0.60138900
0.28160000
0.18230400
-0.29848600
0.03545690
-0.66590300
0.04335130
-0.04290040
-0.30530000
2.35462000
-0.43065800
0.01021870
0.23176700
0.05050400
-0.31168800
0.75917000
-0.22310400
0.12441000
0.18285600
-1.00077000
-0.61558500
-0.39976100
0.32372500
0.21546100
-0.34985400
-0.54897700
-0.18311200
0.15777700
-0.02854800
-0.06299720
-0.23681800
-0.22159700
-0.37172400
-0.23399900
-0.12690600
0.00238721
0.59129000
0.51818700
-0.26684000
-0.36766900
-0.00602742
-0.26813800
-0.03022050
-0.01794070
-0.26867600
1.38246000
-0.07683820
-0.18051700
-0.78847300
1.54416000
-0.96535700
0.57132500
-0.23068000
0.28647800
-0.75517000
-0.19353800
-0.33957100
-0.56398300
-0.31310400
-0.72118500
-0.49995400
1.53147000
0.26565300
0.17691500
-0.18772900
-0.52262300
-0.04785580
-0.17172500
-0.99450100
-0.65181500
-0.23659800
0.56831200
0.51968500
0.12072100
4.12422000
0.76240600
0.81730000
-0.15033500
0.04821540
0.65155900
0.46547100
0.52440600
0.19112800
1.40176000
-0.83441400
0.12155600
0.11006600
0.13815300
-0.56968700
0.08935890
-0.57566400
-0.01909690
-0.36191700
-0.45279000
-0.42557000
-0.00143682
-0.40868200
-0.45104700
-0.05540510
0.89192100
-0.24633000
-0.53154600
0.04638410
0.22871000
1.41501000
0.33729200
-0.31474600
-0.16931300
-0.06759560
-0.15882100
-0.13367000
0.29608000
0.27821200
0.55261700
-0.22720700
-0.18575800
-1.20493000
-0.13658100
-0.33195200
0.05292170
1.12725000
0.86651000
1.09392000
0.63724700
-0.71263700
-0.25662400
-0.97823800
0.58575400
-0.49309300
-0.29841900
-1.04927000
-0.51243500
-0.93020400
-0.33521200
0.10963100
-0.20907500
0.44843300
0.27832400
0.81800300
-0.17877000
0.66944100
-0.29057900
-0.19804200
-0.51281800
0.13325300
0.27151100
-0.25988900
-0.46037700
-0.66456100
-0.16407600
-0.17902200
-0.33098200
0.57257700
0.23728500
-0.15803700
-0.60524500
0.29991600
-0.48683600
0.02195020
0.13786600
0.44896200
0.10180700
0.03837150
0.17269000
-0.68709700
-0.46834400
-0.12564800
0.30319100
0.01711910
-0.28281800
-0.11011900
-1.16523000
0.08481440
-0.55470700
0.75268800
-0.13341700
0.19969500
-0.08384570
-1.01380000
0.44484900
0.88377500
-0.52947400
-0.36637400
-0.15037400
-0.34200200
-0.38197600
-0.54487500
-0.09932760
0.29038100
-0.54132600
-0.23548500
-0.53344000
-0.23855900
-0.80722800
-0.09464630
-0.62341800
0.48520600
-0.37268400
-0.34101000
-0.37712900
-0.04919220
0.05344140
-0.12612900
0.57638400
0.31625700
1.02617000
0.10803100
-0.64981200
-0.40475400
-0.16616500
0.07112950
-0.64705300
0.58478300
0.30551100
-0.60086100
0.30526700
-0.61806300
-0.15007700
-0.21785300
-0.23236100
-0.55107100
-0.13290300
-0.04197110
-0.50502600
-0.35151900
-0.58885300
-0.62761300
-0.15460500
-0.24727600
-0.72992400
-0.32196700
-0.54546700
-0.10587000
-0.05663510
0.57500300
-0.18088500
-0.31494300
0.42401300
-0.30517600
0.32475800
1.24901000
-0.23508000
-0.17406300
-0.40860500
-0.51103900
-0.21049600
-0.65537700
0.26252600
0.17973000
-0.68525000
0.39656000
0.16593500
0.50615500
-0.16633400
-0.37917100
0.21102700
1.42051000
-0.44553500
0.74823600
0.57590800
-0.40590900
-0.50270500
-0.12397500
0.66222100
-0.97667700
0.63435000
1.50895000
0.47049600
0.48583000
-0.40446000
-0.44864400
-0.63928800
0.20691800
0.45925600
1.18520000
0.04855950
-0.07170480
0.16486500
-0.45859300
-0.50996400
-0.54316000
0.36230100
0.18726500
-0.08906930
-0.23958900
-0.64067100
0.98103200
-0.68271100
0.49521200
-0.07954050
-1.02968000
-1.02030000
-0.53247800
-0.04791940
-0.61773200
-0.89403500
2.09721000
1.29156000
-0.50508500
0.33942700
-0.36312500
0.64692200
0.12463500
-0.74735200
-0.07990020
-0.18090900
-0.84363100
-0.49237900
-0.66747200
0.10295800
-0.57763900
-0.66740300
-1.33561000
-0.07545110
-0.25735500
-0.11965500
-0.63089500
-0.14398800
-0.57160500
-0.79726100
-0.66620400
0.18185300
-0.47737900
-0.78777000
0.59558100
0.59152500
-0.35807200
-0.91032400
-0.98146700
0.07011160
0.07468270
-0.18019900
-0.75561800
-0.99909000
-0.96356000
0.33561300
-0.27509300
0.44823500
-0.05251860
1.22146000
-0.07336660
-0.31787300
1.27452000
-0.57241600
-0.45360400
-0.45331800
0.69242200
-0.39312600
-0.46047800
-0.14631200
1.70220000
0.72192600
-0.30718000
0.11907500
0.28063300
-0.04752740
0.03611310
-0.42044200
1.33133000
0.73773300
0.26322600
2.82019000
0.51514800
-0.84145600
0.33873300
1.38974000
0.07625190
-0.42565600
-0.24326500
-0.50878200
-0.31046600
-0.26295600
0.22314900
0.09811560
0.16079700
-0.66205800
-0.92408800
-0.14751300
-0.11219200
1.01942000
-0.29624600
-0.40593500
-0.68522000
0.30959100
-0.14596400
0.18065400
-0.69933400
-0.11787300
-0.04475420
-0.28178900
-0.31826400
-0.30680200
0.12854400
-0.33090000
0.77498100
-0.35236900
0.11700700
0.09804400
0.02175280
-1.05982000
-0.31869500
-0.97731100
0.08912970
2.56701000
1.62743000
-0.69505100
-0.33223400
1.12858000
0.00807811
-0.97618600
-0.61562600
0.64507900
0.63390200
0.28177700
0.14206800
-0.48804300
-0.11924900
-0.94021300
-0.52250200
-0.60429900
0.48711300
0.18615900
-0.59202200
-0.43471200
-0.37048300
0.25171100
0.30311100
1.48714000
-0.16294200
-0.01606090
-0.50481200
-1.27396000
-0.03170310
-0.08989660
0.09652390
-0.56034800
-0.16233500
-0.32970200
1.38707000
1.10187000
-0.19663000
-0.22203300
-0.57845500
-0.06947810
0.22961800
-0.86854000
-0.63501700
-0.71985400
0.01595500
-0.11491400
-0.08488200
-0.16294700
-0.68333900
-0.31205900
-0.41258400
-0.71038200
-0.48072600
-0.03092010
1.22439000
-0.54883400
-0.52105700
-0.62420300
0.15427600
1.40098000
1.33808000
0.18765600
-0.40969800
-0.04814250
0.60589400
-0.92694400
-0.02083340
-0.38717800
-0.27409200
-0.13182200
0.35318300
0.12140100
1.37737000
0.82816800
-0.71113600
0.76359800
0.42112700
-0.37445000
-0.58035300
0.65352200
0.47296200
1.26917000
0.65686400
0.97852600
0.20785800
0.44603100
0.36375900
0.62072100
-0.09413080
0.61839200
-0.37826500
-0.06053890
0.21753000
0.83192100
-0.41055700
0.52983900
-0.44295000
-0.91085900
-0.23235900
-1.00353000
0.01027610
0.06352340
-0.51512000
0.11421300
0.05057930
0.50663400
-0.28759000
0.10546000
0.12762200
-0.27430800
-0.12714800
-0.07015520
0.18369600
0.10769700
1.24926000
-0.41342800
0.72650500
0.52476600
0.08770010
0.21100400
0.24829500
-1.04641000
-0.39548600
-0.18988700
0.65018800
0.75664400
-0.68476800
-0.42961800
-0.16316500
-0.24496400
-0.77255600
0.05254430
-0.17209500
0.39112000
-0.31731300
0.19318600
-0.02061250
-0.40874900
-0.49405300
-0.43511600
-0.19928000
1.44389000
0.74925300
-0.23726800
1.14709000
0.27910500
-0.22721400
-0.22053300
-0.28129300
-0.67513300
0.23815000
0.40955500
0.25689600
0.56450000
0.61062600
0.35906200
0.39218700
1.56850000
-0.79753600
0.23522200
0.10915600
0.10421300
0.67826500
1.05607000
0.31800700
0.10322100
-0.21294300
-0.32885900
0.07484840
-0.59963400
0.13089600
0.90597200
0.36395200
1.42067000
1.89453000
0.45217700
-0.21472700
-0.04502270
-0.24551000
0.01498940
0.08449950
0.24528400
0.71082100
0.37112100
1.33616000
0.12863600
-0.52221600
-0.14312200
-0.11091800
-0.68824400
0.13188000
-0.79976100
-0.45436900
0.32746500
-0.35210700
-1.07945000
-0.29844300
-0.02637190
-0.73523100
-0.47347000
-0.82792200
-0.37875300
-0.45993500
-0.50543700
-0.97205800
-0.57739000
-0.74097700
-0.62367000
-0.09965260
-0.11150600
-0.69867500
0.65426800
3.27186000
-0.22011300
-0.59229900
-1.09954000
-0.38358500
-0.29896300
-0.27983600
-0.15613900
0.31405900
-0.45474000
0.10754800
-1.00176000
-0.08177330
0.38797900
0.08653360
0.66420700
-0.31380200
-0.15473300
0.19061100
0.30146500
-0.10579000
-0.39764600
0.14123900
0.00854495
-0.27477700
-0.44338600
0.18524200
0.20071500
-0.56372400
-0.05781940
2.39234000
-0.38499700
0.05414930
-0.14162400
0.16349000
0.79086200
-0.08788720
-0.38626600
-0.03071350
-0.28963700
-0.57409700
0.04710520
-0.46139800
0.24251400
-0.09484580
0.12081700
0.17496600
-0.47410800
-0.02838140
-0.18540200
-0.28389700
-0.16406600
-0.30040200
-0.36165400
0.09873970
-0.22359500
0.22994400
0.17792800
0.21586600
0.10600000
-0.03317100
-0.10963000
-0.27428500
-0.27236100
0.21999500
-0.01358510
-0.79561900
-0.04271760
-0.08755590
1.19861000
-0.21968300
-0.48519100
0.10266700
-0.29833700
-0.64820500
-0.05429900
-0.16013300
-0.39680700
-0.30536000
0.39332800
0.53411000
-0.10972500
-0.56574000
-0.11616700
-0.43442800
0.38404500
0.09778340
-0.32615600
0.06341480
0.37104700
-0.14050800
1.17385000
0.29830200
-0.29636000
0.44286600
-0.31815100
0.28962700
-0.54318200
-0.20909900
1.46225000
-0.72424200
-0.26109600
0.00961823
-0.47418300
-0.43741400
-0.28950700
-0.09009220
0.35196000
0.14917500
-0.15588400
-0.80092300
-0.33941500
0.32684200
0.13174600
0.36814700
-0.54400800
0.03024150
-0.73557100
0.28070100
-0.01982160
0.45607400
-0.21174500
0.34552400
-0.54521100
-0.02433300
-0.23931600
0.39005300
1.43669000
-0.16450800
-0.60302500
-0.15550500
-0.22098800
1.02188000
0.31329600
0.44067600
-0.50198500
-0.62974500
-0.08998860
-0.06735630
-0.02984120
-0.74789500
0.07020490
-0.09502730
1.21195000
1.08943000
-0.47423100
0.65261500
2.04629000
-0.25395500
-0.20225300
0.36091100
-0.35618100
-0.31354400
-0.20289400
0.14604100
-0.29596300
-0.27083100
0.00666600
-0.39555300
-0.65502900
0.13303600
-0.11549500
0.08502490
-0.76138200
0.21941200
-0.21558600
-0.74550200
-0.02617550
-0.46847900
-0.57713000
-0.34017600
-0.83679200
0.30244100
0.46419500
-0.57755200
-0.61098500
-0.82830000
-0.03234580
-0.66943600
0.01246560
-0.21326900
-0.30802100
-0.33616700
0.46187800
0.11649700
-0.08833220
0.49648100
0.52443400
0.03404310
-0.07817750
-0.45311900
-0.22935900
-0.25728500
-0.75856600
0.25896800
0.26903500
-0.51974600
-0.23848100
0.58558300
-0.48141500
-0.26027400
0.69920300
-0.09158660
0.22364200
-0.67717900
-0.21582400
0.36795600
-0.92074600
0.58552300
-0.41689100
0.15666400
-0.15391500
0.17821300
0.03868450
-0.08961500
0.15583500
0.06390460
2.72418000
-0.34444000
0.85189200
-0.61070900
-0.44711400
-0.49948100
-0.00512524
-0.16449700
-0.32902000
-0.05123340
-0.39212900
0.60284200
-0.20795900
-0.45962600
-0.08960720
-0.76828000
0.59031800
-0.60543900
-0.20374300
-0.42208000
-0.14675100
-0.30525700
0.52750500
-0.28710600
0.73467800
-0.48778800
-1.08820000
-0.18577600
-0.18567100
0.19190800
-0.20431000
-0.25589200
-0.04072440
-0.40859100
0.36004600
-0.32324200
-0.54142800
-0.58130200
-0.08834850
-0.80605300
-0.07457010
-0.27844300
-1.20555000
-0.51685600
-0.39235900
-1.22020000
0.13338600
0.23020600
-0.34762400
-0.31633400
-0.14851900
3.03493000
-0.60180600
-0.03107100
-0.25568200
0.20674400
0.14023300
0.48516700
-0.18672700
-0.60194900
0.01743870
0.15059500
0.25689900
0.41030200
-0.31037500
0.09627680
-0.71232900
-0.23733700
-0.05322220
0.03126820
0.17848300
-0.49929000
-0.32285000
-0.20281900
0.33973800
-1.03459000
0.02031890
0.95193000
-0.19338000
-0.13770600
0.53548200
0.53013500
-0.04728010
0.98196100
0.52742000
-0.68610800
-0.94414400
-0.16233100
0.32368900
-0.41457400
-0.29209400
-0.03108210
0.25606000
0.07932760
-0.54501100
-0.20110600
-0.27159200
0.15406000
-0.33926200
-0.89981400
-0.52463600
-0.50849600
-0.08799560
-0.68734300
-0.34419100
-0.37056300
-0.87609200
0.34648100
0.84272400
0.42950700
1.19291000
1.96510000
0.71094900
-0.28520100
-0.08593560
-0.13976000
-0.20728000
-0.44019800
-0.69741100
0.61190100
-0.15210000
-0.99900000
-0.57834900
0.57649900
-0.50905900
-0.72498800
0.06107020
-0.77144800
-0.24483800
-0.81281300
0.31241200
-1.12405000
0.19033200
-0.12729700
-0.69851600
-0.06767080
-0.43646700
-0.13238100
-0.34283300
0.07627100
0.25993700
-0.01974420
0.08939470
0.29456800
0.09449720
-0.25299300
0.05746670
0.08084270
0.33656100
0.85018300
-0.05579630
0.33713000
-0.54464500
1.91167000
-0.34492100
-0.36723400
1.34138000
-0.43632900
-0.24176900
-0.06209070
0.21855300
-0.41400800
-0.23389700
-0.66767100
-0.58750400
-0.30438800
0.78610300
0.81848200
-0.43978200
1.06452000
-0.26594300
-0.23854300
0.25553400
-1.09272000
-0.30141400
-0.18176400
0.26677500
-0.50146200
0.74762200
0.66726800
0.85748500
0.57265500
0.45301400
0.58662600
0.23820400
-1.04998000
-0.46576000
0.57049800
-0.63143000
-0.57542300
-0.31330800
-0.81962800
0.39666700
-0.20859700
-0.22948300
0.04259730
-0.29205900
-0.58233800
-0.54241900
-0.68221700
-0.31526800
-0.62343600
-0.29495400
-0.08169930
-0.29960800
0.82802200
0.47075400
0.59413500
1.13224000
0.17132500
0.08809150
-0.33588200
-0.57287700
0.12609500
-0.58015400
0.37643600
-0.18262700
-0.18129700
-1.17568000
-0.74365500
-0.11578800
0.84107300
0.17706400
0.37591700
-0.69507200
-0.35193300
-0.87799900
-0.41556400
-0.86310200
-0.62932900
0.06315140
-0.51013200
0.23354900
-0.53837700
0.84226800
1.65447000
0.59792800
0.18041900
0.22158600
-1.03398000
-0.72915200
0.47914100
-0.22883300
-0.53592400
-0.07298080
-1.57133000
0.34240800
-0.17372600
-1.16174000
0.00981354
-0.07039460
-0.48239100
-0.17311500
0.49631700
-0.42115300
0.23283400
-0.20458300
0.02817970
-0.06817060
-0.19887600
-0.78832000
-1.41288000
0.00041363
-0.62189100
0.98547100
-0.29887700
0.04874200
-0.58513000
-0.08350410
-0.04397980
-0.20281900
-0.41698900
0.02818960
0.28844300
-0.20686300
0.03788260
-0.25867800
0.45772200
1.60557000
0.17180000
-0.47636300
-0.16747300
-0.29941900
-0.76123400
-1.09124000
0.49059400
0.49190100
-0.28761400
-0.14751400
-0.29731700
-0.00966069
-0.06105220
-0.39702000
0.01685560
-0.30986700
-0.15803700
-0.32283100
-0.59166700
-0.24309800
-0.75437200
0.17065600
0.52881000
0.63730100
0.05694330
-1.13951000
0.20313900
-0.46800100
-0.02644880
-0.04582870
-0.72685000
-0.74566600
-0.49108700
-0.14646200
0.15374800
-0.08557680
-0.55439700
0.12343300
0.14216800
0.27673500
-0.36197300
0.40267400
-0.51268900
-0.30388900
1.15999000
0.97843300
0.41841100
0.30909800
-0.10114600
0.62571300
0.14603300
-0.14846100
-0.65570300
-0.83074100
0.94806700
-0.22156200
1.57664000
-0.48974200
0.09438810
-0.70827500
0.11251800
-0.57020000
0.20076200
0.98936700
0.45479600
-0.13966800
-0.11149200
0.08859280
-0.32716600
-0.79370700
-0.68681200
-0.16343600
0.34239200
-0.51570500
-0.63184800
-0.13415200
-0.36988800
-0.53656200
-0.43867400
-0.54628600
0.02937150
0.04886000
0.03954830
-0.05635870
-0.85595700
1.36692000
-0.53398500
1.17723000
-0.41736500
0.51980700
0.20832900
0.10792000
0.99096600
0.22732800
0.73130800
-0.12563900
-0.71538100
1.03915000
0.16618200
-0.09501120
-0.69961000
0.44827400
-0.16792500
-0.02561440
-0.32677700
-0.69310800
-0.54786500
-0.15519500
0.48653800
0.53831200
-0.38079600
-0.39773900
-0.07455210
-0.68178500
-0.13293200
0.10574500
-0.31685500
0.00997619
-0.14381300
0.45446700
0.03088230
-0.17870000
0.50996900
1.57622000
0.30514200
0.08038450
0.18825200
0.20918500
-0.66578500
-0.25873700
-0.19545400
0.29714800
-0.44663400
0.07620310
-0.00486453
0.02002530
0.45055100
0.36741700
0.37060900
0.09024260
-0.37064500
-0.48615700
-0.36504500
-0.07620550
0.61230700
-0.24595700
-0.63264500
-0.34175100
-0.52068400
-0.42475700
-0.13164500
-0.43641700
0.90289100
0.02677680
-0.15642600
-0.21607800
-0.08877250
0.13590700
0.02323320
1.01725000
-0.03686280
0.37546400
1.52793000
0.00859785
0.50677800
-0.35612100
-0.28574000
-0.13600600
-0.37013200
0.78314600
-0.18371100
-0.06479240
-0.54930800
-0.35665900
-0.76369900
-0.30185600
-0.30542600
-0.14277400
-0.21641900
-0.17653600
-0.08261720
-0.90769500
-0.40749000
-0.36165700
-0.48202900
-0.49557300
1.66106000
1.17585000
0.39807700
-0.22189600
-0.12641700
0.85224900
-0.31399800
-0.28557900
-0.04544840
0.48457500
-0.72750900
0.44667500
-0.13829100
-0.96217600
0.20221300
0.56771300
-0.55106500
0.06178900
-0.72040300
0.03400050
-0.47781300
-0.92757100
-0.43261100
-0.09743670
0.24852800
-0.54015900
-0.02067810
-0.34403900
1.16459000
-0.54124600
0.39197300
-0.01768800
-0.45654900
0.23905400
-0.08871810
0.78665700
-0.92434000
-0.60016300
-0.12174300
-0.78405100
-0.71735000
-0.04952600
0.22234400
-0.42137800
-0.64597800
0.59269400
-0.16501700
0.44870700
-0.38927100
0.26941600
-0.44515500
-0.27002100
-0.61116600
0.14335600
1.65590000
-0.04264200
-0.79706600
-0.42756300
-0.05811510
0.44858300
-0.57255800
-0.16982800
0.04162440
-0.56767200
-0.10854000
-0.39871500
-0.33302100
0.19812700
-0.04694770
-0.10603400
0.08211620
0.03149230
-0.08076820
-0.28149600
0.70366800
-0.74341900
-0.72788000
-0.69064600
-0.66495400
-0.86838600
-0.64118100
0.55640300
-0.24992800
-0.72307100
-0.56937200
-0.71802200
0.40296500
0.78251500
-0.38521400
0.16263600
-0.12380900
-0.74429800
-0.34178300
0.37019100
-0.07488380
-0.30144100
-0.51862300
-0.06017340
2.42310000
-1.08153000
-0.28817600
-0.05538920
-0.40510700
0.69351700
-0.11343300
-0.18141500
-0.02405460
0.52787100
0.85954400
0.40684500
0.05944520
0.02816760
-0.17116600
0.00220752
-0.05215110
0.13328900
-0.44980200
-0.52745800
-0.82183500
0.85494000
-0.24332500
-0.53619000
-0.01273600
-0.00169411
-0.53692700
0.31151600
-0.16083500
-0.59519500
-0.78819700
-0.04425610
0.16626900
0.81968100
0.31970300
-0.28701400
0.42312800
-0.86858600
0.18666100
1.47015000
-0.80911600
-0.33675600
0.14531500
-0.41888400
-0.81974100
-0.37485400
-0.07705710
-0.29854300
-0.41969000
-0.05055130
-0.28873100
-0.09442260
0.41684700
0.25177300
-0.51461800
-0.01694430
-0.23937100
0.22509600
0.09809890
-0.32280000
0.08584800
-0.19139300
-1.20450000
-0.18875400
-0.20172000
0.66993400
-0.04912330
0.20927200
-0.73179500
-0.67396600
-0.40164200
-0.65315500
-0.47678200
-0.84579100
-0.25930900
-0.08354670
-1.38088000
0.50275800
0.13565900
-0.45784700
-0.74481400
-0.17665500
-0.18035500
-0.72674100
-0.00460336
-0.07842190
-0.72745000
-0.34134100
0.98153900
-1.03003000
1.36323000
0.11091100
0.37650100
0.15090300
1.24615000
-0.25840600
-0.84404200
-0.21172400
-0.54233500
0.56505700
-0.23126100
2.07798000
0.87805100
0.95368300
2.56136000
0.31715500
1.65016000
-0.12732000
0.47783300
-1.02414000
0.31608500
0.20652000
-0.16815000
-0.59080800
-0.06894110
0.49696500
0.68420300
0.81264400
-0.29408000
0.14583300
0.21203400
-0.08951960
-0.32629100
0.27313300
1.73347000
0.77747000
0.82718600
0.43588300
1.16397000
0.60626400
0.25414900
-0.72548900
-0.05709360
0.09278390
0.60779400
0.23038400
-0.68304100
0.21851000
-0.50328900
-0.74775900
-0.06057430
0.17736400
-0.40340000
0.08618850
0.04337100
0.56975600
0.02407370
-0.23766900
-0.69586000
-0.00751202
0.46514400
-0.48988200
0.18100800
-0.64806600
1.43859000
-0.33991800
-0.16296400
-0.20695700
-0.49729300
-0.54052100
-0.34006100
-0.08242680
-0.25040500
0.12497100
-0.23087800
-0.14923600
-0.52724100
-0.60699100
0.33321000
-0.06085390
0.55184700
-0.21031500
-0.48221700
-1.09680000
-0.07102900
-0.67945200
-0.51837900
0.35508400
-1.03591000
-0.43847300
0.18378000
1.73066000
-0.19288500
-0.45062600
-0.64765500
1.09245000
0.14281800
0.17300500
0.22364900
0.23825500
-0.12577900
0.24396600
-0.30677500
0.06652350
0.43848800
0.31952900
0.85138200
-0.89693300
-0.87360300
-0.19490600
0.19193000
-0.47443600
-0.93480800
-0.28329900
0.04439790
-0.71229500
1.08126000
-0.10064000
0.25835000
-0.99050900
-0.30619600
0.12590800
0.51206000
-0.00555184
-0.68036000
1.21886000
0.61782500
1.08285000
0.06384330
0.21318300
0.06751390
-0.76130500
-0.51873500
0.10878200
-0.39203900
0.20012500
0.13134500
2.61419000
1.01560000
0.16262300
-0.09877950
0.08732560
-0.50906800
-0.50192300
-0.72676500
-0.47713600
-0.04492610
0.11864300
-0.68367700
-0.36204100
-0.18000700
0.13489000
0.98004100
0.42949900
-0.83942000
-0.79743200
0.51107500
-0.29334900
0.07446130
-0.18633800
-0.48752100
-0.58039400
-0.68965500
0.10089700
-0.58020000
-0.28064700
0.13773900
0.53455900
-0.27997700
-0.49948100
-0.08590920
-1.09445000
-0.03220250
-0.14520300
-0.85460800
-0.52697500
0.09969450
0.11403200
-0.30131100
-0.22690000
0.76721700
0.52518200
-0.28479700
-0.89222200
0.12140800
-0.10186300
0.02645540
-0.30432700
0.45251300
-0.58458800
-0.42938500
-0.01578920
0.04881550
-0.09612360
-0.78810100
-0.82490800
0.39580300
0.11181400
-0.90414200
-0.19780300
-0.69036900
-0.37603700
-0.77107800
-0.82022500
-0.26261100
-0.74750700
-0.23015400
0.22796200
0.08792610
-0.58171700
0.43171100
-0.12056400
-0.11463600
0.10739600
0.66144700
-0.95448400
-0.42528600
-0.23690900
-1.10916000
0.26939700
0.10350200
-0.47962100
-0.60315700
-0.04429060
0.11317200
-0.42829800
-0.09748510
0.60505900
-0.23372100
1.02725000
0.34585800
-0.26447000
-0.02166650
0.74946100
0.04648890
-0.72889200
0.88169000
-0.36814300
-0.52441900
-0.03668540
-0.39020600
-0.03245910
-0.25214600
0.11535100
-0.34358200
-0.05635260
-0.73528200
-0.17859400
-0.32336000
-0.07638010
0.13113600
-0.66500300
-0.53887100
-0.13658400
-0.22150800
-0.37117100
-0.27008700
-0.07840570
-0.30713500
0.14769900
-0.04608690
-0.01999290
-0.73532600
0.18908300
-0.09158370
-0.44008300
1.33127000
-0.05044000
0.01391490
0.38288000
-0.25710400
0.32209600
-0.85919300
-0.56703100
-0.13129500
-0.49222500
0.11600200
1.69340000
0.24090700
0.12376800
-0.29609800
0.04394880
-1.01740000
0.06389600
-0.09194950
-0.08165450
-0.62971800
0.04256620
-0.36494000
0.03309920
0.20401700
-0.13661600
0.30297300
0.74809900
-0.06426250
-0.47495400
-0.67928900
-0.71048100
-0.43792000
-0.19884900
-0.75365400
0.17877900
-0.74938300
1.04380000
0.03239860
-0.41625700
-0.23318800
-0.49007600
-0.03663470
-0.25225800
0.70843000
-0.29832200
-1.26688000
0.12044300
0.54906800
-0.54095300
-0.29535900
0.04556660
-0.02643610
-0.11194800
-0.37383300
-0.34431100
-0.31194000
-0.00663830
-0.39957800
-0.68772700
0.20947300
0.22368900
-0.02471270
0.60529000
-0.56575400
-0.03310590
0.47907300
-0.50927100
-0.66300600
0.04123160
-0.04222330
-0.13637100
0.20814400
-0.25568000
-0.08945500
0.22038400
-0.19632100
-0.56069100
0.13814900
-0.52530900
-0.03172720
-1.00152000
-0.07366760
-0.81353400
-0.13664400
-0.30936400
0.65510300
-0.31868400
-0.22592500
-0.49996900
1.61358000
-0.26192200
-0.30964600
0.86560900
1.66908000
0.37080400
0.33391700
0.66086800
0.30602500
-1.19491000
0.51457400
-0.02707640
-0.12296900
-0.44471600
0.15062200
0.19590900
-0.19206600
-0.01837890
-0.25395000
0.18685000
-0.96793100
0.33888800
0.03503920
0.31504400
-0.02275140
0.25954000
-0.29097000
-0.26483700
-0.05442840
-0.05599460
0.13038700
0.22914000
0.28026100
1.55256000
-0.07444380
0.34875100
-0.39919800
0.25856100
-0.40182800
0.74163800
0.70216500
0.23565200
-0.05580080
1.49113000
-0.84128400
0.66348700
0.10537500
0.05133790
0.39882800
0.98787700
-0.46639300
0.00782322
-0.19379700
-0.37611000
-0.23995200
-0.55150400
-0.70979900
-0.15501300
-0.00350860
-0.57994400
-0.79032600
0.46859200
-0.23235500
-0.16278500
0.33810800
0.18727900
0.71312300
-0.85326900
-0.53940600
-0.10545200
0.20885600
-0.70703700
-0.32231000
-0.24523300
-0.53370100
-0.50933200
-0.21300700
0.59375000
-0.64801800
0.36383000
0.70910200
-0.66257400
-0.99567800
-0.34866800
-0.30029200
0.24843800
-0.09377690
0.44096800
-0.87295800
-0.43191900
-0.26957500
-0.01073820
0.24415100
0.38039000
0.43069500
-0.57131400
-0.89400600
0.33887400
0.28541800
-0.08403970
-0.34504900
-1.08237000
-0.21516900
-0.45275900
0.14182900
-0.59111300
-0.43729800
2.95722000
-0.48171500
0.46108700
-0.03468900
-0.75886300
0.12374800
-0.11624700
0.43651500
0.13379700
0.29311500
-0.01551970
0.26236500
-0.30233200
-0.71981600
-0.44004700
-0.37790200
-0.15551200
0.24414500
-0.78610900
1.19896000
-0.43734700
-0.57423600
-0.41179500
-0.52440700
1.90792000
0.39131400
-0.43989000
0.61321100
0.37780100
0.21302500
-0.78080700
0.43947300
-0.27489100
-1.19458000
0.86300500
0.17734300
0.10788000
-0.09013910
-0.85427600
-0.81644700
0.51194400
-0.65725900
-0.03199200
-0.03463000
-0.28494400
-0.60652100
-0.32459100
0.10239500
-0.44485000
-0.12262900
-0.44772300
-0.44699500
-0.32879000
-0.30948300
0.34558100
0.33393800
0.49343800
-0.47497900
0.25918900
0.32992800
0.68633700
-0.39957600
-0.29528900
0.11575800
0.20155300
0.07706870
0.49851200
0.34223000
0.66186100
-0.35011400
0.35627200
-0.24941800
2.95586000
-0.39243500
-0.52312000
-0.44465800
-1.09667000
0.45431700
0.40019100
0.78836400
-0.87247300
0.39952200
-0.46770300
0.16186500
-0.66955600
-0.23834200
-0.39750600
-0.31609400
0.85346600
0.11644400
0.35580700
-0.46987400
1.06676000
-0.13969400
-1.20197000
-0.69727200
0.17181700
0.13738100
1.54157000
-0.02189880
-0.23901500
-0.30282900
-0.70957700
0.06560680
-0.06107120
0.41250500
-0.18648500
-0.61225500
-0.51729600
-0.36436000
-1.07847000
-0.12323100
0.13681600
0.11082900
-0.38271900
0.65217200
-0.95172000
-0.53888500
0.16277700
0.33872700
-0.64524100
-0.22696900
-0.34570100
0.60317500
0.90281600
0.43707100
-0.81902100
0.10844400
-0.04763530
-0.53464300
0.33617700
1.04486000
0.32895700
-0.05537940
1.02146000
0.60016100
0.57398600
-0.26517100
0.36290400
0.18337500
-0.41273500
-0.69354900
-0.74801300
-0.24636800
-0.96054000
-0.06705300
1.01902000
-0.20243700
0.23500100
0.12376800
-0.09813290
0.32824300
-0.26082000
-0.01106160
-0.33203900
0.17730300
-0.26396900
0.45110200
0.25733300
-0.34736900
-0.30621200
0.57978700
-0.44059500
-0.15315900
0.67077400
0.18640700
0.19587300
-0.59208800
-0.63255200
1.71553000
-0.23553400
1.13119000
1.40698000
0.81265200
0.73187600
1.05947000
1.12676000
0.34765100
-0.27795300
-0.57852900
-0.31368200
0.12428000
-0.09549080
0.02862930
-0.03065490
-0.43227600
-0.91624500
-0.99649600
-0.03441870
-0.52303800
0.12428000
-0.33934200
-0.08245870
-0.73447500
-0.12290800
1.54481000
0.05822550
-0.58710700
-0.67997700
-0.49757900
-0.11678500
-0.05879930
0.08129580
-0.47187800
0.00809540
-0.09164470
-0.42135300
-0.53546800
-0.29236700
0.13664700
-0.11918900
-0.79162400
0.31977300
-0.28710500
-0.36603000
0.06610090
0.14120100
1.87980000
-0.29168600
0.12376600
-0.13787400
0.39304400
1.71755000
-0.37080600
-0.32575200
-0.36797500
-0.28481900
0.44293800
-0.26159600
-0.12010300
0.63698700
0.10147800
-0.58280500
0.10141200
-0.38653900
-0.07925940
-0.67111400
-0.20663300
-0.42120300
0.73494100
-0.20322400
1.00771000
-0.57292600
-0.28242700
-0.18650500
0.32478900
-0.11505700
-0.19127700
-0.06273310
0.33745800
-0.25683800
-0.17747000
0.12268500
-0.75941800
0.46008600
0.15697100
0.15697100
0.04190690
-0.69098900
-0.16280000
0.32778700
0.06037270
-0.15400400
0.58067400
-0.40891900
-0.08226630
-1.08544000
-0.12468400
-0.27642500
-0.08066490
-0.33595500
-0.21027200
-0.58654900
0.39499700
-0.13565400
-0.50833700
0.17947000
-0.37440100
-0.17850100
-0.08493840
-0.21807500
2.18785000
0.24756000
-0.07234120
0.93624000
1.06463000
-0.24956100
-0.36455500
1.11132000
0.17469400
0.20958700
0.16330600
-0.54151300
0.10731100
-0.58910200
-1.14139000
0.49551900
-0.90550300
0.14653800
-0.89431400
-0.58084900
1.44047000
-0.10722100
-0.40178500
-0.10103800
1.57900000
-1.12523000
-0.56736100
-0.26124700
0.54082600
0.87746700
0.22539500
1.56418000
0.55872800
-0.21616000
-0.55957900
-0.08295820
0.14163800
-0.21344500
0.44291800
-0.72310600
-0.59510300
-1.01755000
0.01675240
0.19331700
-0.66457600
-0.28349900
-0.82725500
-0.79162400
-0.02645620
0.22197500
0.14725500
0.25704900
-0.43494900
-0.65264800
-0.29828700
-0.33605400
0.32518600
-0.00417991
-0.13941800
0.03775390
-1.08718000
-0.65269500
0.20841500
-0.33735200
-0.82318700
0.83209200
0.02957530
-0.27951600
-0.15653700
-0.29420400
-0.37799600
-0.00577518
-0.05981970
-0.64480300
0.13845000
-0.53926800
-0.53926800
0.12059600
0.13942100
0.76011800
0.22911500
-0.28057700
-0.01832710
-0.95491200
0.26101300
0.14258000
-0.04726350
-0.21247600
0.01512380
-0.42021000
-0.24915200
-0.07515310
-0.48026500
-0.41297900
-0.11331900
0.66688900
-0.38722500
0.75706200
0.69884000
-0.00201458
0.86994400
1.90438000
0.21084900
0.01921120
-0.24096900
-1.06395000
-0.74876900
-1.09611000
0.41940500
0.17346600
-0.45191200
-0.44791800
-0.59600800
-0.48387500
1.38596000
0.12851200
-0.69989700
0.25924100
2.57775000
-1.29165000
0.63162600
-0.81897600
0.16103700
-0.24500500
-0.94453300
0.00808648
-0.07893650
-0.43785100
0.06847200
0.06304840
-0.54425100
0.01007680
0.24541300
-0.60206700
0.69195000
-0.66699000
0.29711400
-0.24461000
-0.10824000
0.02312180
0.86029700
-0.12792400
0.28222200
0.51765900
0.72629000
-0.70717700
0.22546400
1.09585000
0.86525100
0.22351400
-0.24917300
0.35812300
-0.73782600
0.49063700
-0.31786700
0.10615000
-0.21957400
0.13343000
0.38813300
0.02957530
-0.39320000
0.18102600
-0.22830600
-0.09796730
-0.36136200
-0.29867600
0.07440270
0.31253200
-0.56168600
0.11040000
-0.13977200
-0.33785000
-0.92491700
0.27353200
-0.71330000
0.17681200
-0.33640400
-0.55335600
-0.24584200
-0.31128000
-0.35078700
-0.41853100
-0.09857220
0.24908700
1.58888000
-0.09689590
1.43142000
0.02530380
0.35731600
-1.01396000
-0.17836400
-0.68692900
0.53262800
0.11523400
-0.01162770
-0.27669200
0.92668600
0.32545600
0.55128100
1.10121000
0.17089400
-0.41823500
-0.50155000
-0.24666400
-0.50304600
-0.33119200
0.35656100
-0.57066200
-0.24040100
0.21385900
0.47899800
-0.57377800
-0.05324300
-1.06601000
0.45550500
-0.18177400
-0.64992100
-0.55710800
-0.27136600
-0.28564500
0.29504700
0.40122100
1.55503000
-0.89050100
-0.71651300
-1.04319000
-0.67259700
-0.49381200
-0.30506100
-0.84902000
0.03864830
0.30133400
-0.37566000
-0.79300000
-0.31075700
0.39699600
-0.08327500
-0.42030900
0.07004090
-0.16581200
-0.68763200
0.04239380
0.44887800
0.30263400
0.36506500
-0.53056400
0.05014110
0.26730000
-0.61108500
-0.47032100
0.00902795
-0.17842400
-0.21445900
0.23205000
-0.29375500
0.61873400
-0.03053060
-0.54497700
0.80930100
-0.18131900
-0.29390100
0.45044000
-0.15416300
0.26754700
0.00195168
0.04752670
-0.11623200
-0.07346160
-0.62139700
0.06405910
0.33589000
-0.48814400
0.05439070
2.09475000
1.53965000
0.81435500
0.42072600
0.15862600
-0.00724008
-0.20134500
-0.31796000
0.20642700
-0.68783600
-0.14692100
-0.69450400
-0.14328000
-0.19472700
0.08223390
-0.55477200
-0.82772900
-0.47462100
0.04275680
-0.78784200
0.13228800
0.37890900
-0.43896200
-0.64202500
-0.86217200
-0.56811800
-0.45903300
-0.26260800
-0.68673800
-0.51233800
0.21732600
0.31009000
0.07739840
0.06248780
0.13591600
0.26952300
0.01893650
-0.55008500
-0.29391000
-0.43731600
0.05465300
-0.79172700
0.06738690
0.33991400
0.32396800
-0.22418900
0.13925700
0.17154100
-0.00392949
0.18172400
-0.40507200
-1.11305000
-1.01495000
-0.37026300
0.44716600
-0.12538400
1.42502000
0.51257700
-0.32786400
-0.34116300
0.08564760
-0.42376300
-0.21361000
0.44995400
-0.44390000
-0.01085620
-0.56761900
0.17094900
-0.95797600
0.08705620
0.26225700
-0.59221600
-0.11238100
-0.21731800
-0.14070900
0.11300300
-0.68422800
-0.20490300
-0.20279200
-0.11728100
0.49661500
-0.48131900
-0.47545700
-0.97769100
1.02807000
-0.49536200
0.19161200
0.26342300
-0.12783800
-0.54596700
-0.19298000
0.01385320
0.38100000
-0.02655370
-0.76516000
-0.64492700
0.71353000
-0.62513500
0.09125260
0.08420470
-0.36961500
-0.25292800
-1.01404000
0.28622400
0.16010400
0.06793040
-0.52617600
0.90942300
0.02061170
-0.23037400
-0.66249100
0.68718000
1.13238000
-0.08248750
-1.20897000
0.50516200
0.88040500
-0.17762900
0.34350000
-0.99194900
0.38470700
0.01987820
-0.35424700
-0.14716800
0.52486700
-0.22597600
1.36419000
-0.55119900
-0.11685400
1.06126000
0.48662900
-0.03549870
-0.46656100
-0.27048300
0.25398900
-0.88309200
-0.19993200
-0.56568600
-0.04564180
-0.12623800
-0.76199300
-0.12296900
0.09719230
0.50089700
-0.00015296
-0.74816500
-0.92531300
-0.73828200
-0.84606100
0.45160200
0.15429700
0.19403300
-0.07928450
0.62302600
-0.62206700
-0.26750600
-0.06386000
0.31134000
-0.17799600
-0.62175600
-0.46758700
0.38959100
-0.36967200
-0.44823600
-0.05305840
-0.44662300
-0.00068140
-0.24125300
-0.12651300
-0.51959500
-0.34724600
-0.53365100
-0.35782500
-0.38753400
0.14035000
-0.49307300
0.43279100
-0.76969400
2.39364000
-0.26451800
0.26310900
-0.15444700
-0.01519510
-0.30036300
1.12147000
0.48101600
0.41470100
0.79622900
-0.63452600
-0.50307000
-0.61020400
-0.31466600
0.56570800
1.04077000
-0.06883180
-1.23088000
-0.11841100
0.66447400
-0.62376200
0.08446340
1.80697000
-0.42978300
-0.47711600
1.16588000
0.41816200
0.87691400
1.50062000
1.07753000
1.01449000
0.91838000
-0.75170300
-0.68101800
-1.61828000
1.48765000
1.93647000
0.62889600
0.90237700
0.60500300
1.33534000
1.31987000
0.52977000
0.04569970
-0.04367620
-0.59274200
-1.12569000
-0.17932800
-0.20815700
-0.02121650
-0.07832350
-0.30523200
-0.74599400
-0.19435000
-0.01545540
0.34266600
0.08440380
0.78200700
0.99007800
0.15407000
0.49032300
0.17812300
0.26508500
1.08118000
1.07686000
1.32427000
1.52618000
-0.63801600
-0.44119700
-0.03291250
-0.00427448
0.35676200
0.29044800
-0.17345600
-0.16439100
0.60361100
0.09207290
0.77551100
-1.36798000
-0.77636900
-0.24486900
-0.06229760
0.15195300
0.22636100
-0.37446700
-0.34083900
0.44308700
0.13774000
-0.29349500
-0.14203700
-0.56008700
0.21914200
-0.04267680
0.41325800
-0.19552500
0.93394600
-0.56698200
0.97404300
0.67137900
0.35317700
0.10488300
-0.30013700
0.39661400
1.91408000
1.70489000
0.27046900
0.36022500
-0.47039600
0.05149010
-0.22338300
-1.13142000
-0.13198900
-0.96419200
0.37456200
-0.41880800
-0.31338100
-1.03192000
0.01735740
-0.01040840
0.22133400
-0.34601900
-0.30063400
-0.16852800
-0.29679200
-0.47158800
1.49065000
0.29083700
0.02289660
-0.06204270
-0.48882300
-0.40108800
-0.00065776
-0.65265200
-0.22239400
-0.32621600
0.02857660
-0.53548300
0.00165813
-0.12956600
-0.30830000
-0.23436500
-1.01567000
-0.53323900
0.07252010
-0.44492800
-0.69006800
0.53133200
-0.70315200
-0.24199900
-0.99858200
0.40607500
-0.08496580
0.50929600
0.22355700
-0.17749200
-0.75801600
-0.12516900
-0.36552700
-0.34342900
-0.56184000
0.44601700
0.07186850
-0.09597430
-0.37686500
-0.01795320
-0.67324200
0.19213900
-0.35875400
-1.06139000
-0.30067200
-1.37072000
0.18771700
-0.41339700
-0.20661000
0.30602600
0.07882630
-0.14545800
2.95780000
0.59928100
-0.64888000
0.10314500
1.04236000
0.02303700
-0.36066600
-0.24068900
0.50624200
0.37165600
0.15558000
0.89833100
0.31286500
-0.00715280
0.28124400
-0.34132700
1.23420000
-0.43999300
-0.29237800
0.24086600
-0.24831000
-0.54061200
0.11532200
-0.08942130
-0.28173900
-0.17030500
-0.23802100
0.07116370
0.15384100
-0.45756900
-0.39289900
-0.27101400
-0.17430600
-0.19814900
-0.41897000
0.20883900
-0.62230200
-0.83052800
-0.43999100
-0.61881300
0.25967500
-0.09970050
-0.45829500
-0.14181400
1.04691000
-0.22334800
0.34902600
-0.23689700
-0.50259900
-0.00375777
