4.43030000
6.11086000
4.77273000
4.72759000
5.55847000
5.01267000
4.59074000
4.56189000
4.51650000
0.59565200
-0.67923200
4.31187000
4.71341000
4.68807000
4.59107000
0.45175900
5.25777000
-0.01201300
4.40791000
5.00996000
4.81013000
0.84433600
5.16780000
4.85121000
5.28536000
4.60819000
0.73086000
4.84109000
0.57502300
4.71215000
5.03532000
4.48918000
4.58578000
5.11043000
0.11873600
5.03169000
4.98269000
4.79079000
4.51115000
4.31116000
4.89830000
0.64145900
0.50798900
4.69746000
0.19228500
4.76116000
4.95350000
4.76670000
-0.20155900
0.21728600
-0.68722200
-0.27925200
-0.33902600
-0.35652800
-0.28395100
0.33717600
-0.45286000
0.03024340
0.14435000
0.69836000
0.22873600
-0.36033100
-0.40830500
-0.12936600
0.23450900
0.51468900
-0.42946300
0.35961200
-0.20232300
0.17065900
0.05141410
0.60797700
-0.03073540
0.96414200
-1.10159000
-0.39359900
-0.28805400
-0.03816790
-0.24008200
-0.03683250
0.10922200
-0.32222400
0.00893921
0.18023000
0.12242000
-0.17510100
-0.35544800
-0.71085700
-0.76195300
-0.10616900
-0.25897800
-0.17835400
-0.56707100
-0.36638700
-0.35196600
-0.03274250
-0.58141800
0.20503900
-0.44653600
0.25827600
1.01402000
0.25291100
-0.05956630
-0.66706200
-0.14441300
-0.38724900
1.16533000
0.16520400
-0.13034900
0.18738100
-0.71905900
1.04763000
0.46427500
-0.69803300
-0.89062100
-0.26449200
-0.68437200
-0.13933800
-0.27584200
-0.09853600
-0.31734500
-0.00299199
-0.20395200
0.33231300
-0.74758800
-0.76177900
-0.42756100
-0.12176400
0.04894730
-0.54564100
0.50370500
-0.10239700
-0.00508110
-0.41226700
0.21283500
0.73918600
-0.55543900
-0.20581900
0.85297400
0.25141500
-0.42375900
-0.06322210
-0.62533800
-0.11113600
0.13105600
0.07855310
-0.23995100
1.37369000
0.30909700
-0.01235060
0.45914300
-0.47655000
0.01696600
0.19634800
-0.09646490
-0.18668400
0.16763300
0.15091400
0.07488260
0.29480200
-0.20582100
0.13866100
-0.43079700
-0.53023800
-1.13705000
0.19058600
-0.22207500
0.08965070
-0.75309800
0.04467800
0.26066900
-0.81137200
0.05443170
0.00388534
-0.27410300
-0.36556000
-0.14665000
0.36843000
-0.28528300
0.06861920
-0.60160900
-0.09044350
-0.17550800
-0.48734300
-0.43808100
0.34303800
0.32708200
-0.25909400
0.24420700
0.52029500
-0.29640100
-0.03719700
-0.32036000
0.27840700
-0.00418952
-0.33773000
-0.27890500
0.54849400
0.41453600
-0.41647800
0.34674300
-0.04188810
-0.20953600
-0.89790100
-0.70284700
-0.61132800
-0.62543000
-0.34082000
-1.18369000
-0.37649400
-0.00619702
0.22732300
-0.92565600
0.32929000
-0.54067400
-0.27717300
-0.90590500
-0.27400000
-0.14802700
0.50293600
-0.32485000
-0.72827700
0.45330300
0.09552880
-0.02715700
-0.30894400
-0.21691200
0.18627800
-0.79814700
-0.41457500
-0.42482100
0.25138800
0.04321300
-1.18258000
-0.30746300
0.22673200
0.00085136
-0.57094900
-0.18000300
0.21823000
-0.55180500
0.15855400
-0.22799300
0.11148500
-0.05132600
0.34600400
-0.20323600
0.36143500
-0.35385100
-0.10897300
-0.49848500
-0.02069420
-0.19142100
-0.30880800
-0.47010200
-0.28141900
-1.37342000
-0.69795400
0.52778400
1.17808000
0.23276100
-0.01302850
-0.09153550
-1.33185000
-0.90973500
-0.43265600
-0.01758450
0.80204600
-0.45152200
-0.32222200
-0.16548600
1.38145000
0.03118920
-0.36750400
-0.64318900
-0.75297000
0.02712900
-0.36900700
0.85409000
-0.12937300
0.99240400
-0.21163500
-0.08086450
-0.27598800
-0.33818300
0.15310300
0.68671000
0.06626830
0.27354200
-0.10032500
-0.50202600
0.29874500
-0.17249900
0.19357000
0.23948700
-0.93189800
-0.60118800
-0.76873700
-0.69027800
-0.09592180
0.22620000
0.64312000
1.43137000
-0.18403600
-0.01893770
-0.28071900
-0.56292100
-0.23265400
0.40570200
-0.50990000
-1.05710000
-0.29769100
-0.26571700
1.23038000
-0.27136700
0.75143700
0.03402140
-0.31855300
-0.38068200
-0.25336000
0.02348490
0.04144110
0.38546000
-0.37336500
-0.37516600
-0.11245500
-0.72912900
0.16284400
-0.53096800
-0.43252900
0.07581520
-0.68262100
-0.24060400
-0.12059700
0.37421600
-0.16194100
0.61643900
-0.15765200
-0.18700200
0.17125300
-0.03894760
-0.05340550
-0.51025700
-0.01043790
0.54296900
0.27391100
-0.78429300
-0.28826300
0.01650770
0.13372400
0.65908800
-0.37195900
0.23258800
-0.71207100
-0.46105800
-0.91429300
-1.05216000
-0.04022600
-0.24603400
-0.44013700
0.45066300
-0.08384040
-0.28580600
-0.27068800
0.47099100
0.03299800
-0.43999900
-0.24940800
0.12588400
-0.46559900
0.04550120
0.18165000
-0.06945830
0.31354700
0.39467400
-0.30048400
0.53426100
-0.86491400
-0.07150710
-0.35022100
0.23775000
-0.51081300
0.20057100
-0.47947600
0.54543500
-0.08344440
-0.08064420
-0.82981000
-0.55476000
0.15729700
0.51027000
0.09247870
-0.94198200
0.50450600
-0.32671100
-0.61487400
0.96062900
-1.02259000
0.39944400
-0.28924800
0.90067900
1.16147000
-0.58744200
0.21791700
-0.40345400
-0.75024800
-0.29315500
-0.56019000
0.39509600
-0.41197400
-0.62784500
0.53461200
-0.40332900
-0.71527500
-0.16734300
-0.25173800
-0.15579900
-0.13481600
-0.10165800
0.45284100
-0.69008000
0.16814900
-0.82519500
-0.79004200
-0.10184800
-0.47063100
-0.02712730
0.15489900
0.17701300
-0.36159200
-0.36332900
0.30372300
0.39504800
-0.15846600
-0.19528200
-0.03713640
-0.87780400
-0.49533700
-0.63691100
0.63119100
-0.83802600
-0.79538300
-0.84647800
-0.46055900
-0.93288200
-0.41058100
-0.16900500
-0.66287800
-0.22823100
-0.46052300
-0.41640900
0.00962390
-0.42457500
-1.43815000
1.21092000
-1.04051000
-0.39463900
-0.79297600
1.23042000
0.14241500
-0.64977400
0.02510140
-0.19828800
0.19800900
-0.79301100
0.16905400
-0.18451600
-0.43963000
0.97163300
-0.11648000
-0.81660600
-0.62364600
-0.67388500
-0.31810700
0.11756100
-0.35036400
-0.75450700
-0.22842800
-1.16727000
2.11750000
-0.68453400
-0.33662400
-0.75399400
-1.00023000
-0.04948540
-0.10132700
-0.07592510
0.31368200
0.65096300
0.30625600
-1.18701000
-0.30372300
-0.82891200
0.21153200
-0.09252880
-0.38050500
-0.13503100
-0.08765810
-0.46962400
-0.13124500
-0.09435620
-0.80573300
-0.16306900
-0.01662080
0.14923900
-0.15686400
-0.41344800
-0.62927900
-0.21704800
-0.78062300
-0.47799700
-0.77598700
0.02920880
-0.06010470
0.32176700
-0.10567900
-0.70691100
0.10918500
-0.32637700
-0.41692000
-0.26393400
-1.78526000
0.33869700
-0.20918000
-0.92734800
-0.39827000
-0.34782000
0.54580700
-1.18046000
0.08567770
0.58957300
-0.24514500
-0.97040400
0.45195800
-0.39505500
-0.15802700
0.38075400
-1.00700000
-0.07769320
1.08999000
0.19000200
-0.69282200
-0.41923700
-1.43852000
0.08765750
0.95532100
0.06536470
-0.88391900
-0.13442500
-0.50772000
-1.31913000
-0.04756760
0.40358900
-0.11804900
-0.27241700
0.55683800
-1.13739000
1.48984000
0.08864810
-0.22722200
0.16829100
0.06647750
-0.24124700
-0.21899600
-0.60161100
-0.16474900
-0.36285900
0.42409400
-0.58458500
-0.20461900
-0.26539500
0.48825900
0.23520400
-0.20726000
-0.62899900
-0.74040100
-0.27746800
-0.56972200
0.06234350
-0.03539590
0.20428700
-1.17438000
0.26094600
-0.90618900
-0.94163100
0.15552200
0.22059400
0.45319000
-0.45469700
0.56838300
-0.10475900
0.09977570
-0.40360300
-0.28231100
-0.61284800
-0.16177900
0.33266200
-0.04246000
2.77774000
0.01454710
0.31276500
-0.98691500
0.69105400
-0.06090140
-0.33117700
-0.55995900
0.10091600
-0.36229900
-0.09820070
0.31209400
-0.47322700
-0.30787600
-0.25324300
-0.19342400
-0.94432500
-0.66324600
-0.14606800
-0.06170700
-0.59514800
-0.57740300
-0.28859500
0.21087200
-0.39917300
-0.05858020
-0.16847600
0.05891540
-0.50780800
-1.02673000
1.08035000
-0.44991200
0.13152000
0.18302200
-0.20039600
-1.18539000
0.44670500
0.04505180
0.35206800
0.99024900
-0.61150500
-0.78516600
-1.18654000
0.25619900
0.64895700
-0.90515000
0.37498100
0.34733300
0.85231100
-0.48231300
0.52503800
0.03320440
0.28992700
-0.04881600
-0.78446100
0.03272800
-0.42682200
-1.40368000
-0.00728330
-0.69552800
-0.36382400
-0.06875690
0.17590700
-0.54014400
-0.28197900
1.32174000
-0.10907100
-0.30027900
-0.75253700
-0.85658200
-1.00923000
-0.81211100
-0.64561300
0.44845800
-1.40242000
-0.92652200
-0.35015300
-0.60982700
0.98133400
-0.37282800
0.01103150
0.19912300
-0.98068200
-0.14103300
-0.66909000
-0.32449800
0.41958400
0.01864930
-0.71424400
0.27070900
-0.90099000
-0.22404000
0.06353500
-0.43911800
-0.12169600
-0.66307600
-0.46021500
-0.07889160
-1.04805000
0.46562400
0.24800200
-0.56789300
-0.16258600
-0.75828200
-0.30436900
0.50299800
0.17501700
0.04832300
-0.06125370
-0.37810200
0.18532800
0.32365500
-0.21820300
-0.60441500
-0.32740100
-0.42065900
0.07701650
-0.24929400
-0.07025250
-0.23083200
-0.15815400
0.53774600
0.29802800
-0.39777200
-0.86762400
0.65308700
-0.34984300
-0.09712930
-0.11454000
0.17619100
0.42331300
-0.33571100
-0.06906440
0.33149700
-0.32583400
-0.50437100
-0.64531800
0.08630160
-0.63086100
-0.24343700
-0.51719900
-0.07329620
-0.04727480
-0.28912700
-0.59845400
0.87592800
-0.47486300
-0.41460600
0.24286000
0.15670500
-0.55480700
-0.44225700
-0.09648510
-0.44321900
0.94109200
0.03179380
-0.37536200
-0.22456000
0.36922600
-0.60196800
-0.42683100
-0.47922600
-0.32020200
-0.17580900
-0.43462500
-0.87694900
-0.89052500
-0.27575200
0.30804300
0.21039900
0.32492900
0.90997100
-0.28650900
-0.46701100
0.19107800
0.52999300
-0.57457000
-0.46738300
-0.52206900
0.05711120
0.38939200
0.03839700
-0.25322100
0.30656600
0.05842270
-0.54154400
0.48283200
-0.11792900
-0.38566500
-0.00050310
-0.36981900
0.06373760
-0.34472200
-0.05267480
0.00204231
-0.49101700
-0.05425700
-0.31177400
-0.14124500
-0.62391900
-0.00934904
-0.23307500
-1.18652000
0.16433600
0.53944100
-0.38727800
0.23911300
-0.46408400
-0.15188700
-0.35151100
-0.03760700
0.30398300
0.55031500
0.49175700
0.34687300
-0.19557000
-1.10709000
0.03124900
0.16608100
-0.34889200
-0.51132200
0.13365400
-0.09866840
0.39354900
-0.13284500
0.60646600
-0.48671300
0.21215800
-0.14034100
-1.31405000
0.06101700
0.30656600
-0.67693300
0.55175500
1.30089000
0.32155700
-1.20386000
-0.28500300
-0.87344000
-0.63816600
-0.38358900
0.07476980
-0.84701300
-0.10337500
0.90965500
0.08550710
-0.63039500
-0.21190900
-0.43113500
0.51460500
-0.94748600
0.57818600
-0.42154000
-0.66624800
0.12800000
-1.66477000
0.02032250
-0.05022630
0.25538800
-1.07000000
0.19328900
-0.47533400
-0.09042280
0.29632100
-0.44421800
-0.71061800
-0.88172700
0.47392100
-0.59266200
-0.56482000
-0.03142200
-0.85146300
-0.20062500
-0.31877000
-0.48289800
-0.26753200
0.45529000
-0.27095600
-0.57011600
-0.27094700
-0.55342900
-0.19504100
-0.25178000
0.02022610
0.67393300
0.58350000
-0.19907800
-0.25797300
0.37161800
0.02554070
-0.55673000
0.17201200
-0.83457600
0.01742050
-0.79986200
-0.17643600
0.41627300
-0.29672700
-0.82298700
-0.02064070
-0.50373500
-0.08336490
0.32195500
0.36592200
0.20983200
-0.85492300
0.02244590
0.16209000
-0.94873700
-0.59930000
-0.28393700
0.39319900
-0.87433600
-0.06161230
-0.36985500
-0.33267900
-0.38848100
-0.11346200
-0.61934800
0.05670750
0.00347493
-0.21825900
0.59512900
-0.45299500
0.03222970
-1.37637000
1.06237000
0.61491700
0.10457300
-0.10846100
-0.12605300
0.01989530
0.27586800
-0.13908100
0.13973400
1.00983000
0.27075600
0.70318800
0.08527340
-0.09863550
-0.74532600
-0.07924860
0.04957890
0.18890300
-0.53084500
-1.22988000
0.62767600
-0.76239700
0.80490100
-0.72950800
-0.02732810
-0.15144600
0.60050100
-0.04136180
-0.14344100
0.11113500
0.12489200
-0.15189300
0.36730500
-0.84514100
-0.04529650
0.59375300
0.00566069
-0.76595800
0.18514700
0.07002670
0.01897570
-0.22094700
0.61549000
0.56397000
-0.57934600
-0.11053200
0.07666840
0.40516300
-0.13303300
-0.58409900
-0.21800100
0.26387000
-0.34103400
-1.02132000
0.02695610
-0.23926300
-0.78512900
0.03868710
0.38505200
-0.57985200
0.39546500
0.42332700
0.00679104
-0.17536300
-0.53970400
0.40846300
-0.75238100
-0.47540900
-0.40364100
-0.14238400
-0.35812500
0.17835700
0.26529900
0.02232310
-0.20505000
0.74572700
-0.38012300
-0.26970600
-0.29482000
0.09312110
0.84829600
-0.51293400
0.55873100
0.84568500
-0.18543300
-0.03346980
-0.21360600
-0.04387000
0.25600800
-0.07825610
0.26273200
-0.17608800
-0.18656200
0.14562100
-0.26305800
-0.25166600
0.22837600
-0.56466100
-1.31223000
-0.98973900
-0.43160200
-0.23701400
-0.39794600
-0.34187500
-0.49304600
-0.64723800
-0.68659600
-0.06239830
0.18291500
-0.55356200
0.11672900
-0.21144100
0.01047670
0.97805500
-0.27263500
0.38978000
-0.16541700
-0.39098400
0.01836640
-0.02750870
0.85067800
0.62468700
0.33638800
-0.40459700
-0.05211110
-0.24159700
0.05669270
-0.83121600
-0.85463000
-0.19670400
-0.58500100
-0.51668000
-1.22640000
1.06048000
-0.42203700
0.04924390
-0.96440300
-0.49064900
-0.13710400
-0.61502700
-0.18882600
0.09218980
-0.49747300
0.43820000
-0.48505800
0.31726600
0.09969150
0.28284200
0.04955380
0.03402340
-0.45321800
0.60050100
-0.14006000
0.41127100
-0.73806900
-0.61266000
-0.18667900
-0.48396200
-0.60587300
0.11860900
1.52862000
-0.34536900
-0.75932100
-0.49845500
-0.00011554
0.14986000
-0.62932800
-0.55834300
-0.11967200
1.57501000
0.03794990
-0.11839300
-0.37414600
-0.23302900
-0.84123300
-0.78271700
0.16735300
0.05290640
-0.92574400
-0.39970500
-0.55964200
0.39296800
-0.40949800
0.62311000
-0.77203700
-0.20837700
-0.62626600
0.07342630
-0.49544200
-0.11605300
-0.07488440
0.41535300
0.02854270
0.43299800
0.54806800
-0.64597500
-0.33992600
-1.02355000
0.26062500
1.08692000
0.01029420
1.05639000
-0.23295500
0.86148700
-0.51536900
0.60475300
-0.65622800
-0.17593700
-0.10035100
0.12352800
-0.13687700
0.06175240
-0.04166770
0.83286200
0.04905000
-0.30235400
0.38036600
0.06708580
0.51139100
-0.38923400
-0.94538100
0.44619300
0.19810800
-0.34934000
-0.08563270
-0.27715100
-0.11929900
-0.22440100
1.26328000
-0.52155700
0.50746400
0.28313300
-0.22198500
-0.43662300
-0.73457000
-0.49445900
-0.57618700
0.45238900
0.17194800
0.45261500
0.69154700
0.50039600
0.10316800
0.11745000
0.36867500
-0.31083900
-1.06761000
-1.43667000
0.34441900
0.41823700
-0.14186500
-1.09137000
-0.69339900
-0.23075200
-0.36020500
-0.25081200
-0.58607300
-0.29822800
0.17700800
-0.57736700
0.30699300
-0.45274500
0.83435800
-1.37377000
-0.67300200
0.26078600
1.35452000
0.18281400
0.53866700
-0.11060500
-0.26135500
-0.13653600
0.86536800
-0.08623630
0.26962800
0.02446830
0.29316500
-1.02496000
0.75567400
-0.69785400
0.12043700
-0.58190500
0.13944900
-0.36773600
-0.10768900
-0.60730500
-0.10337400
-0.28177000
0.16406400
-0.24382400
-0.50457200
0.27703800
-0.26487100
-0.66656900
1.49644000
-0.26449400
-0.37063800
-0.06256740
-0.16572600
-1.13814000
-1.35068000
0.59217400
0.55891800
0.09051150
0.50991700
-0.04732450
0.41479300
0.45415000
0.13985500
0.07236260
-0.11756600
0.16924500
-0.83986000
-0.08602810
0.18630900
-0.45462000
-0.12444400
0.05187530
-0.24442300
-0.42823000
0.27226600
-0.17506000
0.28669500
-0.45568500
-0.23811800
0.14361500
-0.41891000
0.51553300
-0.39772500
-0.55055300
-0.37192900
-0.49796700
-0.14639800
-0.02907310
0.12657900
-0.62054000
-0.70349900
-0.63396400
-0.20063400
-0.46371900
0.85584700
0.10137000
1.04860000
0.94520400
-1.58759000
-0.83330600
-0.90754100
-0.16438300
-0.41995800
-1.43303000
-0.12635700
-0.81898000
0.31130400
-0.76328100
-0.67273100
-0.21174300
-0.12119500
-0.57880400
-0.48626000
-0.76131100
-0.60647100
0.52774000
-1.29975000
0.43578200
-0.96566300
-0.42291700
-0.24969700
0.06089610
-0.46344400
0.30135500
0.49177200
0.35314300
1.41808000
0.30503900
0.79181300
0.30616500
0.49834500
0.64850800
0.08139960
-0.07307060
-0.05685000
0.37735100
-0.26437400
0.99247500
0.11997500
1.43250000
0.06868480
-0.39582200
1.56314000
1.43134000
0.44575800
-0.37815400
-0.32879900
-0.14193900
0.22199100
0.21314200
-0.21718800
0.15847200
1.03578000
-0.28988300
-0.17270700
-0.75006500
-0.19539900
-0.63233900
-1.38293000
-0.31156400
0.95603700
-0.47977000
-0.72684400
-0.34797300
-0.49535600
-0.09235130
-0.49242800
-0.19747800
-0.10328900
-0.10389100
-0.23102200
0.33774200
0.34656600
0.28120400
-0.49154000
-0.38170100
0.40190400
-0.20953000
-0.22110000
-0.17741600
0.09087580
-0.80922200
-1.01755000
-0.47709300
-0.78155800
0.02438600
-0.61470500
1.53847000
-0.08794170
-0.50712800
-0.10262700
-0.60325200
0.44027100
-0.83006200
-0.97335000
-0.68560900
-0.14259400
0.00700322
-0.39261700
-0.03248540
-0.41477400
-0.59511100
-0.51265700
1.09356000
-0.85694300
-0.96873600
-0.89634900
0.74498300
0.21177600
0.77476000
0.15462100
-1.04737000
-0.21574700
-0.40941500
0.34227000
-0.94184200
-0.24913600
-0.30585700
0.23377900
-0.97822400
-0.60297700
-0.37436300
-0.53582300
-0.25697800
-0.61659300
-0.59020200
-0.11051600
-1.12984000
0.20802100
-0.18662800
-0.50228800
-0.25466100
-0.08187210
0.33641100
-0.05724190
-0.93312200
-0.36144900
0.01231980
-0.18690600
0.79311900
-1.04804000
1.67866000
-0.43309100
-0.37620100
0.09813510
0.76328500
0.48093600
0.45273800
-0.46649800
0.06373170
-0.66317400
-0.10939900
-0.48692300
-0.85937100
-0.19188600
-0.21632500
-0.33669900
0.00651729
-0.46714200
0.48026600
-0.08183520
-0.60871700
0.93761000
0.46766400
-0.50960200
-0.08678030
0.44006700
0.32513200
-0.08073250
0.36022600
-0.02998110
-0.04320900
-0.30712900
-0.14225400
0.40306100
-0.26355500
-0.05360220
-0.70032700
0.10185200
0.29359900
0.71435400
1.41406000
-0.10929800
-0.65006100
0.21901100
0.60543000
-0.61277300
-0.25866200
1.14356000
-0.51404400
0.27338200
0.00469312
-0.32751700
-0.72832800
-0.37754500
0.11581200
-0.59840300
-0.07825300
0.13660400
-0.32443400
0.37368800
-0.38349900
1.67416000
-0.34115100
0.16644300
-0.46485600
0.07954780
0.04195480
0.22115300
0.15737400
-0.75940300
-0.80761300
1.24150000
-0.25776000
-0.21631900
-0.89720800
-0.85852600
0.55952200
0.09509900
0.14326200
-0.30997000
-1.07048000
-1.17100000
0.38877400
-0.77315700
0.97681500
-0.57831800
-0.49949100
0.02106120
0.00070520
0.86971500
0.02157340
-0.65237300
0.33860600
-0.98433500
-0.46353500
0.13937900
-0.13486700
0.37139100
-0.35847000
-0.26857300
0.06648350
-0.10204700
0.27107500
-0.57612800
0.56769400
0.03926600
0.01013410
-0.64752300
0.44977900
0.03658120
-0.51396800
-0.30526600
-0.37727400
-0.55491900
-0.57454400
-0.17249400
0.18934400
-1.13156000
-0.25208300
-0.84313000
-0.09172680
-0.50797300
0.90653800
-0.10631600
-0.57761700
-0.33075600
-0.10805800
-0.35325000
0.13519500
-0.30844200
-0.28710000
-0.11151500
0.01663340
-0.05389720
-0.78535000
0.01196840
-0.48677300
-0.61479000
0.24566100
0.06395740
-0.08160770
-0.82133000
0.27581900
-0.24507500
-0.44112400
-0.31981300
0.90772900
0.58979600
-0.85597000
-0.04418220
-0.01059150
0.06648470
0.88761000
-0.54824200
0.51779200
-0.29136200
-0.24712100
0.09427250
-0.63760600
-0.81598300
-0.06830380
-0.97546700
0.40082200
-0.17247600
0.69321800
-0.72444100
-0.58829900
-0.19979200
0.42349900
-0.66146900
-0.76816900
-0.10805800
0.32886300
-0.41626500
-0.70960600
-0.26591500
-0.19355700
-0.58542900
-0.44692800
-0.05379060
-0.91032700
0.87953900
0.01710390
-0.24981100
0.75625600
-0.24802400
-0.71443100
-0.66370600
-0.56942100
0.05064420
-0.27063600
-0.66425100
-0.07758640
1.37673000
-1.45586000
-0.28356200
-0.45537300
0.02108800
-0.01082470
0.01231680
-0.53489400
-0.64309400
0.34993200
-0.32133700
0.41418800
-0.06588520
-0.35442100
-0.03134510
-0.30177600
-0.03547210
-0.78015000
-0.73508500
-0.56343300
-0.61256200
0.30150400
-0.08017290
-0.57073400
0.40432600
-0.18012400
-0.28462900
0.17658500
-0.41121000
0.56439600
-0.18538700
0.34517400
-0.08910180
-0.60485800
0.17466600
1.02303000
-0.16308800
-0.36452600
0.02689890
-0.30445600
0.63693700
0.88124200
-0.14690000
0.60764400
0.41296500
0.32023800
-0.34111400
-0.47112400
0.22623200
-0.21891300
-0.57441900
-0.30073500
0.27205100
1.88373000
-0.92734100
-0.27791400
-0.23889300
0.63292900
0.86000100
0.21698200
0.71513000
-0.01901140
1.74538000
1.27639000
-0.28869700
0.61060700
-0.48841300
-0.13411800
0.57282300
-1.38095000
0.12528600
-0.40435500
0.03171670
-0.20534000
2.19044000
-0.73277700
-0.41182600
0.15533300
-0.20561500
0.11834500
0.56118700
1.09580000
-0.45568300
-0.05505770
0.70120600
-0.12521400
-0.46652100
-0.03175720
-0.78950800
-0.31619800
-0.72235700
-0.58845700
0.29184300
-0.51255100
-0.33021100
0.37546500
0.49057000
-0.77602900
-0.28332400
0.57855800
-0.56685000
-1.08853000
-0.16510100
-0.66384100
-0.11295300
-0.00693854
-0.13970300
-0.87992700
0.61859200
0.83303800
0.17560900
-0.53408100
-0.42518500
0.33866400
0.13750500
-0.58115900
0.27068700
-0.15226400
-0.98037800
0.25301000
-0.46687100
-0.24762800
-0.21229400
-0.22050100
-0.09952710
-0.46427500
-0.28332200
-0.65705200
0.81662400
-0.27642500
-0.43484500
0.29461500
0.70814400
0.41061400
0.32232400
-0.44920200
-0.49201500
-0.33172100
-0.36574400
-0.35676500
-0.63498200
-0.15887400
0.20202800
-0.48691500
-0.40867100
-0.40773800
0.10455700
0.97604200
-0.47367800
-1.37033000
-0.39206000
-0.04995490
0.12396700
-0.16210000
-0.05853410
-0.22175600
-0.61224300
-0.39254900
-0.86971900
-0.20536700
0.74345500
-0.39982100
0.20130700
-1.24155000
-0.41073400
0.19673800
-0.64998900
0.03472060
-0.60116500
-0.53740200
0.05751420
2.10356000
-0.51624600
-0.26918800
-0.05123090
-0.05796600
-0.74183800
-0.44379400
-0.04231320
-0.14454600
0.11060000
0.73291300
-0.10466100
0.79286500
-0.20545700
0.68440400
0.53228600
0.43630500
-0.50201700
0.71920800
-0.05046100
0.58045500
-0.26234300
-0.73790300
-0.44712500
-0.89603000
0.35027300
-0.26892600
0.10803200
0.27971100
0.48186700
0.17194900
-0.74445300
-0.07598480
-0.51020800
0.62265200
0.17294500
0.53808400
-0.46820100
0.86464800
0.84560900
-0.54486800
-1.29632000
-0.77114300
-0.15075200
-0.38034500
0.24411700
-0.28725200
0.04297210
0.16537600
-0.44329100
-0.54204100
-0.01184520
-0.14585700
-0.23236000
1.00685000
0.19573100
0.37171500
0.71468600
-0.30965400
-0.21236600
-0.36743000
0.38331700
0.20889100
0.13454300
-0.00414451
-0.79827900
-0.88621700
-0.33895800
-1.03132000
-0.47452300
-0.59698100
-0.20817200
-0.04771180
-0.45939600
-0.51883200
-0.56032400
-0.04035330
0.32041100
0.07805740
-0.10938800
0.28333300
-0.08713620
0.14163100
0.30558700
-0.84877100
-0.01482460
-0.07071070
-0.49882900
0.24537400
0.50053700
-0.34265700
-0.49438600
-0.29207900
0.08843090
-0.84204300
-0.03455710
0.05649630
-0.19481900
0.21355200
0.15593200
0.42220700
0.71173800
-0.36951000
-0.36343000
0.39777200
-0.59894000
0.16496700
0.44757200
-0.41974300
-0.52136400
-0.75002600
-0.25945000
-0.22235300
-0.66275500
0.41672900
0.53115300
0.78318600
-0.22947400
0.68884300
-0.98313200
-0.14168000
0.14132500
0.19246200
0.03815110
0.09803460
0.37314300
-0.45032700
-0.09498290
-0.01911670
0.41329100
0.41329100
-0.37382800
-0.01193440
-0.23002800
-0.41133900
-0.45525300
-0.39995800
0.18758000
0.57687800
-0.67605000
-0.12263500
0.00174667
-0.23812500
-0.24062900
-0.31947300
-0.47987900
-0.01223810
-0.80144600
1.17567000
0.30485400
-0.18931600
-0.96595400
-0.14390000
0.05952100
-0.04728010
-0.80657700
0.10168700
-0.11698300
-0.34107300
-0.05849020
-0.70838900
-0.29601300
-0.61416500
-0.20602800
-0.54076700
-0.35410400
-0.88593500
-0.07023600
0.30290900
0.12872500
-0.82971400
0.83797400
1.35668000
-0.80146800
-0.39208500
-0.39266000
0.20996300
0.00625355
-0.67382400
0.10307900
-0.56195300
0.03650200
-0.63427500
-0.07060880
-0.42959200
0.28791900
0.63397300
-0.11901500
-0.01039540
-0.37250300
-0.83581000
-0.34675800
0.27293600
-0.26983400
-0.40119200
-0.58406700
-0.40076000
-0.04937090
-0.27639400
0.44059000
-0.01135050
-0.49664600
0.58375100
0.92657600
0.06888590
-0.61187000
-0.69202600
-0.26260200
0.18135500
-0.64847500
1.64481000
-1.01548000
0.13083500
0.06542830
-1.45083000
-0.37762500
1.00555000
0.26602300
0.16203000
-0.12441900
0.42912900
-0.67276000
0.19468400
0.23435800
-0.39739800
-0.12262600
-0.05828190
-0.21958400
0.71866400
0.58488500
2.04699000
-0.90099700
0.00370979
0.23988200
0.44577100
0.22410300
-0.07385060
-0.27524600
0.28399900
-0.13228600
-0.76752800
-0.16828600
-0.19092600
-0.18903700
-0.45512800
-0.26127600
-0.74581900
0.06320860
-0.01450930
0.02084580
0.01189000
0.30057900
-0.56853900
0.21373700
-0.14222000
0.24953600
-0.05869990
-0.62299700
-0.40913200
-0.23900300
-0.29288300
-0.01440390
-0.88453300
-0.47952000
0.08982180
-0.22307600
-0.21302900
0.51145500
-0.75786600
-0.25051100
-0.98052000
-0.22692000
-0.61067000
-0.30243800
0.55673800
0.28961900
-0.02806640
-0.67585700
-0.50291900
0.54043500
0.93207300
-1.03379000
-0.72026100
0.12535100
0.02099960
-0.16786800
-0.27231900
-0.53578500
-1.87256000
0.01856830
-0.68089500
0.09092620
-0.03456490
-0.09728130
-0.21634300
-0.25693000
0.67257500
-0.44245700
1.32375000
0.47980200
-0.26282300
-0.36972700
-0.01154360
-0.38339300
0.03467600
0.25964200
-0.13724700
-0.53728500
0.84926500
-0.42420000
0.54778000
-0.17622500
-0.36588600
1.27797000
0.21632300
0.34984600
-0.19693300
-0.43431300
-0.53040900
-1.02962000
0.32289100
-0.36942700
-0.41863100
-1.11906000
-0.36779800
-0.47666000
1.57276000
0.08503520
-0.42997800
-0.15220800
0.26349300
-0.76154200
1.74744000
0.35026100
-1.03778000
-0.62768600
-0.36835100
-0.55285200
-0.14340200
-0.41603100
-0.77911200
-0.30527500
-1.17239000
-0.13458600
1.00787000
-0.94051100
-0.47891000
0.06160720
-1.14203000
-0.65498900
0.41024000
0.79232000
-0.30773300
-0.27813600
0.03458690
-0.75268100
-0.16745100
-1.21486000
-0.68750600
-0.17638000
-0.73406800
-0.49242400
0.39888600
-0.06779960
-0.23072500
-0.67273000
-0.00710027
0.12873000
0.00724610
-0.34293400
-0.15038600
-0.81544400
-0.47937600
-0.16307300
0.46778600
-0.54460800
0.53147200
0.10040300
0.47391300
0.57511100
0.04116510
-1.26092000
-0.78468300
-0.95121400
-0.47159000
-0.57188800
0.43070400
-0.18155800
-0.26595000
-0.21536600
-1.03167000
-0.31141700
-0.32076800
-0.06800190
-0.69559000
0.87018500
-1.13199000
0.32739800
-0.53324700
-0.34896600
-0.26456800
-0.63104200
-0.24123600
-0.94181800
-0.50373600
-0.36652600
0.11937900
-0.07249620
0.48484900
-0.15127100
-0.21030200
-0.02166760
-0.99672800
0.42738500
-0.36419700
-0.57189000
-0.85095700
-0.07248290
-0.18655500
0.36563100
0.02059460
0.19281600
-0.66316400
-0.14548500
-0.17522400
-0.12995700
-0.49399100
0.06153840
-0.46674200
-0.49383200
-0.32038600
-0.58313100
0.16177600
-0.44206600
-0.02739900
0.41798100
-0.48643600
-0.11444200
-0.37025500
0.23066800
0.34050300
-0.90410800
0.01966200
-0.46941200
-0.28866500
-0.56525200
0.03579620
-0.83816000
0.12869700
-0.45076300
0.40412800
-0.99410100
0.07509080
-0.53688400
0.32386400
0.30005300
-0.28255000
-0.95137900
0.38623300
0.39824500
-0.18287800
-0.24527400
0.24734700
1.05143000
-0.48634600
0.35439400
-0.34941500
-0.84275000
-0.26427300
-0.28514300
-0.49960900
0.32569900
-0.15006300
-0.36574500
0.36526100
-0.26074700
-0.30242800
0.31650200
-0.18411100
-0.24844000
0.98035000
-0.77676100
-0.68057400
-0.26037600
-0.10098900
0.14648100
2.43062000
-0.72289800
0.30063600
-0.71546600
-0.51186900
-0.19065100
-0.91662200
1.07779000
0.67665700
-0.33957100
0.39824500
-0.11862800
-0.30399400
-0.04601270
0.64157000
0.27336700
0.19424500
1.69208000
0.99978700
-0.72034000
-0.22819400
-0.03538050
0.42591400
-0.08039070
0.32766400
-0.43462800
-0.65251900
-0.47711100
0.60107000
0.40230900
-0.52657300
-0.38068600
0.13641000
-0.77641600
-0.89850700
0.07467050
0.90529600
1.09845000
0.70400000
0.71840200
0.43796800
0.77720100
0.54052900
0.18079000
0.63949400
0.52840200
0.04677250
0.44207900
0.12485400
1.42259000
-0.23592300
-0.21899800
-0.20619100
-0.15574100
-0.82141200
0.08507510
0.07122600
-0.02592780
-0.52026100
0.48643600
-0.44744800
-0.74094000
-0.34082000
1.48320000
0.09989540
-0.59316500
-0.41294600
0.50063200
-0.28341900
-0.61597200
0.24956000
-0.19131700
-0.11144800
-0.49354300
-0.57875500
-0.05747320
-0.13155400
-0.15342100
-0.49790100
-0.44311300
0.28145400
-0.80561500
-0.95554700
-0.58749900
-0.19073000
0.18933000
-0.08219220
0.51656100
0.03525190
0.30006200
0.93283000
-1.05841000
0.43716700
-0.13839100
-0.38525100
-0.29048200
0.02678070
-0.47068800
-0.14727600
-0.18582900
-0.50700000
-0.25605800
-0.90920900
-1.24345000
0.14161200
-0.20535500
-1.05332000
-0.49967900
-0.23558200
-0.40927800
0.06563040
0.08342760
0.15064000
-0.29871000
-0.36786400
0.04397900
-0.87534000
0.08388230
-0.74682700
-0.08097350
-0.59713700
0.13852700
-0.40159500
-0.03280060
-0.90489300
1.18558000
0.35863300
-0.86989400
-0.17753600
-0.16358300
0.19121800
0.14239900
0.15694600
-0.50218400
-0.73446100
-0.18342300
-0.10883900
-0.35860800
-0.25824200
-0.33264500
0.15017500
-0.39385200
-0.84972600
-0.30416800
0.50793700
-0.58327200
0.16632600
0.11536400
-0.08948910
-0.90803800
-0.47178500
0.08542450
-0.79448000
-0.64256600
-0.09807270
-0.52319400
0.16484500
-0.70341200
0.18266600
-0.10122300
-0.12212300
-0.85237800
0.14440700
0.80127700
-0.12941000
-0.37716200
0.19099000
-0.43151600
-0.62742400
-0.30577800
0.22865800
-0.02789630
-0.21757700
-1.27954000
0.47960200
-0.39653100
0.31938200
-0.91466600
0.22033600
-0.94528300
0.43740700
-0.64162500
0.02137330
-0.33545400
-0.47153000
-0.66467000
-0.24282900
-0.49306300
-0.46272700
-0.14584100
-0.13931000
-0.76180300
-0.52914700
0.00709069
-0.61865800
-0.53017600
-0.24058200
-0.61266700
-1.54219000
0.16395000
-0.04155530
-0.52405800
0.18878500
-0.65593300
0.00646041
-0.60293400
-0.68551200
-0.74665800
-0.23395600
-0.08957700
0.15027500
-0.63811400
-0.82730200
-0.16382600
-0.02720640
-0.97785200
-0.11269100
0.45923700
1.96501000
2.33123000
0.54477500
0.27156800
0.29460300
-0.65729000
0.11252600
-0.23541700
0.37403500
0.24938800
-0.38251600
0.27980500
-0.25123000
-0.03738920
-0.19810700
-0.24920400
-0.14981500
-0.08322030
-0.10296100
-0.32929800
0.30327300
0.18767600
-0.55651600
-0.42209100
-0.49337500
-0.40441600
-0.82143100
-0.38134300
0.42939000
-0.74375600
0.87817000
0.10358200
-0.31710100
-0.42670500
0.22738100
-0.16435900
-0.65283200
-0.12981500
-0.64847900
0.26261400
-0.14332900
1.00764000
-0.59602500
0.01828300
0.42987600
0.42484900
-0.23479300
-0.35112200
-0.17609500
-0.32490200
-0.48661000
-0.69032700
-0.25023300
0.34260300
-0.88481900
0.15599600
0.14403000
-0.34789600
-0.36816900
-0.06511320
-0.04515840
-0.07994120
-0.48577100
0.06083110
0.07800790
-0.03695930
0.30145800
1.96842000
-1.14318000
-1.06528000
-0.45480100
0.77291600
-0.53531800
0.88368700
0.09575660
0.37136000
0.85430300
0.60737400
-0.68127600
-0.39193300
-0.01964320
-0.21262700
-0.08732820
0.09233100
2.22422000
0.10534100
-0.73068600
-0.17033900
-0.74461000
-0.27544600
-0.34802000
0.30423900
0.49896100
0.62336900
-0.43277800
0.49643300
-0.40906900
0.64510700
0.43548100
0.16213400
-0.22376500
0.50265000
-0.05825180
-0.54626500
-0.37819700
0.51465800
0.70677500
-0.07025010
-0.12657000
-0.11093500
1.29138000
0.44606400
-0.52846000
0.92388900
0.15370300
-0.24348600
-0.46966700
-0.50130100
-0.10542000
-0.26734400
0.04223830
-0.24577700
-0.07133340
0.32580300
-0.28771800
-0.84384500
-0.40686000
0.80434100
-0.18597200
0.29821100
0.47456500
-0.13035200
0.10367900
-0.69131900
2.98822000
0.75472300
0.07500980
-0.08267500
-0.19874600
-0.18736400
-0.48202600
-0.10075000
-0.06369980
-0.13780300
-0.28436100
-0.25706500
-0.68124100
0.18568100
-0.36315700
0.11290300
-1.05862000
-0.69229600
-0.68744000
-0.17634200
-0.46593400
0.03528960
-0.01036190
0.15324600
0.05081100
-0.12412700
-0.13550700
-0.37907800
-0.23258500
-0.39899400
0.12832100
-0.56143600
0.82857400
0.07071340
-0.30703400
-0.40872700
-0.49560600
-0.46281400
-0.12836400
-0.08304820
0.00128154
0.13736600
-0.36520600
-0.41889700
-0.04032650
-0.31349300
-0.40698400
0.05526510
0.20930300
-0.16113400
-0.53888900
-0.15590000
-0.13019100
0.25022300
-0.07982100
-0.35850800
-0.58736800
0.02113920
0.35895500
-0.85982000
-0.20972600
0.19418100
-0.90136000
-0.74235900
-0.22539600
0.91743900
0.52397100
0.04023490
0.13855800
-0.68555700
0.17818800
1.96621000
-0.06878370
-0.05210670
-0.11592600
0.09782240
0.11157200
-0.21748100
0.21746000
-0.58208000
-0.84369900
-0.45418200
0.20167900
0.08341020
0.27602300
0.31989300
0.02366010
0.29644200
0.52375700
-0.85389900
0.01415810
-0.45659400
0.42943000
-0.68259500
0.53223000
-0.40488900
0.16509500
0.04016850
-0.11315600
0.40078900
0.09046760
-0.06161500
0.26228000
-0.54128600
-0.46709700
-0.51905400
-0.04418180
-0.52939400
-0.24689800
-0.82011900
-0.08383380
-0.06476810
-0.55619000
0.02955350
-0.31267300
-0.38813300
-0.94656700
-0.63357600
-0.37050400
0.54837800
-0.54579500
-0.31118600
-0.22328700
-0.57147200
-0.56569200
0.02007630
-0.13616100
-0.55398200
-0.20082200
-0.65029500
-0.75132000
-0.32547100
-0.03106250
1.56277000
-0.20598200
0.81858300
-0.40394900
-0.05814100
0.84014300
0.95796200
0.04395250
-0.87129200
-0.91091400
-0.97277600
-0.10151600
-0.00314029
-0.64019100
-0.44813700
0.18114000
-0.14040400
-0.09236880
-0.28264000
-0.58641900
-0.26946000
0.09957920
1.65792000
0.61257600
-0.97862100
-0.04801680
0.07235020
-0.27291100
-0.25338000
-0.20720100
-0.79236100
-0.64174100
-0.06138520
0.22798500
0.42873000
0.26461700
0.18569800
-0.60753900
0.22354300
-0.11226200
-0.48942800
-0.09080340
0.86360200
-0.58760900
0.84630700
1.56558000
0.69931400
-0.28180900
-0.20885400
-1.12331000
-0.66165100
0.29765900
0.03132250
-1.10991000
-0.69592100
0.38997200
3.22753000
0.99818400
0.65545000
-0.15360800
-0.07910080
0.08996450
0.13201200
-0.71134100
-0.97395800
-0.03638300
-0.30870400
0.36809700
0.11187200
-0.38823800
0.44795600
0.38958900
-0.09086190
-0.12478000
-0.33351200
0.16290900
0.03886000
-0.01253760
-0.28787700
0.11311100
-0.08750140
0.13135000
-0.43176900
-0.17954200
-0.17866300
0.09697410
1.20675000
-0.29983100
-0.55771200
-0.82465500
-0.96712200
-0.26268400
-0.22350300
-0.41768600
0.69701000
0.27267300
0.15245300
-0.09497490
-0.04808860
-0.75168500
0.65883700
-0.36832800
-0.29871800
-0.37859600
0.58921800
-0.20079000
-0.25962200
-0.17428900
-0.63184200
-0.82308300
-0.22261800
0.47494800
0.75007600
0.31866200
0.88536600
0.25438500
0.83951900
0.33722900
-0.33675000
-0.53981400
-0.16674800
-0.22216000
-0.20893100
-0.32443500
-0.10703200
-0.15359600
-0.08376990
-0.42360000
-0.04857280
-0.55796700
-0.07512030
-0.92163200
0.19235600
-0.57104000
-0.95456600
0.45555000
-0.99824200
0.22209400
-0.15841600
0.60607500
1.10460000
0.13991900
-0.49077100
-0.28026600
-1.09086000
0.18325800
-0.56546200
0.20578700
-0.05833630
-0.40824400
0.26430400
-0.42248000
0.53287800
-0.40404000
-0.42554600
-0.47455800
-0.18759600
1.11578000
-0.85754000
0.40080400
-0.63711900
0.07302530
-0.12251500
-0.09848670
-0.43039900
-0.40339600
-0.25831600
-1.66545000
0.07212110
-0.12551800
-1.02154000
-0.16835700
-0.13696400
-0.14805000
-0.16484700
0.44678300
-0.47402300
-0.61847900
-0.32171700
-0.23030600
-0.35046900
0.98434300
-0.36429800
-0.62508000
-0.30202800
-0.58321600
-0.56409200
-0.83233000
-0.23289200
-0.53676600
-0.42238800
-0.75871100
-0.26282800
-0.62588100
-0.17441300
0.42001200
-0.22012000
-0.16346100
0.08185770
-0.39859200
-0.25600500
-0.47927700
-0.11108200
0.08668790
-0.47366500
-0.05326240
0.00703055
-0.05317170
-0.95876000
1.11321000
-0.00246005
0.26124900
-0.67103900
-1.08811000
0.73945900
-0.64380200
-0.11807700
0.41228300
-0.32414700
-0.41251700
0.11647900
0.10356600
-0.42967600
0.07136540
0.26279700
-0.55718300
-0.42147200
-0.41703600
-0.89827000
0.02503380
0.39494900
0.33800700
-0.64810400
-0.61077600
-1.36249000
-0.16680600
0.04446930
-0.50461100
0.05043560
-0.30392100
0.04374900
-0.46901000
1.20968000
0.12413700
-0.38865700
-0.15421100
0.10908500
0.03884230
-0.08931560
-0.73444400
0.64959300
-0.13439700
-0.02366000
0.12788200
-0.29015100
-0.68551600
-0.28285200
-0.28301400
-0.20486400
0.70926000
-0.79740000
0.28627400
-0.45435400
-0.14366600
-0.38501500
-0.14459500
-0.39688000
-0.64845300
0.04860800
-0.69285200
-0.31033600
0.95506800
-0.21840500
-0.40931500
-0.32886800
0.30551100
-0.74276000
-0.18794100
-0.64640900
-0.09621780
-0.71242200
0.21576700
0.15787500
-0.40372000
-1.24744000
-0.37707200
1.59299000
0.48322700
-0.66003900
-0.15180300
0.31628400
-0.09538540
0.36629700
-0.00648804
-0.40250500
-0.75878300
-0.70186500
-0.61013900
-0.58435100
-0.23165900
0.12328600
0.13438700
0.00410202
-0.66538000
0.07252110
-0.01195670
-0.80390400
-0.46699100
-0.33300000
0.08960940
-0.42360000
-0.87368600
-0.45008300
-0.85136600
-0.31771800
0.75612700
-0.45245400
-1.35090000
-0.11020200
-0.54270200
-0.44109000
-0.51848500
-0.36854200
0.39006400
0.06600900
-0.63860100
-0.54984100
-0.00580232
0.75989700
-0.67040400
-0.68359400
-0.48877300
-0.08385920
0.25003500
0.38306300
-0.75347700
-0.53806400
-0.31855100
-0.37542300
-0.59922800
-0.57132600
-0.20960900
-0.23299400
-0.46304600
-0.16590500
-0.82666800
0.30527500
0.20432600
0.06200430
-0.42207700
-0.16656200
-0.60508900
0.08449910
-0.05484740
-0.47737300
2.07341000
-0.39651500
0.04384920
-0.10098700
-0.06256780
-0.43971400
0.46995100
-0.05162950
0.26343600
0.07226650
-0.96331800
-0.55116100
-0.48486400
0.37020600
-0.35650100
-0.23455700
-0.63013500
-0.27553000
0.11246700
-0.01967900
-0.27783300
-0.37000500
-0.67163700
-0.62650100
-0.41764600
-0.17484000
-0.35507400
0.79078100
0.61501400
-0.58214700
-0.17714800
-0.08282060
-0.27051400
-0.04202380
0.10050400
-0.09555670
0.84446000
-0.20146500
-0.17250200
-0.63339000
1.18801000
-1.11894000
0.66486200
-0.22286500
0.24091300
-0.45932900
-0.31058700
-0.25472500
-0.58178600
-0.16955900
-0.80065700
-0.87418400
1.03349000
-0.13944300
-0.00278418
-0.11235400
-0.75475600
-0.23026500
-0.26197300
-0.77742100
-0.97650800
-0.52245500
0.32581300
0.36256700
0.35390700
4.09952000
0.54567000
0.29520200
-0.36612800
-0.17447700
0.44313100
0.60058300
0.09092000
0.20349700
0.78333600
-1.17238000
0.11228800
-0.21411500
-0.04416960
-0.51131100
-0.11078400
-0.55945900
0.03244740
-0.45993400
-0.62763200
-0.52914000
-0.00073753
-0.34167100
-0.52532000
-0.06780030
0.17614300
-0.21212400
-0.51691500
-0.33265600
0.24570500
0.60409500
0.16878600
-0.44924500
-0.15678100
-0.08771450
-0.21470700
-0.10060900
0.12953600
-0.28554900
0.49076700
-0.04358830
-0.30616900
-0.94899500
-0.21401100
-0.38758000
-0.16228900
0.60728700
1.03400000
1.02848000
1.23554000
-0.51601300
-0.05710150
-1.14047000
0.36003100
-0.28046800
-0.74135500
-1.26382000
-0.77717100
-1.09083000
-0.40164700
-0.13401900
-0.41620100
-0.04952510
-0.16150800
0.62481600
-0.25066200
0.61676900
0.07426630
-0.35723800
-0.71117700
-0.10585800
0.02883920
-0.21842200
-0.57665800
-0.97100900
-0.25041100
-0.46920500
-0.57060100
0.60202600
0.23925200
-0.23395000
-0.94067300
0.30090400
-0.51451100
-0.11168200
-0.17021400
0.52929500
-0.07970420
-0.27864100
0.32230200
-0.79347200
-0.54742500
-0.31473000
0.41654900
0.22051200
-0.29518500
-0.14245500
-0.80972800
-0.25044500
-0.51900900
0.08702340
-0.55856800
0.18901100
-0.25212800
-1.07664000
0.19083600
0.36790500
-0.51300600
-0.37648000
-0.75504200
-0.28472500
-0.33292200
-0.68518800
0.12916900
0.30772800
-0.55534900
-0.35716700
-0.70276400
-0.45160700
-1.06794000
-0.14221900
-0.66779000
0.12807300
-0.47923500
-0.36995500
-0.49732600
-0.04552350
0.03330750
-0.27705200
0.76497300
0.34783500
0.98523000
0.17169300
-0.52311100
-0.32759900
-0.27493700
-0.27614200
-0.54922600
0.71443300
0.16693800
-0.72610800
0.80723000
-0.69295000
-0.25926200
-0.38192400
-0.02097400
-0.61388700
-0.15876800
0.10072200
-0.66037100
-0.40924500
-0.52499300
-0.59364100
-0.32818900
-0.34365800
-0.75168200
-0.36981800
-0.30811800
-0.05115070
-0.14234000
0.91866200
-0.31620000
-0.27341900
0.13074000
0.02133760
0.63026300
1.25989000
-0.43789900
-0.29853500
-0.48460400
-1.00189000
-0.88156700
-0.70870100
0.41096200
-0.03749060
-0.66822400
0.50918700
-0.03798900
0.62958500
-0.25916000
-0.39269400
-0.30604500
0.85698700
-0.73355800
0.73063500
-0.18345300
-0.53444700
-0.86916400
-0.10104900
0.50211900
-0.97655300
0.59498600
1.54047000
0.48344000
0.41224200
-0.47130600
-0.52132200
-0.75872400
0.19952000
0.40998200
0.98674600
-0.01764560
-0.27181800
0.07613900
-0.78323000
-0.58781000
-0.92492100
0.36320300
0.51384700
-0.08538060
-0.41795700
-0.62338400
0.27529000
-1.20793000
-0.05952950
-0.27325200
-0.91700700
-0.95891100
-0.63064900
0.15681000
-0.39602800
-1.09792000
2.28376000
1.41318000
-0.28358000
0.41725100
-0.28292500
0.34607500
-0.06780800
-0.50068500
-0.25371200
-0.17716500
-0.69588600
-0.67874800
-0.89473300
-0.17581700
-0.76998100
-0.59703600
-1.61024000
-0.10911300
-0.30618500
0.03261070
-0.61495000
-0.01520770
-0.85230100
-0.80059000
-0.78167900
0.33019400
-0.55371700
-0.70028900
0.67616200
0.54357300
-0.11795700
-0.83582000
-1.17459000
-0.17107800
-0.17808800
-0.19933500
-0.53135200
-0.89795900
-0.88785600
0.33016000
-0.27067000
0.18403900
-0.19363400
1.22937000
-0.15936800
-0.31306000
0.67070900
-0.68370000
-0.61238700
-0.34720100
0.00686904
-0.26275900
-0.52085800
-0.20179200
1.29754000
0.25900800
-0.13832100
0.06259230
0.16292000
-0.03299920
-0.39758900
-0.29992200
0.66632200
0.44398200
0.08354150
2.24448000
-0.05373130
-0.94455700
-0.05236340
1.12564000
0.04247450
-0.56810100
-0.31229000
-0.55855200
-0.51069100
-0.39934200
-0.00261243
-0.02787080
-0.03436590
-0.72939700
-0.87670800
-0.14497000
-0.34792800
0.40209400
-0.12392300
-0.53995400
-0.69265600
-0.04430520
-0.26773300
0.07057270
-0.66570300
-0.19489100
-0.34178400
-0.34607700
-0.13333700
-0.13441800
0.44296200
-0.52466600
0.46460400
-0.41706900
-0.05224210
-0.03047410
-0.06352480
-0.88042600
-0.39047300
-0.80574200
-0.00108429
2.18034000
1.63849000
-0.87784900
-0.47014400
1.00528000
0.11345700
-1.05414000
-0.78575800
0.25729900
0.46741800
0.04492850
-0.16963200
-0.48672300
-0.10806500
-1.06644000
-0.87351300
-0.29265700
0.27754800
-0.02141190
-0.34627700
-0.74464400
-0.39906400
0.09657300
0.05553830
0.69296700
-0.27549000
-0.29521300
-0.73122800
-1.35686000
-0.06199280
-0.20372400
-0.00621146
-0.42846300
-0.21626100
-0.73244800
1.30085000
0.52807600
-0.13999700
-0.55696900
-0.96483600
-0.10850000
0.26394400
-1.18646000
-0.43284000
-0.46052900
0.01765490
-0.39680900
-0.57554600
-0.13162600
-0.72263200
-0.44627300
-0.41783600
-0.70947200
-0.54669100
0.07733800
0.87334100
-0.67820100
-0.64884900
-0.69710900
0.17271900
0.77692700
0.92278600
-0.10286800
-0.45502500
-0.12082100
0.57693700
-1.07927000
-0.19389300
-0.45438400
-0.64683800
-0.51999900
0.16558800
-0.51218600
0.85027100
0.61746000
-0.62833000
0.17531200
0.34034200
-0.75797600
-0.85942000
0.72369400
0.10361600
1.61997000
0.28698600
0.79904900
0.11420900
0.55999200
-0.17260700
0.64521400
-0.28287200
0.14058900
-0.00005139
0.05330310
0.44047600
0.26077300
-0.41658900
0.46285800
-0.43272400
-1.00932000
-0.19625300
-0.94342800
0.46867600
0.01601220
-0.71386000
0.03149550
-0.22514200
0.53878300
-0.56463700
-0.38898400
-0.08722440
-0.36974500
-0.33759200
-0.45343000
0.31176300
0.02037810
1.34650000
-0.33977600
0.48814000
0.70050700
-0.60849300
-0.19044200
0.20689000
-0.98286100
-0.22642500
-0.38110000
0.02255390
0.50766300
-0.96780500
-0.76749100
-0.36095900
-0.44195400
-0.67072700
0.28861600
-0.31236000
-0.02548790
-0.48190900
-0.03894110
0.03310960
-0.74961400
-0.59784700
-0.33863100
-0.22965200
1.21841000
0.47402400
-0.58570700
0.65934300
0.10107500
-0.36326600
-0.32681900
-0.30575000
-0.62032200
0.40907000
0.68512800
0.33583500
0.31705100
0.45225600
0.00522505
0.44124000
1.25537000
-0.58812400
0.10567700
0.19175600
0.07902990
0.34738800
0.37239000
0.39957100
0.11827900
-0.59940500
-0.25678200
-0.09862800
-1.00905000
0.10090000
0.76703300
-0.01546820
1.52628000
1.60462000
-0.29274200
-0.16347800
-0.07758460
-0.73490000
0.10834100
-0.03183050
-0.26359700
-0.20055500
0.54053900
0.71999900
-0.07257730
-0.60876400
-0.18292500
-0.30707800
-0.94216300
-0.01118370
-1.02368000
-0.63747900
0.28298000
-0.54057400
-0.88142900
-0.21843300
-0.10167200
-1.35023000
-0.91077800
-1.01840000
-0.53642700
-0.45347200
-0.65305000
-0.68935700
-0.54267500
-0.75301900
-0.81564800
-0.19682800
-0.04141500
-0.56204500
0.12787000
2.91164000
-0.81117600
-0.64730900
-1.10907000
-0.44963700
-0.17048700
-0.30041800
-0.34414300
0.42428300
-0.53394200
0.03160310
-1.06677000
0.01857260
0.25224500
-0.14225700
0.59140800
-0.33387700
-0.37122100
0.00301767
0.14951700
-0.08847120
-0.56637300
0.06336700
-0.30566700
-0.71977700
-0.43862000
0.79820400
0.24279200
-0.68649100
-0.03139050
1.96413000
-0.22484500
-0.10060300
-0.23256700
0.19482000
0.13796600
-0.14653300
-0.49135500
-0.28246300
-0.49721200
-0.59583100
0.03064340
-0.58491300
-0.12563300
0.04249260
0.18461900
0.10263300
-0.33861700
-0.08612360
-0.19787000
-0.31955800
-0.62783700
-0.55858300
-0.51971200
-0.00974016
-0.28232900
0.08725410
-0.16077600
0.10537300
0.05838910
0.05372130
-0.11821700
-0.31911900
-0.45857100
0.09464730
-0.24115900
-0.81494400
-0.15348800
-0.49946100
0.82394000
-0.24205200
-0.53703900
0.03361300
-0.52953200
-0.78982600
-0.11018200
-0.38461900
-0.41581400
-0.36801000
0.11068500
0.26772200
-0.29196800
-0.70592600
-0.22933200
-0.29031900
0.44294200
0.02926910
-0.57503600
-0.08003040
0.22270300
-0.28358500
0.60491300
0.28090600
-0.21266900
0.57925700
-0.23132500
0.00648236
-0.34416700
-0.24267400
0.86732600
-0.99528600
-0.22477400
-0.11859100
-0.54560600
-0.74308000
-0.62172800
-0.15725300
0.10141400
0.10552900
-0.03281950
-1.11853000
-0.42005900
0.25316400
0.12386200
0.32341400
-0.62909000
-0.18530400
-0.73244800
0.42848300
-0.19289800
0.01903290
0.07847630
0.22913200
-0.58421800
-0.09404560
-0.63007600
0.17904400
0.49221100
-0.32015300
-0.80527700
-0.23254200
-0.12057800
1.08119000
0.15219500
0.52745900
-0.54869500
-0.67310500
-0.48407600
-0.55413100
-0.27215500
-0.73236300
-0.16000700
-0.53280300
0.99870200
0.96769400
-0.36798000
0.10036900
0.95072400
-0.35409000
-0.47364300
0.59093900
-0.25893800
-0.29867200
-0.06774180
0.16255000
-0.57607200
-0.23497300
-0.13433200
-0.73203800
-0.66418200
0.33928800
-0.59936100
0.07638570
-0.89508000
-0.02477720
-0.26346100
-0.76548100
-0.04016710
-0.55711400
-0.93251800
-0.37199300
-0.90748900
0.13276800
-0.04234540
-0.20984300
-0.67725400
-0.99789400
-0.17680500
-0.59443400
-0.21626400
0.05732980
-0.31907100
-0.30581700
0.39279200
0.05938280
-0.18114600
0.23841400
0.25699400
0.17959900
-0.42620900
-0.66719900
-0.63465200
-0.25807100
-0.98918500
0.00008099
0.48185800
-0.69795100
-0.27976900
0.46915100
-0.65794900
-0.56057000
0.65306700
-0.02996620
0.29960900
-0.69735500
-0.25037900
0.18357200
-0.67833700
0.62810400
-0.30972500
0.03439820
-0.11607400
0.19036100
0.36650200
-0.22793800
0.17578400
-0.02787800
2.09663000
-0.24322200
0.81895500
-0.75201200
-0.30551100
-0.55401300
0.35953500
-0.22074600
-0.40572100
0.07717590
-0.47939400
0.33356900
-0.05239690
-0.22818300
-0.32817800
-0.65534100
0.41382400
-0.75744700
-0.27408900
-0.55492600
-0.20140300
-0.37108300
0.05790260
-0.30096000
0.59406400
-0.58376500
-1.36583000
-0.03262130
-0.59996700
0.10386800
-0.29391700
-0.43447500
-0.05275270
-0.51053000
0.44374900
-0.47965400
-0.42491600
-0.65919400
-0.20063000
-1.17377000
-0.21266300
-0.17842100
-1.38825000
-0.27474000
-0.46245700
-1.17440000
-0.43867000
0.06901960
-0.20880400
-0.26326600
-0.14818600
2.73578000
-0.46308100
-0.30000000
-0.32122500
0.05902290
0.26306600
0.54487200
-0.56200300
-0.92230400
-0.05313790
0.15445400
-0.09994800
0.30803100
-0.39202700
-0.32682500
-0.71079600
-0.20834000
0.00658363
-0.08683960
0.12524400
-0.62074800
-0.47323400
-0.55587600
0.05079710
-0.89025100
-0.07218350
0.68058800
-0.21611200
-0.37155000
0.55489800
0.33665100
-0.21929700
0.29743800
0.44618000
-0.66437300
-0.87727800
-0.35058600
0.17338600
-0.38153500
-0.19058000
0.12714600
0.22842500
0.03421050
-0.66883700
-0.28025600
-0.03566880
0.10492100
-0.48748100
-0.83537300
-0.58946100
-0.61819300
-0.05830120
-0.94353200
-0.41537700
-0.28413000
-1.19908000
0.56625100
0.31967200
0.32499100
0.81803200
1.09283000
0.03194410
-0.66839200
-0.16768900
-0.01812330
-0.22704100
-0.51435300
-0.81499100
0.32775300
-0.13773600
-0.93967200
-0.86033600
-0.11793500
-0.37684600
-0.69849100
-0.40525700
-0.39993700
-0.46840100
-0.82874600
0.23072800
-1.17029000
0.19835200
-0.23636900
-0.58673500
-0.22491300
-0.56375400
-0.32106000
-0.53699200
0.12445200
0.24484000
-0.08516120
0.09561640
0.04708700
0.03729440
-0.63567700
-0.37714600
-0.01578400
-0.26996600
0.34624100
-0.27976400
-0.03258820
-0.87650200
1.48411000
-0.23168100
-0.33410000
0.90162000
-0.70015500
-0.05372340
-0.34362000
0.43219500
-0.37075700
-0.34593100
-0.56130300
-0.51708700
-0.29739400
0.30000400
0.70390000
-0.56040400
0.78011000
-0.39519300
-0.05179290
0.27436500
-1.13846000
-0.17069800
-0.21526300
-0.46899900
-0.35527200
0.85515800
0.47713400
1.23651000
0.01837760
-0.21756300
0.53866800
0.17696100
-1.01557000
-0.66161200
0.30036500
-0.75019800
-0.61424800
-0.54529700
-0.56479500
0.39794100
-0.09849570
-0.11664600
-0.13172000
-0.50411200
-0.78052700
-0.37422900
-0.89444600
-0.19393400
-0.66588000
-0.29207100
-0.11363300
-0.69004500
0.39590800
0.49826500
0.32165600
0.66122400
-0.37521000
0.03087790
-0.41860500
-0.48904400
-0.20659200
-0.39586600
0.04643980
-0.25986200
-0.42466300
-1.23576000
-1.05768000
-0.11813300
-0.02484890
0.15587100
0.11561500
-0.47820100
-0.18104000
-1.14060000
-0.67296300
-0.86709200
-0.67391600
0.29146300
-0.69894000
0.11408900
-0.50623000
0.97969400
1.51676000
0.50638100
0.11172000
0.09426830
-1.22000000
-0.98319600
0.65530500
-0.35208900
-0.42912200
-0.31491800
-1.70784000
0.11460100
-0.29269300
-1.38810000
-0.19951100
-0.00232280
-0.56605600
-0.42274400
0.35715800
-0.62946200
-0.20243600
-0.28482400
0.17014700
-0.03562590
-0.37147700
-0.76717900
-1.69575000
0.00729844
-0.46791700
0.80453100
-0.32500500
-0.29972600
-0.55821900
-0.27082000
0.01801280
-0.14651100
-0.36834900
0.17042900
0.13111600
-0.11773600
-0.02432650
-0.26552000
0.17990300
1.00626000
0.02458880
-0.79104000
-0.21518800
-0.19104700
-0.79390400
-1.17105000
0.16044300
0.08703010
0.04624540
0.02802950
-0.25035800
0.15274800
-0.26640300
-0.71912900
0.05215190
-0.51912900
-0.18926400
-0.30563700
-0.72672100
-0.39485300
-0.49288800
-0.09240200
0.25046400
0.40916200
-0.26138400
-1.08597000
0.00226725
-0.63816900
-0.23218700
-0.01547800
-0.67778000
-0.80397400
-0.41039800
-0.17999900
0.14758000
-0.25629800
-0.61448900
-0.52521100
-0.19625000
-0.50723200
-0.15494500
0.34182800
-0.41801800
-0.20516100
0.90170600
0.65331600
-0.01337480
0.16903700
-0.02969250
0.79599400
0.15811800
-0.23656300
-0.80995200
-0.86423600
0.82801700
-0.32403200
1.40133000
-0.64237700
0.04675190
-1.05151000
0.21289100
-0.82334700
-0.02085510
0.81296500
0.27058900
-0.25129300
0.03066070
0.07663170
-0.04938080
-0.40433000
-0.86852300
-0.16513700
0.31977100
-0.31953500
-0.40614200
-0.03643660
-0.17110000
-0.45121900
-0.55696300
-0.58608000
-0.07114480
0.05033400
-0.10356400
-0.16350900
-0.98329900
1.16345000
-0.52659100
-0.01803560
-0.36676200
0.99930500
0.13738400
0.11093900
0.72009400
0.52293200
0.68186700
-0.13916400
-0.58047200
0.57812100
-0.21242800
-0.10880200
-0.53095200
0.25495300
0.06218440
-0.23755900
-0.35475700
-0.81976000
-0.71001000
-0.25024100
0.47425900
0.17188500
-0.44275400
-0.52346200
-0.12556700
-0.55549000
-0.52392200
0.05831260
-0.22558400
0.10481700
-0.09627490
0.19714100
-0.06907280
-0.50845700
0.02237430
1.24594000
0.30014700
-0.15414900
-0.04362470
0.00773333
-0.91321400
-0.26837400
-0.29721700
-0.01575160
-0.67683100
-0.24645200
-0.33181400
-0.13054000
0.55526200
0.19833300
0.56174500
-0.20048200
-0.51850600
-0.74196600
-0.26995300
-0.22945500
0.22006400
-0.24593100
-0.81548600
-0.70760700
-0.52346900
-0.72956500
-0.10136000
-0.61405800
0.70617300
0.04444310
-0.30963900
-0.30167700
-0.22592100
-0.02197150
0.23057800
0.32693200
-0.59585200
0.43723500
1.29214000
0.00750360
0.69724300
-0.69598800
-0.29658000
-0.08447900
-0.47903400
0.14293200
-1.15421000
-0.18965400
-0.29336200
-0.35204500
-0.87147100
-0.47042400
-0.72174900
-0.09975470
-0.17259700
-0.17461100
-0.44827500
-0.94888900
-0.64120100
-0.48252300
-0.68302400
-0.69906700
1.12678000
1.02014000
0.40082100
-0.50070900
-0.06030110
0.81985800
-0.20058700
-0.13342000
-0.20643900
0.32403600
-0.88500900
0.18974300
-0.04859990
-0.66296500
0.19843100
0.62625200
-0.50277400
-0.14740400
-0.86034400
0.05722330
-0.53461600
-1.01887000
-0.68188600
-0.20271100
0.20387700
-0.62075100
-0.01489720
-0.80563700
0.37117100
-0.59952900
0.20335300
0.00212564
-0.56208500
0.15167600
-0.22253400
-0.05908170
-0.68723000
-0.85194600
-0.18841700
-0.77729600
-0.82886200
-0.08518530
-0.26435100
-0.36532200
-0.48609200
0.25855800
-0.12065000
0.08461490
-0.31328300
-0.08502140
-0.70344400
-0.22778900
-0.43830000
-0.01963940
1.41208000
0.18187500
-0.95569000
-0.54006900
-0.04510180
-0.04226380
-0.49066600
-0.19677700
-0.21812500
-0.66513100
-0.01739770
-0.46483800
-0.37467400
0.23251800
0.01042380
-0.13090000
0.21668500
0.04467550
-0.19656200
-0.21572300
0.23748300
-1.10211000
-0.72770300
-0.72962900
-0.49346900
-0.86022600
-0.90224700
0.01786600
-0.22357100
-0.63114200
-0.71909000
-0.79200200
0.53818500
0.89955900
-0.41259500
0.31134700
-0.35100100
-0.57099100
-0.44450900
0.32094500
0.19450000
-0.32847500
-0.79064600
-0.36153300
2.47656000
-1.50866000
-0.29602200
0.08972700
-0.41446300
0.49123500
-0.08791770
-0.27699000
-0.10697400
0.80667500
0.34855200
0.39240000
0.01469220
0.26271400
-0.12171700
-0.28429500
-0.05350440
-0.01007180
-0.43882300
-0.73386100
-0.81534300
1.10997000
-0.29375400
-0.96081500
0.02203780
0.11913400
-0.52220300
0.07670650
-0.36559500
-0.47242600
-1.10759000
-0.00240311
0.35408500
0.62325000
0.24103300
-0.47312400
0.31558800
-0.87795500
0.25433000
1.14736000
-0.73115800
-0.27378600
-0.30106100
-0.42735700
-1.13085000
-0.64208200
-0.14887900
-0.41401200
-0.55328100
-0.11597900
-0.13878000
-0.21775400
0.06128320
0.29918100
-0.47529700
-0.09645470
-0.07112870
0.33721700
0.01593890
-0.32864600
0.00782724
-0.19761100
-1.44887000
-0.50572600
-0.21677300
0.58209800
-0.41502200
-0.03860070
-0.83829100
-0.74740900
-0.36122300
-0.83061000
-0.48210400
-0.95083700
0.12379600
-0.18270800
-1.46306000
0.34639300
-0.01657110
-0.69714400
-1.01757000
-0.35917600
-0.35437100
-0.93809700
-0.33261200
-0.13764400
-0.89035000
-0.35382900
0.35484300
-0.90027400
1.33295000
0.12490800
0.17142100
-0.23083700
0.91139200
-0.02765210
-1.05715000
-0.12627200
-0.55169300
0.29878400
-0.17938100
1.32415000
0.84985200
0.11860600
2.00980000
0.47606300
0.66795500
-0.16979900
0.43337500
-1.07093000
0.35914200
0.31566600
-0.16171400
-0.81914200
-0.28172300
0.47947400
0.62485900
0.53980800
-0.75053200
-0.07893630
0.25574400
-0.42505900
-0.32530100
0.38413100
0.72225000
0.70987500
0.40850400
0.05350310
0.35365100
0.43295700
-0.12664100
-0.91240100
-0.54293700
-0.03588960
0.49701800
-0.26272400
-0.74152300
0.12321600
-0.67518000
-0.93849800
-0.19102400
0.12570300
-0.51259700
0.15195400
-0.10578500
0.26245100
0.08096620
-0.71596100
-0.86101200
-0.12623200
0.52942100
-0.61335700
0.19771600
-0.55627400
0.71906000
-0.55759500
-0.41415900
-0.28537300
-0.40667000
-0.73419200
-0.25482800
-0.46798300
-0.11497000
-0.01736070
-0.36169600
-0.56942600
-0.84001200
-0.73024300
0.05398500
0.12207700
0.54038400
-0.41126400
-0.20857800
-1.29655000
-0.01216660
-0.81903700
-0.46098400
0.11146000
-1.05367000
-0.31509800
0.16804500
0.94246100
-0.40373000
-0.45703600
-0.72879900
0.92980100
-0.07925680
-0.22085200
0.28621000
-0.06967140
-0.03380930
-0.08744470
-0.30244800
0.30492600
0.66580600
0.44297200
0.44450600
-0.82899400
-0.95338600
-0.14229900
0.11784400
-0.37318500
-1.46098000
-0.00023529
0.07293280
-0.84598600
0.69078300
-0.04646400
0.36114100
-1.26674000
-0.07947900
0.63958200
-0.13968200
-0.63508700
-0.63176400
0.55592700
0.06326750
0.31510300
-0.08021600
0.86070800
-0.16018900
-1.13823000
-0.55125100
0.14586000
-0.81663300
0.35938400
0.09647570
2.21161000
1.18533000
0.14379600
-0.31345200
-0.05703960
-0.97278200
-0.32137600
-1.09917000
-0.51915300
-0.33083200
-0.11486300
-0.48972800
-0.44227600
-0.23579300
0.13228100
0.72043100
0.21266900
-0.89591400
-0.70992300
0.44349900
-0.71436800
-0.45904800
0.15663100
-0.32277800
-0.69752500
-0.78204500
-0.10458200
-0.57087900
-0.23436100
-0.18430400
0.62697800
-0.33472400
-0.54067300
-0.38070200
-1.48902000
0.10195800
-0.11903900
-0.91718600
-0.56974100
-0.59654400
0.04688220
-0.22952600
-0.28811200
0.05771720
-0.10970000
-0.67826600
-0.85707500
0.17498000
-0.86747300
0.04921050
-0.26284800
0.42759400
-0.49655400
-0.44981800
0.18575800
-0.06669410
0.22858000
-0.76458100
-1.27969000
0.60587700
0.08781560
-0.94956600
-0.17269200
-0.57285000
-0.55322600
-0.96736500
-0.61950400
-0.13432700
-0.45181900
0.04385780
-0.33046700
0.19206700
-0.93681400
0.00140813
-0.22258200
-0.21759100
-0.03741000
0.44419100
-1.25444000
-0.46660800
-0.31365600
-1.11134000
0.04130980
0.09574430
-0.24943000
-0.52568100
-0.13900200
0.02561920
-0.42088400
-0.26123900
0.73148400
-0.02958980
0.67919700
0.23561400
-0.36501800
0.15716500
0.43513900
-0.02953680
-0.73323900
0.82525000
-0.70731800
-0.43312200
-0.21181700
-0.43453600
-0.18093700
-0.46776000
-0.11451200
-0.35964800
0.06671250
-0.44983800
-0.30958100
-0.44759200
0.02920180
0.08859630
-0.53627700
-0.76951100
-0.23211000
-0.49397200
-0.57704900
-0.03637510
-0.24131200
-0.65262200
-0.09563490
0.16963200
-0.06479590
-0.68481900
0.25136000
-0.28145200
-0.61860000
0.74978300
-0.19341000
-0.04998840
0.23272500
-0.42396800
0.33220400
-1.18103000
-0.83387300
-0.06941430
-0.87885000
0.38998000
1.29340000
0.10454900
0.12101600
-0.26052800
0.19804000
-0.91130700
0.15554700
0.13769400
-0.15064500
-0.51935400
-0.40461900
-0.19759600
-0.17175300
0.15345200
-0.13005400
0.17381300
0.27444000
-0.01877190
-0.54570300
-0.79047400
-0.66668600
-0.48864200
-0.80410000
-0.72959000
-0.07319340
-1.12669000
1.04142000
-0.27419200
-0.37154200
-0.22982900
-0.88341500
0.08206600
-0.42671000
0.63957900
-0.25798500
-1.67418000
-0.21437600
0.64444200
-0.51031500
-0.18414600
-0.22321700
-0.31537500
-0.02687710
-0.53082000
-0.36377500
-0.53122600
0.05523860
-0.58038300
-0.96519000
0.05489670
0.23276200
-0.06439590
0.54894500
-1.11092000
-0.21898500
0.37744600
-0.60929800
-0.79033300
0.16059600
0.01418260
-0.01838930
0.20086800
-0.08033430
-0.00643863
0.83202800
-0.31011600
-0.54117700
0.34974900
-0.48003200
-0.30594400
-0.97415900
-0.40055800
-0.69947200
-0.28494000
-0.51436700
0.10533800
-0.41350700
-0.14884500
-0.60953100
1.32843000
-0.50736100
-0.46143400
0.40453300
0.63597500
-0.23708600
0.20967300
0.24581700
0.09155370
-1.08875000
0.77757500
-0.25896300
-0.03505390
-1.01746000
0.04504440
0.17323700
-0.19012200
-0.43394400
-0.69700100
-0.16136500
-1.03342000
0.07875960
0.04847420
0.02834840
-0.20459600
0.43803300
-0.33307800
-0.41083700
-0.55449500
-0.13878800
0.11004600
0.01353660
0.03195140
0.87071900
-0.31691000
0.48330800
-0.66563200
-0.11197700
-0.43446900
0.72602200
0.13243100
0.35334200
-0.16017500
0.85538900
-0.81371200
0.66719900
0.00810599
-0.05059070
0.22062300
0.11678400
-0.51380500
-0.12223500
-0.11845300
-0.48180800
-0.57007500
-0.87077100
-0.34731000
-0.19889600
-0.01266510
-0.61557500
-1.04713000
0.58381500
-0.42334700
-0.24739800
0.08624160
-0.84499400
0.26079000
-0.78059200
-0.24382000
0.00896545
0.19541200
-0.73827300
-0.65854300
-0.30019200
-0.72235700
-0.67403600
-0.28450600
0.71485900
-0.62407300
0.41053700
0.48404000
-0.97011200
-1.15373000
-0.31821400
-0.44575800
0.30744600
-0.25257600
0.24926300
-0.98238500
-0.59504300
-0.30702600
-0.17504800
0.27381400
0.40708300
-0.07551790
-0.88808200
-1.12013000
0.49609600
0.19481400
-0.14537200
-0.37765000
-1.23809000
-0.31147400
-0.36596000
0.09564350
-0.52898800
-0.51266000
2.36970000
-0.45746300
0.14889200
-0.26961400
-0.59460900
-0.10472300
-0.16125000
0.13358700
0.09090910
-0.28267600
-0.15499700
0.26372000
-0.33804000
-0.59127100
-0.44343500
-0.39821600
-0.31541900
-0.00824370
-0.94638900
0.51736600
-0.48108000
-0.66622700
-0.37024700
-0.38998800
1.98952000
0.08791410
-0.49429300
0.53285600
0.09529150
0.09132680
-0.68021700
0.26079900
-0.24771600
-1.15539000
0.15195000
0.37124500
-0.14031000
0.10923600
-1.02534000
-1.16839000
0.78065500
-1.07289000
-0.03139480
-0.03389810
-0.54339600
-0.34823000
-0.32514500
-0.05495020
-0.45574500
-0.08721370
-0.60715500
-0.72130300
-0.54288100
-0.54794300
0.10339600
0.39441800
0.64617600
-0.43003400
0.37930300
0.37825400
0.48714700
-0.38826800
-0.39359700
-0.21345300
-0.12143900
-0.77086500
-0.22364200
0.52493500
0.56007800
-0.62430900
0.27910500
-0.33655200
2.48409000
-0.35605900
-0.60243600
-0.57776900
-1.06854000
0.93979800
0.44105100
0.39354300
-0.70841800
-0.07267920
-0.63509400
0.31267100
-0.46154100
-0.45532600
-0.19911800
-0.28188800
0.21531100
-0.31248000
-0.05916530
-0.05869740
0.67144100
-0.12796600
-1.07156000
-0.51179800
0.19388600
0.03433450
1.12040000
0.00570640
-0.65867500
-0.54706100
-0.52896500
0.05124530
-0.00801328
0.11905300
-0.31088200
-0.71524900
-0.52861500
-0.47785500
-1.03398000
-0.58311200
0.04325570
0.22685200
-0.39473600
0.62990900
-1.02626000
-0.49691000
-0.15440600
0.08816520
-1.18317000
-0.36038000
-0.59448300
0.48254100
0.34196500
0.06383250
-0.93035700
0.24510200
0.12184800
-0.56326500
0.25933900
0.38967900
0.26886500
-0.06534880
0.83395500
0.39864600
0.30503800
-0.21421300
0.02912700
0.04581100
-0.86047500
-0.69023300
-0.84286400
-0.23402300
-1.04463000
-0.16131900
0.29046100
-0.53253100
0.26285900
0.12101600
-0.17745900
0.06630200
-0.49896600
0.03139530
-0.27745700
-0.10372900
-0.21258800
0.12881900
0.36904400
-0.40450400
-0.19824200
0.50099200
-0.60640000
0.07199960
0.49167200
-0.12084300
0.12219300
-0.64873500
-0.91117400
1.13936000
-0.40597500
0.34164800
1.00697000
0.13813100
0.02080650
0.56330300
0.88048300
0.48630300
-0.17541100
-0.55468600
-0.21606800
0.10680800
-0.37131600
0.04863620
0.01148450
-0.43906600
-1.22111000
-1.14176000
0.21558900
-0.47004700
0.10680800
-0.66418200
-0.06480530
-0.68304900
-0.01917810
1.24382000
0.14530200
-0.45075600
-0.92383500
-0.74624400
-0.15980200
-0.22057000
-0.03336880
-0.46111400
-0.15920200
-0.36617400
-0.37944100
-0.47990800
-0.31443500
0.17548600
-0.20027300
-0.67773800
0.32271400
-0.63407400
-0.46735100
0.16860000
-0.51383500
1.43604000
-0.18517800
-0.23407900
-0.15143800
0.23284200
1.39306000
-0.37074800
-0.66731600
-0.73137600
-0.14660400
0.18461300
-0.59033600
-0.08110990
0.18857100
0.30534100
-0.63170500
0.08146810
-0.32010100
-0.55541400
-0.32598900
-0.12702700
-0.39081100
0.55438500
-0.15401800
0.40571800
-0.95972800
-0.18068800
-0.44464400
0.39154000
-0.03212650
-0.51148000
-0.32071500
0.23207300
-0.54967300
-0.20545200
-0.08713620
-0.53567300
0.47917300
0.05282380
0.05282380
-0.45269200
-0.62472400
-0.58580100
0.25499300
-0.22314900
-0.60344000
0.13326100
-0.59389700
0.12457900
-0.95829000
-0.35499900
-0.40282600
0.02004480
-0.51798500
-0.23249700
-0.62528800
0.14429300
0.14334200
-0.65067500
0.25342700
-0.25924000
-0.39181400
-0.09512450
-0.40731900
1.37029000
0.17127500
-0.09795130
0.56547200
0.31503200
-0.48500700
-0.85849900
0.43680800
-0.10721800
0.22879500
-0.11811100
-0.22121600
-0.15437000
-0.40803600
-1.02600000
0.04365220
-0.86438000
0.07090020
-0.98401700
-0.51153900
0.78133500
-0.11223300
-0.52483400
-0.29881800
1.16802000
-1.13428000
-0.90106200
-0.10768300
0.73181300
0.48114700
0.23425700
1.23098000
0.51218000
-0.20727800
-0.53756100
-0.61359800
-0.01311530
-0.42677000
-0.09295300
-1.20406000
-0.61037300
-1.06515000
0.13773600
0.67669000
-0.96761400
-0.42030800
-0.33091900
-0.67773800
-0.17545000
-0.30336100
0.03768610
0.20048100
-0.38034900
-0.64133900
-0.94109000
-0.35328900
0.10288300
-0.00383640
0.01427950
-0.16223400
-1.07540000
-0.49004600
-0.37337200
-0.33884200
-0.81508500
0.60525700
0.15171500
-0.00431773
-0.34019000
-0.11009900
-0.33123900
-0.08979460
-0.16439400
-0.89405800
-0.17283100
-0.59647700
-0.59647700
0.18044800
0.34049000
0.51123200
-0.19085200
-0.28473100
0.16209800
-0.96345000
-0.06827140
0.13131200
0.08855880
-0.31660900
0.00865889
-0.53117700
-0.18270000
0.02446830
-0.85786600
-0.35791300
-0.33407100
0.12418300
-0.45140300
0.48200700
0.34759500
-0.39649800
0.18248200
1.57436000
-0.89848700
0.14204700
-0.47803100
-1.23011000
-0.58172100
-1.06692000
0.43452900
0.35653200
-0.61740700
-0.50502900
-0.44077900
-0.59169900
0.79512600
0.29379400
-0.93403100
0.30484600
1.82248000
-1.18302000
0.64135200
-0.76560600
0.10107200
0.01800260
-0.59646800
-0.31324300
-0.33987000
-0.29249600
-0.14623400
-0.35848500
-0.63921700
-0.57613000
0.10274500
-0.65041600
0.41720200
-0.89015600
0.28892300
-0.25928400
-0.10210500
-0.06527550
0.86913900
-0.21556400
0.16131300
0.35434200
0.24178800
-0.91978600
-0.09561630
0.62774000
0.43112000
0.25023500
-0.19222700
0.33058000
-0.65413100
0.32627800
-0.62668400
0.11518800
-0.10654700
-0.03834350
0.17855500
-0.08578620
-0.27040700
-0.19200100
-0.34792400
-0.40290800
-0.61840300
-0.23995800
0.11603900
0.32533000
-0.63158200
-0.41096800
-0.21033900
-0.58138100
-1.12384000
0.25037400
-0.60685500
-0.20974500
-0.30526500
-0.79767300
-0.52141200
-0.95196700
-0.60743000
-0.33241100
-0.02499230
-0.02957780
1.15059000
0.16827100
0.99444000
-0.08607640
0.11599700
-1.03520000
-0.06300120
-1.07504000
0.46143900
0.05270870
-0.27782200
-0.18169200
0.98805600
0.21626600
0.37245200
0.94367800
0.24121200
-0.43618000
-0.64088200
-0.20135200
-0.35674600
-0.37786500
0.30680200
-0.45767300
-0.45038800
-0.36051500
0.39599700
-0.74370500
-0.34290700
-1.18182000
0.20967300
-0.25237800
-0.85416700
-0.47225500
-0.24993300
-0.55699000
0.14399600
0.46748900
1.11926000
-1.17268000
-0.35418700
-1.02545000
-0.62711100
-0.74933700
-0.07167450
-1.21359000
-0.18514800
-0.10944300
-0.63788000
-0.73933600
-0.43417800
-0.33322100
-0.23227500
-0.37914400
-0.03816200
-0.37666000
-0.57345300
0.30146800
0.36929100
0.04279390
0.26321400
-0.62247200
-0.46871200
-0.29329300
-0.66197100
-0.40747000
0.06853920
0.02990970
-0.39508800
0.12751000
-0.66391500
0.42064100
-0.14721300
-0.49028700
0.71951900
-0.57678100
-0.39593500
0.17146900
-0.31699800
0.04905220
-0.05305950
0.03681170
-0.00869580
-0.27993100
-0.78325200
0.02336990
0.37996200
-0.46899800
-0.00657530
1.65418000
1.25591000
0.10121200
-0.42216900
-0.15771100
0.08680200
-0.27903800
-0.58314800
0.23658900
-0.51508500
-0.26760500
-0.85037600
-0.61249800
-0.09885760
0.02471400
-0.59524100
-0.73309500
-0.40943500
-0.12886600
-0.77005200
-0.05811460
0.44352800
-0.57754900
-0.84540300
-0.83091600
-0.34872500
-0.67677600
-0.47801600
-0.52690900
-0.62020800
0.23027000
0.26123400
0.13605400
-0.42944600
0.13529900
0.16658200
-0.16081200
-0.42586400
-0.31534700
-0.54135400
-0.15433800
-0.70091400
-0.14425900
0.01951970
0.40786600
-0.38526700
0.15303600
0.24422400
-0.12038400
0.18692100
-0.51140400
-0.79865800
-1.07056000
-0.24059100
-0.02934890
-0.11459500
1.37296000
-0.13866300
-0.21731600
-0.33283700
-0.14806600
-0.55032400
-0.55996600
0.45267300
-0.52822100
-0.37452900
-0.70747200
0.03278670
-0.98000800
0.03672010
0.41823800
-0.53795700
-0.16715500
-0.05417530
-0.35641100
-0.09101380
-1.01847000
-0.36293300
0.01054540
-0.24330800
0.05016060
-0.76803900
-0.52016500
-0.98777200
0.43339000
-0.25577300
-0.04586800
0.10473200
-0.19429700
-0.56979900
-0.28244700
-0.24520500
0.25629300
-0.27664100
-0.98884600
-0.44300500
0.57677600
-0.65664500
0.11405700
-0.03764960
-0.53939600
-0.32633400
-0.93721100
0.20967700
0.05606410
0.17406400
-0.67710400
0.66858500
-0.07184780
-0.15872800
-0.80600700
0.64894400
1.29473000
-0.20626600
-1.43158000
0.31909200
0.37729400
-0.38458300
-0.00860365
-0.94776000
0.34430000
-0.14833100
-0.44747900
-0.28546200
0.15295000
-0.57098800
0.72766300
-0.63245000
0.18558600
0.17216100
-0.08798830
-0.93836800
-0.22905600
-0.75842500
0.30938600
-0.75743700
-0.20856300
-0.60568000
-0.15952800
-0.22144800
-0.65848000
-0.03505390
0.12516400
0.45654100
-0.15088100
-0.78664500
-0.81738900
-0.58214900
-0.81697100
0.48614700
-0.17902600
0.26542600
-0.16202500
0.20857700
-0.61322500
-0.36698800
-0.19496300
0.33679900
0.01660310
-0.79176400
-0.29354600
0.47299000
-0.58998600
-0.46462500
-0.35577300
-0.52182600
-0.11203900
-0.22953500
0.01280390
-0.69285400
-0.47614100
-0.72909500
-0.39768700
-0.34664700
0.33759700
-0.56580200
-0.29090100
-0.93293400
1.94283000
-0.36077000
0.05128260
-0.22228400
-0.13795500
-0.53913600
0.56335600
0.14580600
0.24656600
0.46436100
-1.06660000
-0.57961200
-0.85711800
-0.32574200
0.50938400
0.42604500
-0.11002500
-1.17271000
-0.26947500
0.38016500
-0.73090600
0.04278290
1.52197000
-0.45005100
-0.65228100
1.07937000
0.01139360
0.47234900
0.70429300
0.30377600
0.40484900
0.40537100
-0.86027000
-0.55818900
-1.55137000
1.20364000
1.01982000
0.17249600
0.68965100
0.47480700
0.80722900
1.14759000
-0.04581640
0.09980520
-0.00600246
-0.59274200
-1.12938000
-0.18789300
-0.49476900
-0.03253830
-0.28219000
-0.43965100
-0.62950200
-0.38317800
0.05811730
0.40742100
-0.06011100
0.36374400
0.49412600
0.24752600
-0.30669400
0.62326000
-0.11564500
1.02338000
0.25091000
0.72668500
0.74545200
-0.73262200
-0.57935700
-0.21453900
-0.09267720
0.22438100
0.22321800
-0.24775600
-0.51205200
0.35716300
-0.05498310
0.52061000
-1.53807000
-1.10928000
-0.59032000
-0.18876900
0.12417000
-0.16116600
-0.38171400
-0.41080900
0.43308700
0.00486400
-0.61297100
-0.57639300
-0.88447500
0.21234300
-0.23061500
0.22884100
-0.11648700
0.17602800
-0.75621200
0.36810900
1.01627000
-0.05973080
0.01031020
-0.55539400
0.41953600
0.98105000
1.34697000
-0.08130720
-0.24390100
-0.72605000
0.03165250
-0.59640800
-1.32716000
-0.33807400
-0.72446800
0.41232000
-0.89881100
-0.45278800
-1.11437000
-0.17344000
-0.07425180
-0.04358100
-0.49858400
-0.39854200
-0.07188170
-0.68742600
-0.50652400
1.27369000
0.48004800
-0.29511900
-0.37178800
-0.50864000
-0.37009300
-0.13845100
-0.68125100
-0.77767500
-0.37513400
-0.25037500
-0.47558700
0.01203640
-0.17846300
-0.24134700
-0.46178500
-0.69950900
-0.64105000
-0.11650300
-0.55704500
-0.82542600
-0.03878460
-0.96943100
-0.44674700
-1.18554000
0.60387600
-0.59831900
-0.11655000
-0.19445700
-0.53616500
-0.81541800
-0.14476100
-0.56816800
-0.56937200
-0.68119600
0.58039900
0.05332650
-0.08130150
-0.44235400
0.09602740
-0.72538200
-0.12875500
-0.57739300
-0.85466800
-0.28670100
-1.38851000
0.05343050
-0.34070400
-0.27284600
0.17894000
0.14154200
-0.46878000
2.74572000
0.06317270
-0.63799900
-0.07798540
0.58493500
-0.22714100
-0.39858800
-0.40032100
0.27249200
0.25364700
-0.27894500
0.49259700
0.16080200
-0.04793470
0.06009320
-0.26420500
1.01159000
-0.27771100
-0.37657900
0.33158600
-0.32208800
-0.47578300
0.19994400
0.20694900
-0.12949500
-0.07052030
-0.18519800
0.12854700
-0.04301940
-0.43667200
-0.21883300
-0.46748300
-0.08955580
0.05631030
-0.42264500
-0.18477200
-0.60344700
-0.85862900
-0.35776100
-0.65704100
0.30743800
-0.11383100
-0.51126400
-0.10673600
0.86910400
-0.43840000
0.38424600
-0.47714900
-0.65598700
-0.25829600
