-0.38628800
0.29601400
0.01997020
0.99799300
-0.36599900
-0.71051300
-0.39733100
-1.00951000
-0.63708700
0.18702400
-0.31495500
1.57100000
-0.50846800
-0.47557100
-0.00893416
1.11071000
0.20358900
0.43080900
5.84895000
0.87602500
0.60679800
-0.04683020
-0.03570010
0.21478500
0.31840600
6.29093000
0.12029200
0.72620400
0.87692400
1.66986000
0.38110700
5.82199000
5.94653000
0.64832700
0.39098700
0.70753300
1.43271000
1.79669000
5.96191000
6.05229000
1.17070000
0.24826500
1.00828000
0.18806500
0.74974400
0.14575500
1.03142000
0.36053300
-0.31908800
0.14087700
-0.51767700
-0.19541700
-0.34288900
-0.35088400
-0.04379430
-0.42522300
-0.20764400
-0.11394400
-0.06177130
-0.11207800
-0.10073400
-0.06191950
-0.42748800
-0.35133200
-0.78927900
0.39748500
-0.63340400
-0.15329400
0.22224900
0.08776860
-0.11578500
-0.53475400
-0.00447983
0.25524500
-0.72373700
-0.63119800
-0.39959000
-0.30491900
-0.54961600
-0.22865900
-0.27736700
-0.58844400
0.01985220
-0.07361550
-0.36968300
-0.25280100
-0.08403050
-0.34670400
-0.57776500
0.58142700
-0.19572600
-0.35647300
-0.35513200
-0.07974810
-0.45758100
-0.20098700
-0.11669500
-0.17090100
-0.54431500
-0.42914400
-0.21726400
0.20234300
-0.27855500
-0.07208260
-0.36807900
-0.82248600
1.29215000
0.10811100
-0.42887000
0.54271800
-0.55766000
0.30235300
-0.54217300
-0.55650700
-0.40862100
-0.10118600
-0.32303400
-0.26935900
-0.36237700
-0.21120900
-0.25352300
-0.46065000
-0.61320800
-0.07045580
-0.69325200
-0.17470400
-0.37273700
-0.52012900
-0.10028000
-0.35155800
-0.30397800
-0.07856070
-0.97562100
-0.40206100
-0.06298360
0.05991390
0.25991400
-0.15915000
-0.65700400
0.27280500
-0.19007900
0.84735400
-0.10200700
-0.09175450
-0.20636500
-0.09907240
0.62198300
0.38777000
0.33513100
-0.08945540
0.17419700
-0.16383300
-0.18294400
-0.23831500
-0.03503570
-0.36263100
-0.24551900
-0.15521000
-0.30683700
-0.28749100
-0.38416100
-0.24305400
-0.29521800
-1.29136000
-0.92965800
-0.06161420
-0.33137500
-0.50970300
-0.86661900
-0.27606600
0.99275700
-0.38476800
0.52822000
-0.29751200
-0.18845700
-0.23116100
0.04644840
0.43290000
-0.16476300
-0.13114300
-0.09980750
-0.27112300
-0.27558100
-0.28392100
-0.26257100
0.71526200
0.72637000
-0.17714400
-0.00001086
-0.36578000
-0.39836600
-0.27359200
-0.07749240
0.13610700
-0.43295500
-0.40557100
-0.07413030
-0.07281630
-0.25828600
-0.15879300
-0.22210900
-0.00853387
-0.22627200
-0.52587400
-0.55350000
-0.53798200
0.25038200
-0.16293600
-0.53384600
-0.57141900
-0.48778600
-0.08845580
-0.43097300
-0.53077300
-0.30581200
0.27884800
-0.58113900
-0.44537800
-0.28412200
0.45508400
-0.25746100
-0.44715700
-0.08144890
-0.07784220
-0.42155700
-0.02958180
-0.24829600
-0.16837100
-0.71759600
-0.40856500
-0.13481100
-0.13561900
-0.01010900
-0.76575900
-0.05779090
-0.57241000
-0.19608200
-0.41049800
-0.37978800
-0.03104260
-0.11453100
-0.17844400
0.11229100
-0.34189200
0.04065780
0.12035300
0.00090244
0.78957000
0.34726800
-0.32390100
-0.19129800
-0.66325100
-0.21391100
-0.19685000
-0.34553400
-0.16555900
-0.77775400
-0.50850600
-0.11570900
0.62949900
0.17105400
-0.21910800
0.02850540
-0.31297100
-0.16723300
0.28487600
-0.31749900
1.04890000
-0.11246900
-0.42310500
-0.15471100
0.48857600
0.46688100
-0.01706510
-0.64893900
-0.27150100
-0.43265500
-0.37818600
0.08401950
-0.59169300
-0.56502300
-0.65748400
-0.57942900
-0.43931300
-0.09095640
0.33509900
0.94611100
0.10658400
-0.35636200
-0.20640000
-0.37482800
-0.41088400
-0.30539400
-0.01852880
-0.02742740
-0.07239720
-0.16418500
-0.50617800
-0.17227800
-0.57338900
0.08908900
-0.17608300
0.89798800
-0.42671600
-0.04553550
-0.29403700
-0.37887400
-0.46354100
-0.05886570
-0.56254000
-0.25045200
0.32199000
-0.54843200
0.46953200
-0.02076390
0.64524200
0.63242200
0.11123500
-0.53428200
-0.33768800
-0.20761700
-0.40507400
0.19847000
-0.01280840
-0.19487500
0.13801600
-0.60041200
-0.13368600
0.06241770
-0.21907900
0.06430230
-0.27754300
-0.47678300
0.39288800
0.21697900
0.01474370
0.43764400
0.29328400
-0.61114200
-0.16643700
-0.05283000
-0.21376300
-0.51112900
-0.04936840
-0.14420000
0.14803000
-0.46408600
-0.42415300
0.33461700
-0.71516000
0.88212300
0.14877000
-0.23622600
0.09751750
-0.67993600
-0.33268400
-0.28021400
-0.36135600
-0.46415000
-0.12248900
-0.07135310
0.15184500
-0.05243630
-0.19638800
-0.22742400
-0.09688840
-0.55723500
-0.39174800
-0.16878900
-0.02240040
-0.13107800
0.22861100
-0.08813870
-0.57273200
-0.36426500
-0.08067490
-0.13533700
0.00517276
-0.03658270
-0.05351790
-0.05230600
-0.29923700
-0.49997200
-0.21108500
0.65111900
-0.39275500
-0.21322200
-0.10509500
-0.38354300
-0.33463600
0.01029910
0.04425490
-0.38948100
-0.31671900
-0.00647380
-0.31937200
0.01284670
-0.49599000
0.90527500
-0.14452000
0.69111800
0.27646800
-0.04515270
-0.45791900
-0.00542816
0.12355900
-0.21831300
-0.43437400
0.85586100
-0.00831665
-0.25577500
0.16483600
-0.19574800
-0.75091300
-0.43180600
-0.30578600
-0.63145600
-0.37885100
-0.58353800
0.29701000
-0.14604100
-0.07407120
-0.44793500
-0.59936000
-0.47974100
0.29855300
-0.35967800
-0.11652700
-0.19904400
-0.19874100
-0.14076600
0.01215510
-0.08642460
-0.19740200
-0.65030700
-0.31647800
-0.81082900
-0.32702300
-0.45851500
-0.07081590
-0.22714400
-0.47130200
-0.51353900
0.31945700
-0.40236600
-1.02213000
1.62390000
-0.38575100
-0.33091600
-0.47637500
0.10437600
-0.10144700
-0.09886740
-0.72027100
0.45402600
-0.16871400
-0.10103700
-0.25196300
1.15346000
-0.37841400
-0.51541400
-0.18738300
-0.83903100
0.36700700
-0.31399500
-0.25165200
-0.63144000
-0.50042400
1.49470000
0.61611400
-0.77647200
-0.43295500
-0.40191600
-0.30710900
-0.20132800
-0.08826440
0.10285800
-0.65902500
-0.32277500
0.18540300
-0.06048930
-0.40356800
-0.50757700
-0.46888700
-0.04535440
0.08837110
-0.17247300
0.01406980
0.85426600
0.12967200
-0.36730000
-0.04152980
-0.31840000
-0.13105000
-0.14773100
0.37768900
-0.03212460
0.05069190
-0.03829810
-0.15377900
-0.63467200
-0.43429700
0.03801420
-0.39153100
-0.08076180
-0.34440000
-0.39204600
-0.50831000
0.04281420
-0.29202300
-0.36891700
-0.58539400
0.08891310
0.11171900
0.13712600
-0.37755200
0.10037500
-0.10507300
-0.21030100
-0.28036900
-0.17376500
-0.94550800
-0.14488800
-0.42867200
-0.37815100
-0.21723800
-0.30147500
-0.22430600
-0.18282100
-0.11917000
0.08459080
-0.32178000
-0.36078300
0.39384000
-0.23108100
-0.08360610
0.03291240
-0.24208900
-0.29331400
0.09895090
-0.61764200
-0.90076900
-0.63823300
-0.49907700
-0.39645000
-0.30083100
0.11180000
-0.80849300
-0.05195360
-0.21698900
-0.66924500
-0.15162300
0.06341800
-0.43748400
-0.41038600
1.25519000
-0.72603000
0.26015300
-0.28073400
-0.08795560
-0.33572600
-0.20193200
-0.10603400
-0.52960300
-0.60513900
-0.03941180
-0.33132700
-0.53088000
-0.89004500
-0.06794740
-0.25612500
-0.19400400
0.25520800
-0.80260500
-0.34914200
-0.16490400
-0.12901800
-0.02679830
0.80448400
0.03241970
0.56074300
-0.42743200
-0.38238700
0.18332300
-0.48052500
0.16051100
-0.24026900
0.36422800
-0.38532400
-0.72948500
-0.26795700
-0.22036500
-0.05050940
-0.19293900
-0.23861300
-0.44608800
0.01969670
-0.32046900
0.07273910
0.02080650
-0.18014400
-0.32790300
0.35633400
-0.26714700
-0.27211800
-0.40453500
-0.39124400
-0.41863300
0.09219700
-0.60804700
0.69773600
-0.12231200
-0.33012800
-0.24644800
-0.39889500
-0.39685300
-0.07755350
0.47751300
-0.67807900
-0.40625400
-0.26490600
-0.13945000
-0.06084160
-0.34132700
0.86825200
-0.15060600
-0.60605400
0.36117600
1.30769000
-0.51854100
0.23925100
0.02298830
-0.23319900
-0.35184800
-0.27172000
-0.00032155
-0.18895800
-0.14474700
-0.35106400
-0.50308900
-0.21739100
0.56585600
0.72815700
-0.70853200
0.40047200
0.02273840
0.51699000
-0.57092300
-0.72796700
-0.20345700
-0.15013100
0.14889200
-0.36962500
0.35560500
-0.33290000
-0.57900800
-0.18269300
0.11873400
-0.26389200
0.27570800
-0.08450450
-0.45265900
-0.31341400
1.69253000
0.53184800
-0.15097300
-0.34099300
-0.51369600
-0.27298300
-0.34289500
0.12476400
-0.17853200
-0.41116700
-0.20653100
0.00057264
-0.65076600
-0.37820800
-0.04787880
-0.02685870
-0.13714800
-0.42990600
0.04388370
-0.21684800
-0.18342200
0.21869100
0.05789550
-0.42004200
-0.24520500
-0.57331500
0.04761060
-0.08062010
-0.60780900
-0.09527770
-0.28443900
-0.09934890
-0.36094500
-0.13454600
-0.08774960
-0.27634400
-0.37274500
-0.22806600
0.03573440
-0.39107300
-0.09756210
-0.16002300
-0.32450200
-0.35484800
-0.73859700
0.02611220
-0.29748200
-0.08943950
-0.54286800
-0.20539700
-0.22915500
-0.66922100
-0.14966200
-0.28058600
0.08931200
-1.11359000
-0.09636220
-0.25110800
-0.02522730
-0.53102200
-0.10067600
-0.13478200
-0.52960800
-0.06943360
-0.17660000
0.43879300
0.41295400
-0.03315510
0.59403400
-0.21788700
-0.04436710
-0.53993900
-0.43714600
-0.08900970
-0.44348300
-0.29361300
-0.05415030
-0.24674500
-0.50373100
-0.17377000
-0.05139610
-0.08198570
-0.23138900
0.19841700
0.27537800
-0.19586600
0.12757200
-0.12477000
-0.13144000
0.25121600
-0.27085000
0.43973000
-0.56379100
1.32371000
-0.61957700
-0.35474600
-0.45504800
-0.50185000
-0.22099900
-0.08679730
-1.01779000
-0.09427360
-0.26653300
-0.22027200
-0.34977000
-0.08649740
0.33281800
-0.25056500
-0.46533500
-0.14826000
-0.11867800
-0.04515650
-0.37459700
-0.47256100
-0.27138900
0.28928500
0.08676070
0.14956600
-0.39557200
-0.14745100
0.03889370
-0.69323000
-0.12671300
-0.31764000
0.06150090
-0.21415800
-0.21168900
-0.02260640
-0.25471500
0.52427600
-0.21277400
-0.01202730
-0.12994300
-0.73710300
-0.32242000
-0.45518900
-0.52473000
0.11901100
-0.09057600
-0.05401560
-0.12813300
0.19818300
-0.12219500
0.41112000
0.07919440
-0.19361200
-0.09245280
-0.07859290
-0.15558400
0.28406800
-0.22730500
0.09386490
-0.00590912
0.25927100
-0.18561600
-0.62031100
-0.09927010
-0.13081600
0.00023270
-0.40248300
-0.11581200
-0.03604480
-0.34546300
-0.15872400
-0.76054300
-0.43001100
-0.39557200
-0.48418900
0.15795800
0.12133400
-0.38255800
-0.48819900
-0.43933400
-0.20315600
-0.93200700
-0.09484320
0.09509420
-0.08366830
-0.01183210
0.39404700
0.57824700
0.19848600
0.02719930
-0.69213400
0.83684800
-0.37316800
0.59366700
0.01941790
0.09330740
-0.09403480
-0.77865500
-0.20857500
-0.63945400
0.12557900
-0.34582000
0.38052200
0.08535390
-0.87579400
-0.20601000
-0.41213100
-0.24004700
-0.56398800
-0.11930500
-0.49261600
-0.13991500
-0.26076900
-0.11470200
-0.36456300
-0.47031900
-0.53761300
-0.07785860
0.12924500
-0.29538800
-0.39271400
-0.09917770
-0.27692500
-0.11124200
-0.17130800
-0.12355600
0.77424400
-0.13700800
-0.34629900
-0.56733000
0.64142500
-0.57119000
-0.05673850
0.75053500
-0.35952200
-0.39294700
0.10591900
-0.11421800
-0.02380070
-0.27392300
-0.17472600
-0.21592800
0.03639510
-0.36648700
-0.72056500
0.22507300
0.12743400
-0.25297600
-0.02927260
-0.29218300
-0.31759600
-0.53287000
-0.18129400
-0.16267100
-0.86512500
0.26449800
-0.64610900
-0.32604100
-0.03829040
-0.16096400
-0.36762900
-0.39634500
-0.19198800
-0.11448200
-0.23437700
-0.11254500
-0.21461700
-1.07890000
0.98939400
-0.30631700
0.41303700
-0.11695400
-0.29448800
-0.31719000
-0.32075100
-0.17509500
0.27417100
0.02756990
-0.14375400
0.57265100
-0.32678700
0.09341170
-0.83501100
-0.51448200
-0.05554400
-0.23730600
-0.57991900
-0.40131800
0.09858670
-0.48574900
0.70586200
-0.00848390
-0.43899100
-0.03229950
0.77957500
-0.16260400
0.16287300
-0.03022880
-0.48738000
-0.31271100
0.02600270
-0.45308500
-0.16482300
0.05183990
-0.49659600
-0.07696050
0.15669100
-0.13990000
-0.07063040
-0.24680700
0.42591200
0.40007200
0.38502000
0.16807500
-0.22327400
-0.09561800
-0.02662170
-0.43889900
-0.31095300
-0.18475100
-0.37801900
-0.20419400
0.20167500
0.35252400
-0.54486500
-0.46066300
-0.17584800
-0.63384400
-0.12886500
-0.28750600
-0.38168600
-0.28585700
-0.04182240
-0.09969180
-0.30516600
-0.32137200
-0.31549000
0.46034100
-0.51837700
-0.28482300
-0.14255900
-0.13190200
-0.43456700
0.38555100
-0.64493000
-0.03291490
-0.31504600
0.13688600
-0.46893500
0.70111000
0.84279600
-0.74397900
0.08627180
-0.27225600
-0.04626460
-0.31375200
0.23082100
-0.15008200
0.20044200
-0.26321300
-0.24222200
-0.32158100
0.05134170
0.16043500
-0.39391400
-0.37769700
-0.81650200
-0.47642700
-0.24726600
0.07929020
-0.34151400
-0.47121200
0.14505400
-0.50095600
-0.54555600
0.13621300
-0.17215000
-0.28932600
-0.13038700
-0.19404000
-0.18753600
0.34368500
0.04871150
-0.27800000
-0.45350200
-0.30386200
0.09966900
0.15374400
0.28180700
-0.19012200
0.12802400
-0.27931800
0.17098900
-0.05409000
-0.38659200
0.09856970
-0.54541000
-0.65922200
-0.63032300
-0.30327500
-0.50356700
0.52125500
-0.03777250
0.03196390
-0.65070100
-0.20996000
0.08268070
-0.28637900
-0.31810800
-0.17804100
-0.35169100
-0.12049500
-0.46134100
-0.21832200
-0.49109800
-0.01621420
-0.56288700
-0.03208440
-0.41953600
0.77957500
-0.08382280
0.54572400
-0.45376400
-0.21254700
-0.25634100
-0.15863900
-0.45775800
-0.13040700
-0.62593600
-0.22222600
-0.35560400
-0.24952900
-0.07297640
0.00700933
-0.52279400
-0.32781000
-0.07331580
-0.09027460
-0.81869500
-0.69513800
-0.51028100
-0.56053300
-0.57068100
-0.39361500
0.44212100
-0.88627500
0.09698910
0.39205100
-0.37588400
0.25564400
-0.48127300
0.25012300
-0.21706800
-0.32253400
-0.28321200
-0.33470900
-0.43381700
-0.05824450
-0.24233600
0.14923400
-0.04605490
-0.12562500
-0.00038364
-0.53761300
-0.44181200
-0.35781300
-0.20157200
0.61742300
-1.04489000
0.35718200
-0.09593090
0.70588300
-0.49812800
-0.31803100
0.36143900
-0.01560490
0.01777400
0.23294200
-0.14060400
-0.09993480
0.31967200
0.26525500
-0.29410600
-0.31426900
-0.48547700
-0.09065330
-0.24356000
-0.18738100
-0.34115700
-0.07296700
-0.26815700
-0.26157800
-0.06041650
-0.40735200
0.17064300
-0.11783500
-0.10598500
-0.42702000
-0.08207960
0.11616100
-0.25144700
-0.62059500
-0.42803500
-0.53415400
-0.44986000
0.60625000
-0.43170700
-0.11630700
-0.17405600
0.05643120
-0.17049300
0.16017300
0.22729600
0.07511020
-0.45362000
-0.62664400
-0.11438300
-0.20213700
-0.19114000
-0.51975900
-0.30615600
-0.22561300
0.05166400
-0.37535500
-0.47334500
-0.22330400
0.27560000
-0.46937000
-0.49805200
-0.53126100
-0.00237470
-0.56469200
0.06352290
0.15062200
-0.11844200
0.50880200
-0.15568400
-0.39362500
-0.17689900
-0.67663000
0.03108860
-0.34905600
-0.56193600
0.42147100
0.66331100
-0.55217800
0.19735700
0.06942350
0.14513600
0.65091300
0.23909300
-0.02060970
-0.21404100
-0.21053100
-0.31245500
0.31624600
0.16192200
-0.44387600
-0.70234600
-0.24241100
0.00190005
-0.36388300
0.29685200
-0.13992600
-0.15482900
-0.43846800
-0.26884000
-0.68758600
-0.43743000
0.60830400
1.04914000
-0.00068127
-0.98907800
0.02096260
-0.20049300
-0.10560200
-0.26763500
-0.61446300
-0.44836300
-0.37312800
-0.19330200
-0.08130810
-0.47543000
-0.25124000
-0.26512700
-0.37356000
0.07689430
-0.44647800
-0.02236310
0.11430600
-0.23081200
0.05380150
-0.00769399
0.05123720
-0.02512960
0.20549100
0.28710800
-0.31090500
-0.36938700
-0.25713500
-0.28596600
-0.45570200
0.05982240
-0.31434100
-0.36661300
-0.27479000
-0.33724900
-0.37010000
0.15170400
-0.24453000
-0.74278100
0.48798300
-0.33888700
-0.55329000
-0.42799200
-0.30181600
-0.34005700
-0.76416500
-0.42106000
-0.45121100
0.09747580
-0.28450500
-0.34171300
-0.18679000
-0.84208100
-0.23362900
0.01375840
-0.69519900
-0.39884600
0.74303000
-0.78564100
0.23646600
-0.83674200
-0.04526720
-0.30962500
-0.19237600
-0.52098200
-0.21829400
0.09004180
-0.25612100
0.87366200
-0.13259500
-0.13056300
1.56837000
1.27852000
0.69658600
-0.45106200
0.16982500
0.47387500
0.18044300
-0.50534300
0.61855400
-0.08364250
-0.78074800
0.20386000
0.88030300
-0.18937800
0.37110500
0.81449000
-0.41956300
0.62302500
-0.54402300
-0.36028900
-0.10635600
0.06229890
0.42954900
-0.10437600
-0.27233900
0.00795408
0.70474700
-0.21013300
-0.39193600
-0.65149400
-0.25463500
0.33135100
-0.13851100
-0.40465800
-0.65594100
-0.35323900
-0.18593400
-0.27908300
-0.30701500
-0.05675820
0.41742400
-0.29735300
-0.37187500
0.17315700
0.04595170
0.35406800
-0.23882200
-0.06272210
-0.12784100
0.32760400
-0.69991100
-0.10560900
-0.19612400
-0.25870800
-0.52271200
-0.14624300
-0.21488500
-0.16910700
0.31299100
0.09132840
-0.25094500
0.00304714
-0.22421200
0.11514300
-0.58855600
-0.41922100
-0.70930800
-0.24595800
-0.00411531
-0.21271700
0.28528700
-0.34022200
-0.30053100
-0.63814600
0.85700200
-0.59947500
-0.16440900
-0.44444800
-0.84765500
0.26563800
0.15755600
0.03331660
-0.59442600
0.01477770
-0.31329900
0.08976300
-0.52721800
-0.25605800
-0.27473100
-0.22675400
-0.29721600
0.07617400
-0.24132200
-0.05706300
-0.10960800
-0.27691500
-0.33288100
-0.27940300
-0.68232700
-0.25539400
-0.20606100
0.09052250
-0.61368600
-0.21865800
-0.00687397
-0.29119800
-0.44557400
-0.14612100
-0.55891500
-0.36368000
0.40089100
-0.35512900
-0.17540600
-0.19452000
-0.37446800
-0.31465600
-0.17195000
0.00565907
0.19870700
-0.33336000
-0.30404200
-0.36638500
-0.26714200
0.11895300
-0.13314400
0.04287620
-0.40974300
-0.16882900
-0.32942300
-0.10273100
-0.26839600
-0.50784600
-0.34382400
-0.21059800
0.36748500
-0.58147700
-0.16404600
-0.21359000
0.60153400
-0.20929700
-0.33276600
-0.33904400
-0.13888100
-0.06718170
-0.09087990
-0.04124160
-0.36415100
-0.30080100
0.76546200
0.28144400
-0.42094900
0.99174600
-0.98314300
0.61918300
-0.34819500
-0.38266100
0.78007600
-0.23134300
-0.32651000
0.11862000
-0.44070000
0.55744800
0.24005000
-0.30143900
-0.45828100
-0.25310200
0.12703100
-0.33181900
0.08185360
-0.03827370
-0.20254100
-0.82410400
-0.25138600
0.37871000
-0.43045600
-0.06206920
0.03559430
-0.05974240
-0.15763400
0.04332480
-0.53812100
-0.56263000
-0.25566900
0.91270300
-0.37814500
-0.34275000
-0.38720500
-0.43621100
0.38233100
0.18887100
0.54048300
-0.08710150
-0.47070500
-0.49502400
0.17699300
-0.39935800
0.27085000
-0.64956600
-0.09256090
-0.50880000
-0.88224300
-0.40194100
-0.48532300
-0.03114720
0.21521700
0.03363320
0.05984410
0.25924500
-0.25408900
0.07947830
-0.73783000
-0.76403500
-0.55758100
-0.06068200
-0.21399900
-0.12161000
0.01152760
-0.66570500
-0.18441500
-0.24903800
0.24700200
-0.15483200
0.20676400
-0.09958640
-0.58968800
-0.40778900
0.61445200
-0.24002900
-0.00750004
-0.31062300
-0.02598630
-0.44050600
0.19958200
-0.21973400
-0.07778610
-0.24376200
-0.44105700
-0.74842700
-0.31371200
-0.50386200
-0.02046890
-0.39297900
-0.55891300
-0.13322400
0.21395900
-0.64259800
-0.27501000
-0.31662900
-0.65055300
-0.24535900
-0.37990000
0.13257800
-0.27529400
-0.20638800
-0.24134400
0.06335460
-0.34462500
0.14801800
-0.29932500
0.11643500
-0.42090700
0.30456600
-0.27323800
-0.03523440
0.57569900
-0.47752500
0.36417300
-0.20788200
-0.07163380
-0.15740200
-0.06811040
-0.67521500
-0.08919880
-0.54374400
0.23672800
0.34380400
0.55087300
-0.59848100
-0.26729500
-0.20960100
-0.54046400
-0.56882100
-0.52050900
-0.31371200
-0.14249900
-0.49611600
-0.36151000
-0.25016800
-0.24061900
-0.24579700
-0.22045600
-0.37617700
-0.17083500
0.61104400
-0.21904300
0.46123100
0.24815500
-0.18699100
-0.37952000
-0.30142200
-0.29637700
-0.01208920
-0.18260800
-0.03719580
-0.11805300
0.91963800
-0.63099000
-0.11538100
-0.43894700
-0.24375200
-0.35907800
0.04597900
-0.48888400
-0.33786100
0.02890470
-0.32123400
-0.47969000
-0.64207100
-0.21536300
-0.24779600
-0.20423200
-0.41676600
0.06724070
-0.22610800
-0.01733920
0.03729320
-0.10022100
-0.12735900
-0.34146100
0.32584300
-0.10800800
-0.09415940
-0.32743100
-0.30379000
0.47502600
-0.04637990
-0.16812700
0.35768200
-0.29543600
-0.04657450
0.34923300
-0.16355500
-0.29643500
-0.13128300
-0.40336800
-0.38849800
0.03427250
-0.29134600
0.74715000
-0.23733100
-0.36727500
0.11531400
-0.20612600
-0.41417300
-0.21749600
-0.20130800
-0.07534560
-0.00109260
-0.55314600
-0.53730200
0.06002080
-0.38813000
-0.19475900
-0.65096600
-0.19393100
0.06383280
-0.04441000
-0.60332600
-0.14271700
0.29035700
1.15348000
-0.90755000
0.22176400
0.42331400
-0.44664300
-0.37917200
0.17377600
-0.02373810
0.01732820
-0.86299700
-0.52999100
-0.14551300
-0.53374100
0.43420400
-0.03207350
0.21294200
1.29685000
-0.11135300
0.14392000
-0.05859770
0.06494310
-0.20499000
-0.55063800
-0.17239700
-0.48797200
-0.28688900
-0.25851400
0.14612700
0.02103950
-0.44328100
-0.50430300
-0.19567800
-0.45359400
0.12098500
-0.37934700
-0.74727700
-0.25732300
0.19178300
-0.53733300
-0.70803500
-0.24982600
-0.15484600
-0.41142100
0.51491700
0.66172500
0.13469100
-0.74568900
0.07393070
-0.04341690
0.54037400
0.48319900
-0.29389800
-0.02123840
-0.71177000
0.14058500
0.27685400
-0.05696390
-0.45548700
-0.68526700
0.00622560
-0.56196000
-0.45538600
-0.46364100
1.24856000
-0.06349040
-0.12338700
0.09163880
1.26966000
0.64779600
-0.48778400
0.30791800
-0.51535300
-0.34267000
-0.50071400
-0.13681100
-0.05241460
-0.11779200
-0.01081950
-0.12439600
-0.20342100
0.14411000
-0.18363300
0.29452200
-0.79509100
-0.08899680
-0.16964800
-0.32827000
-0.27272500
-0.27349200
0.01883030
-0.07717850
-0.21910400
-0.33100100
-0.42547800
-0.19944700
0.11902600
-0.75448700
-0.40969000
-0.60561300
-0.57290500
0.55556400
-0.28997800
-0.05072320
-0.80140700
-0.41460500
0.02910480
0.05562290
-0.47601600
-0.67621400
-0.38640000
-0.35011800
-0.37300100
0.06003690
0.14589400
-0.10050900
-0.23841200
0.84162800
0.46457600
0.33349300
-0.73430800
0.02087190
-0.11668800
0.33208800
-1.27282000
0.60282800
0.76746000
0.80717100
-0.63875800
-0.42011200
-0.37812200
-0.57828100
-0.38413100
0.22038500
-0.24588400
-0.04566120
0.15283600
-0.29894300
-0.51148200
0.00756972
-0.21068400
0.46299100
-0.04280070
0.02301030
-0.30206000
0.54231700
-0.22991600
-0.48655700
-0.73711600
-0.63273000
0.12012700
-0.06411770
-0.18383700
-0.74359200
-0.30616000
-0.39188200
-0.56193100
-0.24551700
-0.02751360
0.30529500
0.07039610
0.34612800
-0.12123300
0.24189800
-0.29075700
-0.77211100
-0.24237500
-0.11600000
-0.51929500
-0.21911300
0.12397500
-0.35291800
-0.38125300
-0.41394400
-0.18576500
-0.32137500
-0.19522400
-0.04264790
0.01040810
-0.56219200
-0.20809400
-0.26046400
-0.23149500
-0.33745000
0.17804500
-0.48474500
-0.30850900
0.14323300
0.21719900
-0.08376200
0.22613100
-0.56439400
0.07625650
-0.35699900
-0.23640400
0.29608300
-0.15626600
-0.22575300
-0.20408000
-0.11377700
-0.20197100
-0.80282400
-0.50291500
-0.07593500
-0.40360900
0.72440500
-0.17495500
0.32639000
0.81143600
-0.24163200
-0.16456800
-0.36005600
-0.18660200
-0.06189860
0.35055900
-0.21855800
-0.69236800
-0.40722000
-0.25041100
-0.17146600
-0.48901000
0.31218600
0.39178200
-0.19944300
-0.34645800
-0.16281100
-0.30125200
-0.32226800
-0.68600700
-0.67372300
0.32309300
-0.51956100
-0.03648110
-0.27667200
-0.35115900
-0.08207250
0.32180100
0.32180100
-0.29918700
0.03719660
-0.25977500
-0.12676900
-0.11084200
-0.67807100
-0.24995700
0.07643200
-0.37180200
-0.23010600
0.29108000
0.07042310
-0.17900200
-0.18378900
-0.12627700
-0.28315400
-0.10000400
-0.31325000
-0.47209800
-0.19934300
-0.42895700
0.37130500
0.04546310
0.84633900
0.39803600
-0.15826100
0.37020200
-0.24020100
-0.30231400
-0.70161900
-0.13520100
-0.12987800
-0.38856800
-0.62207400
-0.15816100
-0.33948700
-0.33676700
-0.77650400
-0.44053800
-0.45574900
-0.15839000
0.45152400
-0.66995500
0.01705510
0.09959190
-0.28654800
0.08667780
0.31868300
0.08640830
-0.00029561
-0.04584440
-0.36114100
-0.25785800
0.17408500
-0.16725300
-0.39115800
-0.61813300
-0.24665300
-0.46418600
-0.70956000
-0.19311000
0.42280600
-0.34345400
-0.52756300
-0.48966200
-0.24516400
0.07103950
0.18391000
-0.21589500
-0.41276300
0.08336160
0.32915900
-1.08639000
0.31002100
-0.24896800
-0.38905400
-0.22622100
0.42967300
-0.40394200
-0.14911500
0.02775230
0.40944100
0.65568700
-0.51537300
0.03593630
-0.29541400
-0.11682800
-0.18071900
-0.43572200
0.78057600
-0.96202600
-0.25720000
0.12723200
-0.23609600
0.17094600
0.34836900
-0.58252100
-0.21566700
1.13445000
-0.45634500
-0.43423200
-0.06943280
0.30263800
-0.56215000
-0.00099946
-0.48944300
-0.22668000
0.17793500
-0.47012800
-0.29811900
-0.51384500
-0.20909800
0.24652800
-0.69107100
-0.18636100
-0.30282300
-0.10776100
-0.15358300
-0.22205700
-0.31186300
-0.39495100
-0.41753200
0.05860860
0.09333910
0.15486600
-0.26290500
-0.29143800
-0.08401010
0.06576480
-0.28728900
0.36721500
-0.34922600
-0.25148600
-0.22440000
-0.43508500
0.22765500
0.01090480
-0.02092470
0.05149590
-0.21880700
-0.38640700
-0.31067200
-0.28695900
-0.11263300
-0.44347200
0.27925700
-0.43102900
-0.34423800
0.15494100
-0.01296370
-0.49649700
-0.47210700
-0.26126500
0.62672500
-0.22525700
-0.29283600
-0.69162500
-0.61870200
0.15565400
-0.75844400
-0.09284200
-0.41940800
0.19632700
-0.28945000
-0.14187600
0.34216600
-0.80774700
0.90788200
-0.04406940
0.03534540
0.06880670
-0.40897500
-0.42952400
-0.34441900
-0.07614130
-0.16583500
0.11424800
-0.27208900
-0.30577700
0.14867000
-0.19600500
-0.60772600
0.02045880
0.04286050
-0.32276600
-0.42293800
-0.36551700
-0.24540200
-0.31737600
0.07276670
-0.28281400
-0.37841200
-0.78981100
-0.53312500
-0.39179400
0.00628335
-0.71595200
-0.11473600
-0.30435800
-0.26054900
-0.33048000
-0.69552800
-0.01380040
0.15664900
-0.26970300
-0.33004100
-0.47026900
-0.67693700
-0.38088000
-0.30795600
-0.35212200
-0.19878900
-0.05538470
0.34643700
-0.40533900
-0.18956800
-0.29428200
-0.41055700
-0.41240900
0.92710100
0.47929100
-0.23933800
-0.14193700
-0.36508900
-0.63115700
0.47174500
-0.24449700
-0.20651200
-0.10862900
-0.33344200
-0.45965800
0.01749450
-0.51823500
0.23427500
-0.19605100
-0.16762500
0.31042300
0.05700420
-0.15653500
0.17503100
-0.41583400
-0.54648600
-0.29865400
0.40181800
-0.22396400
-0.07157330
0.42967700
-0.09690110
-0.35271700
-0.27893600
-0.57860600
-0.24903500
-0.47299300
0.75016000
-0.51549600
-0.55659700
-0.16526900
-0.19912700
-0.31420500
-0.57983100
1.02088000
-0.57742000
0.82140800
0.03019880
-0.65575400
-0.65327300
0.09159630
-0.35977400
-0.29810000
-0.16184100
-0.75809300
-0.48113800
-0.51298200
-0.35009400
-0.37660400
0.42320900
-0.48133100
0.18410700
-0.31393400
-0.13243900
-0.02511010
-0.33137300
0.20033400
-0.50802500
-0.51549800
-0.44166600
-0.05680230
0.13642900
0.20881300
-0.02098030
-0.00782931
-0.17808200
-0.03689440
-0.57431600
-0.03629960
-0.15045200
-0.23394200
-0.10326800
0.03560260
-0.02254430
-0.21163800
-0.01441340
-0.53823100
-0.13938200
0.01634730
-0.30024600
-0.30992600
-0.10758700
0.23299700
-0.07774840
-0.28356600
-0.34069000
-0.68457400
-0.06081190
-0.23618700
0.16940700
-0.10582900
-0.27106200
-0.39428400
-0.20062300
-0.17947300
-0.25788200
-0.21580300
-0.02922480
0.21933500
0.73588400
-0.57099800
-0.11781400
0.72744200
-0.10007700
-0.27118500
-0.81739400
-0.14843400
-0.71801500
0.15391400
0.00752407
-0.20009700
0.14760800
-0.14648700
-0.45314000
0.01015590
-0.50485100
-0.10907200
-0.13661300
-0.04904020
-0.54054300
-0.06731680
-0.40180700
-0.10711000
-0.34563500
-0.51536800
-0.42578900
-0.25299000
-0.11662100
-0.22223900
0.11327000
-0.50162600
-0.08307350
-0.30685000
-0.19625500
-0.13754900
-0.36568900
0.33758900
0.41978500
0.06427410
0.72744200
-0.42352800
-0.38506700
-0.10921000
-0.65844400
0.13811600
0.76487600
1.04850000
-0.73080300
-0.16230300
0.46564100
-0.20705700
-0.18001800
0.55248000
0.16520400
-0.34021000
-0.63215500
-0.09517320
0.38958100
0.41158900
-0.18593500
0.15194700
0.15745200
-0.43720500
-0.30834900
0.62847400
-0.29100500
-0.57202700
-0.40662500
0.22981100
0.85826500
0.81401500
0.59426500
-0.03877140
-0.10430300
0.85637500
0.19061100
-0.27455100
-0.33269600
0.67608300
-0.42832100
-0.03846250
-0.00822568
-0.54564000
-0.35378500
-0.43683200
-0.69020500
0.75621300
0.21493900
1.03474000
-0.26037400
-0.40759900
-0.29067900
0.35725100
-0.05825000
-0.56556900
-0.45226900
0.17727700
-0.06269050
-0.57928900
0.70294800
-0.32923400
-0.15557200
-0.53972700
0.48117500
-0.50773000
-0.41430000
-0.19797000
0.08016320
-0.08847570
0.14916400
-0.49254300
-0.37983000
-0.72174700
0.08802660
0.03661670
-0.24908600
-0.70661400
-0.41350300
0.30739400
-0.55397800
-0.44038900
0.00328453
0.17539700
-0.23089300
-0.01666860
-0.16813700
0.27969500
-0.13446500
-0.10841600
-0.75526400
0.01252850
-0.69549400
-0.42560900
-0.13969000
-0.32409100
-0.67720900
-0.66370100
0.10713000
-0.45678100
-0.17326600
0.27839100
-0.41348200
-0.52488800
0.07582810
-0.12874900
-0.54855700
-0.26871400
-0.33515300
-0.11097500
-0.32606200
0.25308000
-0.33631200
-0.24674300
0.03391760
0.15687100
-0.13530900
-0.25535000
-0.32350600
-0.29261400
-0.01620360
0.14442300
-0.03211750
-0.43324500
-0.25004500
-0.12149500
-0.28096200
0.00551834
-0.22438700
-0.50071400
-0.06724650
-0.20074600
-0.15752300
-0.04531380
-0.45208500
-0.39226300
-0.01988270
-0.27387000
-0.29521200
-0.25249500
-0.24196000
0.65298400
-0.44175400
-0.59095200
-0.11020400
-0.17741300
-0.03648600
0.07227610
0.08355920
-0.10695600
-0.29550300
0.10220600
-0.84799400
0.51980700
0.18298400
-0.56698800
0.28639500
0.08991170
-0.88087300
-0.14157500
0.23544800
-0.12664100
-0.38806100
-0.78155500
0.81813600
-0.30282600
-0.05045640
-0.46504700
0.91653400
0.33991500
1.56616000
-0.40351800
-0.17704500
-0.33707500
-0.48203700
-0.27407000
-0.10322300
-0.41825100
-0.54987200
-0.18771600
-0.58408100
-0.51238200
-0.34143900
-0.02901160
-0.26918700
-0.62811400
-0.06156060
0.33236800
-0.68188400
-0.31123100
-0.13092700
0.06850830
0.02643460
-0.35141000
-0.12033300
-0.14404400
-0.46939700
-0.48249000
-0.83057500
-0.24741300
0.36655600
-0.15454800
-0.48040900
0.12974600
-0.05708840
-0.37383400
-0.09696310
-0.79556700
-0.15789700
0.38104800
-0.65586500
-0.72155600
0.23507800
0.01914710
-0.04294660
-0.54039500
-0.73059000
-0.51227600
0.09557860
0.04631100
-0.22951300
0.03014860
-0.01285590
-0.60974800
-0.16460400
-0.48140000
0.09484620
-0.29482700
0.51192700
0.44054400
-0.73169500
-0.21190800
0.05903410
-0.15205600
-0.69436700
0.14935600
0.03286350
-0.19050100
-0.27549500
0.15935600
0.16884000
-0.20877800
0.22748900
-0.26125000
-0.16628800
-0.20079500
-0.71506700
0.38309600
0.44179100
0.74240500
0.06168750
-0.30538400
-0.65058000
0.34429800
-0.42793200
-0.36050400
-0.21226000
0.06217230
-0.23520900
-0.46045200
-0.15597800
0.50789600
0.09260470
-0.40142000
-0.07221730
-0.20962600
-0.05133950
-0.37339900
-0.09174420
-0.47676100
-0.17368400
0.11524900
0.12353100
-0.23098400
-0.11723900
0.50340700
-0.25402900
-0.47335000
-0.01149310
-0.96523300
-0.24342600
0.55964600
0.02733230
0.26935500
0.67892500
0.07853070
-0.42166200
-0.25064000
0.39441800
-0.26234600
-0.48504700
-0.33916000
-0.30348500
0.42975100
-0.92921300
-0.12073400
0.02058860
-0.21891700
-0.34146500
-0.54238600
0.61108100
-0.02206670
-0.19148500
0.39498700
-0.17311900
-0.34112000
0.07637910
-0.02572610
-0.04999220
0.03349110
-0.01019810
-0.63620200
-0.10856300
0.90222300
-0.96781500
-0.18832000
-0.10348500
0.34809900
0.16287900
0.26717000
-0.30842500
0.49489900
-0.20610600
-0.38293700
-0.42595800
-0.13093300
-0.21933400
-0.59584000
-0.39027700
-0.14157500
0.09626680
-0.02491420
0.04650100
-0.94047800
-0.12489500
-0.46862300
0.13506600
-0.46321000
0.30247600
0.19176900
-0.02301030
-0.42499200
0.51349200
0.36974300
0.31880400
-0.25297800
-0.07548860
-0.00473211
-0.44678400
0.09360360
-0.03116500
-0.38201100
0.09593670
-0.09264620
-0.43889800
0.06251300
-0.15995900
0.08516610
-0.61431100
-0.09846410
-0.66317800
-0.24632600
0.03209180
0.18272600
-0.08656920
-0.12136700
-0.63702200
-0.33558300
-0.28636800
-0.59329700
-0.06863930
-0.11087200
-0.13497300
0.15897800
0.04524410
-0.32833800
0.02255880
0.31755400
-0.18364700
-0.43620200
-0.24716800
0.11960600
-0.19766600
0.59237100
-0.20095600
-0.26592200
-0.16732700
-0.47212400
-0.04648230
-0.06430520
-0.16866400
-0.24310900
-0.43495900
-0.00067962
-0.02347450
-0.43006100
-0.35977200
-0.18437500
-0.47382900
-0.14813500
0.12083500
0.20626800
-0.19340400
-0.19615300
-0.22532500
-0.49138600
-0.06568610
0.69218700
0.86931500
0.35854100
0.37695600
-0.51322800
0.03443140
-0.93949400
-0.35935100
0.05156050
-0.47376100
-0.29147900
-0.29279400
-0.32897200
-0.17868300
-0.59858900
0.25431200
0.05955000
-0.29844900
-0.05542110
-0.20668200
-0.20759000
-0.40875000
-0.06698280
-0.08658130
-0.35929300
0.19514800
-0.03917750
-0.34269500
-0.60949200
-0.10212500
0.08707860
-0.09504560
-0.18932900
-0.33774500
0.23930900
-0.14787100
-0.19253100
-0.59311600
-0.44861200
-0.16438400
-0.17066300
-0.22295600
-0.27379800
-0.04705810
-0.48712200
-0.43660300
-0.02112250
-0.84262600
0.17890100
-0.29637800
-0.35059400
-0.39503000
-0.36233900
-0.45250300
0.38666700
-0.18993100
-0.24906800
-0.29349800
-0.52392600
-0.25574200
-0.06347710
-0.35036200
-0.13515100
-0.15075700
-0.10521100
-0.33604900
-0.28138400
-0.41140100
0.36589700
-0.55134900
0.25339100
-0.29265300
-0.18704700
0.88299300
-0.21175100
-0.03315720
-0.14371300
-0.66592100
-0.56874700
-0.33709300
-0.08975820
-0.19253200
0.00539758
-0.29169900
-0.02717890
-0.11864800
-0.29228100
-0.40150700
-0.14548400
-0.00987325
0.43650200
0.43035000
-0.31953900
-0.47490200
-0.19529100
-0.46078400
-0.15437500
-0.35488000
-0.77062700
-0.31165800
-0.53920300
0.19247300
0.36615900
-0.10975100
-0.25042900
-0.22377600
-0.11568500
0.05036930
-0.74016400
-0.20504300
1.93166000
-0.08643510
-0.15559800
0.83873400
0.45571900
-0.51284100
0.19658900
-0.47796500
-0.14997400
-0.23061500
-0.26631600
-0.13071000
-0.72397900
-0.17024400
-0.01426190
0.73000000
-0.32857700
0.22234400
-0.53928600
-0.55138500
-0.29536600
-0.55623700
-0.70756000
-0.12187400
-0.47037800
-0.01537410
0.38634200
0.16745100
0.20168100
0.17256800
-0.33068400
0.21700600
-0.10708700
0.71957900
0.17507500
0.32263700
-0.27402200
1.25568000
-0.14504000
-0.40504200
0.27938700
-0.13395800
-0.40999600
0.67850300
0.73700800
0.11577100
-0.08806780
-0.24589000
-0.69077300
-0.09767500
-0.15657300
-0.09435670
0.63168000
-0.00070446
0.08947990
-0.29354000
-0.14551200
-0.64161200
0.27262200
-0.05220500
0.09587230
-0.70077100
-0.50383700
-0.20588500
-0.53096200
-0.36471100
-0.13972000
-0.11645200
0.03663230
0.03346940
0.54842200
-0.30611300
0.96587200
0.81243900
0.82281600
-0.22025100
-0.32528200
-0.21791000
-0.28353800
-0.33545300
-0.41107100
-0.45174100
0.28115300
-0.15793200
-0.11250300
-0.39729600
0.13102900
-0.08179750
-0.00805993
-0.45717800
0.02847790
-0.02155820
-0.50340300
-0.22415700
-0.23310500
0.56634800
-0.45173800
-0.15128300
0.14593700
-0.64368100
-0.09534240
-0.47240800
-0.37452200
-0.53481300
-0.09535990
-0.14942000
-0.49240200
-0.46899300
0.41844700
-0.34214500
0.61350200
-0.04271200
-0.26085900
-0.22019100
0.06050190
0.42498700
-0.18975400
-0.07387950
-0.27017600
-0.28360800
-0.10591400
0.00789916
-0.19409500
-0.23342900
-0.35299300
-0.65892500
-0.20870600
-0.32774900
-0.49683300
-0.04069190
-0.23216700
-0.21919800
-0.22438000
-0.21999600
-0.30608400
-0.27764500
-0.06978670
-0.26706800
-0.16632800
0.83053800
-0.67573300
-0.19218300
-0.29916400
-0.23375900
-0.27940400
-0.23338600
-0.05031810
-0.68270800
-0.37070900
0.39309400
-0.40502600
-0.34803400
-0.19412200
-0.04644880
-0.12814900
-0.06253880
0.08875550
-0.77973300
-0.40549200
-0.41043800
-0.35582300
-0.19296300
-0.22650000
0.44722100
-0.66087600
-0.38241000
-0.99252500
0.87419400
-0.37004700
0.43936400
0.11107500
-0.20231400
0.53140800
-0.20291600
-0.21570500
0.36093500
0.01141530
-0.41217000
-0.25374000
-0.02980280
-0.06438300
-0.11383900
0.27984500
-0.08788150
-0.04904710
-0.22595800
-0.38727500
-0.20381300
-0.13585500
0.00280230
0.15631900
-0.17360600
-0.67683600
-0.48299400
-0.56883600
-0.57634800
-0.13089000
-0.45946200
-0.13409600
-0.21237500
0.40940600
-0.35053300
-0.21979000
-0.29954100
-0.13510500
-0.17405500
0.16497800
-0.49170400
0.45926600
-0.55526000
-0.18952300
0.03863140
0.00461868
-0.07591220
0.22421900
-0.24774700
-0.80569000
-0.24090200
-0.38067100
-0.08581820
0.01019550
0.04601380
-0.23220700
0.02989210
-0.44726900
-0.36578300
-0.25151900
-0.37970700
0.10288800
0.47885100
-0.16563600
-0.16964500
-0.17791500
-0.05032440
-0.61990200
-0.42126700
-0.40558400
-0.29576900
-0.22776600
-0.19071100
-0.25367300
-0.26379600
-0.39152500
-0.39413400
-0.06520760
-0.20367500
-0.24334000
-0.45232300
-0.04637930
-0.22442300
0.08900300
0.37783800
-0.34342200
-0.37159800
-0.30002800
-0.07853120
0.19803100
-0.52101400
-0.26867700
-0.28002000
-0.32877100
-0.91079700
0.01352140
0.29826700
0.26864500
-0.19377400
0.05478420
0.16954200
-0.39729600
-0.53826200
-0.57561600
-0.17516800
-0.42341600
0.44786800
-0.30653800
-0.19329400
-0.00840437
-0.28206400
-0.31436200
0.00199404
-0.17869700
-0.06344550
-0.00370361
-0.71012400
-0.22206400
-0.44418500
0.40730700
-0.26776600
-0.15124800
-0.46240900
0.12528800
-0.19181400
-0.23204300
-0.41230900
0.05288160
-0.16680600
-0.25030700
-0.40990300
-0.18780600
-0.30304300
-0.38257100
-0.07553740
-0.47087800
-0.13538000
-0.31224600
-0.27691300
0.06531200
-0.41570200
-0.21003800
-0.30481000
-0.06569460
-0.03317980
-0.32156700
0.71510200
-0.52066500
-0.06120910
-0.38301900
0.14280300
-0.42905400
0.27072100
0.03868980
0.76715300
0.74358100
-0.64887700
0.05578180
-0.48066000
0.47922100
0.11629200
-0.41628800
0.14194400
0.04492560
-0.04570220
0.04020600
0.09525720
-0.09684120
-0.10483000
-0.37066400
-0.31172400
-0.28866200
-0.07458460
-0.67896700
0.14656100
-0.11473300
-0.55504600
-0.06591530
-0.25389300
-0.23183000
-0.49495500
-0.23282700
1.18994000
0.42704600
-0.13736900
-0.43380900
-0.11625400
-0.21094500
0.27295000
-0.37770500
-0.14066500
-0.44748800
-0.13992200
0.16729400
-0.84945700
-0.05631920
-0.11650500
-0.88517100
-0.33976500
-0.02344360
-0.37122200
-0.10911900
-0.06067110
0.04543830
-0.20940900
-0.17442200
-0.66571200
-0.38090800
-0.45003000
0.08987840
-0.66786600
0.08061200
0.60487100
0.08516700
-0.16263500
0.17974000
0.49264500
0.66766400
0.27572900
-0.95759900
0.30094600
-0.37405500
-0.47037500
-0.79241200
-0.02727190
-0.20404900
-0.08909460
-0.42221200
-0.23500500
-0.38989400
-0.49496500
-0.13052000
0.01959600
-0.26263000
-0.30626100
-0.53295100
0.26673700
-0.22430900
-0.42605500
0.21999500
0.49189900
0.49300600
-0.34676300
-0.41113100
-0.21466200
-0.57725100
-0.38423900
-0.34174500
-0.40693900
0.30425800
0.73283200
-0.05433460
-0.01958710
-0.70461100
-0.37605700
-0.13098000
-0.25703900
0.20364300
0.55547000
-0.90642600
-0.79628600
-0.27606600
-0.69413500
-0.60525600
-0.04322590
-0.06047040
-0.17418300
-0.31093800
-0.17453100
-0.74874700
-0.29409800
-0.09025840
-0.09797400
-0.12111700
0.17711200
0.61750100
-0.06335000
0.27390300
0.19583100
0.14362900
-0.13927900
0.49835700
0.28429200
-0.20429300
-0.50500600
-0.46714900
-0.08738410
-0.27079500
-0.37409000
-0.09233240
-0.29656500
-0.25281100
0.04348360
0.22658900
-0.54528900
-0.13056600
-0.39647700
0.59360800
-0.37883300
0.20046100
-0.16635100
-0.42806700
-0.42931300
-0.03721360
0.83200100
-0.17162600
-0.20524100
-0.28040100
-0.28696400
-0.47111200
-0.35026300
0.30852300
-0.30179700
-0.19903100
-0.51880100
-0.24419400
-0.15167200
0.22075300
-0.39427800
0.23163100
-0.77320900
-0.55145700
0.02542200
-0.36784400
-0.37781100
0.34383900
-0.46469500
0.01688750
-0.40632000
-0.22685700
-0.62124200
-0.15419300
0.07915230
0.16083400
-0.27790600
-0.32921900
0.17711400
-0.06044400
-0.38293900
-0.18334800
0.13531200
0.13063500
0.41069300
0.39805300
-0.02039400
-0.27308200
-0.07757820
0.09173230
-0.40618700
0.93389300
0.04322640
-0.52092200
0.20773200
-0.47217400
0.11028600
-0.51883700
-0.64952900
-0.14423200
-0.16189600
0.47675500
-0.27682000
-0.25375500
-0.07668380
-0.32661600
-0.42268800
-0.15048100
-0.42023800
-0.53578900
-0.26840100
-0.25145300
-0.30896500
1.21479000
0.09658110
-0.21012800
-0.64280500
-0.21383800
0.41192100
0.26845400
-0.22362400
-0.19343000
-0.29168500
-1.02979000
0.02518700
-0.21585500
-0.02677280
0.23524400
-0.59105100
0.50691400
0.05088600
0.30180900
0.14227400
-0.28038200
0.03254350
-0.22339800
-0.32101800
0.38624300
-0.81920000
-0.63557600
-0.42286300
-0.06644280
0.19619800
-0.92078900
0.05504410
0.40210400
-0.24757600
-0.17229900
-0.20796800
-0.09683670
-0.41701100
-0.04616430
0.95316100
-0.12558000
-0.15555100
-0.18582600
-0.38872700
-0.15093900
-0.36185600
-0.39196500
-0.18933200
-0.67726100
-0.31684300
-0.37787900
-0.28778700
0.17727200
-0.67357300
0.20918000
-0.50562400
-0.23160700
-0.51391300
-0.60452500
0.29507900
-0.49468100
-0.39492400
0.10192000
0.37658700
-0.44581900
0.66993500
-0.03623540
0.14233000
0.40172400
-0.34163600
-0.25645700
0.03520870
-0.35770700
-0.61489600
-0.20342400
0.25599100
-0.37258100
-0.22392700
-0.59649700
-0.10820800
-0.28425800
-0.26540600
-0.28767700
-0.54647000
-0.21074500
-0.29193300
-0.31731900
0.17763800
-0.23808100
-0.42766900
0.00899853
0.43814200
0.37554000
-0.34151200
-0.36280400
0.04222980
0.05470860
0.01874200
-0.43265500
-0.35135100
0.00542682
0.29379200
-0.19586400
-0.42135900
-0.06470170
0.22360200
-0.01844280
-0.23546400
0.32337800
-0.73293800
-0.03474150
-0.01048100
0.43538700
-0.22676600
-0.58421700
0.14061800
0.56031200
0.25341700
-0.38141000
0.40622200
-0.10376000
-0.35441500
-0.61103500
-0.51375400
-0.79877900
0.90827800
-0.47743500
0.48136600
0.30841500
-0.39472200
-0.53408700
0.58151600
0.60393700
-0.02368180
-0.22294300
-0.21057200
-0.10130700
-0.30790500
-0.20001100
-0.14932100
-0.23614000
0.06958220
-0.04652750
0.16169600
-0.08929570
-0.17260200
-0.37380800
-0.04554120
-0.21174300
-0.53370200
-0.19578000
-0.17521500
-0.25640500
-0.06117650
-0.03475050
-0.24256500
-0.38694200
-0.39453900
-0.08558020
-0.26655500
0.47577800
-0.49723900
-0.26006700
-0.36977000
-0.63943300
-0.46964800
0.03481760
-0.31851700
-0.36618900
2.19061000
0.79186300
-0.29158400
-0.30017700
-0.13507300
-0.20327500
-0.61858500
-0.66201600
-0.57427800
-0.22221200
-0.21395400
-0.07183810
0.50808000
-0.02341580
-0.71738700
-0.10877000
-0.12607300
0.32018200
-0.39176200
-0.28577000
-0.22840300
-0.37137100
-0.64330500
0.16698500
0.58973700
-0.31513600
-0.07728210
-0.36567900
-1.14069000
-0.03130030
-0.29054500
0.40374700
-0.87299800
-0.20198700
-0.39501900
0.31054500
1.25881000
0.03493690
0.08212820
-0.40762000
-0.37901500
-0.39784900
-0.62076000
-0.22170200
-0.35420400
-0.29228800
-0.11506900
-0.08915150
-0.13128300
-0.55368200
-0.33761900
-0.55307700
-0.60591700
-0.64215100
-0.10117800
0.35114500
-0.16408700
-0.24036300
-0.36652000
-0.09536720
-0.39204300
0.47642400
-0.88228300
-0.92741600
-0.21689700
0.47764100
-0.76656000
-0.44466900
-1.15724000
-0.48974100
-1.03921000
0.34285700
-0.48641900
-0.05220880
-0.35115000
-0.17836000
0.68299700
-0.13799100
-0.24686000
-0.00554135
0.14099900
0.33952100
1.18338000
-0.10525800
0.92289700
-0.37222500
-0.16218700
0.04307780
-0.91612000
-0.41611900
0.39445000
-0.36195000
-0.15503900
0.06400600
0.13253900
-0.20196100
-0.16430500
-0.41788000
-0.73404000
0.11376900
-0.91178400
0.72931300
0.17960300
-0.42545700
0.03194570
-0.39837600
0.06153670
0.10135500
-0.36930400
-0.47687100
-0.27697200
-0.32841500
-0.47219200
-0.28049600
-0.25563400
-0.17111700
-0.64074100
0.14426000
0.35179800
0.04234570
-0.49009000
0.16263100
-0.42706700
-0.12983200
-0.00359843
-0.01432400
-0.15507300
-0.18890800
-0.12426300
-0.25190400
-0.45669300
-0.28753400
0.29609700
-0.22268500
-0.15245000
-0.30847600
-0.02640220
-0.03276220
0.67534100
-0.13510400
-0.38448100
-0.39657400
-0.40836500
0.11396800
-0.56795000
-0.13783600
-0.31955400
0.12513400
-0.26922600
0.10019700
-0.20216900
-0.24988800
0.25248900
0.72117000
-0.37997700
-0.12903600
0.73866900
-0.08538860
-0.32358200
-0.41961900
-0.23321000
-0.44755600
0.53802000
0.69002900
1.18311000
0.26961100
0.18194900
-0.11722900
0.03214570
0.13132500
-0.71168900
-0.33255600
0.00278318
0.80100900
1.43918000
0.16306900
-0.16814400
-0.22472200
0.57522300
-0.38834600
-0.00047388
0.15234800
-0.34993900
0.27267800
0.82520900
0.91445600
-0.05454630
-0.48879300
-0.01602720
-0.47233900
-0.35489300
0.40466000
-0.21883700
-0.16676600
0.23060000
-0.07929500
-0.33849900
-0.25908600
-0.15836200
-0.66060000
-0.33300400
-0.76488600
-0.86230200
-0.27298900
-0.30432400
-0.19875600
-0.18368400
-0.41139100
-0.38827000
0.29141500
-0.13003800
-0.41997800
0.18726900
-0.05072700
-0.27131700
-0.33412600
-0.17292900
-0.09544670
-0.49465700
-0.65887300
0.14281000
0.02936790
-0.36198900
-0.02471950
-0.35790500
-0.17894700
-0.03637550
-0.47629900
0.20514500
-0.01336490
-0.31132100
-0.40013600
0.00829947
-0.15189800
0.15389200
0.19740300
0.01092810
-0.70681400
0.02138700
0.89109000
0.35796700
-0.36158000
-0.11295300
1.63990000
-0.18271900
-0.31729000
-0.20746000
0.03350520
1.59605000
-0.07280710
-0.13223500
-0.08004470
-0.07054220
-0.38480000
-0.22718500
-0.17252100
-0.56962200
-0.03667120
-0.04122300
-0.14345300
-0.25149800
-0.07789640
-0.25285300
-0.42462200
-0.28809500
-0.61037500
-0.78511100
-0.21123700
-0.13671100
-0.57552000
-0.11706400
-0.46590300
-0.18085000
-0.42080500
0.13053200
-0.31115900
-0.34767400
-0.15543700
-0.16484300
-0.53077600
0.05827130
-0.90578900
0.48362600
-0.03380750
0.08309890
-0.63504000
-0.15158200
-0.13487100
-0.12097400
-0.25636700
0.06645560
-0.28928100
-0.06620340
-0.14906700
-0.15064400
-0.24930900
-0.21158900
-0.40611200
0.19404400
0.13927200
-0.13836200
-0.14277700
0.00874041
-0.16666100
0.91273400
0.37602200
-0.32709600
-0.14068000
-0.35696300
0.02815070
-0.19112800
-0.44637600
0.64248300
-0.70248000
-0.67555800
-0.21968200
0.49495500
-0.79294300
-0.75911100
-0.37441800
0.20317600
0.53837600
-0.26798600
-0.40422100
-0.33128100
0.23493700
-0.05382340
0.29443900
-0.21437400
-0.09699520
-0.49530600
-0.29115500
0.07612530
-0.31218700
-0.22228200
-0.19708500
-0.36474100
0.32585200
-0.65243300
-0.52262600
0.85982100
-0.42855700
-0.01967600
-0.07252380
-0.41106200
0.02311100
-0.06167730
-0.55198000
-0.34525000
-0.70031900
0.04665510
-0.48243700
0.13090200
-0.33510000
-0.04563080
-0.25428000
-0.21508900
-0.85518200
-0.48303400
0.58311700
-0.19603200
0.01220900
-0.19964100
0.33323300
-0.07369980
-0.13289000
-0.04949630
0.24035100
-0.30680500
-0.37422700
-0.05271980
-0.01274410
0.06552000
0.05705010
-0.20719700
0.00276046
-0.42110100
-0.19492700
-0.44909000
-0.14875000
-0.28774200
-0.32473300
-0.12883600
0.32319600
-0.26327400
0.06112670
-0.07396570
-0.60057800
-0.33562100
-0.23917100
-0.35574400
-0.24155000
-0.48664600
-0.23137800
-0.33997200
-0.21372800
0.26147100
-0.41037100
0.06594880
0.25496100
0.28951000
-0.14147200
0.20794800
-0.37124800
-0.03772990
-0.33896100
-0.38618800
-0.05040810
-0.19847900
0.11186100
-0.38972100
1.19919000
-0.28025900
-0.47791600
0.88632100
-0.25917000
-0.40049200
-0.17605100
-0.12345500
0.66457800
-0.14734200
0.36234800
-0.16179100
0.15508500
-0.05779350
0.11566800
-0.31840400
-0.05739740
-0.36202900
-0.07300240
0.20101200
0.11153500
0.65432900
-0.09331730
-0.47649700
-0.55664200
-0.47479100
0.07186300
-0.07175110
-0.15644800
-0.06893060
0.22590600
-0.17875700
-0.60240800
-0.51819100
-0.37947600
0.25477100
-0.51538200
-0.12778400
-0.10289700
0.10935100
-0.69234200
-0.00712559
-0.59812300
-0.20214000
-0.51386700
-0.46602300
-0.35627100
0.30748900
-0.09986730
-0.05520800
-0.12258700
-0.00758256
-0.32472700
0.23616900
-0.20381900
-0.30775700
-0.07057430
-0.38551200
-0.99188200
0.09892480
-0.40137300
-0.19395600
-0.43974000
-0.37556400
-0.52137500
-0.18393100
-0.17432100
-0.33553900
-0.13002500
-0.31288100
0.12088300
-0.38298200
-0.06040830
-0.21878300
-0.17991700
0.44182200
-0.74190100
-0.17088600
-0.79258000
0.45562300
-0.48312800
-0.45118700
0.28936600
0.04285050
-0.14564000
-0.75047600
-0.06456000
0.08218880
-0.24286200
-0.22613700
-0.47644700
-0.48296400
-0.26712600
-0.19325800
-0.33278800
0.02273630
0.96178300
-0.10963800
-0.13589700
0.75779200
-0.27619200
-0.17464300
1.51095000
0.02433240
-0.47322000
-0.67441200
-0.16462600
-0.22671500
-0.44395700
-0.01029680
-0.54311500
-0.01182780
-0.27210000
-0.24635700
-0.08697150
0.28723900
0.22433700
-0.52854700
-0.40087200
-0.13337200
-0.44495700
0.23758600
-0.44951500
-0.29686400
-0.10700100
-0.70548000
0.78861700
-0.46973900
-0.56810400
0.53735900
1.04439000
-0.13196800
-0.51751800
-0.06623610
-0.05115190
-0.22014600
0.08673500
-0.35532800
0.22117000
0.02687680
-0.78384500
-0.23666600
0.16952700
-0.17073800
0.00329440
-0.43508400
-0.14519800
-0.26552900
-0.39353700
0.71412700
-0.57830000
0.21752500
-0.10204300
-0.43966900
-0.24841300
-0.10500800
-0.15403900
-0.43574700
0.01125640
-0.06436400
-0.38886100
-0.16027900
0.24363000
-0.14237500
-0.26172100
0.45897500
-0.51612000
-0.11460300
1.15827000
-0.06649970
0.23012300
-0.24816100
1.52167000
-0.40322300
0.17435100
0.59221600
-0.22695100
-0.19263400
0.14059000
0.13861600
-0.34358100
-0.26905800
-0.00835901
-0.10556600
0.22866800
0.47279500
1.05777000
-0.27372700
-0.27168300
-0.35953700
-0.16409600
-0.24326400
-0.51905100
-0.27669500
-0.04053490
-0.84998700
0.25054700
1.29743000
1.20170000
0.69980100
0.00768283
0.18822100
0.52816200
0.38848200
-0.34398100
-0.07335140
-0.03300800
-0.37320300
-0.14710500
-0.48298800
-0.18226400
-0.10229400
-0.09643270
-0.29654900
0.12374400
-0.24338600
-0.20844600
-0.22306400
-0.59253800
-0.07032100
-0.71095400
-0.15527300
-0.07785010
-0.71442000
0.44122900
-0.22480900
-0.61917300
-0.30473000
0.25730100
-0.64780900
-0.09131270
-0.46030000
0.12403900
-0.24441900
-0.38601600
-0.38993000
-0.26400400
-0.65943000
0.20010400
-0.23858500
1.99433000
-0.17148400
0.29173300
-0.41849700
0.24122100
-0.74206000
-0.08057400
-0.30571600
-0.46346200
0.09494400
-0.26044700
-0.22277800
-0.44757600
0.63170700
-0.14970500
-0.73492300
0.86564200
-0.39001600
-0.65887400
-0.17683600
0.64740200
-0.40606400
-0.46443000
-0.05995550
-0.71680800
-0.18742300
-0.52542600
-0.50170300
0.04322570
0.04409040
-0.37908500
-0.18541400
-0.15334900
-0.27846500
0.79485600
-0.08244120
-0.13736900
-0.26763900
-0.07394000
-0.34012000
-0.49747400
0.56975700
-0.38158500
0.68961300
0.01593760
-0.14697400
-0.25065300
-0.26448800
-0.15394400
-0.01995500
-0.16900100
-0.14875700
-0.28849600
-0.28387500
0.00679194
-0.09364600
-0.19795600
0.75396600
-0.05954700
-0.00787367
-0.05095220
-0.34834900
-0.55971000
-0.36246500
0.27880600
0.20639000
-0.16538500
-0.19291900
-0.26127600
-0.49133500
-0.16677200
-0.29182100
-0.35991500
0.14597700
-0.10947100
-0.21943700
-0.38631100
-0.23001500
-0.31371400
-0.57183700
0.26206200
0.58227000
-0.04843640
-0.10488400
0.05194700
0.01797690
-0.05758950
-0.35221800
-0.31315900
-0.56265700
-0.29713600
0.41557300
-0.19992200
-0.18984100
-0.26301900
0.07455350
-0.42416500
-0.32740600
-0.11771500
0.27247000
-0.27938900
-0.23656900
0.37428000
0.27287100
1.41896000
-0.22785500
-0.32159700
0.11905400
0.07821530
-0.27619500
-0.26837800
-0.33204800
0.03552710
-0.46635900
0.99533800
-0.23668200
-0.29392200
-0.40426200
-0.42612800
-0.48644700
-0.10947500
0.77650500
0.44502400
-0.17858900
-0.10084300
-0.20910000
-0.01625430
-0.49787900
-0.43408200
-0.32275200
0.00865417
-0.32720800
-0.47652900
-0.09993260
-0.24235900
-0.15224300
-0.29623700
-0.16369400
-0.15579700
-0.07222660
-0.17244900
-0.37147500
-0.33440600
0.14613400
-0.33234700
0.43897600
-0.03880870
0.87052400
-0.11604000
0.29713300
0.38223000
-0.78965800
0.78346000
-0.10276600
-0.53577700
0.37624700
-0.17017400
-0.55269300
-0.24832500
-0.22818400
0.03967850
-0.42757200
-0.41206500
-0.27796900
-0.18940700
0.16532700
-0.15465500
1.20881000
-0.50091600
0.15185500
0.01872830
-0.06926890
-0.57215300
-0.21218800
-0.58528500
0.01013130
-0.18239500
-0.33655000
0.03608210
-0.20927300
0.07184230
-0.27793300
0.31704900
-0.06470660
-0.21769900
-0.12630000
0.12837100
-0.40489800
-0.18848800
-0.45160500
-0.59821300
-0.13031000
-0.19334600
0.04270480
-0.85001100
-0.26816700
-0.08458870
-0.16195200
-0.29752300
-0.40492600
-0.19078500
-0.19312200
0.34840800
-0.18162600
-0.67030700
-0.36061400
-0.34328300
-0.58876200
-0.08768790
0.03198610
-0.65202900
0.37432300
-0.08663100
-0.36525900
-0.03314210
-0.60885700
0.23207000
0.42051500
-0.37874900
0.42655200
0.98785500
-0.86750400
0.43727700
-0.34686200
-0.19179000
-0.64407800
-0.34672200
-0.29627600
-0.14782000
0.34300600
-0.60245700
0.13718300
-0.28235800
-0.37038200
-0.15050100
-0.02239180
-0.15295300
0.14428900
-0.26660800
-0.47843700
-0.38418000
-0.24486400
-0.20524700
-0.26392600
0.38168500
0.32317300
0.37529500
0.02008990
-0.35338500
0.56283300
-0.31275800
-0.03793910
0.24762900
0.25941700
-0.41976100
0.98834700
-0.15700900
-0.44282300
-0.63332500
0.32964000
-0.38946800
-0.36567600
-0.38406700
-0.26160800
0.01620700
-0.18604300
0.07517230
0.10019500
0.09115720
-0.43941000
0.26673300
-0.47151000
0.94221500
-0.37677500
-0.31463900
-0.04688350
-0.02624610
-0.49738300
-0.03068200
-0.25126600
-0.27152200
-0.07253970
-0.51137100
-0.79875600
-0.63809900
-0.13209700
-0.46086500
-0.04337460
-0.14699300
0.13887400
-0.47911800
0.45236300
0.03020620
0.43896500
-0.26519900
-0.04709850
-0.27518600
0.21795900
1.29508000
-0.47177500
-0.51322900
-0.53635300
-0.32413100
-0.30540200
-0.05175910
-0.75238800
-0.51172700
-0.37358200
-0.30996300
0.11510100
-0.19200500
-0.07981260
-0.21922000
-0.16604800
0.72789100
0.30598300
-0.21440800
-0.29342300
0.39914800
-0.59705900
-0.38026800
-0.49739400
-0.39360400
-0.50474500
-0.34116900
-0.64334900
0.01435530
-0.45832200
0.46420500
-0.17927900
0.02167320
-0.15390500
-0.12159300
-0.18383100
-0.44270200
-0.18639000
-0.26475600
-0.24325000
0.26001200
0.34553300
-0.32761100
-0.14894000
-0.19516600
-0.62576000
-0.88379600
-0.20574900
-0.11603000
-0.32167100
-0.02573380
-0.39552000
-0.18631100
-0.11229200
-0.09657220
-0.98668800
-0.29618100
-0.02730360
-0.09928040
-0.20792000
0.21775100
-0.00767254
0.07488700
-0.40706500
-0.23494200
-0.15692600
0.10462200
-0.67915300
-0.11532500
0.06522530
-0.09093220
0.06287390
-0.09757640
-0.40912100
0.05306320
0.27356300
-0.24194500
0.42772500
0.05714260
0.10794600
-0.20456900
-0.56990100
-0.08411250
0.41095500
-0.83056700
-0.36596600
0.65588500
-0.63033800
-0.49042500
-0.31521200
-0.14527700
-0.39715700
-0.33069000
-0.20925500
-0.41736300
-0.07649930
0.25268900
-0.25746700
-0.18716800
-0.19951000
-0.15003000
0.22667600
-0.28092400
-0.23761600
-0.21303200
-0.45359400
-0.08586280
-0.42858600
-0.15119900
0.35315300
0.84314600
0.37588400
-0.59143000
-0.27227700
-0.19053500
-0.56990200
-0.27033700
-0.31102800
-0.45292100
0.32546100
-0.76963100
0.24356200
-0.05136740
-0.40450400
-0.39000400
-0.16049500
-0.20612000
-0.51241200
-0.16266000
0.36148400
-0.34273800
-0.23725600
0.80950400
-0.76529600
0.60166500
0.02951270
-0.15230700
0.25200800
0.25355000
-0.27844400
-0.41123300
-0.17275600
-0.32597000
0.93833500
-0.12860300
0.71521300
-0.06090990
0.75344300
-0.04886110
0.56982800
0.56783800
-0.01500910
0.72053500
-0.56234600
-0.20534200
0.60671800
-0.41344500
-0.30342500
-0.12827700
-0.28418700
-0.14271600
0.33826000
-0.10049500
-0.41694900
0.06363500
-0.00796490
0.05123760
0.18549200
0.98616000
1.07325000
0.37267800
0.15039600
0.65816000
-0.06643350
-0.22111400
-0.44718600
-0.27510300
-0.03647800
0.19865900
-0.13415000
0.18962800
-0.15065200
-0.03266830
-0.39054100
0.11871200
0.35344400
-0.06935950
-0.10638300
0.11187100
0.22907400
0.16486800
-0.77893700
0.00204642
-0.16911300
0.82922900
-0.56109000
-0.19027900
-0.29336400
-0.30087000
-0.56651800
0.49660900
-0.23669300
-0.04227480
0.00988329
-0.13353600
-0.04352090
-0.19157800
-0.12408800
-0.00412689
-0.45252400
-0.21797700
-0.50361200
-0.15845900
0.13682500
-0.09691780
0.25212700
-0.49146000
-0.79389900
-0.12129500
-0.45454300
0.32200000
0.02987010
-0.71212000
0.06596010
-0.50077400
0.71087700
-0.09503520
0.06118750
0.11496100
0.61100900
0.18625600
-0.21440200
-0.13277000
-0.01852940
-0.31666000
-0.00118110
-0.19060100
0.09755120
0.19716800
0.09751360
0.23871800
-0.30333300
-0.42684500
-0.01142010
0.20206500
-0.07080210
-0.39006200
-0.56705800
-0.11750700
-0.47441900
-0.31729200
-0.00395470
0.48246700
-0.25946800
-0.29153800
-0.00136142
1.40612000
-0.68899700
-0.31027800
0.84330800
0.01607730
0.49306900
-0.15652300
-0.02045320
0.15896800
-0.59193100
-0.22895200
-0.30854200
0.06648660
0.37711300
-0.38813300
0.04810030
1.04844000
-0.57810700
-0.53663900
-0.33899200
-0.55023200
-0.13289700
-0.20752000
-0.42615400
-0.13524700
-0.04781570
-0.20459300
-0.51215800
-0.47044900
-0.11143000
0.24096300
-0.37216200
0.01334200
-0.49866600
1.07792000
-0.34112400
-0.01484940
-0.58170600
-0.13523600
-0.31764600
-0.22934600
-0.32978800
-0.43457100
-0.27130000
0.00420638
-0.06567440
-0.41032300
-0.09694530
-0.34088500
-0.84519500
-0.09090370
-0.27570600
-0.72696200
-0.28943100
1.14568000
-0.09000560
0.08806580
-0.65757200
1.12784000
-0.12104200
-0.07140240
-0.59059200
0.17394300
-0.36321300
-0.08012520
-0.16909500
-0.75019000
-0.30134300
0.38888000
-0.39422700
-0.13281000
-0.53532900
-0.34492000
-0.07245530
0.18084600
0.66340800
-0.32416700
-0.18563800
-0.29174800
-0.03975100
-0.21639300
-0.46718300
-0.22731200
-0.25818900
-0.12841000
0.06745660
-0.03569690
-0.57975400
0.34524200
-0.34057300
0.21992000
-0.50911800
0.00167109
-0.29164700
-0.28623100
-0.06510920
-0.55822100
0.46830300
-0.11099900
-0.23399600
-0.21837500
-0.09749120
0.39453200
-0.22730400
-0.36614100
-0.00414096
-0.26714700
-0.01125220
-0.21457400
-0.44151900
-0.21795900
0.36602800
0.02038290
-0.07371420
1.35148000
-0.11825800
-0.24839500
0.10905800
-0.19465800
0.02879660
-0.16428300
-0.23316200
-0.40302800
-0.05700690
-0.44249200
0.07026030
-0.16551400
0.21622200
-0.09123520
0.08961690
-0.33511100
-0.26010600
-0.41422100
-0.50324100
0.00139299
-0.41377700
0.13778300
0.18821700
-0.00650536
0.32683600
-0.10320700
0.62015600
-0.13365200
-0.36714400
0.30284500
0.07272950
0.17795600
-0.53860600
-0.36890200
-0.07039370
-0.42113800
-0.18263100
0.06636530
-0.11336600
0.15256200
0.33040400
0.46273000
-0.04755080
-0.23910000
0.18175200
-0.35281900
0.02729000
-0.10710300
0.00369911
-0.30037500
-0.31885800
-0.16343300
-0.36450500
-0.12336600
-0.07621740
-0.53676800
1.06220000
-0.25932200
-0.03027980
-0.31348500
-0.40684300
-0.20174400
-0.48914500
-0.34658600
0.11868700
-0.60821000
-0.28737600
0.17542700
-0.43320800
-0.06679100
-0.68175600
-0.39224000
0.19356800
0.37679200
-0.15367400
-0.83714100
-0.49779300
-0.24664200
-0.43013800
-0.21607500
0.36076100
-0.14843500
-0.46450100
-0.13645300
-0.54798800
-0.45092500
0.13022000
-0.27392600
-0.18741800
0.12376900
0.20032400
-0.30598100
0.01371870
-0.30065200
-0.02443580
0.27293000
0.06596660
-0.12154000
-0.18060700
0.08734400
-0.17838200
0.00383459
-0.08935770
-0.12253800
-0.13724800
-0.06666520
-0.21983200
-0.19476200
-0.62075200
-0.36352700
0.21926500
-0.30706100
-0.22348100
-0.01775460
-0.04320450
1.08256000
-0.35539000
-0.06963160
-0.57832400
0.16029900
-0.75448700
-0.13768000
0.02592670
0.35443100
-0.18153700
0.61803800
-0.05151730
-0.31027900
-0.88242000
-0.41551800
-0.21370500
-0.33514600
-0.08432220
0.71033300
-0.06702170
-0.27415200
-0.25421400
-0.34071000
-0.37633500
-0.22382600
0.27056900
-0.03005540
0.28116800
0.16878700
0.32189400
-0.42706700
-0.89574800
0.02880700
0.07905940
-0.21581600
0.24367900
0.17412400
0.59795000
-0.20100500
-0.01170570
-0.24580400
0.16556400
-0.42988700
0.42544600
0.04203340
-0.41505100
-0.62740300
0.95850800
-0.08743470
0.26952800
-0.11170300
0.03187450
-0.11122300
0.45488600
-0.07781240
0.00279146
-0.30012500
-0.18010100
0.25247600
-0.56350600
-0.04144770
-0.19203800
-0.16695200
-0.15381000
-0.63737600
-0.24431600
0.29420200
-0.18777500
-0.22469100
-0.29908700
0.57486600
-0.13306900
-0.14769100
-0.69212700
0.16947300
-0.18656300
-0.11374800
-0.56943500
-0.39839600
-0.20038300
-0.23454800
0.27011000
-0.23131800
-0.00644246
0.08480100
-0.45995100
-0.34364500
0.05020370
-0.08611280
-0.38799600
0.07527680
-0.33874000
-0.47687300
-0.12492000
-0.15034600
-0.29114200
-0.10739000
-0.27801200
0.23760100
-0.24806500
-0.67534900
-0.42701000
0.18797700
-0.36149200
-0.11368800
-0.15778000
-0.33800100
-0.34823300
-0.01770240
-0.45037000
0.11793000
1.10164000
-0.29415900
0.33751900
-0.16680500
-0.61072400
-0.44720000
-0.11218500
-0.79205100
0.02505800
-0.24242800
-0.36797500
0.21623900
-0.64105400
-0.37909700
-0.23659800
-0.20936200
0.13677700
-0.24991100
0.06308040
1.16046000
-0.34706900
-0.14594700
-0.36953800
-0.28202100
0.89468300
0.15203600
0.74098100
0.24637200
0.61559400
0.15959600
-0.63660900
-0.00463127
-0.13015400
-0.96193500
-0.66185800
0.03561950
-0.19375100
-0.35263200
-0.38617700
-0.52275500
-0.39990900
-0.47766200
-0.32909300
-0.02915630
-0.35379800
-0.15381600
-0.13270300
-0.55674100
-0.23675600
-0.24242000
-0.22258800
-0.32977700
-0.28104400
-0.07117660
-0.33353200
0.09560660
-0.12167500
-0.25641500
-0.37640700
-0.25498000
0.21356600
-0.25643900
-0.16493800
0.02737740
-0.41593700
-0.02137380
0.80248100
-0.14260400
-0.02174640
-0.43296600
0.20999600
0.17080900
1.63510000
-0.06285360
-0.25202700
-0.39038300
-0.90894100
0.84945400
-0.35350100
0.21373300
-1.30491000
0.48109800
-0.47707800
0.28091600
-0.25754900
-0.26854100
-0.36854000
-0.46576400
0.87716300
-0.24378300
-0.04550080
-0.08316730
0.79613300
-0.00238188
-0.42751500
-0.21781300
-0.22980100
0.27250200
0.71794100
0.29627100
-0.28138600
-0.11215300
-0.49335300
-0.09648650
0.11378500
0.01264460
0.02458210
-0.58140500
-0.51257900
-0.03028260
-0.21616400
-0.07359310
0.11505300
0.35790900
-0.60830000
-0.17865900
-0.67653300
-0.11380200
-0.39683600
-0.02294790
-0.41855200
0.04074710
-0.06730440
-0.29161600
0.56197200
1.02506000
-0.74848100
0.59383200
-0.11259200
0.17931700
0.32479100
0.52386000
0.57295700
0.17636100
0.06037840
0.27068900
0.51594200
0.83970000
-0.05617150
0.13592500
-0.26687200
-0.12264700
0.05278120
-0.13610000
-0.68528100
-0.04902010
0.36370900
-0.25336600
-0.11897800
-0.04755080
-0.20090100
-0.14878000
0.14054900
-0.07099580
-0.22225500
-0.10609500
-0.27466900
0.06364190
-0.16924600
-0.15418800
-0.35397100
-0.19820600
-0.39170800
-0.29517900
-0.35823200
-0.09246500
0.05576330
-0.48549600
-0.54501800
0.82810800
-0.23474900
1.25943000
0.58361300
-0.10656200
0.63872700
0.61575100
-0.63198900
0.20925700
-0.44111500
-0.36289100
-0.32565000
-0.13954200
0.21907200
-0.70322000
-0.57411800
-0.14925300
-0.49471500
-0.34065500
-0.05338920
-0.40977900
-0.13954200
-0.31307600
-0.24386400
-0.11966800
-0.20107600
0.43759400
0.33899600
-0.46245800
-0.58318300
-0.69212800
0.06456920
-0.32446500
-0.12738400
-0.06425170
0.21678000
0.12943300
0.02391640
-0.05028510
-0.18803400
0.08132190
-0.08286710
-0.18595900
-0.31353200
-0.37143300
-0.36932600
0.10863900
-0.46769400
0.52688600
0.03692550
0.29403800
-0.15869700
-0.27611900
-0.48787500
-0.39660000
0.27711300
-0.15732800
-0.40934900
0.32951400
-0.33693200
0.10567800
0.48617000
0.01113340
-0.56045100
-0.25427200
-0.39354300
0.60013000
-0.24421800
-0.22161500
-0.62165600
0.60413500
-0.08682710
-0.56204700
-0.73739700
0.02233470
-0.15294800
0.05987860
-0.32688000
-0.34327400
-0.00100045
0.19982400
-0.19576900
0.08825500
0.36231700
-0.45896400
0.21514200
-0.06016150
-0.06016150
0.26908800
-0.46201200
0.37622200
0.62686400
-0.48697200
-0.10086400
-0.15094400
-0.09417220
0.46387000
-0.36238100
-0.03619820
0.27797700
-0.41421200
-0.59771300
-0.34527800
0.02510840
0.22164800
-0.62946700
-0.18545100
0.05999940
-0.25521400
0.18886300
-0.71330300
-0.16995000
0.26306200
-0.33168000
-0.00359832
0.26223100
0.41510700
-0.19607400
-0.27545800
0.42452400
-0.24319400
0.34655900
0.29093500
-0.19413500
-0.30939900
-0.59657600
-0.56383700
-0.11072900
-0.46804800
0.20430100
-0.54531800
-0.46443900
0.90468600
-0.35265900
-0.18980600
0.10118200
0.24590700
-0.49861500
-0.41075900
-0.13459900
0.58777700
-0.32666900
0.09070170
0.61045700
-0.06904380
-0.00953582
-0.27977500
0.00872830
-0.14291400
-0.15896400
0.21579200
0.11062000
-0.37124700
-0.62585500
-0.29748200
0.69323400
-0.19007800
0.09632540
0.00922954
-0.18595900
0.01326010
0.08040200
0.10565900
0.00379910
0.19620400
-0.14953700
-0.54259900
-0.87400100
1.01161000
-0.18192300
-0.45412900
0.15056300
-0.34702100
-0.08075310
0.00770359
-0.21749800
-0.25349100
-0.92698700
-0.19720600
-0.28573300
-0.26182500
0.07333450
-0.11998600
-0.09153520
-0.17399600
-0.62344800
-0.10030700
-0.25800900
-0.25800900
0.19931400
-0.17799400
0.39640700
0.28550700
-0.52775000
-0.27916800
-0.61417700
0.17486200
-0.07856690
-0.00586562
-0.28551800
0.01777870
-0.33372400
-0.04986490
0.17947700
-0.42598600
-0.44894400
-0.10197900
0.93470800
-0.17439900
0.43013100
0.41152000
0.06408580
0.27011100
1.12609000
-0.56557200
0.16325600
-0.58224100
-0.23963400
-0.42299500
-0.69821000
-0.14121800
-0.05054580
-0.38867300
-0.26300200
-0.31767400
-0.66078300
1.14607000
-0.12227500
-0.35176500
0.06119590
0.70463100
-0.44550000
-0.07511970
-0.48979200
0.09495210
-0.48762500
-0.56031000
-0.21072800
-0.40852000
-0.53457300
-0.51767900
-0.52552800
-0.24783600
0.62158100
-0.54325400
-0.16335300
0.39472900
-0.36660000
0.17469400
-0.14083600
0.16147800
-0.38257000
0.01119710
-0.27474800
0.09975970
-0.08247010
0.16475100
-0.32782300
-0.26861000
0.86920500
0.56249300
0.66232200
0.03928600
-0.12715700
-0.36816200
-0.21127700
-0.23349700
-0.11424200
-0.01000700
-0.01934670
0.24790200
-0.19398400
-0.31960600
0.10217300
-0.02464320
-0.36384800
-0.50268100
-0.27984900
-0.22235200
0.02670830
-0.41434500
-0.25448500
-0.12139400
-0.29993800
-0.71644700
-0.37747400
-0.25933600
0.57672600
-0.35836800
-0.56185400
-0.25673400
-0.37704200
0.01443180
-0.31707700
0.30628400
-0.50331300
0.59677800
0.03806520
0.84712300
-0.21098900
-0.42332600
-0.33551600
-0.08603290
-0.50245600
0.06186870
-0.00240749
-0.11858700
-0.30399100
0.59837300
-0.20147600
0.49422500
0.37218600
0.12092000
-0.18800300
-0.29413100
0.02613640
-0.16621100
-0.31009600
-0.39952300
-0.04443810
-0.38308400
0.27003000
0.16764900
0.08337860
-0.04663070
-0.46979800
-0.24832400
-0.48192900
-0.44503100
0.12075100
-0.19522100
-0.66282100
0.07899460
-0.14039500
0.07504300
-0.38531000
-0.37767300
-0.77927500
-0.27765800
-0.23557900
-0.23515600
-0.57847900
0.11766200
0.40861600
-0.42960700
-0.22048900
0.01416670
-0.17719300
-0.38163100
-0.14390900
-0.30650200
-0.31522400
-0.52209700
-0.40574500
0.31654300
-0.69945300
-0.44031700
-0.15128700
0.24710800
-0.17273900
-0.44419000
-0.47904300
-0.01612150
-0.28431200
-0.22635700
0.11233100
0.05047170
0.18320300
0.22985800
-0.55480200
-0.21055000
-0.31936500
-0.43170600
0.48242400
-0.41846900
-0.61791600
-0.24635300
0.00233694
-0.20115800
-0.22438600
-0.47752900
0.07102720
0.19542000
-0.20160100
-0.17858300
-0.28048100
1.49461000
0.36104600
-0.52965300
0.14056400
-0.22196800
0.38105200
-0.24529300
-0.35533700
0.00041776
-0.02231290
-0.20967500
-0.27352000
-0.16516200
0.06594060
-0.34791700
-0.38545100
0.03673830
0.00021114
-0.20083300
0.49881500
-0.33099700
-0.42655900
-0.62572400
-0.44215200
-0.29109400
0.02004050
-0.03782180
-0.51235700
-0.44633700
0.31674800
0.15400400
-0.22512200
-0.35923800
0.11453500
-0.18121100
-0.29751200
-0.15708100
-0.16836400
0.04141540
-0.45399300
-0.12953800
0.04806530
-0.16620300
-0.25419600
-0.39571500
-0.10510800
0.06915930
-0.06606880
0.14287400
-0.24116000
-0.15865400
-0.34483800
-0.05495880
-0.60001000
0.60340000
-0.09564940
1.40539000
-0.26298000
-0.33507500
-0.37704400
-0.30521900
-0.61342400
0.57684600
-0.19746600
-0.67229800
-0.47204100
0.07717220
-0.70904900
-0.13435600
-0.24583300
-0.06344000
0.01840950
-0.44928400
-0.11541600
-0.42095000
-0.48385500
-0.04570410
-0.31940600
-0.27566800
-0.62712200
-0.58582800
-0.16812000
-0.41293300
0.18585700
-0.00090991
-0.18657600
0.80010300
-0.27570700
-0.49171000
-0.06840960
-0.20086800
0.28576000
0.32761000
0.01145670
-0.19646800
0.38081700
-0.25822400
0.08186050
-0.58717900
-0.13839100
-0.17817400
-0.34754000
-0.49624100
-0.38302400
0.00720738
0.12252700
0.16594700
-0.28222500
-0.18872400
0.06111370
0.47366000
0.21045900
0.06529780
-1.15741000
0.11636900
0.73919900
-0.18221000
-0.34412600
-0.28756500
0.48434400
-0.09399810
0.06065530
-0.20865900
0.09296160
-0.43682200
1.08929000
-0.42716400
-0.43454000
0.39741300
-0.43122000
-0.59916100
-0.18173600
-0.19519100
0.18418700
-0.38611000
-0.61372100
-0.58657700
-0.08166550
-0.18291700
-0.11552800
-0.33514600
0.05525010
-0.23458700
-0.11720800
-0.39952400
-0.44224800
-0.52863300
-0.38595500
-0.09002390
-0.45942300
0.14491800
-0.54705600
-0.38735900
-0.24425100
-0.57973300
-0.16684200
0.15895800
-0.04652190
-0.61077000
-0.23384500
-0.24128300
-0.03023320
-0.50797100
-0.21485300
-0.23569800
-0.08621870
-0.11203800
-0.22067600
-0.20509100
-0.27258900
-0.52055000
-0.35909700
-0.11070400
-0.31536000
-0.09699460
-0.38054900
-0.36557700
0.29245400
-0.35737300
0.17340100
-0.35011000
-0.02632900
-0.20272000
0.61580500
1.12350000
0.25274100
0.10928000
-0.44567700
-0.68144800
0.10538300
-0.22056600
-0.43636100
0.54499800
-0.34999700
-0.31800500
-0.06587140
-0.23639200
0.03473340
0.17632000
0.33335800
-0.11418300
-0.33413900
-0.19642400
0.27907700
0.55293700
1.00430000
0.57910400
0.06019350
1.68070000
-0.08218730
-0.26290600
-0.89598100
1.49922000
1.06854000
-0.11933700
0.15304000
0.54096400
1.32482000
0.19728500
-0.05531420
0.39698400
-0.13526900
-0.36653000
-0.76714100
-0.50885300
-0.79093300
0.00110294
0.00575989
-0.54994600
-0.11112200
0.13288600
0.21484800
-0.26137000
0.22614000
-0.28582900
0.52927200
-0.42365500
0.33762800
0.54594300
-0.15686600
0.55640100
1.24569000
0.80357400
0.51235600
-0.35875900
-0.14706700
0.08735070
-0.24767600
0.95579000
-0.45185900
0.02912850
0.24796300
-0.15618000
-0.16204900
0.43634600
-0.56077800
-0.49044400
-0.44194500
0.09995520
0.49700100
0.55130900
-0.17545000
-0.29846400
-0.19823100
0.10752500
-0.52029300
-0.37870200
-0.22122400
-0.31179800
0.00544223
0.26467400
0.04167380
1.81944000
-0.06639920
1.23411000
0.43677300
0.68082400
-0.33111900
-0.25436900
0.97632600
0.43301400
1.26668000
0.23267500
-0.13088600
-0.19392500
-0.08921890
-0.29359800
-0.36255900
-0.17531100
-0.42412900
-0.22611200
-0.04237830
-0.06092010
-0.04644120
-0.29987400
-0.02063050
-0.02601090
-0.33950400
-0.16861900
-0.21348400
-0.03107180
0.10920300
0.61003400
0.12859700
-0.33173300
-0.49718300
-0.55969100
-0.18704400
-0.40386000
-0.60681200
-0.53049900
-0.51057200
-0.29554200
-0.56498100
-0.11610100
-0.12856700
-0.54598300
0.10857100
-0.67030400
-0.21767400
-0.48532300
-0.47365800
-0.43963100
0.05371370
-0.22431800
-0.29438500
-0.73574700
-0.87121700
-0.04192890
-0.43408100
-0.19382800
-0.11747900
-0.08778850
0.18804700
-0.36204600
-0.27528400
-0.22363700
-0.31977500
-0.02802640
0.02191780
-0.16719700
0.31831000
-0.04151830
-0.09221100
-0.21986100
-0.37788600
-0.28872200
-0.99408300
0.10324400
-0.17890300
-0.43996700
-0.11066700
0.01453130
-0.59307900
1.48266000
0.97225900
-0.26502900
0.04128820
-0.05186890
0.04027020
-0.22006500
-0.54223400
0.53184800
0.26085300
-0.06174980
0.78565200
0.37047300
-0.38605800
-0.17244700
-0.40295000
0.43225300
-0.37012300
-0.11623300
0.04846700
-0.12746600
-0.04126860
-0.13800800
-0.42707600
-0.20007900
-0.04114920
-0.03389290
-0.24305900
0.10866400
-0.18836300
-0.15957700
0.06201550
0.07791430
-0.13573000
-0.38730700
0.42829600
-0.19380800
-0.39117000
-0.23632000
-0.17379800
-0.05918960
-0.57564200
-0.15819300
-0.37815500
-0.37822300
-0.10871800
-0.31910600
-0.09834360
-0.20334400
-0.00162427
