-0.52546000
0.98844100
1.08629000
1.53398000
-0.18131300
-0.66541700
0.34720700
-0.95289500
-0.73475600
0.98494100
0.05311560
4.94080000
-0.57590900
-0.07534470
-0.10697200
0.98103600
0.67475400
0.14918700
5.18679000
1.02917000
1.37400000
-0.09757450
-0.07666990
1.16783000
0.80401400
5.50220000
-0.12861900
1.17816000
0.56133300
5.35971000
0.42053000
5.13485000
5.38005000
1.88762000
0.12262100
0.47031000
5.45105000
5.44990000
5.39048000
5.14633000
1.52419000
0.00052587
0.72678100
1.15787000
0.47998000
0.14736200
5.47743000
0.79395600
-0.32632000
-0.18138400
-0.53267200
-0.40800200
-0.32317300
-0.35958900
-0.23509500
-0.46362000
-0.39420500
-0.06826750
-0.07886310
0.51689400
-0.02342450
-0.07230000
-0.35366700
-0.30772500
-0.92072600
0.42210000
-0.61365300
-0.27094600
0.05190020
0.01393260
-0.27361100
-0.39365600
-0.28919000
-0.06821090
-0.96107100
-0.54944200
-0.62450700
-0.39980200
-0.60717100
-0.16538200
-0.08133740
-0.59168900
-0.10675400
0.20394500
-0.30173700
-0.11805700
-0.13127000
-0.38942200
-0.50631000
-0.00716990
-0.40882500
-0.37851400
-0.44261700
-0.26208700
-0.50493000
-0.35566400
-0.21190000
-0.04758570
-0.63554100
-0.34886500
-0.20504500
0.10550500
-0.32217600
-0.35847800
-0.38707000
-0.90899600
0.94890400
-0.07557650
-0.98783300
0.31439200
-0.51595900
0.59393900
-0.23150300
-0.63773300
-0.70607900
-0.11957400
-0.34423700
-0.35572100
-0.36242200
-0.34704100
-0.41798000
-0.56479200
-0.42746100
-0.65946500
-0.83272700
-0.67662200
-0.45657200
-0.71522400
-0.09350800
-0.53113000
-0.25878200
-0.10113600
-0.83471300
-0.58108300
0.00118461
-0.14578200
-0.19153100
0.05646830
-0.53010800
-0.10967800
-0.09662940
0.61339700
-0.41141800
-0.04609000
-0.45095300
-0.13922200
0.34489300
1.01002000
0.06241880
-0.09242630
0.08833090
-0.44057200
-0.31927300
-0.30848900
0.10177200
-0.38644700
-0.11266300
-0.28097300
-0.47709400
-0.26304300
-0.42210700
-0.34375700
-0.35329900
-1.02856000
-1.29024000
-0.25060900
-0.46155900
-0.79454300
-1.08513000
-0.29746400
0.45436800
-0.79389300
0.05998980
-0.44232400
-0.26241000
-0.14573700
-0.19586300
0.04285750
-0.49858600
-0.13703800
-0.67060300
-0.51708300
-0.51908700
-0.74528300
-0.32954300
0.28172000
0.88327900
-0.21936800
-0.17033300
-0.55303200
-0.29672100
-0.21329000
-0.24350700
-0.01006200
-0.26980700
-0.44762200
-0.09424930
-0.03357130
-0.27762400
-0.40874300
-0.60433700
-0.22754300
-0.25636400
-0.57408500
-0.62618700
-0.48893400
-0.27635400
-0.41614000
-0.46675300
-0.56819800
-0.63238700
0.02560790
-0.60342300
-0.66904100
-0.56114300
0.23160900
-0.75308100
-0.53685100
-0.60926700
0.49924900
-0.01618170
-0.19433200
-0.15510800
-0.31947700
-0.17717700
-0.24898500
-0.57437000
-0.26058100
-0.99824600
-0.57918900
-0.37587200
-0.03183910
-0.03021860
-1.02168000
-0.27804100
-0.70342100
-0.35690100
-0.48466400
-0.28530600
-0.17753300
-0.31320800
-0.10649000
0.04437800
-0.47871800
-0.30999400
-0.22251400
-0.14658600
1.68385000
0.37950700
-0.50909300
-0.31812800
-0.42175800
-0.24074700
-0.31081300
-0.44259300
-0.59027300
-0.78760200
-0.24802000
-0.13498900
1.22132000
0.21661900
0.31249700
-0.06101540
-0.72074900
-0.62958300
0.10169300
-0.79621100
0.95893800
-0.80353500
-0.19881000
-0.24259500
0.39274800
0.56729900
0.07706880
-0.58353000
-0.05585550
-0.35453500
-0.97027100
0.09790240
-0.48078000
-0.28864400
-0.73595800
-0.20343700
-0.24163700
-0.38915900
0.36723100
0.66621200
0.03119050
-0.48349400
-0.30069700
-0.46127100
-0.31903800
-0.14271400
-0.32253800
-0.20892100
-0.32040300
-0.35067800
-0.17290200
-0.20161100
-0.35524700
0.10461300
-0.04502230
1.08604000
-0.23632900
-0.10350700
-0.17525500
-0.62071800
-0.31751400
-0.35645100
-0.95369200
-0.69158900
-0.01550010
-0.53234900
0.32719700
-0.15297200
0.39513500
0.18892100
-0.64989200
-0.61175300
-0.58959600
-0.60602700
-0.39788000
0.01000390
-0.23498400
-0.42786700
-0.17193200
-0.58919000
-0.11633800
-0.21247300
-0.37069800
-0.11254200
-0.58706100
-0.23747000
-0.15039500
0.00081200
-0.06514230
0.22971300
-0.00901443
-0.71885300
0.05600770
-0.01314280
-0.36395300
-0.88525100
-0.20828100
-0.27206200
0.15742200
-0.62328500
-0.30342400
0.13616500
-0.44063800
0.89366400
-0.36493600
-0.01739870
-0.15601400
-0.83624500
-0.45532700
-0.60520200
-0.63958000
-0.57538600
-0.14506900
-0.01718790
0.04421460
-0.27339500
-0.18052800
-0.10279300
-0.05035560
-0.84523700
-0.49354900
-0.26256900
-0.22273500
0.02933700
-0.19482800
-0.22850500
-0.65044000
-0.32231000
-0.26208700
0.42943600
-0.24902900
-0.22577200
-0.37459900
-0.07771960
-0.19803500
-0.46856500
-0.36666500
1.09457000
-0.31827900
-0.05894350
-0.49794700
-0.61493300
-0.10486000
0.16017900
-0.10144400
-0.74959800
-0.33157200
-0.39760900
-0.34349200
-0.11877200
-0.49122200
0.56987400
-0.46734900
0.58580900
0.11498600
-0.35529900
-0.15857200
-0.20805000
-0.41613100
-0.30431500
-0.45903300
0.71146300
-0.33858100
-0.65458400
0.08181410
-0.34868100
-0.73602200
-0.35723400
-0.46780600
-0.57925000
-0.39205900
-0.66615600
0.00795493
-0.33131000
-0.20813300
-0.64981100
-0.91014900
-0.55721700
0.04421200
-0.18477900
-0.06925750
-0.29918600
-0.46744400
-0.47567000
-0.24993800
0.02260680
-0.14823200
-0.74204100
-0.19887100
-1.16486000
-0.80911000
-0.61710500
-0.31178200
-0.61359500
-0.70851300
-0.50925100
-0.02240880
-0.65834300
-1.23763000
0.10035800
-0.59991200
-0.54781400
-0.31394700
-0.10579800
-0.26507700
-0.44196800
-1.02365000
0.54511400
-0.85607800
-0.24572300
-0.49991400
1.27196000
-0.29140200
-0.51453700
-0.44572800
-0.88010400
0.45477800
-0.50056600
-0.13162600
-0.60574200
-0.37842100
1.41986000
0.45670800
-1.07022000
-0.55004000
-0.58528600
-0.36601900
-0.21389100
-0.13160300
0.16135600
-0.70072000
-0.20309400
-0.09648600
-0.68538900
-0.54275800
-0.95883800
-0.82265700
0.13251100
-0.15011600
-0.42967800
-0.18296300
0.77731500
0.08263680
-0.64309000
-0.08147870
-0.69003800
-0.30354800
-0.40946600
0.03825790
-0.06222000
0.29178900
-0.20187400
-0.17432700
-0.71143700
-0.69988100
-0.32586500
-0.43963800
0.04880960
-0.34611500
-0.25004400
-0.51784200
-0.12589100
-0.43034900
-0.53477600
-0.76539300
0.35928500
0.09543960
-0.01331650
-0.30894700
-0.14738400
-0.26930000
-0.17885300
-0.49157900
-0.64219000
-1.21629000
-0.23744100
-0.37693600
-0.50666500
-0.27112700
-0.67013100
-0.35888400
-0.20147700
-0.19384500
-0.12321400
-0.26075600
-0.33567200
0.04627340
-0.65918200
-0.27724200
0.02637650
-0.85995400
-0.35662600
0.21321200
-0.80023000
-0.95304600
-0.68142900
-1.11124000
-0.45899800
-0.49214700
-0.16321200
-0.86022500
-0.22692300
-0.25342900
-1.02768000
-0.39787100
0.41174900
-0.58255900
-0.51335100
0.88819500
-0.69823300
-0.11273900
-0.24516700
-0.26313100
-0.23932400
-0.37213300
0.03169960
-0.14234500
-1.29921000
-0.29456600
-0.45552100
-0.57876000
-1.19805000
-0.36780000
-0.23491900
-0.09394740
0.13006300
-0.83467600
-0.58033900
-0.50594200
-0.26134200
-0.14398400
1.69917000
0.14285900
0.34667000
-0.93026500
-0.37300900
-0.15730000
-0.66145100
-0.00006327
-0.23851300
-0.44377900
-0.54322200
-0.79817800
-0.64866400
-0.19694400
-0.06130680
-0.33425900
-0.48602900
-0.61845700
-0.03609150
-0.38055100
-0.21068000
-0.03004670
-0.42590800
-0.21723600
0.09639910
-0.23535800
-0.56735200
-0.47076000
-0.32618900
-0.43306700
-0.28640500
-0.45886200
-0.39759900
-0.41075300
-0.55387000
-0.36116200
-0.49123800
-1.02947000
-0.25975200
0.25496700
-0.53443000
-0.47882300
-0.50691100
-0.06212320
-0.20407200
0.09751480
0.34247100
-0.41279300
-0.84481100
-0.88701700
1.17353000
-0.64183300
-0.15256500
-0.01558880
-0.41940600
-0.39139500
-0.58862300
-0.15774900
-0.26169700
-0.17215800
-0.50297500
-0.77402200
-1.33376000
0.36009300
0.50563700
-1.09697000
0.07602660
-0.19310600
0.21976900
-0.69802500
-0.79648200
-0.15108600
-0.36526500
0.18154400
-0.58064600
0.04352260
-0.31121000
-0.88168500
-0.31402900
-0.04651480
-0.24996300
0.07621360
-0.09041870
-0.59214600
-0.38647100
1.51647000
0.16737300
-0.06469160
-0.48320600
-0.89695700
-0.69693000
-0.09791860
-0.04463140
-0.14458400
-1.20037000
-0.59692600
-0.12652200
-0.84320100
-0.56250900
-0.39442300
-0.01504710
-0.24846900
-0.35887400
-0.05432280
-0.68757500
-0.35101900
-0.09336610
-0.12764600
-0.78199100
-0.13791000
-0.53144500
-0.14891900
-0.31083800
-0.83599200
-0.29289400
-0.49969500
-0.24500700
-0.58442600
-0.43885200
-0.42318200
-0.32915400
-0.30141500
-0.29487300
-0.19713200
-0.31576400
-0.16704800
-0.36669500
-0.48709900
-0.41804000
-1.10891000
0.17215800
-0.32803700
-0.29212400
-0.46790800
-0.22078700
0.31718900
-0.46354800
-0.24063100
-0.63230500
-0.20451500
-0.92499100
-0.15641500
-0.52769100
-0.26950800
-0.62608300
0.05537410
0.00280500
-0.58485900
0.16668000
-0.47898400
0.34083100
-0.33610300
-0.20585500
0.38118100
-0.22105600
-0.35328000
-0.53698500
-0.52189200
-0.18555300
-0.63016900
-0.22925900
-0.09731240
-0.28297500
-0.59499600
-0.21727000
0.00938629
-0.36662200
-0.08186270
0.02748020
0.06843340
-0.34962000
-0.10548000
-0.37470300
-0.05669080
0.36878400
-0.27720600
-0.14318100
-0.38096000
0.67579700
-0.69004300
-0.58855400
-0.76482400
-0.59220400
-0.28565500
-0.44171400
-1.17259000
-0.48947100
-0.50311800
-0.32466800
-0.16189800
-0.34604100
0.21844200
-0.36352900
-0.31825000
-0.29062000
-0.52132200
-0.76308200
-0.44453200
-0.78055400
-0.48331300
0.24882100
0.13697900
-0.13218800
-0.38385100
-0.12075000
-0.12377600
-0.52871300
-0.25165300
-0.15645200
-0.20558800
-0.19588400
-0.27434700
-0.13525900
-0.44890800
0.48066300
-0.33412400
-0.14735600
-0.16498400
-1.04057000
-0.70698600
-0.47802800
-0.63269500
-0.47245000
-0.22199100
0.05297870
-0.39267000
0.03611420
-0.25985500
0.10278800
-0.10236700
-0.21685300
-0.12887900
-0.11266000
-0.21603600
-0.07550030
-0.37071600
-0.30009100
-0.19554200
0.19695700
0.00250837
-0.80627500
-0.17805900
-0.06035120
-0.13033900
-0.01754190
0.54308300
-0.34897400
0.25007000
-0.23457100
-0.93726600
-0.33130300
-0.38385100
-0.78084900
0.36289400
-0.10783200
-0.39928300
-0.64514700
-0.59356700
-0.55533600
-0.50401400
-0.12519500
0.26565700
-0.60258700
0.02032630
0.42752300
0.76842500
-0.58007700
-0.05466440
-0.95677500
0.35924900
-0.89288700
0.38807400
-0.15630000
-0.15800300
-0.13980700
-0.55075000
-0.12585000
-0.81960100
-0.02876700
-0.50515400
0.25387100
-0.18435200
-0.71016200
-0.29718500
-0.62441800
-0.43525200
-0.77673800
0.00770432
-0.33453300
-0.17470700
-0.27113800
-0.41211500
-0.50378900
-0.64270200
-0.92567000
-0.10834100
0.35126500
-0.31475200
-0.61453900
-0.25873300
-0.35609000
-0.32469400
-0.18792200
-0.20481700
0.41848300
-0.22283600
-0.46376600
-0.53695800
0.69314400
-0.56548200
-0.35083700
0.88724400
-0.55909900
-0.53576300
-0.78246100
-0.32209900
-0.02678460
-0.40006200
-0.43457900
-0.40351200
-0.58024400
-0.37543200
-0.92025000
0.15160600
0.53126000
-0.40082300
0.02852370
-0.45462700
-0.41181600
-0.93140300
-0.40588400
-0.24123300
-0.97232500
0.10971800
-0.71988100
-0.36681700
-0.15100300
-0.16347700
-0.37973900
-0.18968600
-0.24612300
-0.19944800
-0.29756500
-0.12255600
-0.04308550
-1.46458000
0.74967400
0.17526200
0.26945000
-0.27775800
-0.46580300
-0.46975600
-0.79184400
-0.39380300
0.04440820
0.01087660
0.04893930
0.33295900
-0.12533700
0.20556300
-0.77653400
-0.52196700
-0.50161800
-0.07814000
-0.70622200
-0.68324900
0.22952000
-0.69110100
0.70966900
-0.20951500
-0.73821200
-0.13165200
0.57979900
-0.10169500
0.14008900
-0.19183800
-0.24970800
-0.31434700
-0.14369600
-0.48108400
-0.46088600
-0.25395500
-0.18471100
-0.37362600
-0.28396000
-0.09088050
0.04113090
-0.34248000
0.73745600
0.43714700
-0.09638620
-0.18556600
-0.45789600
-0.12032600
0.12612200
-0.64980100
-0.41694000
-0.21597400
-0.54875700
-0.01108210
0.08982890
0.08466730
-0.54644800
-0.45366800
-0.27258400
-1.13625000
-0.28744600
-0.32511000
-0.28469500
-0.13567200
-0.40435800
-0.18229000
-0.55863500
-0.74856500
-0.43627700
0.38927500
-0.45757000
-0.32618800
-0.16746200
-0.15237100
-0.32065500
-0.02338990
-0.01906860
0.19813900
-0.55364800
0.10217600
-0.54844500
0.40036900
0.17814200
-0.97158300
-0.10134100
-0.37505500
-0.15359200
-0.41031500
0.00902062
-0.23946500
-0.12835600
-0.41030700
-0.37145900
-0.33620900
-0.07714720
-0.43821000
-0.54845000
-0.59802300
-1.06556000
-0.60774200
-0.44155200
0.00660783
-0.49819200
-0.53479000
-0.28217400
-0.65783300
-0.67943800
-0.11748400
-0.39184500
-0.60202200
-0.29336300
-0.39910700
-0.05141910
0.47322600
-0.10800200
-0.07098460
-0.44836200
-0.35022700
-0.06376020
0.05697290
0.17008400
-0.26805300
-0.26046500
-0.25526800
0.16324300
-0.15868300
-0.37612300
-0.40082700
-0.69130000
-0.78485500
-0.61073200
-0.35083000
-0.80308800
0.33542800
-0.39848100
-0.07385820
-0.87299400
-0.27176100
-0.02402660
-0.48459600
-0.42655700
-0.25282100
-0.32255400
-0.21748900
-0.67889400
0.14652600
-0.34611200
0.05677470
-0.47498200
-0.32236900
-0.54579400
0.57979900
-0.33044300
0.59584200
-0.56953200
-0.26627100
-0.35823800
-0.26090000
-0.61340700
-0.52317400
-0.75961700
-0.23262100
-0.62595100
-0.10707500
-0.09871690
-0.10668500
-0.26573100
-0.47049000
-0.20506400
0.12875200
-0.44433600
-0.51313900
-0.92432700
-0.72282500
-0.71328800
-0.64578100
0.08942590
-1.10870000
-0.65299200
0.03957560
-0.40223000
0.26908600
-0.59053000
0.13295300
-0.55120100
-0.34020200
-0.53953700
-0.36900000
-0.72142100
0.02658040
-0.56970300
0.16486500
-0.32810800
-0.17661600
0.02365760
-0.57854900
-0.59194700
-0.74304300
-0.27929100
0.59964000
-0.88033200
0.31626900
-0.13763600
1.18226000
-0.76298400
0.16432800
0.02945270
-0.27088100
-0.00275092
-0.01849600
-0.23747400
-0.17104000
0.15741400
0.18505000
-0.46758000
-0.49265000
-0.47724000
-0.33732600
0.01991190
-0.19764100
-0.67713300
0.45552800
-0.32024200
-0.22100300
-0.17779400
-0.58141500
0.14214800
-0.36798500
0.12033900
-0.51924800
-0.05860840
-0.08852540
-0.29825400
-0.85434400
-0.60917500
-0.82944800
-0.43643200
0.30076600
-0.42607600
-0.18442200
-0.24672800
0.21271700
-0.20213200
0.24249700
-0.01212910
-0.22194200
-0.83329800
-1.16297000
0.19939400
-0.54098600
-0.28311700
-0.59989200
-0.43831000
-0.21933300
0.16974000
-0.44759700
-0.81990500
-0.16453200
-0.02684350
-0.56861200
-0.27855300
-0.57596500
-0.11019300
-0.71973500
-0.44591900
0.42049800
0.15414200
0.47474600
-0.05627120
-0.00212252
-0.14739400
-0.48404500
0.29036400
-0.53415300
-0.65790600
-0.28015200
-0.01100910
-0.83799000
-0.06906920
-0.09025000
0.08588720
0.54070300
0.02021740
0.03465110
-0.60796000
-0.56802300
-0.41068700
0.19194300
0.11737400
-0.32968500
-0.67983600
-0.26438000
-0.06901760
-0.74374500
0.19887700
-0.31605400
-0.33914800
-0.64260200
-0.27801200
-0.94425600
-0.65368900
0.68816900
0.60354500
0.44079200
-0.70331000
-0.68020200
-0.16957900
-0.03132720
-0.32597300
-0.37126200
-0.18223400
-0.40388700
-0.61592000
-0.17590700
-0.38180600
-0.33269200
-0.24377500
-0.45256900
0.02156560
-0.62393700
0.07803220
-0.36099300
-0.07086370
-0.09854010
-0.07554270
-0.25088800
-0.24284600
0.11570300
0.00203739
-0.55316300
-0.47900700
-0.52109200
-0.43358200
-0.46139300
-0.10996200
-0.57082100
-0.62347400
-0.45200300
-0.33536900
-0.04267860
0.38394300
-0.18858500
-0.53399500
0.96529200
-0.90562000
-0.46036800
-0.57301000
-0.33818200
-0.64348600
-0.99587400
-0.42709700
-0.54064400
-0.05653560
-0.62738200
-0.43955200
-0.23732000
-0.54589000
-0.25989300
-0.20697900
-1.04620000
-0.47475800
0.47890600
-0.83622200
0.11463500
-1.19548000
-0.41702200
-0.50573600
-0.35710000
-0.88250700
-0.21446800
0.29270400
-0.07896350
0.55585900
-0.32524900
0.04809810
0.26231700
1.32325000
1.13256000
-0.22446500
-0.09379890
-0.14198500
-0.05626990
-0.32168100
0.44486900
-0.45654400
-1.00835000
0.01777210
0.60518400
-0.21156400
0.31913600
1.17712000
-0.62334300
0.10222500
-0.72070500
-0.38675200
0.02917990
-0.17951200
0.44892200
-0.28628100
-0.28628200
-0.08617810
0.33857000
-0.22243200
-0.81727500
-0.90157200
-0.24448300
0.94644600
-0.31372800
-0.58359300
-0.81447900
-0.49107200
-0.39193600
-0.37137700
-0.00190587
0.17145300
0.22154700
-0.32675700
-0.28223600
0.23340900
0.07244790
0.20806200
-0.22467400
-0.07475520
-0.18271000
-0.05745670
-0.77177600
-0.15271600
0.01469260
-0.80714700
-0.83604500
-0.31160900
-0.42739000
-0.23624600
0.25341900
-0.05209460
-0.49991000
-0.07210430
-0.16179100
0.09772190
-0.65615700
-0.68662900
-1.03771000
-0.23327000
-0.11876500
-0.45665700
0.44444500
-0.42071700
-0.74904600
-0.69978900
0.79036800
-0.80508300
-0.30900700
-0.47935500
-0.86165400
0.84249600
-0.15897300
-0.12939300
-0.93949400
-0.34038300
-0.48652200
0.21683200
-0.63055000
-0.29124500
-0.06581700
-0.37118100
-0.69985000
-0.24795000
-0.67838900
-0.15952000
-0.17825100
-0.39817000
-0.51460900
-0.43523000
-0.71752600
-0.58706500
-0.38869600
-0.09178900
-0.39319300
-0.24079300
-0.02596410
-0.14379600
-0.58032700
-0.18390200
-0.66971900
-0.32637900
0.59839700
-0.52300700
-0.11360500
-0.37937200
-0.78719600
-0.58604100
-0.15507100
0.17413600
0.10484300
-0.07064120
-0.42090500
-0.36341000
-0.14111700
-0.01412740
-0.29060300
-0.17441000
-0.63782200
-0.07130710
-0.41949800
-0.34240400
-0.33508900
-0.52638200
-0.69148500
-0.35424300
-0.12599900
-0.88959700
-0.18940400
-0.38988400
0.37636600
-0.18526500
-0.01723990
-0.46044700
-0.30088100
-0.25872800
-0.31991700
-0.01239850
-0.57036900
-0.14049100
0.24093900
-0.00378621
-0.49035500
2.20569000
-1.20239000
0.09394850
-0.59265100
-0.51943500
0.48536100
-0.43848000
-0.39983100
-0.04052710
-0.53570700
0.38681800
0.07474900
-0.30088500
-0.54625200
-0.45628900
0.02159830
-0.48364500
0.06307690
-0.09851540
-0.24433300
-1.27289000
-0.38727700
0.03288660
-0.34811400
-0.11895800
-0.11984800
-0.32526200
-0.42798400
0.12387300
-0.94081300
-1.04903000
-0.40738400
0.56571500
-0.33458700
-0.10978300
-0.47635200
-0.70310800
0.76391900
-0.12936000
0.33577300
-0.36765400
-0.96451100
-0.54393100
-0.02958810
-0.43054600
0.18934800
-0.47612600
-0.17644200
-0.56790600
-1.07022000
-0.49141800
-0.98176700
-0.33339100
0.59601700
-0.29820800
0.23923700
-0.18800400
-0.24886700
0.19384200
-0.75408400
-0.71604300
-0.59355900
-0.15308000
-0.15602900
-0.20823200
-0.22580200
-0.74896700
-0.32447200
-0.39039700
0.61859500
-0.01178250
0.04543450
-0.32568400
-0.49979200
-0.52186900
0.40906200
-0.31106400
-0.18276500
-0.57161600
-0.10529300
-0.62127900
0.17680400
-0.32807600
0.24236400
-0.38108100
-0.53841800
-0.65752400
-0.38290700
-0.72058400
-0.02470770
-0.26811300
-0.53055500
-0.29672700
0.08864410
-0.27304700
-0.52949700
-0.54698600
-0.89154300
-0.71038000
-0.72165000
-0.21406000
-0.56002900
-0.49230900
-0.27754000
-0.44845300
-0.03305370
-0.28388900
-0.12922900
0.03971770
-0.60753400
-0.24605500
-0.43772800
-0.43096200
0.17955100
-0.64853200
0.46448300
-0.87245000
-0.11413000
-0.28178100
-0.45463600
-0.85017900
-0.31999200
-0.73907600
0.05263020
0.06679700
0.31440400
-0.68692000
-0.42299700
-0.43480900
-0.73560700
-0.69246500
-0.79042700
-0.38290700
-0.10780300
-0.51010600
-0.70896000
-0.53561100
-0.43409200
-0.37539800
-0.44119800
-0.54628900
-0.59451900
0.29101500
-0.41381100
-0.09311480
0.03834390
-0.36776800
-0.48765600
-0.19739700
-0.41860700
-0.25323000
-0.31293300
-0.27916700
-0.27925900
1.55906000
-1.07897000
-0.47668400
-0.54615600
-0.26265100
-0.63686200
-0.20645200
-0.48672300
-0.41343300
-0.17698100
-0.34157700
-0.41999900
-0.60183300
-0.07796440
-0.20428400
-0.35357900
-0.39155700
-0.35822800
-0.48120100
-0.23186900
-0.27541000
0.07756740
-0.45810500
-0.56617000
0.16105600
0.08461470
-0.32009200
-0.39026300
-0.31403700
0.42268100
-0.13237500
0.17373300
0.22488200
-0.53347300
-0.10896400
0.32272100
-0.39900700
-0.57369400
0.06149680
-0.05732040
-0.46816800
-0.02290630
-0.58660600
0.53540800
-0.30097500
-0.33771000
-0.46893400
-0.54301200
-0.01975990
-0.19063300
-0.45106300
-0.33202200
-0.08683700
-0.38766000
-0.83441300
-0.13030200
-0.72210600
-0.15762000
-1.14024000
-0.48819500
-0.07376700
-0.14960400
-0.74031600
-0.24010600
0.24270700
1.34445000
-1.20703000
-0.13558200
-0.08732070
-0.90788200
-0.26517500
-0.05555000
-0.26300200
-0.10419400
-0.66777200
-1.23035000
-0.34405800
-0.49611800
-0.30635200
-0.09782320
0.08103740
0.97096300
0.11464300
0.30323200
0.36486700
-0.09019910
-0.52431100
-0.64382600
-0.32472800
-0.58718200
-0.26428200
-0.41809200
0.09170320
0.05059970
-0.79088900
0.01227290
-0.18551600
-0.67621400
-0.11316300
-0.27961900
-0.51221400
-0.40959900
-0.08553670
-0.56800700
-0.77073700
-0.21559600
-0.21321100
-0.57566800
0.79636700
0.45926000
-0.03918930
-1.09622000
-0.04017820
0.04067310
0.27610900
-0.07847430
-0.42485000
-0.45866600
-1.19887000
0.09647200
-0.46599500
-0.39636300
-0.52158900
-0.85990800
0.11378200
-0.74602700
-0.73052100
-0.76564100
0.67736100
-0.03805600
-0.40512000
0.22414500
0.89340800
0.33450900
-0.67537200
0.01445980
-0.60609800
-0.45613400
-0.91304200
-0.19024400
-0.28760300
-0.32899100
0.03933000
-0.28884600
-0.39232200
0.13607400
-0.28370400
0.21333700
-0.89703200
-0.69951400
-0.10794200
-0.37137500
-0.30620500
-0.43243200
0.27499900
-0.06931680
-0.38403800
-0.54895200
-0.63057200
-0.40773700
0.59377300
-0.80651400
-0.18140800
-1.06055000
-1.08164000
0.55384100
-0.47455000
-0.27546400
-1.04825000
-0.42109000
-0.29299500
1.07414000
-0.96872300
-0.62561400
-0.98673500
-0.29748900
-0.43808900
-0.46430900
-0.02626380
0.01982340
-0.42014500
1.11029000
-0.11297500
0.27179400
-0.26513100
-0.15092000
0.17355100
0.24713500
-1.51198000
0.32142800
0.48242900
0.60511500
-1.10011000
-0.38812300
-0.38865900
-1.20624000
-0.36748800
-0.20190100
-0.45332500
-0.32007500
0.16776600
-0.30947700
-0.86675600
0.02607080
-0.65318700
0.49505700
-0.18609200
0.32529900
-0.43904500
0.36182900
-0.32921600
-0.70161200
-0.84669000
-0.55455900
0.09690510
-0.13294400
-0.13611200
-0.55641300
-0.38871100
-0.48012600
-0.77393700
-0.49153100
-0.23806400
0.19314300
-0.24687200
0.08901340
-0.18395500
0.05156320
-0.32535600
-0.75246500
-0.50129000
-0.14677400
-0.66816900
0.05674750
-0.20834400
-0.48568200
-0.51960400
-0.54877600
-0.23631900
-0.74475900
-0.34595100
0.01136380
-0.09231320
-0.43068700
-0.34494800
-0.32724600
-0.45543600
0.25478600
0.06654650
-0.60944400
-0.41010900
-0.00378023
-0.06166700
-0.14149900
0.26257000
-1.12405000
-0.19565900
-0.41853800
-0.39577100
0.01096480
0.00646825
-0.27566400
-0.34840300
-0.20433800
-0.13990500
-0.88911300
-0.71536800
-0.21368400
-0.59520700
0.53392000
-0.37690100
0.12753100
0.84122600
-0.43608100
-0.27940600
-0.04804590
-0.40259300
0.07908080
0.20704500
-0.17985400
-0.68501000
-0.34711400
-0.43618500
-0.24533400
-0.24266600
-0.32199600
0.17668400
-0.12180200
-0.03177040
-0.37330900
-0.65441900
-0.52589100
-0.12688100
-0.56707300
0.31236200
-0.35643100
-0.18723200
-0.49993300
-0.63731300
-0.37620200
0.44904100
0.44904100
-0.47569400
0.26673400
-0.38445000
-0.18868400
-0.10725100
-0.46832800
-0.29032100
0.12134600
-0.56446700
-0.25180500
-0.19236700
-0.22713200
-0.18512600
-0.48586600
-0.36021000
-0.30435300
-0.34039600
-0.43732500
-0.37916100
-0.22558700
-0.64674900
1.06716000
-0.33754900
0.63781100
-0.20701300
-0.45369500
0.05732760
-0.23807100
-0.39805700
-1.02029000
-0.19869500
-0.09609390
-0.44388300
-1.13268000
-0.17860200
-0.34312700
-0.36767200
-0.76883100
-0.24831700
-0.36413200
-0.20951500
0.57701000
-0.72020000
-0.80123100
0.11425100
-0.19913900
-0.24919400
-0.35340200
0.04336170
0.09690120
-0.27697900
-0.58717700
-0.33055800
-0.10352300
0.07293320
-0.62605400
-0.70817800
-0.22620200
-0.67691500
-0.99289100
-0.30333100
0.06065040
-0.05598110
-0.52754100
-0.51032500
-0.27542100
-0.07375130
0.07557490
-0.20572000
-0.47136000
0.07914140
0.06812620
-0.69603600
0.08572360
-0.54059000
-0.48606100
-0.21847900
0.37377100
-0.66692700
-0.40306600
-0.04317180
0.11820200
0.44920800
-0.90309800
-0.41098500
0.46104300
-0.15816100
-0.33181600
-0.56406000
0.44375800
-1.13559000
-0.15715100
0.04597510
-0.23545200
-0.02310470
0.04939470
-0.40445300
0.16445100
0.89399800
-0.47689600
-0.66694600
-0.24515500
0.28190500
-0.30390100
0.10035800
-0.46888500
-0.38685000
-0.00030256
-0.88265100
-0.41039800
-0.46716400
-0.32011600
-0.02656600
-0.95289300
-0.33387800
-0.45743200
0.03825960
-0.52065200
-0.23136500
-0.54397700
-0.39982900
-0.41882300
-0.16021800
0.06184750
0.39951100
-0.31852600
-0.57624600
-0.23825900
-0.07901400
-0.47950600
0.04790250
-0.39372900
-0.26410400
-0.41117900
-0.46845200
0.26660600
-0.08927060
-0.14832400
-0.12846000
-0.50672600
-0.60039300
-0.21028500
-0.22925600
0.00864917
-0.61365000
0.09962130
-0.60185400
-0.19497100
0.69506000
-0.32224200
-0.75659900
-0.70497500
-0.47975800
-0.01263370
-0.41991400
-0.18552600
-0.75228400
-0.91749700
0.19981800
-0.83486000
-0.20248300
-0.73392000
-0.09945980
-0.31396700
-0.28129000
0.11633400
-0.82546400
0.60504100
0.12776000
-0.28270000
0.01176550
-0.38777500
-0.80208000
-0.38408300
0.44708500
-0.24168100
-0.24475700
-0.31511300
-0.34365700
0.18498900
-0.33074600
-0.70807200
0.51259400
-0.65746300
-0.29260700
-0.49102500
-0.59329800
-0.35265400
-0.25261800
0.16236900
-0.51755700
-0.52325100
-1.02705000
-0.16750700
-0.61450100
-0.03886390
-0.65900000
-0.49266400
-0.56364900
-0.37529400
-0.32356200
-0.85000500
0.21448500
-0.45798100
-0.32553600
-0.50925500
-0.69806500
-0.76083400
-0.65454800
-0.48162300
-0.53887800
-0.87383700
-0.26863300
0.03378740
-0.58885600
-0.00443632
-0.38264100
-0.72722400
-0.66631700
0.18195000
0.37493600
-0.29915200
-0.56682500
-0.39588600
-0.79198100
-0.33990900
-0.68255600
-0.28818000
-0.32066600
-0.46776600
-0.70346700
-0.23746800
-0.33158100
-0.06253210
-0.47029300
0.34413900
0.09463850
0.27312800
-0.26770400
-0.14853400
-0.53460500
-0.57399400
-0.02151220
0.28487400
-0.29070800
-0.12283800
0.05482030
-0.16234600
-0.36802000
-0.43157600
-0.71282000
-0.37326000
-0.29734700
0.15337400
-0.76186400
-0.28801800
-0.09404520
-0.25216700
-0.55740600
-1.02372000
0.35101400
-0.58289000
0.37732400
-0.37361000
-0.09427430
-0.81546300
0.14267600
-0.53183200
-0.49627600
0.09353940
-0.83794500
-0.44381800
-0.75876900
-0.46220300
-0.46157400
-0.05666400
-0.61193000
0.01976630
-0.33480500
-0.39915500
-0.12449500
-0.72245500
0.32730100
-0.45882800
-0.76186700
-0.61638900
-0.29396100
-0.25856700
0.32708700
-0.08144270
-0.09333760
-0.65024200
0.06464360
-0.62325800
-0.14089200
-0.41004300
-0.47873400
-0.32950800
-0.39646400
-0.21560600
-0.53614500
-0.08369810
-0.39586600
-0.30277000
0.09038850
-0.13253300
-0.29671100
-0.31744500
-0.05597690
-0.00358946
-0.39132700
-0.88720300
-0.60513900
0.01515170
-0.31011300
-0.10537200
-0.37757800
-0.23107900
-0.51765700
-0.17669800
-0.39156400
-0.35794300
0.04290540
0.16136400
0.12375500
0.68594600
-0.81970400
-0.47018000
0.65466000
-0.17531300
-0.54997200
-0.75194700
-0.26690800
-0.64506700
-0.05284140
-0.25988400
-0.51530600
-0.06004260
-0.25388500
-0.77365000
-0.02170850
-0.70293000
-0.42289900
-0.12801000
-0.20845300
-0.72987200
-0.05717490
-0.50593500
-0.19394200
-0.32286200
-0.89440400
-1.02431000
-0.24384700
-0.27507200
-0.14219900
-0.00094045
-0.51144300
-0.19085200
-0.43555300
-0.24230500
-0.15527300
-0.61332200
0.39989300
0.26074800
-0.13972700
0.65466000
-0.43678000
-0.57647100
-0.41048400
-0.45224300
0.41079300
0.33402000
0.60665600
-0.52483100
-0.51987700
0.09296870
-0.01346090
-0.35912000
0.55628800
0.29689200
-0.55892900
-0.56470100
-0.12997200
0.29119100
0.61333100
-0.43613000
-0.15129500
0.62347400
-0.62690700
-0.61047400
0.56628900
-0.39691100
0.07226810
-0.33442600
0.35514000
0.70056300
0.77539700
0.29435600
-0.08743290
0.30559800
0.60427300
0.28461000
-0.16078800
0.08919730
0.51828000
-0.33905200
-0.28785700
-0.14738000
-0.77125100
-0.56801900
-0.35448800
-0.46960500
0.31819200
-0.05626090
0.53684500
-0.59408900
-0.57613600
-0.48571000
0.98847400
-0.34867800
-0.58919800
-0.74377300
-0.48360100
-0.19783600
-0.79121200
0.32311000
-0.50652000
-0.10372100
-0.77660400
-0.13873400
-0.35975400
-0.58969600
-0.21816300
-0.19024700
-0.00778231
0.13853200
-0.44901100
-0.72297400
-0.75366400
0.05853270
-0.02634190
-0.37034900
-0.72908900
-0.38588100
0.21788500
-0.60888200
-0.85189600
0.15622900
-0.18865600
-0.29738300
-0.09891950
-0.20277700
0.01303620
-0.27501300
-0.39122800
-0.71613800
-0.27781300
-1.04643000
-0.50216300
-0.24543100
-0.28852000
-0.77108500
-0.68317000
-0.04903040
-0.35810700
-0.14760800
-0.30621400
-0.17811400
-0.67153800
-0.02322910
-0.07291260
-0.54287900
-0.63332200
-0.51031600
-0.03395670
-0.57672100
0.06649850
-0.36397800
-0.24547500
-0.34606700
0.21771200
-0.25439300
-0.66567000
-0.36849400
-0.22945600
0.01811080
-0.11602700
0.03243170
-0.54228400
-0.40162600
-0.15742900
-0.19669000
-0.23893500
-0.23465600
-0.58353500
-0.45076600
-0.34183400
-0.38937400
-0.19842000
-0.58991200
-0.43703500
-0.21455000
-0.20793200
-0.49535800
-0.70005400
-0.46498400
0.13930500
-0.81051700
-0.55873600
-0.12775200
-0.04979860
-0.19172200
-0.29957200
0.07073620
-0.37526600
-0.43612100
-0.14718200
-0.81826500
0.87667500
0.00836442
-0.60327000
0.17261400
-0.20147100
-1.11284000
0.24645900
0.11785500
-0.28311100
-0.46687900
-1.19033000
0.77072800
-0.22668800
-0.06771600
-0.71763300
0.64750600
0.04022140
1.17286000
-0.64112600
-0.21974600
-0.44993500
-0.55396600
-0.49416200
-0.39658200
-0.43171600
-0.76225000
-0.12485200
-0.64775200
-0.94671400
-0.51975200
-0.22608100
-0.39135100
-0.73247800
-0.35356600
0.53770000
-0.87362800
-0.38896400
-0.47380100
0.09346550
0.10817300
-0.65494400
-0.08661550
-0.32088800
-0.92033300
-0.84404700
-0.71421400
-0.51997900
1.19710000
-0.32290800
-0.66063300
0.14634800
-0.01694980
-0.47460900
-0.35861100
-0.71677100
0.85404800
0.69122700
-0.41836500
-0.70357000
0.04204310
-0.08858830
-0.21574900
-0.73290500
-0.73013800
-0.65110600
-0.44245500
-0.05342090
-0.52106000
-0.04081580
-0.03103410
-0.59742300
-0.04826700
-0.64255400
-0.07600050
-0.51302800
0.35940000
-0.02091260
-0.79694900
-0.18627100
-0.20111900
-0.46782400
-0.63259700
-0.07244670
0.25244600
-0.51763300
-0.34312500
0.14348200
-0.26697500
-0.57904400
0.38787000
-0.37773300
-0.59279200
-0.43958000
-0.86173300
0.04767220
0.43450500
0.86982400
0.02949260
-0.37345800
-0.32446700
0.52247700
-0.03263370
-0.32440200
-0.39135900
0.10580700
-0.28523200
-0.57305000
-0.24339400
0.48421600
-0.54491300
-0.45887200
-0.48219400
-0.40329900
-0.48217500
-0.43124000
-0.39733600
-0.62917200
-0.24030000
-0.10829700
-0.34557500
-0.42248100
-0.03864620
0.32363400
-0.94861600
-0.77412800
-0.43798200
-1.11660000
-0.55592600
0.64490200
-0.27176700
0.52385400
0.79250900
0.11388200
-0.56578700
-0.59024100
0.15370400
-0.47704600
-0.68825500
-0.19426600
-0.41869500
0.50683300
-0.90495200
-0.60904700
-0.19738500
-0.59873000
-0.66174600
-0.08864250
0.79432500
0.31331500
-0.44979300
0.36061800
-0.26677200
-0.31437100
-0.27087600
-0.26895700
-0.39225000
0.13170100
-0.14809100
-0.98171600
-0.10330300
0.27779500
-0.87012500
-0.33043400
-0.29303000
-0.08775580
0.37306200
0.36533500
-0.76109900
0.58124200
-0.27631500
-0.48358500
-0.51056300
-0.31517300
-0.16371200
-0.47637700
-0.38544200
-0.28096300
0.18369600
-0.19432300
0.06015420
-0.98046100
-0.50819700
0.22319700
0.06625200
-0.25892300
0.42798300
-0.13396000
-0.19665400
-0.74011300
0.86042100
0.28988700
0.38655400
-0.37648100
-0.10452700
-0.09224480
-0.75515300
0.03529260
-0.11167500
-0.26922700
-0.16004800
0.05396390
-0.61552800
-0.19802200
-0.42168800
0.03105470
-0.94501000
-0.53041500
-0.72449900
-0.27948300
-0.16218100
0.15348800
-0.49690200
0.15913700
-0.58327200
-0.36265000
-0.58290000
-0.91949300
-0.14404600
0.01821210
-0.20853400
-0.01451280
-0.09345640
-0.57963000
-0.08786940
0.10695900
0.05195480
-0.45658000
-0.54173000
0.10271500
-0.22288400
0.51053600
-0.43755700
-0.44475600
-0.25685600
-0.39453100
-0.29415100
-0.05487950
-0.20711000
-0.36210100
-0.65421400
-0.20283700
0.28159500
-0.48625400
-0.22873100
-0.21783700
-0.61514500
-0.16432100
0.21322000
-0.26262500
-0.27501100
-0.36500500
-0.51588800
-0.77029900
-0.18237600
0.63419500
0.77919000
0.12254800
0.22877400
-0.54593400
-0.12497200
-1.03117000
-0.33125500
0.23118000
-0.33059400
-0.36154700
-0.16394200
-0.35348300
-0.44730000
-0.37604300
-0.12319000
-0.26414700
-0.16882000
-0.03233350
-0.33304600
-0.28889100
-0.69077500
-0.21921900
-0.12836200
-0.51079900
0.04341920
-0.20667500
-0.59426900
-0.56366700
-0.22244800
-0.47437700
-0.07359170
0.01438350
-0.27862100
-0.10974200
-0.38098100
-0.17166900
-0.55387200
-0.45522100
-0.33183900
-0.29032300
-0.30134400
-0.25357100
-0.33496500
-0.71545500
-0.45864200
-0.43036600
-1.00875000
0.01686820
-0.40683500
-0.29942200
-0.29549900
-0.70800800
-0.58306900
0.38198600
-0.46177600
-0.38710600
-0.27527500
-0.44555200
-0.50833400
-0.01384610
-0.39005600
-0.20711400
-0.24689000
-0.31876100
-1.04551000
-0.41361300
-0.73260100
0.39148500
-0.53740100
0.15650900
0.02640600
-0.27849600
0.70800500
-0.24052100
-0.02883780
-0.39862700
-0.56483400
-1.00876000
-0.31062800
-0.23236400
-0.44622200
-0.13406600
-0.29904800
0.09772520
-0.32068800
-0.56444800
-0.37920900
-0.17783100
-0.07657210
0.84040100
0.67440500
-0.45481900
-0.70947100
-0.29821200
-0.45993100
-0.38816800
-0.34867600
-1.29859000
-0.61008000
-0.54072900
0.02447160
0.18163400
-0.19331000
-0.83831600
-0.57419100
-0.42457900
0.21549700
-0.96347700
-0.31774900
1.11173000
-0.28576800
-0.14429700
0.79432300
0.18552500
-0.72235500
-0.20634700
-0.87705600
-0.34722300
-0.24371100
-0.45590900
-0.27175900
-1.15366000
-0.26587400
-0.28531400
0.56842900
0.28967300
-0.09074280
-0.72368700
-0.63215500
-0.34508400
-0.98748800
-0.93565400
-0.34149900
-0.23086300
0.28616600
0.44980300
0.10603400
-0.00413371
0.18516200
-0.42388400
0.13812100
-0.32050500
0.62270200
0.24386500
0.56881400
-0.45910000
0.76520600
-0.23956800
-0.14051300
0.00647448
-0.18991100
-0.46095500
-0.03940580
0.56704500
-0.05201610
-0.26880100
-0.53112600
-0.49643000
-0.21334200
-0.26536600
-0.39464700
0.27577300
0.04538910
-0.16899100
-0.29342300
-0.19597000
-0.80941500
-0.20199700
-0.16106000
0.31109300
-0.61540700
-0.38762300
-0.42949900
-0.56985900
-0.40928200
-0.24883900
-0.42226500
-0.10576800
0.29719000
0.66794600
-0.03991620
0.61591300
0.67860700
0.96096400
-0.51552700
-0.36434600
-0.31645100
-0.43173300
-0.34019400
-0.47173200
-0.35490100
0.13537400
-0.13908400
-0.14547600
-0.30689200
-0.01947550
-0.34986200
-0.02560900
-0.70971600
0.23718300
-0.35147400
-0.61518200
-0.67304200
-0.47707600
0.57610000
-0.94509800
-0.00359563
0.50048900
-0.75878700
-0.63832300
-0.42575300
-0.61263700
-0.76484400
-0.41585200
-0.26633600
-0.44230000
-0.52200900
0.06701360
-0.42916400
0.26648000
-0.42477500
-0.57181700
-0.53424300
-0.10607100
0.52245100
-0.40641000
-0.28029600
-0.41950100
-0.14335800
-0.30915600
-0.44130800
-0.38885800
-0.21860700
-0.38031800
-1.07863000
-0.17117600
-0.11673600
-0.85352300
-0.37939000
-0.44669800
-0.12133700
-0.50638600
-0.28626300
-0.26445900
-0.77199500
-0.41638200
-0.02256400
-0.13334500
0.86718100
-0.76968700
-0.42835400
-0.12947700
-0.43950400
-0.48728100
-0.39910600
0.18743300
-0.64099100
-0.34265100
0.04992220
-0.56330000
-0.21819500
0.04098890
0.17564800
-0.38590200
-0.06351220
0.03971840
-0.91155600
-0.46983000
-0.46674600
-0.43182700
-0.22568900
-0.20940500
-0.24932200
-0.24012800
-0.01859760
-1.50255000
0.41477000
-0.70437700
0.44448700
0.24596000
-0.91283800
0.30260200
-0.34131400
-0.30334700
0.20947100
0.05748330
-0.43841900
-0.08585590
0.06475420
-0.21663700
-0.18159700
0.18034200
-0.37170100
-0.11840800
-0.39884000
-0.70015400
-0.28246800
-0.06587610
-0.01489090
-0.24072200
-0.31302900
-1.03484000
-0.42045500
-0.49795400
-0.40343700
-0.25795200
-0.36746200
-0.19412700
-0.38109300
0.47945200
-0.23702000
-0.37514500
-0.24791600
-0.21987100
-0.41038200
0.13550800
-0.96080200
0.48751900
-0.64016300
-0.28819500
-0.19208700
-0.11553500
-0.31915400
0.00579026
-0.55962800
-0.83300900
-0.08429960
-0.50346500
-0.29266700
-0.11736500
-0.18049200
-0.33870300
-0.16601400
-0.73915900
-0.64129000
-0.29800900
-0.23092100
-0.12368500
0.40082400
-0.03439390
-0.41841300
-0.14816100
-0.15514800
-0.70946300
-0.70844500
-0.38202100
-0.16469900
-0.27335500
0.01054750
-0.49585300
-0.59691300
-0.52384200
-0.54618600
-0.25646800
-0.42583900
-0.43746400
-0.59202900
-0.18431000
0.00557546
-0.14816800
0.25008200
-0.39253900
-0.27040300
-0.41591200
-0.02161340
0.13519100
-0.52365000
-0.23187400
-0.42065200
-0.30656000
-1.11678000
0.03191510
0.28272000
-0.39925600
-0.31287400
-0.14916300
0.06566560
-0.30689200
-0.65814400
-0.60470000
-0.50258600
-0.46903500
0.44186600
-0.49275200
-0.75371400
-0.31921700
-0.73898600
-0.56672800
-0.29820400
-0.31568800
0.15307000
0.00452425
-0.73782200
-0.41743900
-0.16534700
0.19869000
-0.18827900
-0.42595900
-0.47155300
0.01297440
-0.24538100
-0.15593900
-0.70526900
0.13999000
-0.49807900
-0.26098800
-0.64501600
-0.44831400
-0.57029500
-0.37145600
0.08338770
-0.39426500
-0.29314800
-0.27622500
-0.26507600
0.01075130
-0.41631500
-0.44132500
-0.39829300
-0.00308776
-0.07239210
-0.39277200
0.47641200
-0.50169600
-0.16886000
-0.55631000
0.13643200
-0.36822700
0.44786000
-0.15836300
0.62078100
0.46176000
-0.89618900
-0.00046531
-0.71755800
0.19980900
-0.49126000
-0.38146300
-0.24156800
-0.41105900
-0.09842890
0.00588399
0.15182700
-0.08521320
-0.24155900
-0.52040000
-0.23832100
-0.37937900
-0.09269040
0.06409750
-0.02505360
-0.42584700
-0.50953800
-0.19035700
-0.43374600
-0.52545400
-0.84115200
-0.12744500
1.02343000
0.36993600
-0.16708900
-0.66199900
-0.51457000
-0.69273600
0.06331580
-0.66710800
-0.24455200
-0.95513800
-0.31708400
-0.09070520
-0.92302800
-0.24911400
-0.41099400
-0.87309700
-0.64193600
-0.41091800
-0.33213200
-0.00469748
-0.26081300
-0.36485000
-0.27497200
-0.39375500
-0.71169100
-0.22377100
-0.43312200
-0.21119300
-0.46201600
0.40592700
0.49283300
0.06022020
-0.09423700
-0.30375700
0.76301700
0.10955100
-0.16404400
-0.68661600
0.20165700
-0.75334100
-0.15617700
-1.21850000
-0.04335210
-0.23181500
-0.17249000
-0.64662300
-0.24366600
-0.52141100
-0.92732500
-0.58274000
-0.03416090
-0.29168300
-0.55104100
-0.71479200
-0.10823400
-0.42281400
-0.61194900
-0.30779500
0.02490910
0.03902580
-0.66965000
-0.44488600
-0.23454500
-0.66199800
-0.82958100
-0.50054800
-0.08429380
0.02221720
0.30935900
-0.12231900
-0.17713500
-0.85871300
-0.54518400
-0.40595100
-0.51031200
1.00518000
0.73222400
-0.92128900
-0.38241000
-0.53796500
-0.82713200
-1.04895000
-0.14889000
-0.01796460
-0.43455900
-0.04324690
-0.44338500
-1.37933000
-0.37861600
-0.02419680
-0.34699200
-0.03610340
-0.56471400
0.46651600
-0.24148000
0.10774500
0.19720600
-0.13818400
-0.53105100
-0.24773200
0.04477620
-0.26676200
-0.77891900
-0.31405500
0.00950362
-0.55179700
-0.44984400
-0.14083000
-0.07751360
-0.31919600
-0.24657600
0.52653000
-0.61408300
-0.06119350
-0.66051100
0.51509700
-0.41675900
-0.18619700
-0.09425990
-0.63829200
-0.58704500
-0.16667700
0.52069200
-0.15363300
-0.37514400
-0.49022700
-0.42927700
-0.40896500
-0.59671100
-0.02594340
-0.51258800
-0.21079500
-0.55662600
-0.34209500
-0.12971200
0.63203800
-0.47190000
0.10924500
-1.26015000
-0.66793400
-0.49340700
-0.28034400
-0.38066700
0.34337500
-0.58367000
-0.29074200
-0.55823900
-0.34844800
-0.82244700
-0.45229700
-0.13367000
-0.24936100
-0.43249900
-0.46518200
0.14188900
-0.09935210
-0.23677700
-0.44860100
0.01713660
-0.04721690
0.43069700
0.29100900
0.08427250
-0.32133000
-0.27040800
-0.77252200
-0.45548500
0.90424400
0.19602500
-0.72989900
0.30151600
-0.78504100
-0.07698730
-0.74338400
-0.51704100
-0.45463100
-0.17685400
0.11135100
-0.49767400
-0.55374300
-0.30485800
-0.30965800
-0.46275100
-0.22411100
-0.62753600
-0.75080400
-0.35825200
-0.14699200
-0.28131400
0.80783100
-0.23953500
-0.27733200
-0.58021500
-0.27460800
0.26664600
0.65996400
-0.07009870
-0.21326400
-0.28763500
-1.28270000
-0.49051700
-0.46273400
0.27263100
-0.35784800
-0.93678600
0.16581600
0.09832650
0.08610610
-0.12265900
-0.46217500
0.00487444
-0.56868400
-0.60384700
0.31564800
-0.75836700
-0.46031600
-0.89095900
-0.23634400
0.20779400
-1.20791000
-0.16988500
-0.12047400
0.05613730
-0.02783880
-0.49732800
-0.29900500
-0.60893000
-0.12796500
0.54173700
0.15041600
-0.29608000
-0.42906400
-0.58009300
-0.53688400
-0.28517900
-0.66223200
0.33637600
-0.72312600
0.00775111
-0.24969900
-0.59780700
0.30251500
-1.32742000
0.04110950
-0.44850300
-0.59236300
-0.99429300
-0.80536400
0.20863300
-0.42380600
-0.76620900
-0.01112820
0.77750600
-0.71834800
0.46865800
-0.28748100
-0.01297780
0.02836590
-0.39134900
-0.62430100
-0.15022100
-0.36314500
-0.44364500
-0.65378700
-0.00893661
-0.40558100
-0.52473400
-0.81383800
-0.16979900
-0.51729600
-0.28896200
-0.52586700
-0.46274000
-0.69666000
-0.59629400
-0.46075700
0.04643470
-0.53728200
-0.74586200
0.13314800
0.48184900
0.14123500
-0.79807300
-0.66852400
0.08571880
-0.09369320
-0.08342370
-0.71904700
-0.43518000
-0.29153400
0.19403700
-0.44077400
-0.54210800
-0.04363160
0.42324600
-0.19632000
-0.23685600
0.16997800
-0.73268000
-0.29217000
-0.03377580
0.49414700
-0.39793800
-0.44289200
-0.42896400
0.34955300
0.17028800
-0.54054200
0.26192900
0.03074170
-0.33491300
-0.98056300
-0.53906000
-0.13708000
1.29792000
-0.10561500
0.28489900
0.22442800
-0.47976800
-0.54443000
0.50870100
0.63384800
-0.20376200
-0.45485500
-0.52765400
-0.21107500
-0.36213100
-0.36997300
-0.32073200
-0.40255200
-0.23726400
0.05326090
-0.08029570
-0.47244700
-0.29983600
-0.31707200
-0.11946700
-0.21963400
-0.53694700
-0.49138800
-0.42955500
-0.48026800
-0.18855500
-0.28121300
-0.47329400
-0.43297000
-0.43999700
-0.15891000
-0.51912900
0.83847300
-0.55343600
-0.62408500
-0.40671000
-0.73788700
-1.02242000
-0.21087000
-0.68079600
-0.09194200
2.56506000
1.79520000
-0.50732500
-0.39967400
0.14349100
-0.18514300
-0.80913600
-0.96788700
-0.84412700
0.02905670
-0.47088300
-0.02057460
-0.06363650
0.16785900
-0.95155700
-0.42375700
-0.26299200
0.20743100
-0.56900600
-0.41811500
-0.79048400
-0.75852800
-0.71655100
-0.15410400
0.25575800
-0.56075700
0.19172800
-0.59500700
-1.23322000
0.09500930
-0.17570400
-0.10902700
-1.19673000
-0.43734200
-0.46956800
0.62022000
0.64009900
-0.00900794
0.06956150
-1.04169000
-0.54806800
-0.38871800
-0.96622400
-0.26861700
-0.84077800
-0.38830700
-0.54708300
-0.14913900
0.02831090
-0.82971400
-0.45941700
-0.42249300
-0.83581300
-0.77435200
-0.11089300
0.89454500
-0.30250700
-0.35745500
-0.63032000
-0.22122700
-0.33111600
0.21503900
-0.86962800
-1.01006000
-0.15626700
0.44989200
-0.84092500
-0.34729200
-1.25848000
-0.75903300
-0.85224700
0.09782440
-0.80521700
-0.06681610
-0.48430700
-0.20115600
0.64711700
-0.19850900
-0.66080700
-0.42434200
-0.25297200
-0.10597900
1.56143000
0.10870300
0.53928800
-0.69431200
-0.20524800
0.03369340
-0.67085900
-0.70255600
-0.13319400
-0.49803500
-0.18495400
-0.14637000
0.10118800
-0.38655400
-0.16784200
-0.62105500
-0.65072100
-0.01717880
-1.25351000
0.56555000
0.20827700
-0.27025600
-0.08144730
-0.48921900
0.09727260
0.20212500
-0.40530900
-0.67141300
-0.47397200
-0.43574100
-0.79482100
-0.10119700
-0.12265100
-0.09478420
-0.57088300
-0.31370500
-0.02051160
-0.45796100
-0.64926200
-0.13270000
-0.67264000
-0.12234800
-0.45078700
-0.31249300
-0.11256100
-0.48106300
-0.47620900
-0.34015100
-0.61122700
-0.45218200
0.26323800
-0.41805900
0.01491210
-0.61895600
-0.11320800
0.13997700
0.33721500
-0.52678300
-0.37021000
-0.64298700
0.32206100
0.36462100
-0.85184100
-0.41504700
0.14018900
-0.07788710
-0.44630100
0.23210100
-0.50844100
-0.13398700
0.77925900
0.47596400
-0.27906700
-0.47988000
0.24408900
-0.11609600
-0.59917600
-0.33200100
-0.20043500
-0.57800600
0.33544200
0.47051900
1.29852000
0.18755000
-0.27798600
-0.31608400
-0.40666900
-0.17646900
-1.09581000
-0.15054700
0.64654500
0.36830900
0.94249700
0.65938500
-0.29081300
-0.25763500
0.39278700
-0.61146500
-0.11041000
-0.16489600
-0.46254000
-0.24540600
0.73311200
1.42152000
-0.51179700
-0.64599700
-0.19778700
-0.34728800
-0.87469400
0.15460100
-0.25746100
-0.48800200
0.12184000
-0.41149200
-0.57900300
-0.26126100
-0.22333500
-0.84095400
-0.23170100
-1.03482000
-0.91142700
-0.20599200
-0.36228500
-0.24981000
-0.32801000
-0.76081000
-0.43479500
0.14436500
-0.15210100
-0.69589800
0.23830400
0.08547430
-0.85095100
0.10908800
-0.34822500
-0.49391400
-0.51765700
-0.30735600
-0.35671000
-0.03037890
-0.20260200
-0.12389500
-0.57200200
-0.26100800
0.30669300
-0.34880400
0.44837500
-0.20954400
-0.43527700
-0.33643900
-0.18809800
-0.22356700
-0.17777000
0.27917700
-0.10404800
-0.93827600
-0.26605500
0.89788300
0.34674400
-0.46206400
-0.38676900
1.68896000
-0.15412900
-0.34594600
-0.36537200
-0.23425300
0.24923000
-0.20447300
-0.21422200
-0.02709070
-0.16594800
-0.37877900
-0.22645400
-0.45378900
-0.59053100
0.18361700
-0.14559600
-0.11518000
-0.39417500
-0.11931900
-0.02408300
-0.80850500
-0.42244000
-0.74782000
-1.03556000
-0.32904200
-0.20248300
-0.83588600
-0.12533700
-0.53728600
-0.21619500
-0.14770800
0.10577400
-0.48764300
-0.46401100
-0.09846870
-0.34775300
-0.72488100
-0.16407400
-1.38338000
0.78513200
-0.04545070
-0.30022300
-0.63676400
-0.12186300
-0.57738700
-0.08595000
-0.45049800
0.00884841
-0.37798200
-0.04947200
-0.21053000
-0.05504640
-0.39524300
-0.38807800
-0.50481900
-0.17142200
-0.14501200
-0.07403530
-0.23779200
-0.20448500
0.02160290
0.61876800
0.30801400
-0.40323600
0.05318790
-0.50488000
-0.16939500
-0.45691500
-0.50660100
0.45299900
-0.67588500
-0.11064400
-0.16332900
0.04405530
-0.62831800
-1.10658000
-0.39409200
-0.40390300
0.53613300
-0.35673000
-0.73109400
-0.17856600
0.77112900
-0.21850600
0.17729700
-0.63042700
-0.09957220
-0.73758700
-0.20489200
-0.06314740
-0.02172480
0.26622000
-0.24808600
-0.46855000
0.27716100
-0.90855100
-0.54830800
0.08908710
-0.38039000
-0.41003000
-0.26967600
-0.39881000
0.16371100
-0.15712200
-0.41840800
-0.42543200
-0.74293700
-0.30949100
-0.83086600
-0.08905410
-0.65399400
-0.27006200
-0.23778700
0.08037230
-0.87272300
-0.56615800
-0.24436600
-0.07497850
0.03179020
-0.51673100
0.20164700
0.09227100
-0.17871400
-0.17373700
0.06052880
-0.58547800
-0.63197300
-0.14511700
-0.22231400
-0.25844300
0.35291400
-0.46909400
0.01011600
-0.63266300
0.04222560
-0.38427300
-0.36802100
-0.35092100
-0.47929100
-0.39670400
0.11032700
-0.42193500
-0.00743228
-0.07015010
-0.84263800
-0.41141400
-0.42276500
-0.45508700
-0.57810800
-0.48895000
-0.40771300
-0.32284400
-0.24615200
0.23343000
-0.67859500
0.08304910
0.59234800
0.16746700
-0.21699200
-0.04727380
-0.71252300
-0.13783200
-0.24296200
-0.93779900
-0.27438400
0.19611400
-0.02879240
-0.52522600
1.09132000
-0.37836900
-0.80499100
0.49006900
-0.07879370
-0.16813600
-0.16574000
-0.28917500
0.30697900
-0.17612900
0.25627300
-0.44821800
-0.19240400
-0.04068560
0.01368390
-0.54792700
-0.24737000
-0.49882300
-0.54170900
0.17216100
-0.10381800
0.46877600
-0.56760100
-0.63105700
-0.87691900
-0.46736400
-0.24851400
-0.53408400
-0.08759350
-0.31223300
0.20095700
-0.56858800
-0.35351800
-0.59966600
-0.67028300
-0.14850500
-0.84255200
-0.50512900
-0.29906500
0.02118420
-0.85253500
-0.18305000
-0.39127100
-0.37789400
-0.68228100
-0.90111000
-0.33903800
0.05623060
0.08969350
-0.04098550
-0.48358800
-0.17276600
-0.46151600
-0.00907503
-0.40249300
-0.43257600
-0.26600500
-0.36514900
-1.63929000
0.01801390
-0.46207200
-0.51900200
-0.59259100
-0.64403200
-0.81035500
-0.39965200
-0.29375100
-0.18790400
-0.26673200
-0.21650700
0.53781300
-0.50225900
-0.35623800
-0.26135100
-0.05024060
0.32020700
-0.78580400
-0.52133200
-0.66615500
-0.01685150
-0.43280500
-0.69261600
-0.21884700
-0.15683900
-0.15000600
-0.69399500
-0.29683700
0.47041600
-0.35087300
-0.50678600
-0.83282600
-0.47389200
-0.28702900
-0.34413600
-0.61974500
-0.22143100
0.59304100
-0.23166000
-0.47755200
0.55030700
0.06295120
-0.02481550
0.74905000
-0.05746200
-0.58759200
-0.76027700
-0.27271700
-0.49578300
-0.36592500
-0.22413400
-0.60176500
0.15082900
-0.39644000
-0.47321500
-0.48830000
0.20865300
-0.07882110
-0.58855000
-0.48385800
-0.42574900
-0.63282100
-0.06344310
-0.36611000
-0.64042900
-0.16958700
-0.92062800
-0.05271450
-0.48240500
-0.47503600
0.21145900
1.01861000
-0.37146400
-0.62454200
-0.20535100
0.01737530
-0.49339200
0.20104300
-0.61634600
0.34832000
0.10949700
-0.79981000
-0.29808400
-0.02751650
-0.60285300
-0.00143592
-0.69659400
-0.52320100
-0.57062900
-0.70057700
0.93914200
-0.92333500
0.12729300
-0.14542000
-0.37795600
-0.46413900
-0.25530700
-0.16916500
-0.71066900
0.03419980
-0.01682810
-0.43548100
-0.43463200
0.29956200
-0.30095200
-0.42276500
-0.02228470
-0.00747415
-0.64106800
1.31653000
-0.33357400
-0.04084890
-0.85721000
0.74379300
-0.60431400
-0.32917400
0.39041900
-0.46129700
-0.09534130
-0.36584800
0.15755600
-0.31228200
-0.45488700
-0.49836700
-0.48130700
0.00234929
0.55530300
1.05518000
-0.33084900
-0.49977500
-0.07993240
-0.48558500
-0.25862300
-0.36851300
-0.59895700
-0.04193420
-0.71841100
-0.00148190
1.24411000
0.61970400
0.53848200
-0.21740100
-0.33378500
0.41101400
0.21497200
-0.61649100
-0.30841800
-0.02310400
-0.51094800
-0.51245400
-0.70261200
-0.47741300
0.05884250
-0.07938010
-0.47947900
0.01806230
-0.45734800
-0.69903300
-0.42555400
-0.69773400
-0.35511900
-0.61526000
-0.19450300
-0.18662100
-0.93807700
-0.17631800
-0.00817747
-0.15413300
-0.17865900
-0.13207300
-0.96531600
0.06773410
-0.91627200
-0.15150500
-0.52843700
-0.79400600
-0.89599300
-0.61710400
-0.86514300
-0.03191210
-0.19850200
0.39837600
-0.24928300
0.13875800
-0.57477200
0.01770350
-1.03220000
-0.24322000
-0.64562900
-0.40456700
0.30146900
-0.38448800
-0.13561200
-0.65951800
0.97815500
-0.23467800
-0.87809200
0.51872900
-0.40461300
-1.04747000
-0.82611800
0.42884700
-0.69866500
-0.72052000
-0.24611600
-1.04367000
-0.13487000
-0.51071600
-1.04864000
-0.24935400
0.00513522
-0.38600800
-0.01754380
-0.39953400
-0.49077900
0.28435900
-0.31920900
-0.21026100
-0.47297400
-0.49482200
-0.44310400
-1.01120000
0.25530400
-0.63757500
0.88142300
-0.14411400
-0.70175300
-0.25887400
-0.34150500
-0.08105980
-0.12111600
-0.43669300
-0.24518100
-0.14485200
-0.37479400
0.07258860
-0.12326000
-0.23536300
1.17687000
-0.32211900
-0.34101500
-0.46225900
-0.50601600
-0.81669700
-0.88983300
0.25861100
-0.35638300
0.03123930
-0.06038990
-0.45853800
0.04927490
-0.29731800
-0.75965600
-0.37400600
-0.63391300
-0.26962000
-0.34411100
-0.53370400
-0.06332520
-0.41786200
-0.45064200
-0.07125310
0.48192000
-0.10748800
-0.54012100
-0.42147600
-0.29081600
-0.52731000
-0.22031700
-0.48443500
-0.66375900
-0.51212700
0.25111700
-0.23031900
-0.28008800
-0.43851400
-0.48509600
-0.61049200
-0.40694700
-0.27135400
-0.07348530
-0.36368400
-0.31977000
0.15045600
0.62252500
0.97019800
-0.15482400
-0.29716100
0.18852100
-0.29701800
-0.39052700
-0.35115300
-0.46790800
0.18132100
-0.54253300
1.46721000
-0.42592600
-0.43499700
-0.80495500
-0.38658000
-0.64036500
-0.17887100
1.01825000
0.18754000
-0.32877900
-0.40798900
-0.43253400
-0.06215290
-0.51237000
-0.56108900
-0.49084600
-0.34081900
-0.16607200
-0.48179900
-0.34226000
-0.41289600
-0.25644900
-0.28018500
-0.44456700
0.07381460
-0.26313400
-0.32179100
-0.62001500
-0.65388200
0.44284500
-0.70137400
0.19224400
-0.28693600
0.71842500
-0.20673800
0.15105800
0.51316600
-0.64857400
0.71659900
-0.22971000
-0.72110500
0.68464400
-0.23782600
-0.59296100
-0.24840200
-0.07502280
0.18043000
-0.48678200
-0.73636400
-0.59032000
-0.49899200
-0.04316080
-0.41143300
0.37298700
-0.69756600
-0.09433300
-0.20945000
-0.30561200
-0.72493100
-0.32967200
-0.76438700
0.06317820
-0.14581600
-0.20397300
0.06640630
-0.61436100
-0.17456200
-0.40707500
0.11138800
-0.40958300
0.15121500
-0.57420100
-0.12145400
-0.42550200
-0.27748600
-0.73351200
-0.86102200
-0.42545700
-0.38299200
-0.07789340
-0.38118100
-0.02598730
-0.12813500
-0.37530000
-0.44050300
-0.70099200
-0.19337700
-0.40859600
-0.01778370
-0.58097800
-0.92271900
-0.43022400
-0.41996800
-0.72624100
-0.22861900
-0.18583200
-0.44106800
0.31589300
-0.12492400
-0.39714600
-0.13250400
-0.81709800
0.08210520
0.34545600
-0.70305700
0.35755900
1.02275000
-0.70109600
0.37765400
-0.67872900
-0.34742500
-0.14749900
-0.49840800
-0.25905400
-0.23381200
-0.12785000
-0.66612000
-0.16067800
-0.49480200
-0.48130000
-0.74258700
0.02629820
-0.19701400
0.07906220
-0.52043400
-0.77379900
-0.60563400
-0.24038700
-0.42142300
-0.51233500
0.04503260
0.17429800
0.26506100
-0.36354300
-0.31443400
0.31393000
-0.26148300
-0.20872800
-0.00352313
0.44372700
-0.68028000
0.55992900
-0.38195000
-0.61131300
-0.02766420
0.39239200
-0.47759200
-0.28912200
-0.71670700
-0.22000800
-0.14995500
-0.44960200
0.08672710
-0.09383630
0.06285260
-0.74399900
0.09264290
-0.71557900
0.88714500
-0.40634200
-0.42929500
-0.30060100
-0.17117700
-0.11725300
-0.10923300
-0.72777200
-0.08180740
-0.42779200
-0.55071100
-0.59116100
-0.93604200
-0.13377200
-0.43005900
-0.23974200
-0.33429100
0.09029530
0.16188700
0.14009100
-0.28151300
0.17300000
-0.55323100
-0.34187700
-0.49642500
0.15346100
0.86639700
-0.53341700
-0.74765500
-0.45106300
-0.34852700
-0.54896600
-0.36127000
-0.83466800
-0.40221700
-0.80225200
-0.35212600
0.06703980
-0.39018500
-0.07170030
-0.36225900
-0.17686900
0.42142700
0.11457900
-0.09996250
-0.31184700
-0.04762010
-0.72440700
-0.59171300
-0.69851600
-0.59227300
-0.65363300
-0.60149000
-0.79715700
-0.08978440
-0.83301000
0.14685400
-0.39998500
-0.07473100
-0.05061070
-0.30608200
-0.00044582
-0.59788200
-0.32961100
-0.53547400
-0.28474800
0.08741200
-0.20351000
-0.60665700
-0.33383700
-0.40853500
-0.84146200
-0.81341800
-0.56035800
-0.30990000
-0.59156900
-0.35006200
-0.32503600
-0.27956000
0.04657250
-0.28633300
-0.31029800
-0.45245200
-0.12085400
-0.29560900
-0.43792600
-0.08333010
-0.38117900
-0.11700000
-0.69640700
-0.10737000
-0.38478200
-0.00305909
-0.77820100
-0.11770400
-0.25064600
-0.12269000
-0.01438680
-0.10084400
-0.84961300
-0.25849400
0.41351600
-0.41402800
0.31204200
0.06872140
-0.04810130
-0.39349400
-0.89275900
-0.19363100
-0.09927960
-1.09668000
-0.31265900
0.21646100
-0.51051300
-0.70438800
-0.51153200
-0.15335300
-0.61284400
-0.45543000
-0.14254300
-0.42462500
-0.36666200
0.03218430
-0.15328800
-0.27260000
-0.13380100
-0.28105200
0.45354500
-0.44210300
-0.29217200
-0.35139800
-0.56134900
-0.38974100
-0.64550900
-0.16601700
0.14757800
0.44483100
0.13927000
-0.73522400
-0.57080400
-0.47325000
-0.59042400
-0.53419700
-0.35072400
-0.34198300
0.15811400
-0.79607600
0.09548560
-0.25980000
-0.69837600
-0.66263000
-0.30045200
-0.58859700
-0.66321000
-0.30422000
0.30511700
-0.63816400
-0.41837100
0.13533900
-0.94316700
0.68501800
0.08791040
-0.39956800
-0.22952000
0.27553000
-0.51869300
-0.55338600
-0.36801600
-0.31076500
0.16011100
-0.22737900
0.58496700
0.01322860
1.09243000
-0.44007900
0.00109331
-0.01388150
-0.19741300
-0.24981600
-0.95260200
-0.19762600
-0.44040400
-0.64526100
-0.51028000
-0.19541800
0.25320400
-0.22792800
0.19184700
-0.14352500
-0.41461200
0.14179300
0.07433980
-0.00504305
0.12281300
1.07641000
0.49800800
-0.07922580
-0.16225000
0.88354400
-0.22089100
-0.34134300
-0.69715800
-0.70691000
0.05695920
0.14288900
-0.58911700
-0.17350000
-0.32066700
-0.23378100
-0.59396200
-0.19687100
0.31768700
-0.30018000
-0.06367750
-0.08330560
0.26502200
-0.08454670
-0.96630600
-0.28477400
-0.39915400
0.90892200
-0.81498200
-0.31775000
-0.43763300
-0.20709000
-0.71776400
0.04029810
-0.35835100
-0.27913900
-0.35606000
-0.27532200
-0.28160400
-0.32425200
-0.16015600
-0.14503700
-0.56002300
-0.39808300
-0.66107900
-0.26867800
0.07520030
0.16378700
-0.11660500
-0.54277000
-1.01022000
-0.17439600
-0.34808600
-0.00299272
0.03466570
-0.90915800
-0.02386270
-0.67838400
0.68604600
-0.17925600
-0.10832000
-0.35711600
0.45877400
-0.22307600
-0.37584500
0.06829400
-0.23900700
-0.26359900
-0.12146000
-0.38743800
-0.15723700
0.38561200
-0.12465700
-0.10379900
-0.53967900
-0.51139900
-0.28804100
0.00483954
-0.37723900
-0.68824100
-0.57485400
0.25403900
-0.66565500
-0.29306600
-0.11910000
0.24456500
-0.77140300
-0.50184400
0.20215300
1.56978000
-1.26175000
-0.51974100
0.47736900
-0.88598100
0.54305400
-0.28917000
-0.11510000
-0.12006600
-0.78961900
-0.63914600
-0.16992600
-0.54260900
0.59143000
-0.43749000
0.09752690
1.03882000
-0.69924000
-0.61831200
-0.53784000
-1.25815000
-0.31990000
-0.55375200
-0.49747300
-0.31146700
-0.12699500
-0.27943500
-0.45617200
-0.68000100
-0.15477000
-0.18334200
-0.47158100
-0.41217800
-0.72462200
0.84672200
-0.46382400
-0.31182600
-0.63570700
-0.15441300
-0.26494300
-0.34117300
-0.44073900
-0.53439500
-0.62126800
-0.11007700
-0.05579250
-0.41416100
-0.24844800
-0.33337700
-0.97232800
-0.37793400
-0.57693900
-0.99241700
-0.74409100
-0.19767100
-0.24844500
0.14097900
-0.78567900
0.56770500
0.03082460
-0.66852400
-0.98888300
0.01890810
-0.67149000
-0.26810200
-0.32580300
-0.44389800
-0.29831500
0.07533480
-0.20617000
-0.25680500
-0.38127800
-0.61046500
-0.49607500
0.19732800
0.21170100
-0.72931800
-0.30812400
-0.53721600
-0.23928500
-0.49406600
-0.86878300
-0.32516600
-0.50322300
-0.23771900
0.02430860
0.19050700
-0.75738800
0.45306100
-0.57638200
-0.09060920
-0.59182300
-0.07277120
-0.78445800
-0.53356900
-0.11759900
-0.87317100
-0.04322620
-0.00067041
-0.13399200
-0.45005800
-0.12858100
0.36175200
-0.22881800
-0.38011800
0.01761390
-0.41670100
-0.10622300
-0.21317600
-0.63144900
-0.12470300
0.40276800
-0.00253005
-0.44746700
1.11740000
-0.25909400
-0.16487500
-0.02678940
-0.41819400
-0.11437000
-0.25460100
-0.33016200
-0.47714000
-0.05063690
-0.45945900
-0.14640400
-0.42294400
0.02329720
-0.21294300
-0.04911910
-0.46371800
-0.43534500
-0.33428600
-0.72069500
-0.01941620
-0.00941329
0.22430800
-0.04549810
0.43814800
0.09926410
-0.47394600
0.70558200
-0.37893500
-0.52618700
0.29209300
0.10394300
-0.07245480
-0.40821000
-0.66627500
-0.24927700
-0.96052200
-0.35924700
-0.22479400
-0.34409300
-0.30922100
0.29057900
0.20327800
0.03333480
-0.38226800
-0.10285600
-0.45436400
-0.24784700
-0.31113600
-0.24536200
-0.40214900
-0.53352800
-0.31409900
-0.48827300
0.01224770
-0.23093900
-0.30910100
1.01333000
-0.32070400
-0.28894200
-0.75175200
-0.45828400
-0.43888200
-1.17461000
-0.31080300
-0.04029550
-0.96741700
-0.19302600
-0.48115300
-0.48951400
-0.21131400
-0.98499200
-0.37510500
0.02174270
0.23233100
-0.31644800
-1.15292000
-0.60949200
-0.22744000
-0.58558200
-0.29291100
0.58030600
-0.21252900
-0.42703200
-0.35921500
-0.60638000
-0.88006000
0.11637300
-0.51615300
-0.47118700
-0.10221900
0.21818200
-0.14133200
-0.07990470
-0.83727500
-0.02573130
0.14982100
-0.15674900
-0.26763000
-0.14801800
-0.09007360
-0.25064900
-0.13991700
-0.07227030
-0.17747300
-0.27239000
-0.56289600
-0.43086000
-0.10200500
-0.57940900
-0.40355600
-0.14021200
-0.40000000
-0.55075200
-0.04782350
-0.33169200
0.53770300
-0.64042800
-0.22459300
-0.55209100
0.06259880
-0.86451300
-0.31176900
0.08388260
0.28191300
-0.10218300
0.28109400
0.00777078
-0.47105700
-1.05696000
-0.37739100
-0.31256000
-0.43450200
-0.50442800
-0.30491400
-0.25604800
-0.33692300
-0.28792300
-0.41462000
-0.17892500
-0.49420700
0.31769700
-0.13969600
0.06931980
0.10026000
0.54599700
-0.38291600
-0.60338800
-0.42351800
0.16491500
-0.23690100
0.18007100
-0.18781100
1.50329000
-0.04466070
-0.06850760
-0.17412200
0.01578380
-0.68194100
0.36993300
0.59982100
-0.18586000
-0.63598400
0.24234400
-0.22599200
0.45308200
-0.31214200
0.20018000
-0.55243600
-0.13226000
-0.52854600
-0.12140000
-0.50597300
-0.25659000
-0.16118900
-0.86802000
0.00805938
-0.31721500
-0.30099100
-0.25464900
-0.79495600
-0.06066700
0.21673100
-0.41073900
0.03794260
-0.39720800
0.28782900
-0.14228500
-0.27995300
-1.06371000
0.20621300
-0.39182000
-0.34819900
-0.69566800
-0.56259600
-0.42768000
-0.36486600
0.13467300
-0.47027800
0.09394660
0.24469400
-0.92040700
-0.50444300
-0.01373370
-0.48082500
-0.54189900
0.07265920
-0.38785000
-0.78543200
-0.42214800
-0.36118400
-0.29368300
-0.03463100
-0.19114600
0.14954200
-0.56789700
-0.57684600
-0.22694600
0.29471100
-0.38956200
-0.37130300
-0.92750000
-0.30177900
-0.37709000
-0.11345900
-0.78381700
-0.11672500
1.22607000
-0.49558100
0.26094800
-0.35154900
-0.81076900
-0.45966400
-0.27962800
-0.33531400
-0.15655000
-0.22435900
-0.23042200
-0.03022910
-0.70468400
-0.49339800
-0.38295600
-0.25089700
-0.22130700
-0.16801300
-0.21347900
0.66536400
-0.43411000
-0.30474200
-0.71041400
-0.32530800
1.38495000
0.13706500
-0.20170100
0.43328500
0.32954600
-0.24215600
-0.53858200
-0.25365500
-0.10666400
-1.35560000
-0.75218700
0.10470800
-0.14730600
-0.26134000
-0.49799300
-0.93813200
-0.20285800
-0.85617400
0.09210970
-0.13140300
-0.18543600
-0.55949600
-0.09375010
-0.89535100
-0.11785100
-0.21414000
-0.52159700
-0.47419200
-0.50004500
-0.54900700
-0.77640600
0.18003900
-0.19887000
-0.48810600
-0.39205500
-0.28910000
-0.07589220
-0.51729400
-0.28879500
-0.48790000
-0.65207200
-0.25300400
0.34876500
-0.16422400
0.01736230
-0.43780600
0.06539450
-0.19846200
1.92599000
-0.25148700
0.18073900
-0.52286900
-1.06967000
0.44193600
0.27347100
0.42512900
-1.01194000
-0.06792480
-0.66875300
0.16260800
-0.20483200
-0.41330500
-0.23181800
-0.30189100
0.58337400
-0.63018600
-0.27542100
-0.28829800
1.42763000
0.16033700
-0.95354600
-0.46349900
-0.28327200
0.20660000
0.23953000
0.18423900
-0.58955600
-0.33416000
-0.83105400
-0.26709200
-0.11390600
-0.11600000
-0.29980100
-0.54087500
-0.67314000
-0.34093800
-0.44007300
-0.22159000
-0.08592990
0.20215100
-0.74881600
-0.26466600
-0.92628000
-0.22335100
-0.64700500
-0.17961600
-0.53538000
-0.18246600
-0.32748500
-0.10739000
0.16183200
0.52662100
-1.09097000
0.17197900
-0.37408400
-0.12581000
0.27039400
0.15539900
0.45005700
0.01772910
0.38107100
0.45461500
0.78425700
0.42378000
-0.18435600
-0.14784500
-0.63437000
-0.27597400
-0.40752700
-0.44823900
-0.99797800
-0.35576200
0.43818600
-0.43273200
0.30720900
0.03333480
-0.63723600
-0.01080930
-0.31471000
-0.10681100
-0.49364100
-0.03256340
-0.22285600
0.01617480
0.03351520
-0.30381900
-0.27420300
0.17632100
-0.61782400
-0.36685600
-0.39781100
-0.56854400
-0.08621780
-0.93022700
-0.78458300
0.72660000
-0.38078300
0.83695900
0.73781700
-0.17622800
0.47057500
0.57514300
-0.28652600
0.17843300
-0.58984300
-0.39039600
-0.62469100
-0.25361000
0.16090900
-0.96885100
-0.44888900
-0.03947920
-0.77908500
-0.83094500
-0.36078900
-0.41326000
-0.25361000
-0.45045200
-0.13304800
-0.31524400
-0.36749700
0.38580500
0.06782850
-0.52312000
-0.50101600
-0.93662700
-0.05118940
-0.56297200
-0.32664400
-0.24407200
-0.03445170
-0.14210600
-0.02740880
-0.12202900
-0.36317200
0.13483700
-0.18724500
-0.29034100
-0.14481300
-0.39445100
-0.68796100
-0.38174000
-0.86891900
0.40766100
-0.59134500
0.09703260
-0.26911900
0.17397000
-0.87227600
-0.58372600
0.09786820
-0.66693400
-0.82154500
-0.12170400
-0.53770500
0.05114320
0.12631300
-0.00046461
-0.51750100
-0.35589000
-0.39687400
0.16800000
-0.31769600
-0.28468900
-0.78678200
0.98370000
-0.33263400
-0.47725800
-0.94554900
-0.20104100
-0.66405100
0.35649000
-0.27850700
-0.70053800
-0.39632500
0.30413100
-0.39935300
0.04080420
0.05724290
-0.46198900
0.36499200
0.02471960
0.02471960
-0.25868500
-0.74733200
-0.01824650
0.56076900
-0.72711900
-0.15025300
0.19122000
-0.39148900
0.27749400
-0.36276700
-0.16984600
-0.13888300
-0.50286800
-0.67585100
-0.44076400
-0.07649420
-0.09900270
-0.15769600
-0.35376900
0.04863350
-0.35731500
-0.26979300
-0.76446600
-0.41091300
0.55844200
-0.03919770
-0.12322700
0.02047480
-0.07152750
-0.50425200
-0.52267200
0.39340800
-0.31987100
0.21814700
0.22912500
-0.33708100
-0.30541900
-0.38103000
-0.89337700
-0.54481900
-0.52157300
-0.03488420
-0.39879400
-0.64019400
0.32270300
-0.15558200
-0.66673600
-0.26054000
0.49655100
-0.82057500
-0.67996000
-0.07549720
0.22057100
-0.47560300
0.18847400
1.05837000
-0.03954750
-0.19956600
-0.52689300
-0.31810600
-0.38399000
-0.24439800
0.15812400
-0.30921200
-0.01600720
-1.02850000
-0.47506200
0.64706300
-0.49599200
-0.21994400
-0.22418800
-0.29034100
-0.12214400
-0.36326900
-0.36194100
-0.19489000
0.06972660
-0.20883600
-1.21154000
-0.69488100
1.16645000
-0.40264300
-0.79380900
-0.11684700
-0.56437200
-0.44979400
-0.58507700
-0.32127100
-0.40654600
-1.04293000
-0.03891140
-0.14802000
-0.28124800
-0.02706340
0.07114370
-0.21832100
-0.22047700
-0.99018800
-0.10706500
-0.46840600
-0.46840600
0.25718200
-0.17673500
0.29289500
-0.38474000
-0.53732200
-0.10349700
-0.78937600
0.25407000
0.04330550
-0.04477850
-0.42385300
0.09616140
-0.53917900
-0.26207800
0.43465600
-0.67230100
-0.25388700
-0.36408100
0.35713700
-0.48607100
0.63634700
0.19720700
0.19263800
-0.28756900
1.07662000
-0.33633100
0.08066340
-0.80092100
-0.31824400
-0.41874100
-0.87176200
0.10357200
0.00749078
-0.23072100
-0.40485100
-0.56741300
-0.57895700
1.49350000
-0.32829800
-0.62353700
-0.04568410
0.68246200
-0.82475200
-0.01519570
-0.46563400
0.06439560
-0.58641800
-0.78572600
-0.18761100
-0.55000600
-0.43931000
-0.39233600
-0.58814600
-0.31848500
0.08353140
-0.73700900
-0.55485800
-0.00773093
-0.84778500
-0.10960400
-0.38017600
0.06194740
-0.15821300
0.00576696
-0.62328200
-0.04945780
0.14322800
0.18876200
-0.41581700
-0.18378500
0.81176800
0.42042600
0.61411100
-0.17202300
-0.06654310
-0.55902400
-0.05894780
-0.34766600
-0.12915500
-0.06195310
-0.13004100
0.16050300
-0.08648040
-0.53204500
0.01469490
-0.07859010
-0.70242900
-0.52648500
-0.47811100
-0.22774000
0.19096600
-0.24977900
-0.75772800
-0.13762300
-0.16966800
-0.76445500
-0.29030800
-0.27603100
-0.11454000
-0.32874400
-0.44067600
-0.53760500
-0.98556000
-0.25982600
-0.47370400
0.28135900
-0.46825300
1.02516000
0.05730230
0.33915800
-0.66224300
-0.49441400
-0.80728300
-0.01835840
-0.78272900
0.00044058
-0.29007700
-0.29584700
-0.24530600
0.26965400
0.00075752
0.42853600
0.55636400
-0.04013280
-0.40434300
-0.07374620
-0.12851400
-0.37496400
-0.48073400
-0.26393600
-0.04334360
-0.44530600
0.20449400
0.10916000
-0.13748200
-0.20063400
-0.82279800
-0.47612800
-0.63829600
-0.55870100
-0.24768700
-0.27270200
-0.49716800
-0.35686100
0.20000700
-0.00181914
-0.58617300
-0.87312900
-1.12990000
-0.32401900
-0.51184300
-0.16149800
-0.93362400
-0.02767020
0.21663600
-0.70226300
-0.66523900
0.19591700
-0.27392500
-0.41900400
-0.31531400
-0.39731800
-0.59305300
-0.74471200
-0.40824200
0.44427800
-0.85312000
-0.47355900
0.01328430
0.02494890
-0.48668800
-0.53717200
-0.48406600
-0.14860900
-0.34072900
-0.49700600
-0.02902250
0.11042200
0.18820300
-0.01620430
-0.96943100
-0.18795400
-0.18945700
-0.52959200
0.06145200
-0.52220400
-0.43183400
-0.27122600
-0.05704100
-0.16696200
-0.40868100
-0.89643600
-0.15669600
-0.42421600
-0.29984300
-0.23073900
-0.23140600
1.85196000
0.30630800
-0.23625800
0.00635537
-0.20344100
-0.39291500
-0.31468200
-0.40809900
-0.54050200
-0.14333300
-0.61807700
-0.69415600
-0.23555100
-0.09072520
-0.39740100
-0.41996500
-0.10751100
-0.03928830
-0.30064800
0.22025800
-0.43891500
-0.64648400
-0.26580700
-0.57194600
-0.40082900
-0.35762300
-0.24729400
-0.71329200
-0.75430300
0.29024400
-0.17132500
-0.35192700
-0.29828200
-0.04068440
-0.29328500
-0.24270800
-0.36148300
-0.15605300
-0.21144100
-0.54827200
-0.06518530
-0.07292960
-0.23588900
-0.12597000
-0.52627300
-0.12592300
-0.16766800
-0.12816100
0.15973400
-0.35797400
-0.16751400
-0.89617000
-0.22854200
-0.17387300
0.66496100
-0.22627400
1.56964000
-0.37073900
-0.19058400
-0.64982400
-0.70088300
-0.56676900
0.92082900
-0.40439600
-0.89126600
-0.65654900
0.03696740
-0.85020600
-0.07036680
0.08643940
-0.19660500
0.31821900
-0.46734200
-0.15815200
-0.37783300
-0.71713900
-0.62797700
-0.38758400
-0.29744100
-0.71335400
-0.64736100
-0.36451700
-0.77429500
-0.40408900
-0.02065070
-0.18158800
0.62366300
-0.71085400
-0.51921300
-0.23658500
-0.44636300
0.00443824
0.49277200
-0.55304500
-0.32529400
0.37482400
-0.83748600
-0.06457230
-0.82872100
-0.29346700
-0.29014700
-0.62763700
-0.62936800
-0.53795800
-0.19291800
-0.20770700
0.42845800
-0.29736200
-0.25549300
-0.14140500
0.50455300
0.13194400
-0.10669700
-1.25143000
0.14083000
0.30722100
-0.24017300
-0.22970900
-0.41189500
-0.10389600
-0.21339800
-0.42273100
-0.42568000
-0.09052110
-0.79348500
0.70924900
-0.49792000
-0.73415500
0.04318870
-0.06477780
-1.00478000
-0.28070300
-0.08561770
0.04768160
-0.72050800
-0.35355300
-0.76872500
-0.48983400
-0.27057600
-0.69023600
-0.43450200
0.06688590
-0.38376700
-0.35528700
-0.44060500
-0.80027600
-0.91648200
-0.58099200
-0.05490760
-0.55864700
-0.10344000
-0.51972500
-0.43608200
-0.54169000
-0.52132400
-0.28157300
-0.27118700
-0.01004520
-1.08120000
-0.23116100
-0.16960600
-0.58567900
-0.40217400
-0.37209300
-0.56970400
-0.36146400
-0.24891700
-0.48322100
-0.51510400
-0.29961600
-0.78521400
-0.40475500
-0.46257900
-0.11349700
-0.35364100
-0.45320000
-0.24398300
0.44429900
-0.49217900
-0.03531980
-0.38674400
-0.21938100
-0.41754700
0.72353300
0.69229200
-0.00493720
-0.03218400
-0.70883000
-0.72130400
-0.30087100
-0.24894000
-0.23475900
-0.35617300
-0.32241400
-0.43606800
-0.16463500
-0.22241000
-0.33203300
-0.06459180
0.50157900
-0.54268800
-0.44972200
-0.28131800
0.12440500
0.47535400
1.26529000
0.11518800
-0.36993300
0.18028100
-0.20629300
-0.33672300
-1.14710000
0.64213000
1.42316000
0.22363400
0.34119300
0.45564900
1.10351000
0.18496100
-0.49591800
0.07313840
-0.13452000
-0.56625200
-0.82316100
-0.70808600
-1.20160000
-0.13951100
-0.04862240
-0.62859400
-0.41796200
-0.01301410
0.07658310
-0.30057800
-0.09573380
-0.31944700
-0.32156900
-0.31534200
0.09262800
0.54104200
0.08394340
0.70863900
0.02679190
0.49574300
0.44567500
-0.67991800
-0.55160300
-0.25804900
-0.41005600
0.34409400
-0.04252220
-0.16743000
0.11590400
-0.36403500
-0.51801800
0.65768800
-0.97849400
-0.97017700
-0.60573200
-0.05424030
0.06934340
0.39557400
-0.32249000
-0.22605200
-0.07438510
-0.10097300
-0.14179200
-0.59483200
-0.49154900
-0.09756950
-0.06870610
0.10465800
-0.22840900
0.13282600
-0.62779000
1.40633000
0.16337800
-0.06818370
-0.39587000
-0.46619300
0.75843600
0.18298200
0.94579500
-0.23786400
-0.70671800
-0.69669000
-0.32207100
-0.23730100
-0.27836900
-0.08357730
-0.89142100
-0.06482520
-0.55532800
-0.30718100
-0.26889800
-0.35754300
-0.01017700
-0.57494900
-0.34658400
-0.47735400
-0.26929100
-0.25802200
-0.25896500
0.61922300
-0.06772260
-0.62917000
-0.52533600
-0.76356500
-0.11871900
-0.59077500
-0.64801200
-0.57802100
-0.48122100
-0.75847400
-0.63457200
-0.19916200
-0.18401300
-0.58188000
-0.17925300
-0.73141400
-0.61778300
-0.68281600
-0.53837100
-0.62602400
0.27814100
-0.64097300
-0.47016800
-1.15387000
-0.54163000
-0.45913800
-0.49127800
-0.52249900
-0.45850900
-0.33669300
0.15695400
-0.24685100
-0.49874300
-0.20956200
0.25037300
-0.11208800
-0.09188280
-0.22285600
0.10314700
-0.35488700
0.01670650
-0.27708800
-0.60460000
-0.44019800
-1.35587000
-0.25676600
-0.17489400
-0.50966500
-0.15058400
-0.26997900
-0.72842200
1.82891000
0.61243800
-0.29856100
-0.25047200
-0.12701500
-0.19573000
-0.11488600
-0.54911600
0.37455500
0.20095500
0.03701960
0.57024500
0.23801600
-0.49550600
-0.17646600
-0.46474100
0.40100000
-0.44378500
-0.38374500
-0.05555320
-0.41399000
-0.47546000
-0.18767300
-0.33534000
0.05201120
-0.06519050
-0.48457300
-0.33371800
-0.18960200
-0.29957800
-0.10616600
0.00159355
-0.20221000
-0.25206300
-0.12373800
0.23737400
-0.50779200
-0.64323800
-0.16449800
-0.43626600
-0.17372000
-0.72401900
-0.40463100
-0.40941800
-0.37665700
-0.33309200
-0.53114900
-0.43595900
-0.79917500
-0.05855600
