-0.34292100
0.26252200
-0.10210000
0.92598800
-0.33343900
-0.55861000
-0.39941200
-0.57781000
-0.30744900
0.11355600
-0.41362800
1.17247000
-0.09261500
-0.37758400
-0.10417500
0.99513600
0.44397400
0.18899400
1.51251000
0.82250400
0.54500200
-0.05482320
0.26500600
-0.11910700
0.35131000
6.26043000
0.13915900
0.02692420
0.93230300
1.15883000
0.39569700
6.04921000
6.15203000
0.64985600
0.70241100
1.10313000
1.19269000
1.44041000
6.13868000
1.63869000
0.89914600
0.24347900
1.09935000
0.17633400
0.63730200
0.45118400
0.82152100
0.53479300
-0.38086900
-0.06249090
-0.41488300
-0.13765500
-0.16238500
-0.37190700
0.05556980
-0.45221900
-0.23970400
0.02049060
-0.11697400
-0.10756600
-0.04394320
-0.22553300
-0.31281400
-0.15306100
-0.71237600
0.33869300
-0.53859100
-0.22951700
-0.11349900
-0.10049600
-0.20696000
-0.33445900
-0.04156580
0.28771000
-0.72383200
-0.40474200
-0.31747300
-0.44605900
-0.43095900
-0.20882000
-0.30824200
-0.66211600
-0.06773150
0.02908450
-0.40547100
-0.16801400
-0.24602500
-0.36061800
-0.72876800
0.54982100
-0.26138100
-0.28730900
-0.30119900
-0.15477800
-0.47126200
-0.11977700
-0.11054100
-0.15475100
-0.44685200
-0.26760500
-0.15338100
0.09233270
-0.41335100
-0.19519800
-0.16526100
-0.78354100
1.36318000
0.23624000
-0.44057100
0.40987400
-0.40013800
0.12252400
-0.32554200
-0.45335100
-0.45831700
-0.12305100
-0.42614800
-0.44928700
-0.23392500
-0.31505000
-0.20830700
-0.30051200
-0.54834200
0.06163120
-0.51544700
-0.17915200
-0.28791400
-0.53138900
-0.11941500
-0.05779400
-0.13364800
-0.28667300
-0.68822800
-0.28192200
0.00079494
-0.21860500
0.23841900
-0.13354800
-0.57139700
0.39516100
0.00061190
1.05213000
-0.04492390
-0.12713200
-0.22846200
-0.12682400
0.49941400
0.37070000
0.30377700
0.12471800
0.35237700
-0.35681900
-0.18152000
-0.27229900
-0.14460900
-0.39450400
-0.25079200
-0.21675400
-0.36045400
-0.28017200
-0.28958600
-0.28713700
-0.50846500
-1.20682000
-0.66250200
-0.12821300
-0.39717300
-0.46977300
-0.65395600
-0.19430400
0.91870200
-0.27087200
0.29008800
-0.34479700
-0.18463800
-0.41560200
-0.18730400
0.59198100
-0.20925000
-0.11645700
-0.26400400
-0.21501300
-0.06599320
-0.24301800
-0.36284900
0.76393000
0.84420600
-0.37459900
-0.04115950
-0.38805300
-0.41369400
-0.22938000
-0.03562630
0.04827610
-0.50442200
-0.44729700
-0.17811300
-0.37308200
-0.26682400
-0.10327900
-0.44193100
-0.09988520
-0.42719300
-0.33585400
-0.41905500
-0.51018900
0.27459800
-0.22788000
-0.47501500
-0.39772000
-0.44072300
-0.13719300
-0.21393800
-0.47548800
-0.34907600
-0.03485360
-0.44390600
-0.47746400
-0.23618600
0.53134600
-0.21478900
-0.24948500
-0.10461100
-0.19554300
-0.50950200
0.02884300
-0.52182100
-0.14648100
-0.79298900
-0.19940800
-0.39449200
-0.17187000
-0.11571900
-0.70177200
-0.06890600
-0.42251900
-0.35143400
-0.38908700
-0.36692700
0.02395100
0.00359728
-0.25586400
0.41951200
-0.39645200
-0.01599420
0.13864500
-0.15066200
0.88258700
0.39601000
-0.27382700
-0.07843440
-0.55816400
-0.34775300
-0.37273800
-0.19626900
-0.25543700
-0.72078000
-0.36523600
-0.20042200
0.80884300
0.38636400
-0.33003300
-0.07499630
-0.44182500
-0.03237310
0.28985400
-0.07313330
0.90255100
-0.06193490
-0.41264300
-0.20166300
0.48387000
0.56704100
-0.05860150
-0.44104400
-0.26687400
-0.43475400
-0.16764500
-0.00675076
-0.45310100
-0.99549300
-0.58104000
-0.42256800
-0.60073900
-0.10180600
0.22315300
0.84231500
0.08966160
-0.43215300
-0.20403700
-0.29909000
-0.39428100
-0.25505900
-0.13988200
-0.32523200
-0.18361400
-0.36946600
-0.37932500
-0.23542200
-0.56216700
0.00487959
-0.32173000
0.82073200
-0.44778500
-0.10876200
-0.31587100
-0.51815500
-0.67577400
-0.13536300
-0.51305200
-0.20678900
0.40910300
-0.47981500
0.11366400
-0.05585130
0.61324800
0.78259100
-0.13475400
-0.37122000
-0.48764900
-0.24152900
-0.33854700
0.23679600
-0.03223090
-0.16214900
-0.03235090
-0.55074200
-0.06453520
0.18884300
-0.33623700
0.19224900
-0.24746400
-0.46744400
0.42700300
0.10835900
0.08925690
0.40246400
0.30084000
-0.61613300
-0.03204010
-0.38570400
-0.29778800
-0.47308500
-0.08674780
-0.25262600
0.09467680
-0.48225700
-0.44408100
0.44960900
-0.32032500
0.67146800
0.12406000
-0.24179400
-0.04512730
-0.60277000
-0.25884800
-0.16793300
-0.27419800
-0.66521700
-0.17426200
-0.10880700
0.17739900
-0.18908300
-0.14816800
-0.19044400
-0.07599090
-0.44383900
-0.37417500
-0.05888140
-0.09759280
-0.07927340
0.32462500
-0.20192700
-0.52625300
-0.45974500
-0.26722200
-0.22720800
-0.05881020
0.02524220
-0.14687800
0.00633334
-0.33216300
-0.42927000
-0.16360300
0.74822100
-0.07126670
-0.40326000
-0.65279700
-0.25735300
-0.24913200
-0.12293300
-0.06597780
-0.38932300
-0.21991000
0.07780790
-0.28625500
0.23331500
-0.58533700
0.72538400
-0.03340670
0.54582700
0.24394600
0.03485750
-0.27686400
-0.01312510
0.25135800
-0.09898780
-0.48878000
0.91124000
-0.09508330
-0.46196000
-0.11274900
-0.37884900
-0.75226500
-0.42657400
-0.30212000
-0.46198700
-0.40998000
-0.69374800
0.21743500
-0.29785300
-0.32004500
-0.45361500
-0.76562300
-0.37994500
0.29224500
-0.56645100
-0.30329100
-0.07324900
-0.24169000
-0.25238100
-0.03991140
0.24539500
-0.18814100
-0.57299200
-0.53075000
-0.62284700
-0.76269200
-0.39144300
0.10161300
-0.19360300
-0.39290500
-0.22092700
0.31720400
-0.27974600
-0.97358200
1.16694000
-0.41798600
-0.25451100
-0.38146400
-0.04931190
-0.01697060
-0.26117800
-0.39770900
0.43836400
-0.48730100
-0.06748050
-0.27992500
1.43651000
-0.54005100
-0.60142900
-0.32377100
-0.69085900
0.24430200
-0.29504100
-0.27321800
-0.57541900
-0.35330200
1.24178000
0.64178800
-0.72807400
-0.40176500
-0.34471400
-0.16870200
-0.23781100
-0.20507700
0.02190020
-0.54195900
-0.19783400
0.31626600
0.21575800
-0.49205400
-0.29734800
-0.53246200
-0.09218300
0.03987010
-0.15904400
-0.01714270
0.67711700
-0.06363860
-0.37423900
-0.17731700
-0.48143800
-0.28269100
-0.33604600
0.12112000
-0.07956120
-0.00939048
0.06029740
-0.23340100
-0.81058900
-0.28997700
0.14121900
-0.24604300
-0.24698800
-0.29559500
-0.32944300
-0.44826100
0.03435030
-0.50540500
-0.44137800
-0.43069200
-0.07154290
0.05349920
-0.07452820
-0.35891400
0.07846520
-0.20632500
-0.16028600
-0.33638100
-0.15199000
-1.08555000
-0.06161010
-0.44399000
-0.27949500
-0.16265000
-0.55049200
-0.27392900
-0.15430800
-0.19247600
0.11273300
-0.51942600
-0.26404200
0.27197900
-0.21514400
-0.21201300
-0.22527300
0.12618000
-0.30303100
-0.04411460
-0.51799900
-0.73691900
-0.62634400
-0.61402900
-0.32414700
-0.30732000
0.30501000
-0.57200400
0.05075980
-0.21734200
-0.49977000
-0.45077300
-0.11074800
-0.24542000
-0.36555100
1.05657000
-0.53567100
0.12547200
-0.48816000
-0.09384750
-0.31613500
-0.18614100
-0.32385500
-0.52093800
-0.56146700
-0.41058500
-0.45690100
-0.49051300
-0.89891800
-0.56538600
-0.33455100
-0.07688250
0.29018900
-0.74345700
-0.19591300
-0.26804000
-0.17257100
-0.05429720
0.73044600
0.03472520
0.73973000
-0.58692900
-0.30203400
-0.10608900
-0.33647300
0.14231500
-0.27882300
-0.00810961
-0.43378900
-0.60106400
-0.20814000
-0.08734070
-0.01955880
-0.13338600
-0.33927800
-0.62720500
-0.13462800
-0.23992800
0.28485500
0.14656400
-0.30967300
-0.13883500
0.34453200
-0.33864000
-0.44090400
-0.34277500
-0.53222300
-0.38007800
0.11219200
-0.46692100
0.47465200
0.20256000
-0.31272500
-0.05296620
-0.29898600
-0.25766100
0.00078541
0.50427000
-0.54703100
-0.44200900
0.00042968
-0.21875900
-0.34913700
-0.47868900
0.61847200
-0.01593000
-0.42705200
0.04475810
1.17035000
-0.55482300
0.17231400
-0.12903300
-0.15500300
-0.20546200
-0.23476400
-0.17170700
-0.35924100
0.09793060
-0.31287500
-0.43850300
-0.24752000
0.49087500
0.57080100
-0.54310300
0.43654400
0.08393840
0.50294100
-0.41781500
-0.69547800
-0.23866600
-0.21851400
0.02181900
-0.16090800
0.31697600
-0.22422100
-0.55571100
-0.09939930
-0.02899420
-0.24058400
0.24152600
-0.10193400
-0.35926300
-0.29405500
1.76038000
0.58576900
-0.08539690
-0.29498200
-0.33697400
-0.42926900
-0.39257100
0.06054810
-0.30105000
-0.39546300
-0.39118100
-0.08698580
-0.59066000
-0.45169300
0.05454980
-0.00877667
-0.00658034
-0.41574900
-0.28370700
-0.10429500
-0.33398300
0.12619900
0.15436200
-0.45595400
-0.20247800
-0.40892900
-0.03359030
-0.31263200
-0.56259300
-0.11823200
-0.31101300
-0.09663720
-0.30693400
-0.18439100
-0.32371300
-0.19464200
-0.22910300
-0.29256000
-0.10140400
-0.42313900
-0.27842200
-0.01309000
-0.46917800
-0.17642300
-0.60369000
0.01580200
-0.33581400
-0.00878228
-0.47226600
-0.11982500
-0.20405700
-0.48178700
-0.04429990
-0.37003300
0.20000100
-0.91434700
-0.12061700
-0.35967100
-0.19775700
-0.51123700
-0.10946900
-0.16197700
-0.25494000
0.09046260
-0.22924800
0.52986800
0.39921700
-0.06689280
0.64596600
-0.16604000
-0.06376810
-0.49638800
-0.61103600
-0.13050700
-0.45674300
-0.32324600
-0.05146080
-0.21580900
-0.40845000
-0.25460300
-0.11252100
-0.26254800
-0.24220400
-0.16653300
0.21696800
-0.17771100
-0.37747200
-0.04769500
-0.16169600
0.26754000
-0.40086800
0.20368800
-0.67339100
0.67636500
-0.67056600
-0.40512500
-0.36482400
-0.50821400
-0.26663100
-0.13908800
-0.84972000
-0.06001490
-0.39849400
-0.16668100
-0.31678900
-0.06504180
0.23900500
-0.27316000
-0.38272800
-0.11617400
-0.09894700
-0.18215000
-0.41299700
-0.44643700
-0.19157300
0.51066600
-0.12631500
-0.34309500
-0.53798300
-0.12284100
-0.19766300
-0.66865400
-0.10868700
-0.22342000
-0.07667370
-0.10701400
-0.16725700
-0.06585570
-0.27840400
0.60039500
-0.15006900
0.00335468
-0.16537500
-0.77308000
-0.35650500
-0.47382800
-0.47229700
-0.46789200
-0.06942810
-0.17093100
-0.07794690
0.21519200
0.00534268
0.35580300
0.12629800
-0.24810500
-0.12035100
-0.12755300
-0.17812100
0.16820400
-0.34883900
0.14797300
0.20783200
0.13849100
-0.16687700
-0.49605000
0.17029800
0.01849330
-0.01368550
-0.35656100
-0.11733200
0.02521900
-0.34461400
-0.21642500
-0.51665900
-0.53122400
-0.53798300
-0.40784000
0.14488200
0.20221400
-0.40142100
-0.46767600
-0.60212500
-0.25000700
-0.76922200
-0.02778850
0.00704252
-0.20015900
0.17758400
0.23449200
0.48312000
0.11501500
0.18372000
-0.58151000
0.84708400
-0.34791300
0.57232400
-0.01046360
0.16936500
-0.29737300
-0.23216900
-0.14307700
-0.60106000
-0.10531800
-0.38801100
0.27900500
0.08127300
-0.75274000
-0.21665900
-0.43818000
-0.45415100
-0.49490000
-0.07109490
-0.73319800
-0.24573100
-0.43145200
-0.05202850
-0.41033800
-0.44963000
-0.50356600
-0.08798880
0.04561860
-0.31031900
-0.44689900
-0.26067800
-0.36671900
-0.14829600
-0.04044930
-0.14894700
0.62624900
-0.15127000
-0.26128200
-0.49298600
0.77728700
-0.41677500
-0.12604100
0.77104900
-0.20692500
-0.48286400
-0.09558810
-0.01796490
0.10302500
-0.27346300
-0.18603400
-0.37172500
-0.09354800
-0.27712600
-0.58548500
0.16086300
0.14126700
-0.27775300
0.02128430
-0.26360100
-0.31694600
-0.44964500
-0.29763400
-0.30880700
-0.91223000
0.29184700
-0.67617800
-0.41080700
-0.07479780
-0.20079400
-0.23858400
-0.46245100
-0.19361600
0.01674780
-0.27039200
-0.33863800
-0.22326400
-0.87266800
0.91104300
-0.56145400
0.44660700
-0.31611400
-0.14747900
-0.32167400
-0.24177500
-0.28864100
0.19982300
0.00645654
-0.12528000
0.66476800
-0.26087700
0.08001080
-0.68629000
-0.50342300
-0.04380090
-0.20623400
-0.60926700
-0.28690100
-0.16618900
-0.42053400
0.77222100
-0.19262400
-0.42778300
-0.04292130
0.75254200
-0.15648400
0.20465500
0.00322363
-0.59773300
-0.16240400
0.13823000
-0.37379900
-0.36074900
0.15549300
-0.35085100
-0.14107500
0.01511610
-0.29352700
0.03259290
-0.28812200
0.21093700
0.48723600
0.47976200
0.26317700
-0.12450400
-0.00660027
-0.06213140
-0.36403600
-0.16713700
-0.26691800
-0.27885000
-0.24532300
0.06089960
0.38965400
-0.53295600
-0.35658300
-0.20650200
-0.70219900
-0.26958600
-0.26592000
-0.36175900
-0.25790700
-0.23631500
-0.14392800
-0.25740700
-0.30336400
-0.35698700
0.50018500
-0.63850000
-0.35450000
0.05048710
-0.14633200
-0.57715400
0.43876000
-0.71071700
-0.06115060
-0.39353400
0.11374600
-0.22280000
0.71862500
0.75050700
-0.73605000
0.03557990
-0.28315900
-0.15499400
-0.41603700
0.24501500
-0.07506840
0.11145700
-0.25177600
-0.01259880
-0.25033700
-0.00794362
0.00651569
-0.31514800
-0.38963700
-0.94049700
-0.50370500
-0.05079020
0.01299330
-0.29062700
-0.19825200
0.04815120
-0.82136100
-0.31702500
0.03382010
-0.00440064
-0.25162500
-0.29263400
-0.32575600
-0.15203800
0.10006200
-0.09304020
-0.48859800
-0.48996400
-0.13893700
-0.02674210
-0.00146873
0.27367400
-0.22360300
0.21375100
-0.30156700
0.05229760
-0.02131710
-0.37621900
0.04892130
-0.49891500
-0.44697100
-0.54519900
-0.53201900
-0.38959500
0.68660200
0.04207240
-0.02863540
-0.64924600
-0.09545410
0.16376700
-0.21797300
-0.35276100
-0.27283200
-0.43799300
-0.16346500
-0.43976300
-0.12411300
-0.48984700
-0.01070460
-0.49115100
-0.00134939
-0.36696600
0.75254200
-0.25406500
0.48413300
-0.30139300
-0.29331700
-0.21887600
-0.22266600
-0.37468400
0.02678240
-0.55270100
-0.36641800
-0.01806810
-0.40853300
-0.16562000
-0.05464860
-0.33756400
-0.27865600
0.00223131
-0.17429100
-0.50915700
-0.64792900
-0.67708500
-0.55152700
-0.56528400
-0.42557800
0.22444700
-0.88170600
-0.07905860
0.49920300
-0.35555000
0.28365400
-0.45645600
0.22500000
-0.20987000
-0.51284500
-0.30073000
-0.25126100
-0.60762900
-0.19861000
-0.27425400
-0.07005380
0.08021450
-0.04447020
0.13558800
-0.43505400
-0.47290700
-0.56749500
-0.20532600
0.57830500
-0.84120700
0.41361900
-0.16888300
0.60944300
-0.30624900
-0.25959600
0.45884000
-0.18059100
-0.05683420
0.22245000
-0.16445100
-0.07029530
0.64561300
0.23285200
-0.39226400
-0.25642100
-0.37484300
-0.14088300
-0.28851200
-0.12086700
-0.58681900
-0.13462500
-0.08699330
-0.25008400
-0.29285700
-0.39058700
0.15958500
-0.09163090
0.00210892
-0.41231700
-0.14582600
0.20668100
-0.29233900
-0.50850400
-0.39902500
-0.28134400
-0.37920400
0.63507800
-0.42962700
-0.15360600
-0.51028600
0.25504300
-0.18635700
0.19537500
0.12004000
-0.07218640
-0.32149500
-0.77443900
-0.15743800
-0.12301600
0.01658870
-0.41306500
-0.18329200
-0.07455110
0.01800360
-0.37784900
-0.39556100
-0.21228700
0.19144100
-0.33281900
-0.42646400
-0.56346300
0.18137200
-0.41779900
-0.00047395
0.03383940
-0.09427930
0.34059200
-0.08150500
-0.38324200
-0.03067600
-0.56597800
-0.03933060
-0.33751000
-0.46636700
0.50661800
0.58601700
-0.64183400
0.34698300
0.04452760
0.04863650
0.40942400
0.17862500
-0.06655810
-0.27888400
-0.25861700
-0.53825300
0.27885300
-0.02959020
-0.41470900
-0.53111700
-0.30681000
0.14116500
-0.43049100
0.12833800
-0.11584000
-0.24619400
-0.53133400
-0.50416500
-0.62650000
-0.49470700
0.51280600
0.68838600
-0.13759700
-0.78864800
-0.12929200
-0.21784800
0.02420460
-0.20223700
-0.66281400
-0.32024200
-0.31586100
-0.20130900
-0.05680530
-0.31009100
-0.17537200
-0.26826500
-0.36108400
-0.03905540
-0.62450400
-0.12918000
-0.10022600
-0.20869100
-0.06115460
-0.16309800
0.01999800
-0.05208960
0.18036500
0.25523700
-0.36489600
-0.42653300
-0.44447700
-0.19564900
-0.51647200
0.07562150
-0.38205900
-0.29802300
-0.39810800
-0.30036000
-0.47953700
-0.04421810
-0.28253200
-0.54491600
0.64730700
-0.39220900
-0.38979100
-0.52210100
-0.24217000
-0.29194600
-0.70037700
-0.52087600
-0.59871300
0.14950800
-0.15679700
-0.16915000
-0.16277400
-0.48063500
-0.20342500
0.09806600
-0.51890100
-0.24321400
0.61858300
-0.87195800
0.33887600
-0.46415600
-0.15264100
-0.21222600
-0.33139000
-0.50553200
-0.24577500
0.12074300
-0.06308230
0.67876000
-0.35916400
-0.07566130
1.00817000
1.10967000
0.13698200
-0.49365700
0.31934700
0.17765500
0.27694400
-0.61124900
0.71170000
0.12386200
-0.71696800
0.21465300
0.67402600
-0.29263500
0.14108400
0.68718200
-0.36757800
0.59336100
-0.67857100
-0.48418600
-0.07271810
0.05926590
0.68992300
-0.11756700
-0.29740600
-0.07956380
0.29385200
-0.21800900
-0.41799900
-0.56779000
-0.20593300
0.22405500
-0.26913100
-0.24563300
-0.65253200
-0.36156700
-0.19949300
-0.21773500
-0.42757500
-0.31588900
0.21773800
-0.35120100
-0.42952400
0.14566900
-0.08181830
0.42364200
-0.25515800
-0.12379300
-0.01321280
0.11961000
-0.95512400
-0.21017200
-0.37930200
-0.38512000
-0.59233300
-0.06931200
-0.31533600
-0.18533500
0.01261940
0.03148150
-0.19804000
-0.14976000
-0.19764700
0.21744200
-0.68516100
-0.48557400
-0.54696500
-0.08790470
-0.12970400
-0.25886800
0.37173500
-0.30506600
-0.22127700
-0.50523400
1.24876000
-0.58773200
-0.22431300
-0.28454400
-0.63084900
-0.34506800
0.25070100
0.06016200
-0.47127500
0.01130390
-0.54088300
-0.10569300
-0.38976200
-0.32109100
-0.19760300
-0.42631500
-0.31082000
-0.39124700
-0.13884600
0.05709850
-0.09570370
-0.25626600
-0.35289400
-0.29379800
-0.52108300
-0.23153900
-0.23001300
0.06252340
-0.72247800
-0.33710100
-0.07474520
-0.23770200
-0.41530100
-0.08332230
-0.53629800
-0.39025800
0.37924700
-0.23209300
-0.03392720
-0.31653000
-0.42118200
-0.38928700
-0.13658700
-0.00866242
0.00590619
-0.57289900
-0.26636000
-0.01043540
-0.17292300
0.03995980
-0.22795200
-0.21188100
-0.31352700
-0.12667400
-0.24174600
-0.14959400
-0.15554200
-0.46444500
-0.49103800
0.12372800
-0.09534460
-0.64655300
-0.19429400
-0.33223100
0.45864600
-0.20860200
-0.53321800
-0.37836600
-0.09083290
-0.07345940
-0.16534600
-0.00799227
-0.44221000
-0.20960900
0.67631200
0.07063900
-0.60943600
0.76912700
-1.26422000
0.54550100
-0.33729700
-0.44157400
0.67328100
-0.04922770
-0.38366800
0.24679600
-0.56992400
0.38310800
0.10225100
-0.33725100
-0.40329900
-0.21608700
0.20232400
-0.40270200
-0.05212200
-0.00840839
-0.12432500
-0.70561500
-0.31486600
0.34150300
-0.46763000
-0.14624000
0.02946740
-0.05021170
-0.16541300
-0.05882670
-0.65086300
-0.67204500
-0.25978300
1.09051000
-0.24574100
-0.51099400
-0.37865900
-0.45830700
0.32711500
0.15123400
0.45160600
-0.20184500
-0.61205400
-0.61663700
-0.10413200
-0.50584800
-0.08438770
-0.60595000
-0.37999200
-0.47553100
-0.72119200
-0.28076800
-0.58140300
-0.15893600
0.07258700
0.06550860
-0.13861400
0.15231200
-0.49090300
-0.10411100
-0.55114000
-0.66548600
-0.64034300
-0.00643129
-0.17757100
-0.02135600
0.26807400
-0.53783100
-0.08878070
-0.15336100
0.04078050
-0.12480000
0.02660960
-0.06701670
-0.42620500
-0.41008200
0.33824500
-0.29346900
0.10217200
-0.39380100
0.01985010
-0.41640700
-0.01347200
-0.28495700
-0.58449400
-0.32717700
-0.44535100
-0.59005600
-0.30580600
-0.35213500
-0.04890110
-0.45317100
-0.51684400
-0.15935600
0.17950100
-0.68721900
-0.14390800
-0.25221700
-0.68949000
-0.21640200
-0.35981900
-0.07713820
-0.44154600
-0.31443500
-0.31849300
0.12427600
-0.40402500
0.09821080
-0.53397300
-0.08432300
-0.35782300
0.07046080
-0.21694600
-0.06251090
0.51876800
-0.39870200
0.38872800
-0.23073500
-0.11355900
-0.17634800
-0.19803100
-0.61836300
-0.17015500
-0.60390900
0.22976000
0.27804000
0.60328600
-0.51555200
-0.25291800
-0.22615500
-0.54274700
-0.51787100
-0.52424100
-0.30580600
-0.26838000
-0.48135600
-0.62821800
-0.20981200
-0.16988300
-0.09438750
-0.13946300
-0.30361000
-0.18384800
0.63349100
-0.26111700
0.42955200
0.16869300
-0.39775400
-0.38700600
-0.28429000
-0.14078500
0.05962290
-0.15932200
-0.13719300
-0.05154980
0.71958800
-0.69818700
-0.20466500
-0.44111900
-0.29762800
-0.27469100
0.02638370
-0.51396400
-0.27282800
-0.08351050
-0.31755500
-0.30777500
-0.49365400
-0.24468200
0.01016610
-0.28237400
-0.24095400
0.16467900
-0.23530600
0.04566230
-0.00435737
-0.09939100
-0.22179400
-0.20387300
0.10926900
-0.07554180
-0.17772000
-0.30503600
-0.58599700
0.55002800
-0.10267300
-0.18670300
0.36192900
-0.26314300
-0.16806700
0.12925500
-0.29458700
-0.36945400
-0.21729100
-0.43266500
-0.34289600
0.05909230
-0.27015000
0.74975200
-0.15186100
-0.34405000
0.14901000
-0.41425800
-0.33012400
-0.21474400
-0.21271200
0.01633000
-0.07629450
-0.22260800
-0.46124900
0.13831900
-0.48645200
-0.24587900
-0.57245700
-0.17668700
0.03182870
-0.02389730
-0.55870200
-0.10210000
0.13762900
0.86754600
-0.84479100
0.07474070
0.42713600
-0.55071000
-0.24658800
0.25818900
0.00922376
0.00839903
-0.78928200
-0.60460200
-0.06665060
-0.78915800
0.20203600
-0.19160000
0.10168900
0.84508100
-0.01697600
0.30228300
-0.11483400
0.25359800
-0.40698100
-0.55403200
-0.07003420
-0.39430100
-0.13887300
-0.14968500
0.23484700
-0.12849100
-0.51036500
-0.54486200
-0.29483000
-0.35409300
-0.06132810
-0.35714800
-0.61621600
-0.22805100
-0.08305520
-0.40429200
-0.81900500
-0.29160800
-0.14771200
-0.34181200
0.64522400
0.85780200
0.05841330
-0.65523900
0.04582810
-0.00903831
0.70545000
0.37075200
0.01474760
0.13274600
-0.80910100
0.11746900
0.11001000
-0.13222300
-0.55523600
-0.88876300
0.11300300
-0.48670900
-0.46596300
-0.60905800
0.96319800
-0.36027000
-0.25170800
0.10040700
1.26564000
0.45101700
-0.29115400
0.26293400
-0.51513900
-0.30927200
-0.40078800
-0.06835170
0.05958270
-0.23054500
-0.06352500
-0.11161000
-0.24940400
-0.05660230
-0.21103500
0.32275700
-0.60528400
-0.24006200
-0.04950550
-0.24653000
-0.27478400
-0.25911400
-0.19820500
-0.13080900
-0.25580200
-0.32381800
-0.32829800
-0.11898900
-0.12449000
-0.99585900
-0.55020800
-0.69616300
-0.62707200
0.55327500
-0.45300400
-0.45300200
-0.71051100
-0.37180400
-0.05248190
0.03603890
-0.46913200
-0.57293200
-0.58523700
-0.37132900
-0.40400100
-0.13245700
0.08521150
-0.23887000
-0.34253500
0.71174800
0.48882100
0.42154100
-0.39950700
0.06180960
-0.15185000
0.40624200
-1.11162000
0.77459900
0.54601000
1.09257000
-0.50933100
-0.30372800
-0.31428400
-0.66411700
-0.48776000
-0.19092700
-0.18592300
-0.15011600
0.29903700
-0.42811400
-0.49109500
-0.00545577
-0.11918700
0.53955100
-0.28764300
0.16129800
-0.72276800
0.68563100
-0.22060200
-0.42211100
-0.71905600
-0.51266600
0.01654420
-0.01781210
-0.31429500
-0.42880000
-0.16700300
-0.36448100
-0.74951800
-0.28748400
-0.06808060
0.23040800
0.08925230
0.36499400
-0.09536330
0.22975900
-0.34709600
-0.73667700
-0.32219400
-0.35077500
-0.45729900
-0.18332700
-0.05969540
-0.45182900
-0.40024400
-0.34783100
-0.19746900
-0.45707200
-0.26369800
-0.17983400
-0.04019880
-0.75478000
-0.21316600
-0.14800100
-0.24657800
-0.46160200
-0.08980910
-0.30539800
-0.37793700
-0.23516000
-0.00557550
-0.14995500
-0.17410300
-0.53459900
0.09472780
-0.41869000
-0.31075900
0.21873400
-0.29753900
-0.30367400
-0.40520800
-0.08279290
-0.19434800
-0.55765000
-0.29725900
-0.09930450
-0.51592000
0.74862500
-0.32365900
0.43735200
0.67203200
-0.37917500
-0.05099380
-0.37545900
-0.24692500
-0.07962280
0.25162400
-0.13298700
-0.64238800
-0.34305900
-0.15193900
-0.14047400
-0.47011500
0.46619100
0.36411800
-0.10692800
-0.28532200
0.09582930
-0.27944200
-0.28229200
-0.65251900
-0.59117300
0.15999900
-0.45482700
-0.13172600
-0.49026500
-0.35223600
-0.01302730
0.27494600
0.27494600
-0.31675500
0.16736400
-0.38511800
-0.24087100
-0.25153400
-0.54212100
-0.23644000
-0.00314887
-0.45072100
-0.20746600
0.03231280
-0.07826730
-0.11579100
-0.16789700
-0.16596300
-0.32393600
-0.18299800
-0.12206200
-0.15728100
-0.04525830
-0.44506300
0.20351100
0.18076300
0.96325000
0.26093200
-0.27064000
0.16945400
-0.15305200
-0.36257700
-0.53151100
-0.28486300
-0.12492200
-0.30891900
-0.58911500
-0.04967520
-0.42076300
-0.33871900
-0.70537100
-0.38981900
-0.41232100
-0.25493000
0.21378200
-0.54551700
0.01990380
0.16130700
-0.05478490
0.05501940
0.19988300
-0.06605570
-0.11309900
-0.20029400
-0.35613700
-0.29234100
0.03213670
-0.21248400
-0.31787100
-0.49140600
-0.23429300
-0.52939200
-0.48543800
-0.29493400
0.27076600
-0.30424100
-0.37196200
-0.45840000
-0.32659200
0.05469630
0.04297270
-0.32835000
-0.29119200
-0.01600530
0.54653100
-0.77134500
0.29947300
-0.25677600
-0.48147400
-0.28765000
0.19607900
-0.47612600
-0.60200200
0.19795900
0.37574800
0.49052300
-0.29009400
-0.07103500
-0.41330500
-0.01583080
-0.22001400
-0.29837500
0.57978600
-0.85831900
-0.08808620
0.05699300
-0.21677600
0.06574450
0.36620000
-0.56066800
-0.35609700
1.25909000
-0.31955800
-0.16404200
-0.00262818
0.28334200
-0.48704100
-0.04794460
-0.36507500
-0.30568700
0.12559300
-0.46051400
-0.33377300
-0.52071100
-0.16786500
0.02817000
-0.27625300
-0.11677900
-0.37501600
-0.13291100
-0.21057100
-0.41409600
-0.37175000
-0.34913100
-0.31789900
0.14421400
0.14837500
0.06095310
-0.25115100
-0.28483100
-0.10309700
0.04784560
-0.32000300
0.42171200
-0.25731600
-0.35503400
-0.16685900
-0.35121200
0.30887700
-0.00080120
-0.08254950
-0.11638100
-0.12516600
-0.34607600
-0.37626700
-0.45711300
0.03545770
-0.27809500
0.00919682
-0.45797300
-0.24289700
0.30644100
-0.08150080
-0.56536400
-0.28565100
-0.20881900
0.75752000
-0.17460900
-0.25851100
-0.64632100
-0.53943800
-0.01549620
-0.63031400
-0.23698400
-0.45015200
0.10681500
-0.49048000
-0.19217100
0.18498800
-0.82793300
0.70580800
-0.02486090
-0.06235650
-0.10341900
-0.36787300
-0.50826900
-0.31360000
-0.29615200
-0.30943300
0.15474600
-0.49808300
-0.31909200
0.31971400
-0.28159500
-0.56590800
0.12549000
-0.26759400
-0.37470700
-0.37800700
-0.15418600
-0.10618200
-0.23956000
0.10194400
-0.36995300
-0.36075200
-0.81750200
-0.54934300
-0.53319800
-0.02217490
-0.45910200
-0.12333000
-0.02703030
-0.30929200
-0.43289000
-0.42514800
-0.08728460
0.00663719
-0.29531800
-0.35951600
-0.63875000
-0.55730400
-0.28336800
-0.35809300
-0.29696200
-0.21226600
-0.13643700
0.36263100
-0.64739400
-0.16982300
-0.18019300
-0.39350000
-0.36129500
1.07335000
0.32578400
-0.25485100
-0.29013100
-0.20070900
-0.64298200
0.05436370
-0.20875500
-0.16887800
0.06596480
-0.43084500
-0.41517500
0.05326730
-0.52732500
0.41689600
-0.15433000
-0.27122800
0.34262100
0.07880270
-0.05996760
0.17819800
-0.62196500
-0.49278300
-0.19939600
0.46658200
-0.22023500
-0.11560800
0.53887400
-0.12020100
-0.31680000
-0.24076400
-0.41051300
-0.31387500
-0.71401800
0.86166700
-0.50092800
-0.47915100
-0.04897740
-0.24194700
-0.23320100
-0.54362600
1.03652000
-0.61043800
0.61535800
0.02687920
-0.35756400
-0.66243200
-0.05277820
-0.21318900
-0.33089100
-0.32170900
-0.62936900
-0.34416700
-0.47796500
-0.27751100
-0.33295300
-0.01063670
-0.38134100
0.28627800
-0.13987500
-0.05465150
0.01020330
-0.30241900
0.07440730
-0.57428100
-0.50093000
-0.38119700
-0.12977200
0.22204900
-0.48288800
-0.21611400
0.07741290
-0.35621200
-0.05128680
-0.58518400
-0.13634300
-0.07254980
-0.14977900
-0.01808300
-0.11452100
-0.02766870
-0.18025800
-0.22243100
-0.65795700
-0.06964270
-0.17975000
-0.20414400
-0.32243900
-0.23907100
0.17850800
-0.14522700
-0.38441900
-0.17450500
-0.46161000
-0.19636300
-0.15948400
0.14524100
0.03754380
-0.30302700
-0.51081100
-0.23637100
-0.17174100
-0.15661200
-0.00942353
0.08540450
0.16782500
0.82087600
-0.49163100
-0.08814520
0.36819200
-0.10737500
-0.32278800
-0.59694400
-0.36997300
-0.63310400
0.18657100
-0.01247050
-0.03620270
0.25561000
-0.24350700
-0.56372900
0.05491820
-0.08559570
-0.03505320
-0.15630800
-0.22717700
-0.46090600
-0.16526400
-0.51707900
-0.07523870
-0.37091700
-0.61893400
-0.36628900
-0.24697800
-0.15236000
-0.27984900
0.10095300
-0.45370500
-0.31746100
-0.15731800
-0.21656400
-0.19939600
-0.36275800
0.33089100
0.20143700
0.25352900
0.36819200
-0.39674800
-0.31654600
-0.12937400
-0.46841400
0.10957500
0.43130600
0.49916400
-0.59263000
-0.41899500
0.28069900
-0.12276800
-0.48342100
0.66197700
0.09182450
-0.32202100
-0.63988700
0.06246080
0.24154700
0.52689900
-0.22497800
-0.43117700
0.42365900
-0.41115600
-0.29601000
0.61390600
-0.34727500
-0.49724100
-0.31841900
0.26104200
0.91417400
0.76470000
0.53606200
0.04043390
-0.41503800
0.77901000
0.34101400
-0.23707000
-0.43634300
0.73802800
-0.39605500
-0.09799460
-0.06872740
-0.38861000
-0.27760100
-0.27419900
-0.30858000
0.77890800
0.25857000
0.93978600
-0.32924000
-0.30396600
-0.10451000
0.10242100
-0.00440453
-0.51359900
-0.48519100
0.24469900
-0.05699850
-0.52915800
0.68902900
-0.35658300
-0.17112600
-0.47726200
0.42680500
-0.51006700
-0.36894700
-0.00811639
0.03313080
-0.13525200
0.11469100
-0.60997700
-0.35430800
-0.48394800
0.26774900
-0.04321360
-0.21946900
-0.60056300
-0.42189600
0.34582100
-0.71128400
-0.30696100
-0.05297160
0.42543200
-0.13657600
0.11904700
-0.21326100
-0.10150900
-0.14696900
-0.24971000
-0.70493800
0.02941930
-0.60937300
-0.34242600
-0.12697900
-0.38180200
-0.59480300
-0.65472100
0.05732710
-0.34665800
-0.21175600
0.24056900
-0.36336000
-0.49602000
-0.09050940
-0.07101210
-0.54244900
-0.03329550
-0.19103500
-0.09049460
-0.27009300
0.20954700
-0.36125300
-0.29212300
0.09406050
0.19069500
-0.09049960
-0.44354000
-0.35164000
-0.27294200
-0.11206400
0.27382200
-0.08073460
-0.42210300
-0.42668100
-0.29132900
-0.29785000
0.09031620
-0.23797900
-0.51579400
0.02607130
0.06887670
-0.04617360
-0.21393300
-0.48262900
-0.25664500
-0.08600590
-0.16219000
-0.13425200
-0.26399200
-0.14930600
0.44968900
-0.54351100
-0.48012100
-0.08644450
-0.16817700
0.10703500
0.22909100
0.10035200
-0.13939300
-0.24159700
0.24009500
-0.62334500
0.14316300
0.15390500
-0.43320100
0.15292600
0.13231400
-0.84066800
-0.11139000
0.01902470
0.02781710
-0.38314500
-0.65070400
0.80419600
-0.41163100
0.04567200
-0.41997500
0.75726200
0.23659800
1.50735000
-0.42401800
-0.13527700
-0.16594500
-0.48152200
-0.21781500
-0.02445700
-0.28571200
-0.49728900
-0.33951700
-0.44469700
-0.63392600
-0.38747600
0.02418900
-0.28446700
-0.52628300
0.02130350
-0.30158900
-0.38623300
-0.32718200
-0.15171600
0.02636070
0.05343500
-0.20218700
-0.07910080
-0.12287700
-0.60258900
-0.33505600
-0.76195200
-0.30635000
0.09205440
-0.24783000
-0.46654200
0.21601800
-0.08098570
-0.27470900
-0.01502460
-0.85550400
-0.23351600
0.41492800
-0.52675600
-0.40949300
0.24028000
-0.09958770
-0.08719940
-0.45497200
-0.53402000
-0.54959100
-0.05768440
0.07163380
-0.21948200
-0.13468500
0.03916710
-0.51806900
-0.38639200
-0.55408900
-0.20336800
-0.28999600
0.46998500
0.45519300
-0.73346600
-0.15809600
-0.01359510
-0.12560300
-0.57496600
0.09278030
-0.01568280
-0.06327870
-0.30409800
0.28423900
0.02410940
-0.24275500
0.22762700
-0.38612800
-0.21839600
-0.07108480
-0.67395300
0.58537400
0.36630900
0.82109000
-0.04989680
-0.03788590
-0.76079000
0.57265600
-0.52873200
-0.23629100
-0.26773400
0.16435100
-0.28573700
-0.44763900
-0.29704200
0.40555000
0.04152580
-0.26134900
-0.24079800
-0.31389600
-0.03021640
-0.33403400
-0.25644300
-0.48229000
-0.21067500
0.29760200
-0.06577550
-0.19315700
-0.13232400
0.15963400
-0.44131800
-0.55725000
0.00864247
-1.03265000
-0.45573700
0.15868300
-0.48675800
-0.15445700
0.70510300
0.12251400
-0.37566200
0.00885540
0.35648000
-0.36466400
-0.05222460
-0.15589800
-0.34876400
0.53346600
-0.99639900
-0.11605100
-0.02701380
-0.28748200
-0.24314300
-0.60400200
0.44242200
-0.20179000
-0.11816000
0.37675800
-0.36079200
-0.13029500
-0.43456200
-0.10631400
-0.20677800
0.00986778
-0.00340593
-0.66329200
-0.17873600
0.43681100
-0.81202100
-0.62825200
-0.17992000
0.17101000
0.15193000
0.11601500
-0.19804700
0.44313000
-0.29557200
-0.38374600
-0.31259300
-0.06426710
-0.26766300
-0.43489100
-0.33196000
-0.41940000
-0.05306920
-0.13670200
0.19024000
-0.82943500
0.09524730
-0.25870600
0.26042500
-0.28750900
0.37733700
0.08575780
0.06278110
-0.39855900
0.57147900
0.47453700
0.08898910
-0.20683300
-0.03340590
-0.03547030
-0.41184000
0.30680800
-0.22499500
-0.52118300
0.10479500
-0.09711780
-0.40389000
-0.17799100
-0.16504500
0.02736410
-0.60560400
-0.16549900
-0.48931700
-0.29598600
0.10219700
0.35739200
-0.09538900
-0.29824800
-0.68822400
-0.46860200
-0.12112200
-0.23200900
-0.04115220
-0.00782458
-0.08812260
-0.12918700
0.31926600
-0.24132600
-0.19685300
0.22035200
-0.35051700
-0.46682700
-0.21116200
0.16841800
-0.31230900
0.66722700
-0.16112800
-0.33840500
-0.24538900
-0.39560500
-0.20318200
-0.22782400
-0.34832900
-0.27267400
-0.46078800
0.06134130
-0.14083300
-0.42975800
-0.13321100
-0.11913400
-0.63416500
-0.22631300
0.09426760
-0.07888310
-0.20833700
-0.31601100
-0.20443800
-0.25553400
-0.11401700
0.39391000
0.63531500
0.25801500
0.08718490
-0.53568400
0.04316490
-0.70321900
-0.27842400
-0.01001010
-0.57302300
-0.20370600
-0.25713500
-0.28853100
-0.18867400
-0.63175000
0.06436530
0.03653360
-0.42684200
-0.07804710
-0.24092800
-0.21808200
-0.36236900
-0.06959990
-0.10690000
-0.42149800
-0.12302000
0.01286410
-0.49321200
-0.61406500
-0.11168800
0.01902280
0.00621592
-0.27450400
-0.52773600
0.24333400
-0.09082750
-0.17134900
-0.77126000
-0.41530600
-0.03462070
-0.17535800
0.09071280
-0.19994200
-0.33271800
-0.50231400
-0.34383300
-0.28902600
-0.78363000
0.25365500
-0.34294400
-0.38581900
-0.46404000
-0.44235500
-0.57532600
0.41233600
-0.16684900
-0.10667200
-0.30431900
-0.51389900
-0.28050700
-0.07529010
-0.24283300
-0.08012610
-0.08811970
-0.05945640
-0.23861300
-0.28282000
-0.24644500
0.73905100
-0.39297900
0.37975700
-0.23845600
-0.16382900
0.24074600
-0.08180280
-0.01866750
0.08268500
-0.40238500
-0.54980600
-0.19082000
-0.15664500
-0.19778700
0.02525530
-0.19308600
-0.17484000
-0.22359800
-0.26941100
-0.37263300
-0.22502700
-0.38978800
-0.14871000
0.35805700
-0.49055800
-0.45795700
-0.13780000
-0.52562800
-0.14481100
-0.14410100
-0.46627100
-0.39709400
-0.56330500
-0.01380140
0.37289200
-0.75060900
-0.14509900
-0.31659900
-0.26861100
-0.09551900
-0.65611400
-0.18062600
1.79295000
-0.19340600
-0.04452440
0.95953200
0.41508900
-0.43187600
0.14673700
-0.24194800
-0.15812700
-0.14544400
-0.05110460
-0.23168500
-0.23390700
-0.28912000
0.10186600
0.23649200
-0.21395800
-0.14331200
-0.47205800
-0.52337400
-0.47836600
-0.13536200
-0.70069900
-0.03771410
-0.43847100
-0.13410900
0.36928500
0.32153500
0.03330700
0.14732800
-0.80570900
0.24010500
-0.10253400
0.28237900
0.32047800
0.24254500
-0.02219360
1.36957000
-0.25505400
-0.24273100
0.09042670
-0.28481300
-0.29052600
0.42921500
0.98563800
0.18634300
-0.18595400
-0.21373700
-0.54803300
-0.14880500
-0.17377500
-0.28547300
0.50463400
0.05805510
0.47605700
-0.29547000
-0.10105100
-0.49007700
0.35602200
-0.01015010
-0.12643200
-0.58748700
-0.34780200
-0.39674700
-0.35425900
-0.25874700
0.29262000
-0.09948300
0.12577500
-0.05976950
0.45951100
-0.21549800
1.52199000
0.65370000
0.82091700
-0.13727100
-0.15040600
-0.29846700
-0.32314600
-0.34960000
-0.45968900
-0.39157400
0.14710900
-0.28879200
-0.17713900
-0.32422100
-0.13539000
-0.26972800
-0.04086470
-0.30180100
0.00242976
-0.14259700
-0.47253000
-0.10705900
-0.31427900
-0.32349800
-0.52296400
-0.07076520
-0.04879560
-0.80533200
-0.33922800
-0.56990200
-0.45475800
-0.51515200
-0.23088800
-0.10206100
-0.66917900
-0.56814200
0.48172200
-0.30454000
0.39165400
-0.20799000
-0.33386300
-0.36524000
-0.01927230
0.18642600
-0.21661100
-0.03164730
-0.19004300
-0.28824800
-0.02900570
-0.03915880
-0.17207200
-0.11908400
-0.35137000
-0.70990900
-0.30581800
-0.40874600
-0.48581400
-0.00238379
-0.25111900
-0.12874900
-0.45977500
-0.17391800
-0.25825400
-0.29508400
-0.00739231
-0.26383000
-0.24566900
0.90625000
-0.47834200
-0.26364600
-0.26872500
-0.22366000
-0.39472400
-0.24482700
-0.14749000
-0.59374800
-0.32339100
0.13959700
-0.34356800
-0.40402800
-0.27374100
-0.13132300
-0.13695500
-0.09854410
-0.01060530
-0.92526400
-0.35931200
-0.20039600
-0.40209100
-0.23201300
-0.25175600
0.16063600
-0.58012200
-0.21463700
-0.96578400
0.54326100
-0.37970400
0.49400400
0.13073100
-0.38699100
0.68770900
-0.17118500
-0.16471300
0.35745400
-0.29668400
-0.52680400
-0.38258400
-0.20232600
-0.12719000
-0.15751200
0.16057900
-0.21937400
-0.10301400
-0.15601200
-0.30534500
-0.21028500
-0.12720600
-0.03590480
0.06923410
-0.17314800
-0.78983900
-0.53147000
-0.44969500
-0.32834300
0.01020320
-0.39326300
-0.22756200
-0.38205600
0.60121600
-0.34176100
-0.19384900
-0.29816400
-0.02936880
-0.19381500
0.21164100
-0.55786300
0.20877500
-0.51588000
-0.15542600
-0.08192110
-0.04274260
-0.23001800
0.18815400
-0.20368600
-0.62996300
-0.29949500
-0.52620500
-0.14770600
-0.21762200
-0.10694300
-0.19992700
0.10306800
-0.37867000
-0.20951400
-0.10433000
-0.56826900
0.11069900
0.45579800
-0.18659300
-0.29582700
-0.27700400
-0.06228210
-0.45011500
-0.62395000
-0.33072900
-0.31265700
-0.30126600
-0.43797600
-0.18274600
-0.33686800
-0.47044700
-0.47906800
0.10771700
-0.18732000
-0.14033500
-0.47270700
-0.11826200
-0.16448000
-0.08788660
0.31953000
-0.25505700
-0.54087000
-0.23179500
-0.27524200
0.07421760
-0.11815000
-0.24454700
-0.29314600
-0.34942700
-0.84094600
-0.07719860
0.19394200
-0.04487920
-0.27824300
-0.02370060
-0.13242800
-0.32422100
-0.64758700
-0.44004900
-0.12980600
-0.33799000
0.39964900
-0.41674900
0.02839980
-0.20378000
-0.29612300
-0.26511200
-0.14052100
-0.25967700
-0.00705064
-0.21977800
-0.61009900
-0.16529200
-0.48762300
0.56427000
-0.27386100
0.05813990
-0.44272500
0.04799030
-0.22513400
-0.32650600
-0.55073800
-0.15908600
-0.04333070
-0.35485100
-0.23530700
-0.27649200
-0.26718100
-0.50604200
-0.15830600
-0.47562800
-0.15640200
-0.26002700
-0.18118600
0.13249500
-0.31991800
-0.32615100
-0.42365400
0.02227110
-0.19498400
-0.23692600
0.13145500
-0.37553300
-0.23176500
-0.35124200
-0.30952900
-0.33420600
0.14133700
-0.34844200
0.97944600
0.64331700
-0.49153700
0.03780480
-0.95835100
0.44742000
-0.10368200
-0.29008800
0.13231500
-0.11896000
-0.13392500
-0.00032785
-0.19987500
-0.15082400
-0.02549900
-0.18485200
-0.27208100
-0.38088800
-0.18435800
-0.43467800
0.09952540
-0.30402200
-0.62547500
-0.21131800
-0.36101600
-0.29498100
-0.55585200
-0.19230400
1.06292000
0.21468400
-0.01636910
-0.48113200
-0.52630500
-0.21893800
0.09717320
-0.43166000
-0.02661450
-0.72975400
-0.11853500
0.32984900
-0.63962800
0.03096530
-0.24845800
-1.04359000
-0.31692200
-0.10323300
-0.37203900
-0.05189850
-0.03600060
-0.19397800
-0.29527300
-0.28771700
-0.71070400
-0.24168700
-0.11843400
0.39272800
-0.40688700
-0.02098700
0.40303100
-0.10370400
-0.21320100
0.09099260
0.35316000
0.62063000
0.12225700
-0.79492900
0.02860670
-0.23837100
-0.50837500
-0.75253700
-0.21687200
-0.03378020
-0.22643000
-0.28007300
-0.17810400
-0.53518300
-0.28209100
-0.08056050
-0.26477800
-0.39347400
-0.54150100
-0.65054200
1.63340000
-0.20610500
-0.27472200
-0.40222300
0.46341300
0.39845400
-0.19718100
-0.32097800
-0.19429900
-0.48426400
-0.37564000
-0.29112200
-0.41025900
0.26150300
0.56650100
-0.10239400
-0.07139830
-0.64642200
-0.37391100
-0.38640800
-0.30944100
0.00201612
0.58922100
-0.65122200
-0.54504700
-0.16527100
-0.52640200
-0.66653900
-0.12203400
-0.15308800
-0.18154600
-0.06513790
-0.35083700
-0.79923300
-0.90743500
-0.30043200
-0.13789800
0.24439700
0.05824430
0.66970000
-0.20965800
-0.15454500
0.14300300
-0.01444700
-0.11423700
0.61252600
0.15220500
-0.14833800
-0.57985700
-0.23165800
-0.24348200
-0.33339800
-0.33004000
-0.10823300
-0.15834700
-0.21171200
0.01131470
0.01024650
-0.45161100
0.02311420
-0.30871200
0.61477900
-0.37322800
0.11936100
-0.11071600
-0.42921800
-0.37040900
0.04764590
0.77138300
-0.28823500
-0.17206300
-0.39563300
-0.39238300
-0.45009500
-0.22874700
0.42996100
-0.28064500
-0.18891500
-0.54432200
-0.33846900
-0.15294200
0.18215300
-0.28887600
0.01130410
-0.55996900
-0.48389500
-0.03864190
-0.26311200
-0.34544500
0.34483200
-0.42015500
-0.05593560
-0.30578900
-0.09116660
-0.53728400
0.11892400
-0.06137390
-0.15858500
-0.33661400
-0.39838000
0.08119610
-0.08525100
-0.33142700
-0.26278200
-0.02864130
0.16430000
-0.00948759
0.39484200
-0.12469700
-0.42301400
-0.15393900
0.17467400
-0.42837700
0.67058400
-0.05319370
-0.44758200
0.33154400
-0.37855800
0.23739600
-0.40468400
-0.55763500
0.21555900
-0.13323600
0.27138100
-0.13023000
-0.28904500
-0.06984400
-0.29226000
-0.29414700
-0.15385500
-0.43830700
-0.49003200
-0.36736400
-0.24889500
-0.19283700
0.48786500
0.24069700
-0.23205800
-0.61499600
-0.39950500
-0.08314240
0.29675200
-0.41200300
-0.36149300
-0.29276100
-0.52722100
0.01854870
-0.10862200
-0.03748520
0.07179790
-0.46994800
0.39297200
-0.01035140
0.37628200
-0.16405100
-0.21051600
-0.12639400
-0.21604000
-0.22805400
0.29806500
-0.71880100
-0.53330400
-0.36603200
-0.12766000
-0.06653110
-0.74066200
0.02257880
0.37910000
-0.62046600
-0.22157500
-0.17028000
0.05277330
-0.38682000
-0.08713610
0.95476000
0.00322262
-0.17779100
-0.28105900
-0.35821600
-0.04457690
-0.21815800
-0.28521500
-0.25031100
-0.63133500
-0.19910600
-0.50717200
-0.44526300
-0.02015580
-0.51128700
0.10338000
-0.46548500
-0.42097600
-0.36549100
-0.58090900
0.06896570
-0.42916000
-0.30132500
0.37899000
0.22141400
-0.53803200
0.66487600
-0.15402300
0.08491650
0.38470000
-0.35004300
-0.30219000
0.19579900
-0.47712200
-0.58468900
-0.46570400
0.14917300
-0.37087800
-0.33270200
-0.65324900
-0.08604750
-0.24306600
-0.33413000
-0.16609600
-0.41231400
-0.37018900
-0.39153500
-0.37644400
0.25913000
-0.65104200
-0.41280000
-0.36691700
0.53511700
0.18476300
-0.62489300
-0.37143900
0.02719610
-0.03093030
-0.18705300
-0.37921100
-0.30450800
-0.01239050
0.18110900
-0.14674800
-0.50233200
-0.03343290
0.12213600
0.06265390
-0.29895600
0.27677600
-0.56846300
-0.16249600
-0.03120870
-0.00399606
-0.14445800
-0.58087800
0.01939690
0.20744700
0.05067860
-0.20383900
0.18553400
-0.06923760
-0.15797400
-0.52672400
-0.38231800
-0.77932000
0.09926080
-0.53522600
0.58091600
0.08385470
-0.61516600
-0.47929500
0.68641000
0.49931200
-0.12050500
-0.36658000
-0.12365300
-0.13489500
-0.29650600
-0.28197700
-0.13006800
-0.01640650
-0.04562560
-0.11074300
0.08241360
-0.18249200
-0.00382379
-0.42204200
-0.21378300
-0.44206500
-0.51804100
-0.12137700
-0.34578400
-0.30859400
-0.07529750
-0.03107860
-0.30249600
-0.35671300
-0.36356700
-0.08125980
-0.36482300
0.20039000
-0.07707090
-0.17792200
-0.31636900
-0.44434100
-0.41244600
-0.13193700
-0.29244900
-0.62858600
1.40543000
0.47082600
-0.28451500
-0.11620900
-0.17764800
-0.25243000
-0.45747100
-0.78368500
-0.72615700
-0.11479000
-0.24198200
0.00207059
0.46821900
0.13389500
-0.62834600
-0.14860600
-0.21751800
0.50862300
-0.35324700
-0.30778800
-0.16660100
-0.57706500
-0.66581200
-0.22989700
0.67732700
-0.18143100
-0.19365100
-0.70423400
-0.70893500
-0.06311760
-0.32608100
0.03515540
-0.92171400
-0.15343900
-0.43399300
0.30245300
1.32689000
-0.00297476
-0.05262500
-0.43564500
-0.40675600
-0.44681500
-0.52755600
-0.15750700
-0.51330700
-0.44441700
-0.25314100
-0.20947100
-0.08783580
-0.47211000
-0.37618900
-0.51447200
-0.48614400
-0.60275100
-0.39724900
0.29198600
-0.08400970
-0.09223430
-0.31614100
-0.14769200
-0.44640500
0.57862700
-0.71809700
-0.71759500
-0.18362200
0.60638600
-0.54518700
-0.27877300
-1.04986000
-0.44963600
-0.93433500
0.49382100
-0.48610900
0.07425980
-0.25473700
-0.19321900
0.40769400
-0.08271110
-0.22895900
-0.02094040
0.17864800
0.51215400
0.93310500
-0.12161900
0.84885000
-0.25631200
0.00186631
0.16599600
-0.83090700
-0.39650500
0.41256400
-0.39818200
-0.09039130
0.16411900
0.10828700
-0.23302700
-0.41118700
-0.41321600
-1.00536000
0.03965930
-0.89359100
0.10105100
0.12172500
-0.35906900
0.04437990
-0.28243200
-0.11155800
0.13914700
-0.14489100
-0.31951500
-0.29856500
-0.27208100
-0.48311400
-0.07283080
-0.18368700
-0.13511600
-0.55369800
0.12457800
0.29236500
-0.08195830
-0.42357000
0.04954300
-0.51049900
-0.29284700
0.10862000
-0.16788200
-0.32009400
-0.42787300
-0.14059400
-0.16861600
-0.44757500
-0.36195400
0.33638600
-0.12206100
0.20262900
-0.29178700
-0.01816650
-0.21116100
0.61849500
-0.08241610
-0.42715400
-0.30387900
-0.35340400
-0.01441350
-0.57350300
-0.15561500
-0.35584200
-0.05058090
-0.31440200
-0.32922100
-0.17267000
-0.21903800
0.29106000
0.64980600
-0.39853600
-0.09711900
0.23143500
0.15882000
-0.12424000
-0.42539200
-0.21863600
-0.28241000
0.51451400
0.55182100
0.82714700
0.07366690
0.00535917
-0.39486000
-0.18821500
0.25148500
-0.70495700
-0.43339700
-0.08908690
0.52023300
1.08399000
0.10029200
0.03718500
-0.34577900
0.45422400
-0.42979600
-0.11165400
0.14108000
-0.53239600
0.14910900
0.67471400
0.52043800
-0.07263490
-0.40866700
-0.11253100
-0.39953000
-0.57172200
0.22379400
-0.41995500
-0.02164830
0.22329500
-0.09374060
-0.16300300
-0.43709800
-0.39974300
-0.70030300
-0.42514600
-0.82420500
-0.99681000
-0.17420700
-0.20957300
-0.24053800
-0.22244500
-0.54599300
-0.17181200
0.26493200
-0.17769200
-0.50855800
0.17079700
0.13805900
-0.17566000
-0.08260920
-0.36034600
-0.09547130
-0.52539900
-0.56283800
-0.27524100
0.01580260
-0.44228900
-0.02626240
-0.32837500
-0.21499300
-0.05505460
-0.30461400
0.19076500
-0.09097780
-0.33504700
-0.33234900
0.11331700
-0.20662300
0.05169430
-0.06325770
0.06014660
-0.58894800
-0.07349320
0.94466700
0.11053400
-0.42606600
-0.07991490
1.49885000
-0.31443600
-0.24836600
-0.30224200
-0.05808630
0.67378300
-0.20223200
-0.06979460
-0.10539300
0.16416000
-0.29016600
-0.20754600
-0.13138600
-0.42001800
-0.24111500
-0.00908022
-0.16732700
-0.14341200
0.01555760
-0.14348900
-0.46963300
-0.24446900
-0.71192300
-0.89668900
-0.15018400
-0.38958500
-0.52952000
-0.10430500
-0.34610100
-0.16363100
-0.41547500
0.05805080
-0.27480700
-0.34821700
-0.26076200
-0.26872500
-0.42593300
-0.15274200
-0.64015300
0.86887200
-0.03844770
-0.18424200
-0.44107200
-0.29069600
-0.14413300
-0.16994000
-0.17917400
-0.10510100
-0.25110700
-0.08594540
-0.31428200
-0.14925700
-0.40235000
-0.09824900
-0.23864100
0.11077200
0.02500250
-0.18408700
-0.12366800
0.04237770
-0.38838400
0.74968000
0.11000600
-0.17758400
-0.12530600
-0.34212900
0.03207380
-0.19304000
-0.18870100
0.76009300
-0.64446900
-0.60094400
-0.36559100
0.08373300
-0.70352000
-0.60514900
-0.16885700
0.20771900
0.55181400
-0.26078700
-0.23060300
-0.34650900
-0.18787600
-0.25703800
0.48380000
-0.22941400
-0.25097800
-0.50482300
-0.47645300
0.14766800
-0.38900100
-0.14020500
-0.29898800
-0.33085700
0.38948700
-0.59645400
-0.36439600
0.77417000
-0.21170900
-0.21800300
-0.23709200
-0.30645400
0.02245720
-0.10043400
-0.44614000
-0.28047600
-0.63792600
-0.13559700
-0.51159700
0.04719400
-0.41261300
-0.06575270
-0.39775300
-0.32958800
-0.76695800
-0.46763800
0.19413700
-0.15831100
-0.01282060
-0.28963000
0.46633200
-0.16830200
-0.20773300
-0.25072700
0.27237400
-0.51731300
-0.19420700
-0.04436610
-0.08351840
-0.37538300
0.13836500
-0.30607100
0.02281520
-0.50145900
-0.24386100
-0.45695200
-0.09934570
-0.39716900
-0.30781000
-0.34227400
0.26906100
-0.33138300
0.12528300
-0.01404140
-0.38238700
-0.36629400
-0.18296900
-0.38775900
-0.12812500
-0.34015200
-0.20643700
-0.26355400
-0.05774090
0.07774500
-0.37929600
-0.00650432
-0.08659320
0.31186100
-0.26140700
0.13992100
-0.26643100
-0.07113710
-0.36120400
-0.33139700
0.02020100
-0.44684900
-0.04781780
-0.42585600
0.89155200
-0.25367900
-0.45726100
0.80852700
-0.34798600
-0.31856600
-0.21468700
-0.07005260
0.73795400
-0.12300900
0.19109600
-0.06941780
-0.17480600
0.03452230
0.04701970
-0.37210700
-0.05303630
-0.26381200
-0.09060890
0.33837700
0.05476400
0.68547000
-0.33628700
-0.41563000
-0.62537700
-0.47777600
-0.06092340
-0.04564800
-0.14680800
-0.05958070
0.19407300
-0.27511800
-0.63258500
-0.55303800
-0.56068200
0.15638100
-0.55031400
-0.06071550
-0.36951300
0.03562280
-0.64462100
0.06053300
-0.55339500
-0.20671800
-0.47054600
-0.23777200
-0.24953300
0.32980700
-0.09301800
-0.16077100
0.05151650
-0.01185570
-0.16482000
0.34634500
-0.06107490
-0.25115200
-0.22225000
-0.31666500
-0.80291000
0.23726700
-0.55078300
-0.30842300
-0.47156500
-0.27221300
-0.79002400
-0.10772300
-0.18446100
-0.25168900
-0.15180900
-0.07715020
-0.11720000
-0.21322300
-0.03698840
-0.09910030
-0.09843300
0.08307480
-0.65615200
-0.51860200
-0.46808400
0.16385000
-0.48544500
-0.60130200
0.27286900
-0.04963420
-0.45078700
-0.53755500
-0.22111000
0.03426100
-0.11937700
-0.28006300
-0.57829100
-0.41157700
-0.37405900
-0.29577300
-0.48494800
0.20075000
0.56226200
-0.22874900
-0.17374900
-0.02842620
-0.28115300
-0.37454700
1.34125000
-0.03086990
-0.44551500
-0.60212200
-0.32681600
-0.16857100
-0.47954400
-0.00425991
-0.45020300
-0.31814900
-0.32089500
-0.25456600
-0.15696100
0.06526710
0.15597900
-0.57061400
-0.33882500
-0.16510500
-0.52700600
0.12636500
-0.24093500
-0.28993600
-0.20799700
-0.71047200
0.73591900
-0.32238000
-0.56675400
0.36672300
1.12207000
-0.12948800
-0.51424100
-0.27902900
-0.14875900
-0.18972400
0.14383700
-0.46007700
0.26628400
0.05360610
-0.55854700
-0.14891400
0.15617900
-0.20626600
-0.09258740
-0.44186300
-0.17388800
-0.42474600
-0.42976300
0.54352600
-0.39366800
0.16193700
-0.10952100
-0.34245500
-0.25025100
-0.15021600
-0.41099500
-0.39867400
-0.10012200
-0.18016700
-0.30047400
-0.16942200
0.14600700
-0.19855500
-0.30956600
0.38278900
-0.47479100
-0.21897300
1.13388000
-0.24482300
0.25459100
-0.15414800
1.10520000
-0.41390000
0.02842510
0.39932900
-0.13500700
-0.28090900
0.34838200
0.10853500
0.01438090
-0.31194900
0.10633100
-0.15660700
0.14006600
0.54572600
1.16021000
-0.31975200
-0.30794900
-0.27005800
-0.24576700
-0.27272800
-0.31813600
-0.20832500
0.09081990
-0.77136400
-0.04797990
0.79847100
1.17014000
0.67270800
0.05417160
0.29325300
0.61628300
0.37873700
-0.19135100
-0.02572340
-0.05192610
-0.41836800
-0.26242500
-0.42154500
-0.56558900
-0.04103010
-0.11447500
-0.26673300
-0.11281200
-0.21256000
-0.34476200
-0.16484400
-0.45629800
-0.10479400
-0.65675600
-0.21363900
-0.11302200
-0.56636400
0.39254100
-0.29663100
-0.30524500
-0.15574500
-0.02202010
-0.45974700
0.07514100
-0.52785200
0.00375676
-0.41843500
-0.26236100
-0.38412700
-0.35199400
-0.58537700
0.02046120
-0.14744700
1.03164000
-0.28951500
0.27662300
-0.35397200
-0.58312200
-0.59248800
-0.10254700
-0.15785700
-0.37559200
0.28800200
-0.86099700
-0.39884200
-0.55479300
0.37830800
-0.16065600
-0.62635600
1.06900000
-0.06610660
-0.49325100
-0.21611400
0.71160100
-0.29527500
-0.50704600
-0.10096600
-0.76682600
0.14023700
-0.42062500
-0.59042300
0.05279640
-0.02464540
-0.38797800
-0.22214400
-0.26038900
-0.19321700
0.55653100
-0.19797400
-0.25573300
-0.32276700
-0.21315000
-0.46271900
-0.67035500
0.52048900
-0.37869200
0.81966000
0.15563600
-0.20901300
-0.09173510
-0.26612000
-0.28571300
-0.00610155
-0.12555400
-0.16056100
-0.34344400
-0.30469800
-0.03053840
-0.10231800
-0.13400700
0.11712500
-0.20369600
0.12143500
-0.03467230
-0.46344500
-0.49329800
-0.32141600
0.23131800
-0.44124800
-0.31139400
-0.12337100
-0.26828200
-0.19952600
-0.10658900
-0.08814460
-0.34169600
-0.17787400
-0.06392450
-0.21299200
-0.35365300
-0.26755500
-0.36927100
-0.53327200
0.14351700
0.02136030
-0.16274200
-0.40093900
-0.20562200
0.14460800
-0.11191100
-0.19703700
-0.43425800
-0.44085100
-0.41073200
0.38528100
0.07310500
-0.29715500
-0.48895900
-0.36550300
-0.56594700
-0.27360600
-0.21569300
0.40112400
-0.46080300
-0.14636000
0.59879800
0.53774700
1.28421000
-0.26388100
-0.26108400
0.00935172
0.05703930
-0.20709800
-0.21482900
-0.33167900
-0.06555800
-0.34008300
0.64253500
-0.11285000
-0.45374800
-0.63598900
-0.24002200
-0.62176000
0.00322552
0.89462100
0.38974100
-0.34165800
-0.23549400
-0.45123900
-0.02111350
-0.57036000
-0.40366700
-0.17933100
0.06007010
-0.42295800
-0.43467600
-0.12116200
-0.36368500
-0.19607500
-0.35670600
-0.08474580
-0.07597070
-0.02195430
-0.11532500
-0.47252300
-0.31769700
0.19284300
-0.45202300
0.32779000
0.12204400
0.99451100
-0.22301100
0.27969400
0.10897100
-0.64462600
0.74324900
-0.05001350
-0.67735800
0.19813800
-0.17277100
-0.42858500
-0.33835900
-0.23485600
-0.18225000
-0.40806400
-0.28883000
-0.32606100
-0.27137400
0.13298000
-0.15624100
1.17466000
-0.34722400
0.12084000
0.06425820
-0.15668400
-0.59451600
-0.17446900
-0.58542500
0.02461470
-0.12742600
-0.48179700
0.08457850
-0.26608500
-0.13351600
-0.24072200
0.04252370
-0.01633750
-0.22051800
-0.06870730
-0.07987710
-0.29780200
-0.33800100
-0.49743800
-0.51359100
-0.40338600
-0.20390100
-0.19287600
-0.49955000
-0.13798400
0.05651790
-0.13503800
-0.20612600
-0.44035900
-0.20880900
-0.42031900
0.52868200
-0.34351300
-0.50685600
-0.28256500
-0.29444600
-0.47366400
-0.06635190
-0.02017700
-0.45684500
0.42865500
-0.24331900
-0.37960500
0.16760200
-0.37688900
0.07676010
0.13232200
-0.23862700
0.22652100
0.88262500
-0.36530200
0.27153100
-0.39005500
-0.10455500
-0.64655300
-0.27446200
-0.24203800
-0.26749500
0.59610100
-0.46312100
-0.30969300
-0.45706700
-0.24585300
-0.24485300
0.00299646
-0.32092400
0.15592600
-0.32997200
-0.36092700
-0.67122600
-0.47025900
-0.15149200
-0.28269500
0.23907700
0.36548300
0.43842900
-0.02524190
-0.27657400
0.66028100
-0.22652100
-0.12555400
0.07931940
0.44147500
-0.52934500
1.20690000
-0.10715300
-0.52612300
-0.10767300
0.49710100
-0.39899300
-0.28201000
-0.45807100
-0.29964000
0.19144300
-0.12569600
0.14435500
0.12303000
-0.05021190
-0.24758100
0.27325400
-0.51084300
1.00575000
-0.54161400
-0.28766300
0.01022450
-0.08019680
-0.34180800
0.12527900
-0.32257600
-0.48025400
0.05691160
-0.51175400
-0.65299500
-0.48239500
-0.04991370
-0.45097000
-0.12341100
-0.56505000
0.16386400
-0.44902900
0.55971700
0.02920460
0.54018000
-0.20723300
-0.23912100
-0.41751900
0.05361470
1.36677000
-0.47654900
-0.57688300
-0.41594000
-0.23939400
-0.32433600
-0.14917200
-0.57257300
-0.45888500
-0.34244800
-0.35653100
0.02128160
-0.40028900
-0.14463100
-0.21713000
-0.13683700
0.19739800
0.23256900
-0.30589600
-0.38115200
0.07971120
-0.54023600
-0.18719200
-0.70627900
-0.41763200
-0.39422600
-0.36683300
-0.46827900
-0.01281980
-0.42364400
0.42759800
-0.17667500
-0.08033000
-0.25661000
-0.17158800
-0.21461300
-0.34085200
-0.18263900
-0.36124800
-0.28469600
0.35962100
0.04202520
-0.31043200
-0.12666800
-0.10228200
-0.61698900
-0.75513200
-0.30905900
-0.03763700
-0.58644400
0.02696960
-0.22714900
-0.09118980
-0.34289700
0.13150400
-0.65554400
-0.21131300
-0.15376500
-0.21876500
-0.00323944
0.38743100
0.17823500
-0.24603100
-0.57462400
-0.07460790
-0.28560900
-0.29783500
-0.37012100
-0.29015800
-0.17303900
0.00418462
0.30508700
-0.10152400
-0.44834100
0.00215720
0.21568500
-0.37811400
0.65323600
0.07909520
0.19003500
-0.16214600
-0.66954200
-0.13229500
0.18036800
-0.62758800
-0.23709700
0.35824400
-0.49537900
-0.23167600
-0.33062700
-0.07366020
-0.37359600
-0.45538500
-0.14866900
-0.34643500
-0.34737800
0.07814910
-0.17428400
-0.23517300
-0.14095000
-0.01486630
0.14750200
-0.26881200
-0.31836200
-0.11897300
-0.43922300
-0.08382450
-0.43996500
-0.18679600
-0.08543610
0.73470100
0.27267300
-0.84765600
-0.29290100
-0.15210900
-0.55644300
-0.24368800
-0.24222800
-0.28120600
0.38906500
-0.68904500
0.04015950
-0.00188868
-0.41011600
-0.36710900
-0.27955100
-0.23525900
-0.46165100
-0.34856500
0.40059500
-0.50536700
-0.15817400
0.79043600
-0.64513900
0.36122600
-0.01501520
-0.15131900
0.07514350
0.24014900
-0.62002300
-0.40460600
-0.14902400
-0.35308600
0.71268800
-0.11564800
0.28625400
0.09691420
0.53169800
0.20058600
-0.34323500
0.76216000
0.14501400
0.63198200
-0.55746400
-0.11701500
0.35842600
-0.36866900
-0.12354500
-0.19106400
-0.35810300
-0.07637250
0.19798400
0.02076240
-0.61826600
0.15567000
-0.04257150
0.06537360
0.33586500
1.13710000
1.06091000
0.37886000
0.25422100
0.59534000
-0.03092880
-0.50711800
-0.44693800
-0.17264600
-0.03664060
0.27773400
-0.03471190
0.01750040
-0.21675800
-0.15167600
-0.40287200
0.10785300
0.02772060
-0.15095200
-0.10014300
-0.07837400
-0.07060730
0.10597600
-0.38750700
0.17692900
-0.24814300
0.51589000
-0.41153200
-0.43639900
-0.37451900
-0.26724600
-0.40922900
0.18039400
-0.22174900
-0.24672200
-0.48483400
-0.19726900
-0.10108100
-0.23550300
-0.03889660
0.01633660
-0.42406800
-0.32368200
-0.52052800
-0.21398500
0.06860620
-0.00391142
0.22395400
-0.31676600
-0.80590600
-0.25402100
-0.62378900
0.17272100
-0.03824950
-0.74230100
-0.15193600
-0.58222700
0.49777000
-0.18273200
-0.08599000
-0.07516340
1.13670000
0.22341900
-0.24700800
-0.00069291
0.02733630
-0.28525200
0.00284279
-0.12386800
-0.10232400
0.08649600
-0.04422350
0.12206600
-0.27235600
-0.29847200
-0.02514450
0.38438800
0.00259863
-0.45712100
-0.77672000
-0.13898100
-0.34755500
-0.51155200
0.07685770
0.15571900
-0.26292000
-0.17370900
-0.03622400
1.16629000
-0.61959400
-0.31850000
0.50095800
0.00621780
0.46118200
-0.26691600
0.09461760
0.35372100
-0.58543400
-0.33596200
-0.29540700
0.01639010
-0.04610670
-0.40063300
0.04405750
0.60153500
-0.50583400
-0.54275700
-0.38483200
-0.57169200
-0.22250600
-0.20850800
-0.39140300
0.04628690
-0.13594700
-0.09112060
-0.26539500
-0.46252700
-0.17862000
0.28505600
-0.50784700
-0.42238700
-0.42289900
1.14020000
-0.37423500
0.08960170
-0.53563000
-0.11663200
-0.22578100
-0.38745700
-0.24918900
-0.30986000
-0.18956400
0.06798860
-0.19884100
-0.47868900
-0.02488400
-0.27465900
-0.68700100
-0.07060470
-0.12380300
-0.64484800
-0.35721300
1.01776000
-0.19897500
-0.00956832
-0.64610700
0.90341500
-0.29802600
-0.22929600
-0.45961000
0.08510490
-0.46796200
-0.02990660
-0.23389000
-0.53698700
-0.25037100
-0.00973395
-0.40456000
-0.28859800
-0.42340100
-0.50256200
-0.52584100
-0.33119700
0.24619100
-0.30146000
-0.27158400
-0.40705300
0.04290470
-0.26718500
-0.72586400
-0.23409500
-0.24491200
-0.13544900
0.16659500
0.01239560
-0.49791600
0.15084200
-0.36981900
0.24379400
-0.47309700
-0.25230100
-0.29902900
-0.36603600
-0.09350710
-0.45708600
0.26338200
-0.19510200
-0.11463600
-0.27171100
-0.30881700
0.31240000
-0.18904500
-0.41468800
-0.10617400
-0.17204700
-0.12349100
-0.43301700
-0.32588100
-0.46389600
0.24063300
0.13259100
0.10060500
1.04505000
-0.20453900
-0.37096100
0.11917400
-0.13600100
-0.00786317
-0.19963600
-0.27529700
-0.35007400
-0.16477400
-0.44695700
0.08310230
-0.31887400
0.24725800
-0.24879900
-0.37265100
-0.35819400
-0.23901900
-0.33086500
-0.33217200
-0.00468790
-0.41022400
-0.19746700
0.11234700
-0.15286800
0.35226800
-0.13840300
0.49624700
-0.01632260
-0.28982200
0.41240400
0.03761050
0.10261700
-0.65853200
-0.38195700
-0.15477400
-0.15947500
-0.11682200
0.01772960
-0.03489810
0.21995500
0.41022500
0.65942900
-0.07543840
-0.25934300
0.27229100
-0.22331200
0.05304130
-0.27664800
-0.03629270
-0.29847600
-0.28195900
-0.20484100
-0.48459200
-0.05214940
-0.03034880
-0.67634500
0.83205800
-0.27202000
0.17662600
-0.87698700
-0.33201300
-0.30735500
-0.12939600
-0.30318000
-0.37870000
-0.43008000
-0.16932300
0.02659150
-0.34317800
-0.34108600
-0.74536200
-0.27293200
-0.19616500
0.13503100
-0.07876790
-0.98469700
-0.50886500
-0.33563400
-0.28050700
-0.12460000
0.13350400
-0.18346200
-0.45066700
-0.04119500
-0.42164500
-0.49866200
0.03999730
-0.28254300
-0.35798600
0.29399000
0.35621100
-0.27531500
-0.12387800
0.03326700
0.11865700
0.25110700
-0.11076700
-0.07342310
-0.14103300
-0.09033360
-0.01997170
-0.10066700
-0.04254210
-0.22845000
-0.15180100
-0.03247320
-0.28032500
-0.39392600
-0.43474900
-0.17961400
0.02446100
-0.28806200
-0.25838100
0.06182780
-0.15244700
0.86718400
-0.40573000
0.00260897
-0.45308700
0.15773800
-0.53322100
-0.35845900
0.05444340
0.30232300
0.07880800
0.62817400
-0.14441600
-0.41853100
-0.89827500
-0.36951600
-0.30250400
-0.23193000
-0.11354900
0.93066400
0.03582090
-0.30024400
-0.21293800
-0.32771100
-0.39878400
-0.25166200
-0.17298000
-0.08393620
0.14654500
0.11092800
0.22339100
-0.35149900
-0.55621800
-0.04544500
0.02886270
-0.28891700
-0.01163150
0.23002500
0.38444300
-0.13888500
0.11314400
-0.38272900
0.29651700
-0.23893600
0.36661900
0.08246250
-0.26949800
-0.68382400
0.20346600
-0.05995650
0.30303200
-0.37032100
-0.20387100
-0.15340600
0.48058000
-0.14750400
-0.07918630
-0.23802000
-0.15845500
0.23724600
-0.54839000
-0.20464600
-0.04163550
-0.29423700
-0.10682800
-0.51168400
-0.45113100
0.19441900
-0.08415650
-0.10361900
-0.28557600
0.73655100
-0.02305420
-0.21466800
-0.46739800
-0.00228324
-0.24390300
-0.05992640
-0.27637700
-0.44917700
-0.26986400
-0.26168100
0.18808200
-0.32141400
-0.02405450
-0.03038910
-0.46900300
-0.34675000
-0.13886600
-0.17312800
-0.55589400
0.14450500
-0.22534900
-0.34692000
0.01542900
0.03752050
-0.36560200
-0.00610192
-0.23107600
-0.13885800
-0.69246500
-0.36717300
-0.44646100
-0.03471440
-0.32704300
-0.22969200
0.13889100
-0.45788100
-0.29844800
0.02108390
-0.54386900
0.13172700
0.76156200
-0.36338900
0.35846300
-0.20313200
-0.50115200
-0.49953100
-0.19676400
-0.71217900
0.00355669
-0.16045400
-0.44326700
-0.04242100
-0.37956500
-0.26556300
-0.15003300
-0.19138500
0.14168900
-0.22108100
0.01696590
0.75477400
-0.27021400
-0.29107300
-0.34716100
-0.34547000
0.75077700
0.03967310
-0.08131710
0.02120090
0.36157800
0.40037400
-0.58753700
-0.02032040
-0.23380800
-0.84299800
-0.44288900
0.05287450
-0.18529500
-0.48883500
-0.38463500
-0.54010300
-0.28266000
-0.37385000
-0.37281300
0.09422210
-0.65847000
-0.33581400
-0.17588800
-0.60139900
-0.22396500
-0.05415780
-0.14012800
-0.41973100
-0.60053300
0.05975550
-0.34860800
0.21261000
-0.19672400
-0.29316000
-0.27630000
-0.20867600
0.28327800
-0.20727800
-0.25975600
-0.12328300
-0.86580100
-0.16312100
0.55902300
-0.19941500
0.06521080
-0.49814900
0.21724100
-0.05909750
1.08968000
-0.01324730
-0.25770500
-0.38016000
-0.66992800
0.66404500
-0.25177000
0.14879300
-1.11990000
0.38457400
-0.44601800
0.31200500
-0.36911700
-0.29381800
-0.39058000
-0.51156100
0.61362200
-0.34281800
0.09023630
-0.06394550
0.69258500
-0.13382900
-0.46725300
-0.25604900
-0.31761700
-0.03202150
0.49027400
0.33426100
-0.37311200
-0.13656500
-0.46557400
-0.22691500
0.09398540
0.10510000
0.02320860
-0.62108200
-0.42034300
-0.03477200
-0.21623500
-0.11038500
-0.02109160
-0.09378990
-0.54500500
-0.43114300
-0.50741200
-0.14934800
-0.37725000
-0.19111100
-0.53974500
0.01780160
-0.09197100
-0.32615800
1.57189000
0.51635600
-0.45349900
0.62561900
-0.14912600
0.22943200
0.24770900
0.33136300
0.52657300
0.14723700
0.13876100
0.68145200
0.42781900
0.43565100
-0.11409000
0.07485630
-0.18680600
-0.24454200
0.17269600
-0.19731700
-0.40775200
-0.08635270
0.50283200
-0.23616400
-0.23395300
-0.07543840
-0.18099900
-0.04117530
0.19163100
-0.22895700
-0.19281600
-0.26932400
-0.22478100
0.01574920
-0.40721100
-0.33248100
-0.23908800
-0.12582100
-0.40816000
-0.24277500
-0.28619600
-0.30929000
-0.12293000
-0.40734400
-0.68953400
0.56806200
-0.11929300
1.08143000
0.30076600
-0.04397170
0.59504700
0.66622100
-0.52255700
0.36455400
-0.38513300
-0.22309900
-0.29007500
-0.11155700
0.19952000
-0.54477500
-0.32717000
-0.14956000
-0.42458200
-0.10232800
0.11481100
-0.41380400
-0.11155700
-0.33636100
-0.23860400
-0.02740890
-0.16065600
0.48378700
0.24219300
-0.44902700
-0.49161700
-0.79463000
0.04802400
-0.38403400
-0.21208200
-0.01555240
0.18838100
0.21284200
-0.11696900
-0.16822000
-0.31109500
-0.05325880
-0.16374800
-0.17214600
-0.14162800
-0.34845400
-0.45216400
-0.03564670
-0.43652200
0.25454500
-0.07450010
0.10631500
-0.16129600
-0.24495300
-0.14422100
-0.40068100
-0.08548990
-0.12328900
-0.41354600
0.21212600
-0.25411200
0.17045800
0.43145000
0.09584210
-0.41770400
-0.31784000
-0.28425600
0.32830200
-0.29983200
-0.42158000
-0.55504500
0.60099900
0.12875700
-0.54941300
-0.65993600
-0.28237300
-0.20072000
0.02666790
-0.25665400
-0.36024900
-0.20774400
0.14280300
0.02017620
0.10086000
0.24345600
-0.42399700
0.07134400
-0.06039640
-0.06039640
0.36061000
-0.32769200
0.29433000
0.52043100
-0.39477700
-0.06042780
0.04450110
-0.06806760
0.45083800
-0.45250700
0.04280620
0.39704800
-0.34631500
-0.49948600
-0.25136400
-0.09508150
0.18190000
-0.24662800
-0.11331200
-0.06890550
-0.22024000
0.21357700
-0.67375700
-0.10179400
0.52115500
-0.26107000
0.00936049
0.00309486
0.17878000
-0.18611600
-0.35441500
0.27445200
-0.33750800
0.26706200
0.19234500
-0.20398000
-0.24586400
-0.50466300
-0.51964100
-0.18394800
-0.53236300
-0.23273000
-0.42707500
-0.56705800
0.36847900
-0.68457700
-0.54396900
-0.27803900
0.22651500
-0.59379600
-0.50325100
-0.20380000
0.62678100
-0.64084600
0.13583100
0.41639300
0.04188900
-0.08260210
-0.25681400
-0.03213640
-0.17152000
0.00437199
0.01368150
0.07348970
-0.32604700
-0.79264400
-0.43380200
0.05383250
-0.29659500
0.04016170
0.13736200
-0.17214600
0.03867340
-0.07414640
-0.20197400
-0.18836700
0.20381500
-0.07008830
-0.26511300
-0.77204100
0.91325500
-0.19272200
-0.42896500
0.17879200
-0.27903500
-0.13958400
0.11885500
-0.10770600
-0.34721100
-0.80001100
-0.36299700
-0.19817700
-0.32417100
-0.02449640
-0.19548900
-0.11582200
-0.25763900
-0.59356500
-0.12732000
-0.27135200
-0.27135200
0.21709100
-0.21760600
0.28038200
-0.32789200
-0.39771400
-0.41274700
-0.59164900
0.12148400
0.00676881
-0.07300550
-0.26659600
-0.04771510
-0.32103200
-0.01203210
0.19386300
-0.36606200
-0.39181400
-0.01446040
0.98472300
-0.21806300
0.31068300
0.45110600
-0.11484000
0.26883900
1.31156000
-0.45672600
0.01043450
-0.48580000
-0.13334300
-0.35968200
-0.68606100
-0.14424500
-0.11325900
-0.42551000
-0.18717300
-0.22126000
-0.51292600
1.43240000
-0.19897800
-0.29908700
0.19110000
0.53140500
-0.53828100
0.02471420
-0.31938400
0.00433447
-0.55569300
-0.54139800
-0.27308200
-0.50341200
-0.39073200
-0.62448200
-0.58041500
-0.23850200
0.28919400
-0.61575300
-0.08595330
0.45418300
0.09369480
-0.14841600
-0.22534000
0.17073200
-0.47296000
-0.03400450
-0.22631100
0.14215600
0.01260600
0.06898520
-0.20656400
-0.14229300
0.88547300
0.48433200
0.53195800
0.02947390
-0.25308500
-0.38574600
-0.30675500
-0.19915000
-0.17192900
0.01890780
0.08439990
0.23718400
-0.17821200
-0.39661500
0.10176000
-0.24363900
-0.36777000
-0.48412900
-0.26009100
-0.19437400
-0.04961040
-0.47027000
-0.19957600
-0.01021870
-0.38862300
-0.82569200
-0.47255400
-0.32824700
0.21951200
-0.31829000
-0.49861300
-0.33611300
-0.33347700
0.01194800
-0.16508700
0.66041300
-0.32755400
0.52713500
0.09650540
0.71460400
-0.44688200
-0.45443500
-0.79393900
-0.28165500
-0.34136700
-0.14952000
0.03576180
-0.11601700
-0.25633900
0.44790500
-0.09620500
0.16194300
0.10414200
0.19555000
-0.17698100
-0.24379100
-0.12427700
-0.08859360
-0.34010700
-0.38585700
0.01814820
-0.33155900
0.20151300
0.04535400
0.08578840
0.01557400
-0.22115100
-0.36813200
-0.52084800
-0.43596000
-0.06143030
-0.26130900
-0.62992300
-0.02326120
0.11415200
0.17654500
-0.35823500
-0.52342400
-0.79944600
-0.33995100
-0.15519100
-0.38142800
-0.50192800
0.18076900
0.24103200
-0.58938500
-0.40293500
-0.15324600
0.41137600
-0.35422600
-0.18214700
-0.23019200
-0.39222200
-0.53783700
-0.26550400
0.13504800
-0.53992000
-0.28452100
-0.15309700
0.16254200
-0.14543200
-0.24009800
-0.41493700
-0.00559737
-0.29117400
-0.31046700
-0.01971530
0.03174490
0.22035400
-0.04502800
-0.43781300
-0.19162300
-0.39426500
-0.37699300
0.15046100
-0.46736800
-0.53894200
-0.30949400
-0.07918160
-0.23309600
-0.38885000
-0.37563300
-0.04738380
-0.11136900
-0.30275100
-0.21483300
-0.01904080
1.50402000
0.55107000
-0.52519900
0.14024500
-0.09791180
0.18011800
-0.00635048
-0.30108300
0.07820490
0.05946890
-0.24716800
-0.38252800
-0.20541000
-0.33776400
-0.28444800
-0.48951800
-0.10688000
0.00004755
-0.06029910
0.31410900
-0.34505600
-0.31274400
-0.62169600
-0.47650000
-0.18969700
0.15169400
-0.18770200
-0.37990200
-0.38953000
0.33346100
0.20758800
-0.21315000
-0.26240900
0.07617690
-0.37499800
-0.35013600
-0.19700000
-0.22291100
0.07491640
-0.33538800
-0.16671600
0.10612000
-0.10581800
-0.12098200
-0.33025800
-0.10736400
0.16533400
-0.21736000
0.15337500
-0.16788800
-0.07262020
-0.55288500
-0.00782598
-0.45243700
0.33590100
0.08681530
1.16515000
-0.27040300
-0.07598810
-0.54247400
-0.36189800
-0.50643300
0.45692400
-0.33497300
-0.68279300
-0.42897200
0.14301500
-0.57406900
-0.25071400
-0.31180200
-0.07415140
-0.61579300
-0.35561600
-0.09553010
-0.19060000
-0.35805000
-0.27946200
-0.31377200
-0.34303300
-0.58690000
-0.49238200
-0.18430100
-0.45872900
0.10083600
-0.00890983
-0.39161400
0.87045300
-0.50710600
-0.47369700
0.09812460
-0.16653300
0.38529600
0.22322000
0.03544410
-0.38469100
0.22476600
-0.27391200
-0.06348690
-0.64350700
-0.03500860
-0.16453900
-0.52293000
-0.54816000
-0.34063600
-0.08288370
0.09475620
-0.07698420
-0.29364200
-0.20808100
0.00781094
0.13423600
0.39403500
0.14910600
-0.90476500
0.19538800
0.64881300
-0.01064740
-0.12117000
-0.32892500
0.65760800
-0.20769800
-0.08762730
-0.37971000
0.29294200
-0.21269700
0.81125400
-0.41115100
-0.53718100
1.57480000
-0.42986900
-0.29481100
-0.07391290
-0.16102600
0.21248500
-0.32412500
-0.46444100
-0.54077200
-0.28077000
-0.08589430
-0.28120300
-0.23193000
0.05198450
-0.15950000
-0.13662800
-0.34560900
-0.19088200
-0.56629200
-0.33292600
-0.15052400
-0.45507800
-0.06885340
-0.48343800
-0.49428800
-0.21216100
-0.48699100
-0.23862000
0.29312200
-0.11199300
-0.52409200
-0.28995000
-0.33951900
0.02104570
-0.35675500
-0.24107100
-0.12817300
0.04292480
-0.16920600
-0.28389900
-0.28084300
-0.45021200
-0.49129900
-0.34818500
-0.27746000
-0.33878000
-0.18946600
-0.28843200
-0.30078100
0.37018800
-0.42747300
0.05410220
-0.31527100
-0.17131200
-0.47679300
0.45611300
1.26133000
0.20923900
0.18656600
-0.45851800
-0.58645300
0.02949570
-0.23796700
-0.25364200
0.54436400
-0.32973400
-0.39881400
-0.10670400
-0.33277400
-0.02248080
0.14393400
0.29258600
-0.24397100
-0.30015900
-0.10619800
0.35220700
0.63218100
0.85038400
0.58516000
0.04881920
1.09616000
0.03628830
-0.18662200
-0.76030000
1.02017000
1.17365000
-0.24748400
0.01527160
0.16129800
1.03049000
0.18422700
-0.15191900
0.23573300
-0.03478020
-0.33544300
-0.74024400
-0.38088500
-0.62930200
-0.16007500
-0.04681790
-0.34691500
-0.22400300
-0.04839490
0.03977910
-0.22267100
0.21820100
0.04789290
0.72486500
-0.54678500
0.35033700
0.48059100
-0.54782100
0.39101700
0.78936900
0.71019800
0.35018300
-0.12029400
-0.29377200
-0.02159650
-0.07354300
0.57318800
-0.51645600
-0.09046010
0.15144400
-0.46542500
-0.00798901
0.56215500
-0.26136400
-0.40384400
-0.41299300
0.09084960
0.11605300
0.21760600
-0.14344800
-0.33232300
-0.27256700
-0.18178000
-0.34357700
-0.31953400
-0.33234700
-0.34198000
0.12128300
0.12208300
-0.03741000
0.54619800
-0.06089330
1.00111000
0.26003600
0.25288800
-0.25475700
-0.31576300
0.81949300
0.56933800
1.00092000
0.23490800
-0.13289500
-0.12845900
-0.08833700
-0.20852200
-0.49797900
-0.16337800
-0.45130900
-0.17015000
-0.22359100
0.00263788
-0.16028000
-0.33325000
-0.00301715
-0.16505600
-0.42840900
-0.12599200
-0.41188000
-0.38340900
-0.13508400
0.46315600
0.04670970
-0.35351200
-0.29699300
-0.50757900
-0.16203500
-0.32245000
-0.67413300
-0.55397600
-0.43014900
-0.34486000
-0.52028500
0.00635721
-0.03589370
-0.58867500
0.10365000
-0.58366800
-0.01808660
-0.42938600
-0.39575600
-0.35269300
-0.03917620
-0.29751300
-0.24306600
-0.52955000
-0.57473100
-0.18925200
-0.48173100
-0.21276100
-0.40227100
-0.13945300
0.12475800
-0.22920700
-0.23324100
-0.33732800
-0.46606600
-0.02764660
0.05358300
-0.07533460
0.20666000
-0.08910030
-0.18644400
0.02611450
-0.33915600
-0.37850300
-0.86518400
0.00359347
-0.21369300
-0.30022900
-0.28826600
0.12006600
-0.50783700
1.11149000
0.50518200
-0.20601300
-0.07820960
-0.11954700
-0.02324180
-0.24544200
-0.59512200
0.57378300
0.32189900
-0.01200530
0.83088500
-0.01849840
-0.22925200
-0.13476300
-0.46535300
0.41457400
-0.27121700
-0.04753180
0.00397853
-0.21646000
-0.02952680
-0.11701800
-0.57971000
-0.22157100
-0.05306090
-0.08990980
-0.05779360
0.11876800
-0.23274700
-0.18441500
-0.10969900
0.15081400
-0.20481600
-0.56454400
0.27123100
-0.49301500
-0.39711000
-0.34090100
-0.27116100
-0.22697600
-0.75810000
-0.23027800
-0.41184500
-0.31115400
-0.20875800
-0.44791200
-0.15863900
-0.31749400
0.08669760
