4.72584000
6.77249000
5.34708000
5.07886000
6.07044000
5.46100000
5.00089000
5.12740000
4.93911000
4.82412000
-0.38816000
4.83311000
5.07146000
5.19756000
5.09892000
1.07227000
5.64048000
0.20649800
4.93924000
5.60518000
5.52894000
0.93827600
5.90117000
5.27508000
5.82663000
5.22153000
4.79444000
5.24963000
1.21786000
5.15792000
5.45819000
4.89224000
5.13383000
5.67817000
0.42084400
5.52776000
5.78182000
5.26853000
5.16736000
4.75447000
5.32057000
1.76165000
4.89140000
5.15284000
0.63565800
5.26404000
5.48348000
5.12673000
-0.36800500
0.28509600
-0.75591800
-0.27054400
-0.31677000
-0.21365700
-0.29954800
0.22214000
-0.44865600
-0.16174700
0.44202800
0.57996600
0.21531800
-0.18218200
-0.25529900
-0.04198820
0.21399300
0.21673500
-0.47254600
0.42019300
-0.22952400
0.05053890
-0.00170163
0.67063000
-0.07288510
0.86346000
-0.70795100
-0.17953900
-0.17522800
0.16180500
-0.08761460
0.00549843
0.22084800
0.09717210
-0.06382750
0.24572900
-0.15038500
-0.16229000
-0.27198600
-0.50598700
-0.85645000
0.03860770
-0.43069400
-0.01831850
-0.64469900
-0.43987000
-0.21126900
-0.11180200
-0.40830000
0.18664200
-0.09008940
0.11698900
0.88236500
0.19172000
0.16205800
-0.57430000
-0.18365700
-0.23696100
1.46559000
0.32566100
0.37748300
0.67843100
-0.80049800
1.51511000
0.90980400
-0.75045000
-0.79689600
-0.21146300
-0.29681200
-0.06746870
-0.08548760
0.08295100
-0.54440900
0.14582300
0.00886858
0.44142400
-0.56809400
-0.30393800
-0.36985000
-0.24481500
0.09057950
-0.35345900
0.55313900
0.01913490
-0.00124562
-0.39430900
0.05628470
0.97476600
-0.45564600
-0.50682800
1.09464000
0.66973800
-0.22003800
0.58307000
-0.02425040
-0.06251190
-0.01228600
0.05690470
-0.15173500
1.86402000
0.44219500
0.06540700
0.88099400
-0.43758500
0.32717400
0.23816100
-0.03315330
-0.05115800
0.27970400
0.01730380
-0.06210040
0.13221500
-0.35896000
0.10448200
-0.24566700
-0.43808500
-1.08924000
0.22968700
-0.35963000
0.28144900
-0.64721600
0.10837300
0.60599700
-0.32645800
0.37189900
0.33228100
-0.34119600
-0.06219370
0.05997140
0.37392300
-0.29101600
0.15056500
-0.30688700
-0.08371550
-0.08881840
-0.28452100
-0.47242400
0.22499100
0.67046700
0.00514087
0.22232600
0.65957700
0.14252000
0.14419900
-0.40987100
0.37116500
0.02999760
-0.35505800
-0.15179900
0.48062200
0.51477700
-0.22224500
0.39590600
-0.01908760
-0.35894300
-0.49742200
-0.64242700
-0.54224100
-0.33070300
-0.09909250
-1.03044000
-0.11572900
-0.22171500
0.12949800
-0.48199300
0.12263300
-0.62878000
0.31491900
-0.66471700
-0.12644800
-0.06631450
0.57031300
-0.34643700
-0.39570300
0.43368400
0.09018690
0.13182100
-0.28842000
-0.07823970
0.23454200
-0.44200500
-0.42973900
-0.39311000
-0.00281001
0.03272160
-1.00021000
-0.14733400
0.31564700
0.16412500
-0.28834100
-0.03059360
0.32458600
-0.59287500
0.34502500
-0.09982850
0.39293600
0.43550300
0.60593000
0.18133900
1.19329000
-0.32401100
0.31256800
-0.45030300
-0.04981580
-0.19148800
-0.25274500
-0.43799700
0.01564810
-1.00413000
-0.61739800
0.22351600
1.32103000
0.34136800
0.18600800
0.35222300
-1.45678000
-0.46035300
0.24814100
0.62235900
0.92098800
-0.07867790
-0.25332900
-0.01673470
1.46166000
0.06784010
-0.47674300
-0.30395500
-0.27900600
0.47914000
0.42802700
1.11144000
0.03803630
1.42859000
-0.32761700
-0.25720400
-0.30204800
-0.40521700
0.18601500
1.11397000
0.38617200
0.28447400
-0.31090100
-0.50795000
0.29498800
-0.08958450
0.00613381
0.24543300
-0.90990100
-0.37882300
-0.05665190
-0.66198300
0.12586000
-0.03388620
0.61297800
1.64560000
0.02003530
0.15078200
-0.43303900
-0.41472400
-0.21857400
0.38296300
-0.48541900
-0.68082600
0.07122390
-0.09638620
1.11116000
-0.06518290
1.02515000
0.44615700
-0.18011100
-0.43835100
-0.13156900
0.20410000
-0.10418000
0.49894700
-0.33067600
-0.10485600
-0.02675490
-0.76193900
0.51985700
-0.36631600
-0.36100600
0.07755990
-0.68235400
-0.22203300
0.03270320
0.27582100
-0.20403200
0.39873200
0.10416200
-0.59528900
-0.03708790
0.00690970
-0.10648600
-0.31850700
-0.06202880
0.44852000
0.22224700
-0.57231500
-0.29900300
0.10461600
0.30894700
0.81561100
0.44431100
0.12489300
-0.61088800
-0.38422600
-0.85106700
-0.89995500
0.11239100
-0.07269210
-0.45064500
0.37026900
0.06306460
0.04872010
-0.10523600
0.17624000
0.27746800
-0.02988250
0.14646000
0.43087600
-0.23592900
-0.02450980
0.41931400
-0.13607400
0.39345800
0.05728680
0.11480000
0.26240900
-0.36297100
0.14843900
-0.12240600
0.34551200
-0.36143100
0.17377400
-0.29077700
0.57065000
-0.03576760
-0.16383300
-0.42159100
-0.63971700
0.13862700
0.46420700
0.45405500
-0.46157200
0.56711600
-0.05004240
-0.65139200
0.30454200
-0.98712400
0.68168700
-0.21003600
1.52262000
1.43659000
-0.08549140
0.32262100
-0.20566300
-0.05067020
-0.21552400
-0.49136000
0.38454500
0.24961700
-0.08629140
0.30431900
-0.26644400
-0.63294500
-0.27133100
-0.28040700
-0.08107880
0.10805300
-0.04649460
0.51042800
-0.53769100
0.02571390
-0.65182700
-0.46582000
-0.29719700
-0.22070200
-0.00065766
0.19696100
0.09295500
-0.14539200
-0.31775300
0.26051800
1.15863000
-0.10455600
-0.39345600
0.11838100
-0.48587800
-0.38487100
-0.75134600
0.57809500
-0.29196400
-0.63938000
-1.08463000
-0.33100700
-0.70184700
-0.06109570
0.48407200
-0.66361800
0.33345300
-0.39798700
-0.12643900
-0.14691000
-0.12932700
-1.03524000
1.14971000
-0.56165800
-0.23945500
-0.68740600
0.64867500
0.09084200
-0.54381900
0.17554200
-0.19223600
0.37856500
-0.70810500
0.39915500
-0.28667900
-0.16485000
1.02518000
0.31852900
-0.56151800
-0.43597800
-0.50384800
-0.29993000
0.38630900
-0.20316800
-0.28624500
-0.32479400
-0.96972600
2.38734000
-0.10274500
0.06511370
-0.18370700
-0.92269600
-0.14811600
0.15629500
-0.04488320
0.50491200
1.01364000
0.33699300
-1.07493000
-0.17001600
-0.38687700
0.44797100
0.00945839
-0.01936810
0.29308800
-0.01419130
-0.42562800
0.03136670
-0.09423910
-0.86465100
0.07869770
0.17002500
0.01540470
-0.33439700
-0.20049700
-0.73485700
-0.28116300
-0.50889400
-0.46229700
-0.51303800
0.46234300
-0.00471593
0.56667400
0.00883356
-0.09969490
0.16338300
-0.48193100
-0.38508500
-0.13025900
-1.59221000
0.29591600
-0.06215810
-0.73019900
-0.38507200
-0.11126900
0.51653800
-0.97386100
-0.12916700
0.66257700
-0.20433400
-0.75647500
0.26597900
0.08722780
-0.10717300
0.37133600
-0.41733300
-0.14814500
1.01394000
0.43865300
-0.80553400
-0.31652800
-1.17753000
-0.05533310
1.07261000
0.36240900
-0.85891800
0.05864150
-0.43971500
-1.19357000
-0.24726100
0.28387800
-0.21246900
-0.33525900
1.02985000
-0.84548900
1.86121000
0.07124810
0.07318130
0.20960800
-0.04685910
-0.27783700
-0.38969100
-0.53632200
-0.35936100
-0.40419100
0.16088300
-0.60410300
-0.07858100
-0.41952700
0.58150700
0.57450100
-0.27488100
-0.69228500
-0.60757500
-0.30061400
-0.07992680
0.61323900
0.01099810
0.34382000
-0.28678900
0.30280100
-0.62814800
-1.10748000
0.30226300
0.20176100
0.74477300
-0.33605700
1.12459000
-0.05971520
0.56586300
-0.35367300
0.14278400
-0.44023400
0.39946400
0.39130900
-0.07030600
3.28204000
0.06080950
0.19400000
-0.81747100
1.31132000
-0.02020230
-0.14121200
-0.34978500
0.10209200
0.21130300
0.48496200
0.33579100
0.01572340
0.01511760
-0.11307400
-0.01673030
-0.68309400
-0.18886400
0.00454447
0.04470030
-0.65363100
-0.28336700
-0.03564220
0.53915800
-0.12681000
0.20411800
0.12032500
0.60396400
-0.54680700
-0.52433700
1.26001000
-0.30382000
0.20838600
0.01872760
-0.02462890
-1.08077000
0.13580800
0.03339170
0.23780200
1.62601000
-0.51749900
-0.94353600
-0.47122900
0.43628000
0.93203600
-0.74690000
0.32470200
0.24989700
0.90203700
-0.55801500
0.45024700
-0.07576110
0.30046100
0.02969940
-0.96167400
0.08400270
-0.35393100
-1.15216000
-0.16652400
-0.73998200
-0.35663600
-0.15714800
0.07795960
-0.52432100
-0.27100800
1.13276000
-0.11109500
-0.14930900
-0.37709400
-0.67356000
-0.79664100
-0.51523200
-0.76857100
0.43246000
-0.78512300
-0.81708500
0.03947670
-0.52861400
1.33212000
-0.31490400
-0.04280610
0.47670700
-0.65153100
-0.16989300
-0.17465100
-0.16562600
0.66109000
0.03870080
-0.37575500
0.12431800
-0.80637800
-0.34575300
0.16479800
-0.51810000
-0.09898510
-0.84582000
-0.32954700
0.13654100
-0.92440200
0.09562110
0.38436400
-0.48425500
0.01739660
-0.34014000
-0.19045100
0.45600200
0.45587100
0.07652840
0.01159160
-0.20772300
0.23742600
0.20342500
-0.21172600
-0.35699400
-0.15709900
-0.48675800
0.13289500
-0.33854300
0.21010200
-0.25662700
-0.33355800
0.49411300
0.70214300
-0.01258370
-0.64836900
0.70768000
-0.32618000
-0.20775600
-0.05389950
0.40901200
0.53876000
-0.19257200
0.02036820
0.48547100
-0.47179100
-0.07031820
-0.59231200
0.38482500
-0.49112500
-0.17321500
-0.50024100
0.14651300
-0.12342800
-0.16925300
-0.56106300
1.09006000
-0.25496700
-0.39957800
0.28406700
0.39675200
-0.49637900
-0.63368900
0.05176960
-0.46028800
1.24660000
-0.07481700
-0.00496732
0.13131900
0.97421600
-0.32231300
-0.25952900
-0.28220100
-0.20540200
0.03030580
-0.26009900
-0.66818800
-0.33305300
-0.07514650
0.29434200
0.18535400
0.06345050
0.95770600
0.01683670
-0.45958500
0.15353800
0.83550100
-0.71130200
-0.42949300
-0.90551200
0.01213980
0.51950300
0.39876800
-0.07919210
0.42559900
0.09571210
-0.61601700
0.14400900
0.04669800
-0.43446800
0.08742440
-0.49032800
0.11295400
-0.32305400
-0.11897400
-0.12198200
-0.48374400
0.00297246
-0.37666200
-0.14676200
-0.13012400
0.33850100
0.35950800
-0.79966300
0.02984190
0.55928500
-0.44329300
0.54619400
-0.28308000
-0.19912200
-0.35145000
-0.04512890
0.31445500
0.51932400
0.47747200
0.47953300
0.14554800
-0.72751700
0.00085406
0.31530700
-0.38661700
-0.21132200
0.21747600
0.16449800
0.45114600
-0.06686890
0.66291700
-0.46678000
0.31697600
-0.08341530
-0.91867600
-0.02742550
0.42560000
-0.08550420
0.41294600
1.65619000
0.21892100
-0.95734500
-0.08851930
-0.55067400
-0.56760000
-0.14115200
0.29949500
-0.63347400
0.11794800
1.03062000
0.58615700
0.16353000
-0.17409700
-0.29921100
0.44760200
-0.59098100
0.65146800
-0.36056700
-0.56180400
0.16840100
-1.25148000
0.28967900
0.34622100
0.27642000
-1.03901000
0.46770900
-0.17759400
-0.23200700
0.70165900
-0.42179800
-0.20136800
-0.47500000
0.43040300
-0.21951000
-0.43655300
-0.22646000
-0.80707100
-0.37582500
0.03514410
-0.28286800
-0.21998300
0.75393200
-0.45962100
-0.49662900
0.01951190
-0.30142000
0.26810000
-0.32002900
-0.11914300
0.62292200
0.76679400
-0.25022100
-0.34630300
0.45420300
0.39221600
-0.30146100
0.43342600
-0.63606000
0.25060300
-0.41300500
0.38476600
0.65596400
0.01384940
-0.63581000
0.15384200
-0.31172500
0.05225020
0.12316500
0.79286900
0.26246500
-0.58822500
0.15142000
0.42146300
-0.82759800
-0.61449900
-0.08998600
0.23805600
-0.37892400
0.39309300
-0.22930200
-0.27969000
-0.39605800
0.05188620
-0.44162700
0.50789600
-0.12220400
-0.22804000
0.24659500
-0.23509700
0.10974100
-1.35370000
1.34746000
0.55811000
0.56052600
-0.38623300
0.11197900
0.26670500
0.79341100
-0.21473100
0.03238670
0.69827700
0.03270380
0.67388500
0.13474800
0.02484080
-0.38448400
-0.27533000
0.34708200
0.59048200
-0.09026890
-0.52647900
1.23806000
-0.45293800
0.89570300
-0.39385800
-0.15396200
-0.14577800
0.50297600
0.13517100
0.39661700
0.28139600
0.16025800
-0.02899140
0.36856900
-0.67905100
-0.04614160
0.50709000
0.32528300
-0.58217200
0.43327900
0.07877370
0.12953900
-0.03164790
0.81049200
0.45851300
-0.61398200
0.36551200
0.02934460
0.36379400
-0.17788400
-0.73412000
-0.13073500
0.35959000
-0.29497800
-0.91094800
-0.04238520
0.12894700
-0.46221900
-0.21781200
0.11127800
-0.39966000
0.66332500
0.80000000
-0.02571240
-0.23719500
-0.26443600
0.44103400
-0.60729800
-0.11583100
-0.24639200
0.12187500
0.01210990
0.16830700
0.39751500
0.42672800
-0.17918300
0.77682900
0.18532000
-0.64216700
-0.24118600
0.31643800
1.46962000
-0.18862000
1.16124000
0.97695100
-0.26877800
-0.19533000
-0.31407800
-0.15018200
0.42308300
-0.06630170
0.52376400
-0.29823000
-0.12732600
-0.05145190
0.14613100
-0.10707900
0.31580800
-0.68099800
-1.22231000
-1.17188000
-0.38300800
-0.45483200
-0.30825200
-0.00682910
-0.13076900
-0.54984400
-0.44719200
0.13673900
0.23579200
-0.20067300
0.10085600
-0.26174700
0.14088900
0.90312800
-0.18777700
0.42785400
0.12247200
-0.40702300
0.02655670
0.06468850
0.89638300
0.56474000
0.60798500
-0.28663700
-0.10155900
-0.12679000
0.27797400
-1.02024000
-0.62422700
-0.22817600
-0.52957200
-0.47640800
-0.86417600
1.82491000
-0.27860500
0.08253090
-0.60171300
-0.26707800
0.00929218
-0.75883300
-0.30150600
0.17945700
-0.53761200
0.59897200
-0.31229200
0.93518300
-0.15804300
0.18976900
0.07023690
0.14537100
-0.29705100
0.50297600
-0.11820100
0.39996000
-0.40471600
-0.05830200
0.04773420
-0.25792800
-0.59455700
0.25456100
1.44337000
-0.49790900
-0.76986800
-0.45666200
0.16546000
0.14210200
-0.36097100
-0.59518200
-0.07226650
1.83043000
0.53265500
0.18749400
-0.20563000
-0.20222700
-0.35957100
-0.70276100
0.55843800
0.28241000
-0.27300500
0.04079700
-0.34845100
0.43088600
-0.30167900
0.48800900
-0.69980500
-0.11678800
-0.53697000
0.19303400
-0.66574300
-0.32440400
-0.09203720
0.55500100
0.19113800
0.44255200
0.36250300
-0.53193200
-0.27575700
-1.08888000
0.27511700
1.12174000
0.48409000
1.23031000
-0.13975600
1.58939000
-0.24780000
0.78806200
-0.41716100
-0.19665800
-0.13562800
0.13308500
-0.15043200
0.17948500
0.66594600
0.73637600
-0.00611816
-0.25909600
0.16636800
0.06239040
0.57269000
-0.27022700
-0.66844500
1.04364000
0.22603100
-0.29767100
-0.02885900
0.07040880
0.11083600
-0.33261400
1.65302000
-0.25158300
0.61904400
0.36517600
0.03341370
-0.24367400
-0.34673800
-0.59429700
-0.46740300
0.46203000
0.17628100
0.47206600
1.10220000
0.54043500
0.08891460
0.31647800
0.52001800
-0.25413000
-0.45511900
-0.93497000
0.29635000
0.26260300
0.07680150
-1.08155000
-0.29186500
0.02139250
-0.14918000
-0.60450700
-0.22046300
-0.21129400
-0.00808736
-0.67858600
0.58455700
-0.16017200
0.83268200
-0.95333200
-0.14774100
0.79243600
2.04030000
1.24220000
0.49214900
-0.03384130
-0.13299700
-0.22975200
0.80975900
-0.00584023
-0.09913940
0.56108100
0.36175000
-0.71357600
0.63601700
-0.46773600
0.02278310
-0.01702980
0.13375600
-0.22298300
-0.09108420
-0.46607400
0.08067810
0.00313180
0.24508300
-0.17446900
-0.26034600
0.19384600
-0.03021020
-0.37117800
2.07871000
-0.17643400
-0.44148300
0.01595810
-0.09409220
-0.95344600
-1.10184000
0.32369200
1.15256000
0.18404900
0.21659500
0.18073100
0.25428900
0.65117000
0.12845000
-0.05382370
-0.24270200
0.22441800
-0.55365500
-0.12456900
0.50117900
-0.30074300
-0.06905540
0.52090100
-0.23217900
-0.16602700
0.64330600
0.01925980
0.30120100
-0.20669300
-0.24796400
0.00336431
-0.24254400
0.64043800
-0.17330300
-0.40058100
-0.29236000
-0.33172300
-0.12236200
-0.05794030
-0.11960300
-0.15664900
-0.53153200
-0.42782600
-0.14960700
-0.26327200
1.08982000
0.11403300
1.48822000
0.99034600
-1.24508000
-0.58684100
-0.69671800
-0.13334000
-0.33913900
-1.29209000
-0.31726100
-0.53966100
0.06843750
-0.68089000
-0.48972300
-0.20323500
-0.26327500
-0.58591800
-0.11730700
-0.52997100
-0.40415300
0.25420100
-0.89897700
0.46442700
-0.49959900
-0.00239444
-0.39294100
-0.01239090
-0.12777400
0.33399600
0.69656500
0.21543700
2.00813000
0.93937900
1.03161000
1.29135000
0.99747900
1.48134000
-0.27356800
0.00909738
0.40914000
0.38949800
-0.03419410
0.93999800
0.40555000
1.63405000
0.31236900
0.26396000
1.75767000
0.86375400
0.36591500
0.05654180
0.50890100
0.07439450
0.49874600
0.33772600
0.08494350
0.34751500
1.31842000
-0.26859700
0.10822200
-0.20326400
-0.27589400
-0.37767800
-0.78394900
-0.24079800
1.34913000
-0.48451200
-0.81923300
-0.42276300
-0.31527500
-0.14150500
-0.39623700
-0.08213120
-0.10680200
0.03544120
-0.12512600
0.30995600
0.36824600
0.26346100
-0.46741400
-0.30826600
0.44241100
-0.22617300
-0.07448070
0.04276320
0.10066800
-0.55248000
-0.68868100
-0.43251700
-0.35823500
0.04582360
-0.42282000
1.67528000
0.10263200
-0.38434400
-0.15408800
-0.52856300
0.39855200
-0.72864400
-0.64044100
-0.23869600
-0.20160700
0.24091200
-0.45306400
-0.07488780
-0.07767950
-0.31711600
-0.31616200
0.97258800
-0.49063800
-0.95656700
-0.73933300
0.95003200
0.56831300
1.15178000
0.43077900
-0.97274200
0.11731500
-0.36617200
0.44139300
-0.93312800
-0.01616030
-0.28376600
0.01503320
-0.91528700
-0.46556100
-0.24337600
-0.34527300
-0.32316600
-0.54564800
-0.43873000
0.11721000
-0.95206800
0.18048000
0.19970200
-0.17194200
0.20674600
0.05902780
0.15720000
-0.28215300
-1.07895000
-0.43525500
0.41906800
-0.16584500
1.17203000
-0.74691600
1.11709000
-0.39983900
-0.32059900
0.07564590
0.99240400
0.38946800
0.24139400
-0.46228800
0.11338900
-0.51797100
0.03584840
-0.07826370
-0.15824000
-0.04313610
-0.15575500
-0.03658380
0.06843040
-0.23875700
0.78211100
-0.13217100
-0.47101500
1.50297000
0.49778200
-0.31393200
0.03627390
0.59099000
0.42128200
0.07247260
0.12316200
-0.00629302
-0.17020200
-0.25330100
0.07145860
0.27868400
-0.41288800
-0.33124300
-0.07376370
0.13982400
0.24265800
1.44608000
1.02027000
-0.04946930
-0.52714100
0.17768200
0.52555400
-0.66685700
-0.15570900
1.44374000
-0.42138000
0.28163600
0.69478000
-0.04263630
-0.76105600
-0.24357300
0.50323300
-0.41763100
-0.17650700
0.13431500
-0.42807100
0.45575400
-0.43972700
2.01083000
-0.24527800
0.32884100
-0.34911100
0.23785200
-0.07281480
0.20434600
0.54285600
-0.07483610
-0.66951600
1.80857000
-0.30643000
-0.24698900
-0.44657900
-0.47017200
0.89042600
0.64271900
0.52728700
-0.18156000
-0.51356700
-0.87653700
0.41161700
-0.43266300
0.97463200
-0.18782200
-0.52912300
-0.07838780
0.02920540
1.56077000
0.74917400
-0.57896500
0.47799900
-0.70063000
0.07192220
0.48042900
-0.09519430
0.02390940
-0.21014500
-0.23280500
0.03817370
-0.19751400
0.11326100
-0.49720800
1.19820000
0.53038900
0.04990870
-0.62721400
0.22261600
0.11955700
-0.28932200
-0.26064300
-0.36123100
-0.08520350
0.09332500
-0.17881200
0.08078470
-1.18652000
-0.20303500
-0.85028500
-0.04083420
-0.55538300
1.77045000
-0.13759400
-0.48079800
-0.30027700
0.19485300
-0.43833100
0.01330320
-0.04644110
-0.17860600
-0.03856890
-0.19483900
0.00194473
-0.71251300
0.08065640
-0.48625400
-0.42575300
0.36839200
0.16942800
-0.06936880
-0.62596200
0.20018400
0.34554700
-0.61309900
-0.03212540
1.23245000
1.28301000
-1.10686000
-0.01939340
0.04842790
0.01123780
0.85048600
-0.87264400
0.46581500
-0.42790000
-0.01442730
0.14540500
-0.41099000
-0.39036400
-0.07608730
-0.96954400
0.46280600
0.22093600
0.61956700
-0.81347500
-0.53598200
-0.32024100
0.24538100
-0.28992700
-0.18114200
0.19485300
0.27722500
0.08307310
-0.61043400
-0.07859180
-0.17238400
-0.46427600
-0.13369100
-0.16977700
-0.50441800
1.42079000
0.17910700
0.29454300
0.97623400
-0.13350000
-0.66429700
-0.29593700
-0.44475100
0.05630600
-0.31479500
-0.71318700
-0.18730000
1.81001000
-1.02720000
-0.19132200
-0.41536400
0.06514710
-0.15960400
0.07469660
-0.75962700
-0.33757200
0.19675600
-0.10773800
0.49978600
-0.17166400
-0.21852400
0.12599500
-0.30865300
0.05067720
-0.72189200
-0.86187500
-0.47087200
-0.27090200
0.05488590
-0.12423500
-0.38557800
0.53475600
0.07681270
-0.00290019
0.12251900
-0.62302100
0.80698000
-0.28105800
0.50689400
0.06134680
-0.55544800
0.21861900
1.42407000
-0.21274600
-0.24983500
0.07583970
-0.04335720
0.45775100
0.67800200
-0.03452250
0.70094800
0.30168500
0.12790300
0.01414560
-0.39616200
0.53232900
-0.05776470
-0.71290200
-0.26382000
0.34305800
2.88760000
-0.80217000
-0.14675800
-0.45625100
0.68315400
1.00012000
0.63063600
1.27143000
-0.20058000
2.35029000
1.63588000
0.24347700
0.76800600
-0.06660660
0.18040100
0.97662600
-0.96007800
0.38465400
-0.23717000
-0.04527470
-0.20168900
3.03112000
-0.20427900
-0.68761100
0.42945900
0.09402580
0.06324300
0.53241700
1.79587000
-0.37093500
0.14344200
1.41774000
-0.12459200
-0.38276700
0.12729900
-0.67812300
-0.05325920
-0.76725400
-0.48302600
0.33302300
0.02664650
-0.12231300
0.55922200
0.57101800
-0.68310800
-0.21454900
0.54644700
-0.39308100
-0.97629600
0.12025300
-0.86966600
-0.40696900
0.22124900
-0.17400800
-0.70642800
0.83000600
1.28326000
0.36484300
-0.32534900
-0.52259800
0.62961700
0.21391600
-0.18039500
0.49223100
0.05057190
-1.01652000
0.44542700
-0.40746000
-0.19335300
-0.12214000
-0.08355150
0.02149100
-0.68586800
-0.45337300
-0.72129500
0.81656500
-0.30484100
-0.31661700
0.27511100
1.05276000
0.48862400
0.31435100
-0.24971800
-0.64131900
-0.34684000
-0.45750800
-0.34191500
-0.45034600
0.06090830
0.10236800
-0.50306200
-0.15810000
-0.38198100
-0.06597070
1.25939000
-0.27006300
-1.01939000
-0.27585400
0.06534960
0.39645300
-0.07058900
-0.10893500
-0.22532400
-0.53506600
-0.46735000
-0.87317100
-0.14634400
2.12729000
-0.33793700
0.21314400
-0.89987900
-0.24123200
0.85753300
-0.71695500
0.10866100
-0.37654400
-0.22002300
-0.02181940
2.10858000
-0.21431000
-0.38686700
0.61513900
0.29657000
-0.74274400
-0.59512100
-0.06114510
-0.05036520
0.10667000
0.95188700
0.39951300
0.77467300
0.14574200
1.58424000
0.80822900
0.90840600
-0.09173690
1.05073000
0.06951880
1.07164000
-0.07572210
-0.22360600
-0.40380800
-0.73543200
0.02035550
-0.32991800
0.38997800
0.42099700
0.05865670
0.06157070
-0.76299700
0.20012200
-0.59762200
0.74443700
-0.02212820
0.44859400
-0.24031600
1.08851000
1.35381000
-0.51223500
-0.74480800
-0.40114400
0.13764000
-0.25735800
0.49457300
-0.65735900
-0.08159360
0.19696000
-0.62856500
-0.41419700
-0.06756240
-0.00349443
0.21379300
0.86470700
0.19989300
0.32227600
1.11604000
-0.20425700
-0.21414900
-0.27612400
0.17463000
0.21764400
0.10338000
0.15693800
-0.58012200
-0.90707100
-0.41557300
-0.74041200
-0.40924500
-0.51478600
-0.01542160
0.26013500
-0.40418800
-0.44943000
-0.11773000
-0.20400600
0.38344800
0.25658800
-0.23334000
0.23218400
-0.11881700
0.05527860
0.60969200
-0.70517000
-0.01548950
0.09994750
-0.31815000
0.74426200
0.55931900
-0.45717700
-0.11256400
-0.14461600
0.27582600
-0.35482100
0.06898450
0.48955600
0.03695880
0.59186200
0.31334600
1.08018000
1.06408000
-0.29089500
-0.31260000
0.58405400
-0.47256700
0.18042200
0.63375200
-0.40331900
-0.59300900
-0.48229500
-0.21456700
-0.09415180
-0.69355200
0.62670700
0.77771900
1.09947000
-0.38939600
0.85827500
-0.50641300
0.09344090
0.36809400
-0.01159470
-0.05101540
0.04269090
0.48549500
-0.44494500
0.08700530
-0.16363300
0.54639600
0.54639600
-0.26407100
0.02829460
-0.44040500
-0.55633900
-0.41560500
-0.20382800
0.17982900
0.73832700
-0.79392600
-0.06062670
0.40384200
-0.07495110
-0.24302700
-0.28864200
-0.40338900
-0.15064800
-0.62467700
1.74194000
0.37457700
-0.01874080
-0.60692700
0.29805700
0.23401000
0.26676800
-0.32743100
0.54310000
0.25821800
-0.35302300
-0.09865560
-0.71337400
-0.25666100
-0.47891300
-0.03360410
-0.55171200
-0.17889000
-0.56170700
-0.17857200
0.34575200
0.26812700
-0.28768700
0.93903200
1.23476000
-0.49346500
-0.04602570
0.07747720
0.16768100
0.38269500
-0.64819900
-0.12453600
-0.64423200
0.06971480
-0.62291100
0.00364023
-0.21827900
0.31249200
1.13381000
0.06324100
0.17634200
-0.21632800
-0.64110100
-0.40820700
0.47341000
-0.14967300
-0.22759000
-0.53660000
-0.18916500
-0.01283990
-0.32834300
0.42340900
0.05188290
-0.29270300
0.38962800
1.24391000
0.04764280
-0.32978700
-0.52858100
-0.20716100
0.30431500
-0.74373100
2.27170000
-0.33595200
0.38618900
0.10652700
-0.94041900
0.12938700
0.71194700
0.48018300
0.37809300
-0.05446790
1.00097000
-0.46307700
0.31707800
-0.10311200
-0.28629600
-0.13040200
0.14260400
0.22263800
0.93999500
1.15805000
2.58647000
-0.65237100
-0.30689100
0.08327780
0.69641300
0.13935100
-0.04176640
-0.15379300
0.41423900
0.03672570
-0.53571500
-0.21283200
-0.25022100
-0.33011500
-0.27602400
0.30131700
-0.83548300
0.20929500
0.11082700
0.05632030
0.14694100
0.18429300
-0.49571000
0.39898600
0.12122400
0.51758400
-0.25863600
-0.49616300
-0.35115000
-0.14351800
-0.11317100
0.03687350
-0.78184900
-0.38396600
0.02831300
-0.05436100
0.26126800
0.41918600
-0.15476300
0.00419993
-1.11801000
-0.22199000
-0.62444700
-0.07902220
0.53690100
-0.05855290
0.10323300
-0.66934600
-0.43476700
0.47173700
1.03323000
-0.29837100
-0.76542900
0.40386200
0.09055030
-0.29264200
-0.22675400
-0.34846000
-1.29467000
0.12767100
-0.55465400
-0.01328460
0.04863580
0.17532400
0.25605700
0.18012100
0.66587500
0.02710390
1.70698000
0.72387800
-0.25593300
-0.17172300
-0.13846400
-0.58789000
0.00298813
0.55171800
-0.04639150
-0.41234600
1.38330000
-0.32419900
0.67741300
-0.12922900
-0.28586100
1.44796000
0.45794600
0.49857100
-0.06768720
-0.40337000
-0.46014400
-0.47394900
0.48970900
0.20609600
-0.40685700
-0.63517300
-0.08722850
-0.49955300
1.94845000
0.02528770
-0.15193400
-0.10471800
0.31856200
-0.64389800
1.62690000
0.45234500
-0.56445100
-0.25951300
-0.36300000
-0.37087500
-0.19082900
-0.41608200
-0.66310000
-0.42179300
-1.17997000
-0.13654000
0.86618600
-0.70733700
-0.55207200
0.05384380
-0.85865200
-0.72060400
0.88709800
1.00492000
0.04388870
-0.06874730
0.13525500
-0.67663000
0.16110900
-0.95384200
-0.60713500
-0.40681100
-0.69976400
-0.47687200
0.67718900
-0.24768500
-0.27406000
-0.37955000
0.17944700
0.29305600
-0.05424180
-0.01666720
0.38485000
-0.45853200
-0.29528800
-0.04048820
1.30698000
-0.54126800
0.53163300
0.27154800
0.49291000
0.37091100
-0.07684260
-1.10806000
-0.63996800
-0.26685200
-0.35362900
-0.60385900
0.66753800
-0.07657690
-0.07403210
-0.23956800
-0.99869300
0.78190900
0.08277280
0.50932300
-0.54014300
0.78260200
-1.10661000
0.24479800
-0.64781700
-0.32307800
-0.08110050
-0.25458400
-0.15584900
-0.52000400
-0.33354500
-0.40121900
0.11058400
0.09889350
0.84296600
0.14442200
0.17208800
-0.02273760
-0.78327600
0.35306800
-0.21490200
-0.60386000
-0.84912200
0.06461040
-0.16638100
0.36898800
-0.11364500
0.38765800
-0.61765000
0.09092420
-0.10731500
-0.29210500
-0.50210200
-0.11549200
-0.42673500
-0.32871400
-0.02654410
0.14766500
0.13637700
-0.51115600
-0.18501800
0.39737300
-0.42238000
0.13362600
-0.25641200
0.21941200
0.18583400
-1.05959000
0.46251800
-0.28133800
-0.19507900
-0.43250100
0.04273360
-0.43023400
0.08569360
-0.34472000
0.41560800
-1.08581000
0.41949100
-0.36923500
0.25134700
0.46632200
0.38685400
-0.44357800
0.21801800
0.39433700
-0.32161100
-0.42283400
0.42465000
1.15018000
-0.49058700
0.33529300
-0.18072600
-0.54952400
-0.13110000
-0.33504900
-0.44966300
0.14467600
0.16387300
-0.32072000
0.38053900
0.03139610
-0.27177900
0.56886100
-0.41975700
-0.12057900
0.37074400
-0.58165500
-0.55141400
-0.20432800
-0.16818800
0.54829000
2.45493000
-0.74610200
0.05206330
-0.78913000
-0.29379300
-0.08809790
-0.89752500
1.09204000
0.73969400
-0.16877300
0.39433700
0.03454510
-0.30951500
-0.07502370
1.23285000
0.38031700
0.17183400
1.61876000
0.62109100
-0.87568200
0.19767400
0.08681280
1.20058000
0.42021800
0.53915700
-0.34923900
-0.50830800
-0.23777200
0.81110800
0.70458000
-0.59460600
-0.23904400
0.26889100
-0.42115000
-0.63584400
-0.01710090
1.26938000
1.32962000
1.13018000
1.44069000
0.82047300
1.13979000
0.85549200
0.37448700
1.67290000
0.79401200
0.33828200
0.59718300
0.90562100
2.31172000
-0.07510070
0.37492000
-0.08871680
-0.08700620
-0.54642500
0.18621200
0.11715100
0.45909100
-0.01885450
0.84041600
-0.49900900
-0.37626600
-0.24092300
1.85033000
0.01457550
-0.58848000
-0.53507200
0.19330600
-0.30077900
-0.61215600
0.06145260
-0.22730200
-0.35090900
-0.31722800
-0.14079500
-0.04185700
-0.02655540
-0.08165270
-0.51284000
-0.11594700
0.64828300
-0.64824100
-0.96178000
-0.17178800
-0.40971100
0.11169700
0.15764800
0.14703300
-0.04958840
0.67645600
0.62242700
-1.17752000
0.57139600
0.43592300
-0.09317270
-0.21676300
0.25235100
-0.23445400
-0.25585600
-0.19003900
-0.41669100
-0.22360200
-0.92560400
-1.23572000
0.07828540
-0.49273800
-1.04804000
-0.60364900
-0.16111800
-0.45078400
0.10917600
0.32948300
0.36080500
-0.29204400
-0.26688100
0.18116600
-0.85665200
0.07330350
-0.73457200
0.25840100
-0.60512500
0.07385930
-0.04665720
0.06667880
-0.84158100
1.41402000
0.18040900
-0.67774500
-0.19610400
-0.23896100
-0.00220314
0.24544000
0.05501340
-0.46296600
-0.23845800
-0.34212600
-0.10307000
0.14205100
-0.12799800
-0.27653400
0.21750800
-0.27943900
-0.69168000
-0.50759500
0.39197200
-0.36470300
0.10200300
0.05702790
0.13610500
-0.57227100
-0.35599100
0.74861200
-0.24450100
-0.49511700
-0.09567970
-0.39189000
0.29391600
-0.47580000
0.49933900
0.01450630
-0.07008880
-0.50655100
0.58943700
0.59895000
-0.08089200
-0.20467600
0.20983400
-0.00732943
-0.08803580
0.11642000
0.29992400
-0.20333900
-0.19753600
-1.15224000
0.86989800
-0.22770900
0.36264400
-0.94846900
0.33274600
-0.87288800
0.82173300
-0.43612400
0.04419920
-0.18562000
-0.37292400
-0.57958900
-0.10157200
-0.28330000
-0.60560800
0.03145180
-0.03552820
-0.82212600
-0.31055500
0.05855180
-0.76878500
-0.47368200
-0.18484800
-0.24196300
-0.99384600
0.10637500
-0.03219590
-0.37357100
0.40028300
-0.14936700
0.12867500
-0.65719300
-0.46297500
-0.79306300
-0.09317830
0.01347750
0.74351700
-0.79117800
-0.44915100
-0.10550100
-0.05010790
-0.64929800
-0.02919290
1.31617000
2.01895000
2.93219000
0.52504200
0.42595600
0.59166300
-0.53850700
0.04127480
-0.05032640
0.52195200
0.15611900
0.32330300
0.27019700
-0.37141400
0.16720600
-0.17072800
-0.11638200
0.13359500
-0.08568460
0.01221200
-0.53884500
0.45594700
0.47176200
-0.54982000
-0.35800800
-0.26381300
0.15556900
-0.74278300
-0.13655100
0.50526800
-0.16426800
1.47154000
0.52286500
0.05661850
-0.41254400
0.37330300
-0.23321700
-0.54798400
-0.05057160
-0.61604000
1.02240000
0.32993700
0.80136400
-0.61482800
0.25056900
0.29384800
0.72163700
0.75056800
-0.15763100
-0.19542500
-0.14733600
-0.44152600
-0.61470200
-0.22449900
0.63696500
-0.36991300
0.32319100
0.08793260
-0.20041600
-0.08820490
-0.03390040
0.07610830
-0.02432670
-0.38791800
-0.07445240
0.07073060
0.10883100
0.20077600
2.12944000
-0.87530600
-0.77527500
-0.62652300
0.45239600
-0.39788200
1.03036000
0.34551700
0.42822300
1.12069000
0.62562400
-0.41490300
-0.02461480
0.15721300
0.13316400
0.18109800
-0.15053400
2.44827000
0.73355400
-0.61483000
0.51290300
-0.64218800
-0.44452400
-0.49239700
0.66298900
0.76079000
0.37570700
-0.24770100
0.56950000
-0.48652900
0.46341700
0.62750300
0.18732900
-0.22811000
0.27381400
-0.08149500
-0.10906600
-0.24233700
1.32063000
0.82170900
0.01677110
-0.16551800
0.15456900
1.28011000
0.77929900
-0.28328400
1.09103000
0.28490100
-0.31620200
-0.51989700
-0.44261400
-0.13894800
-0.36606400
-0.28096400
-0.39201000
0.16589900
0.40145500
-0.25226300
-0.79709800
-0.04260230
0.94128900
-0.17120200
0.25652200
0.83851600
0.16198400
0.54214700
-0.42273000
3.12702000
1.01624000
0.26670700
-0.23759400
-0.07865040
-0.24315600
-0.51035100
0.24271500
-0.05097410
-0.08474090
-0.40355800
-0.47546900
-0.53557700
0.70319900
-0.26642800
0.39299700
-0.97613200
-0.58760000
-0.49112800
-0.11547200
-0.33748700
0.07874410
0.24142200
0.08003680
0.09610760
-0.02713050
-0.00745872
0.04523720
-0.25310300
-0.04873240
-0.00267662
-0.11622400
0.92530800
0.11322700
0.06244250
-0.35352300
-0.45875200
-0.51272700
0.00060997
0.12461600
0.00727129
0.18798700
-0.37858700
-0.39167500
0.05395690
-0.32778800
-0.20516800
0.02815940
0.25605100
-0.16525200
-0.53157900
-0.18231500
-0.24542200
-0.06738940
0.07500350
0.02738270
-0.47042000
0.06156720
0.23529200
-0.43168600
-0.16554200
0.29924200
-0.81617800
-0.73774100
0.39501600
1.08136000
0.67861200
0.10926500
0.24662300
-0.79244800
0.31576100
2.41922000
-0.05187950
0.14132600
0.03939840
0.27406400
0.13786600
-0.26277200
0.40644900
-0.46171700
0.08251730
-0.46211400
0.04689700
0.22007200
0.30011200
0.30652500
-0.03448270
0.30075100
0.48855200
-0.90235900
0.25112700
-0.79533700
0.28383600
-0.68420700
0.36337500
-0.39552100
0.11721200
0.09562510
-0.11775100
0.57134700
0.15196400
-0.16480100
0.26356600
-0.44876300
-0.12135000
-0.36842400
-0.16773400
-0.47236900
-0.24827700
-0.76504600
-0.01050800
0.20797900
-0.50655400
0.02918920
-0.06047010
-0.40414500
-0.44114100
-0.53162200
-0.06197430
0.67357600
-0.38558000
-0.35512500
0.21248000
-0.47262600
-0.41183700
-0.01566880
-0.25469700
-0.26636600
-0.20504900
-0.41847800
-0.25681800
-0.49948300
0.10195300
2.55676000
-0.27786100
0.96305000
-0.21080200
-0.15935700
1.18112000
1.52917000
-0.14212000
-0.67851900
-0.93607900
-0.90440000
-0.10828500
-0.03420090
-0.44811200
-0.48821600
0.32266900
0.02157960
-0.02758820
-0.08458910
-0.59719700
-0.12219300
0.02227370
2.03635000
0.91900100
-1.13124000
-0.24085600
0.19772600
-0.14336900
-0.29765600
-0.04741290
-0.43375300
-0.51854700
-0.01433440
0.40695900
0.05783660
0.39906500
0.22619900
-0.56714000
0.45557300
-0.20400300
-0.53127500
-0.20407700
1.06534000
-0.11133000
0.61713300
1.55672000
1.12158000
-0.04960560
0.07252310
-0.81166800
-0.68416700
0.05128180
0.70455600
-0.80798600
-0.50339700
0.81966200
3.81020000
1.02981000
0.71249200
0.26369500
-0.20364800
0.08470060
0.31457400
-0.55335500
-0.65499400
0.05494820
-0.26835500
0.44947500
0.31344600
-0.38980100
0.46915800
0.53072400
0.03202150
-0.09678820
-0.42880700
0.20108500
0.27982300
0.57978300
0.02082060
0.43154100
0.00502362
0.10834800
-0.27829000
0.00199525
-0.10570900
0.57893600
1.92732000
-0.07138050
-0.52112200
-0.68287900
-0.90601300
-0.07192360
-0.26184500
-0.64730300
0.73458100
0.46495600
0.47790700
-0.19192100
0.12072000
-0.76462400
0.49382100
-0.61418900
-0.03579100
-0.00132007
0.48099500
-0.17011000
0.15606600
0.12485000
-0.04867650
-0.65151000
-0.12345800
0.78863600
0.90247500
0.31357500
1.70731000
0.57094300
1.76449000
0.56678600
-0.17658900
-0.31011300
-0.17215400
-0.36508900
-0.09887070
-0.32130300
0.06786970
-0.18611000
-0.01228160
-0.34132800
0.15669600
-0.60512900
-0.02399670
-0.88052700
0.11642700
-0.53020500
-0.95205800
1.07764000
-0.81182200
0.55414400
-0.06066990
0.48688800
1.20058000
0.14863400
-0.26447100
-0.47313800
-0.97310300
0.15025100
-0.52903100
0.24979000
0.04483680
-0.62113900
0.55903000
-0.70292400
0.71413100
-0.33089800
-0.53195400
-0.22822200
-0.33962900
0.99126200
-0.74455100
0.46423500
-0.93631600
-0.06018800
-0.42303900
-0.01372670
-0.25539200
-0.18045200
-0.42706700
-1.55579000
0.21799700
0.18463400
-0.84740400
-0.17751500
-0.21315800
-0.11435700
-0.40135000
0.24299000
-0.19062300
-0.18316300
-0.36237300
-0.32329100
-0.34221000
0.81129100
-0.52869000
-0.76702600
-0.12303400
-0.57741600
-0.42436600
-0.60039000
-0.33837900
-0.49206000
-0.27611700
-0.56645900
-0.42187000
-0.42274600
-0.06881540
0.68602600
-0.13157200
-0.21059200
0.15509100
0.05491670
-0.27887500
-0.44162600
0.00704601
0.03633070
-0.60477400
0.17304400
-0.00631499
0.41626700
-0.88234000
1.06886000
0.28836500
0.77638000
-0.46865100
-0.69092900
1.39901000
-0.38325200
-0.30224300
0.33216000
-0.27641100
-0.36681500
0.26314500
0.32672600
-0.38737200
0.03408210
0.46676200
-0.37408800
-0.58937900
-0.46735000
-0.50441400
-0.06084580
0.47035800
0.30912100
-0.29891600
-0.55742000
-1.34234000
-0.31461900
-0.25891500
-0.17933700
0.28051000
-0.30203900
0.26002600
-0.35524100
1.09565000
0.11311400
-0.32966100
-0.31436600
0.21058600
0.28415700
0.02719650
-0.53680400
0.95526000
-0.21667200
-0.11692900
-0.15893600
-0.05137330
-0.75366300
0.40342000
-0.19437300
-0.45700500
0.23703200
-0.47351600
0.64236900
-0.06615360
0.01042340
-0.48793500
-0.15836900
-0.44401500
-0.60693100
0.39954400
-0.53115200
-0.15289600
0.99081000
-0.01182600
-0.25069700
-0.05973340
0.47764000
-0.45040900
-0.04789640
-0.68101500
0.00645161
-0.79764800
0.32527400
0.06776920
-0.27473100
-1.28243000
-0.02148870
1.66819000
1.03035000
-0.60797200
-0.08836110
0.21365500
-0.20712000
0.55555900
0.09899040
-0.43966500
-0.65160600
-0.42833900
-0.48424500
-0.56643200
0.10030900
0.07857170
0.18203200
0.15110900
0.05543100
0.09410950
0.37598900
-0.34629900
-0.38975300
-0.32021000
0.34250300
-0.34132800
-0.90025200
-0.53047000
-0.74068000
-0.13458700
1.20074000
-0.48269800
-0.73547700
-0.07938850
-0.50425500
-0.09472350
-0.64597600
-0.23646800
0.42051200
0.00959590
-0.67984500
-0.32561100
0.01247070
0.79905700
-0.57007300
-0.83617300
-0.45407200
0.16547500
0.38789700
0.58674300
-0.75270500
-0.51641900
-0.00727752
-0.35670700
-0.62523700
-0.59893900
-0.32313800
-0.00326868
-0.22801900
-0.36107400
-0.21387900
0.58516200
0.30711600
0.20633100
-0.29875900
0.06506230
-0.61728600
-0.03668800
-0.00957447
-0.28177000
2.38734000
-0.50447700
0.00441082
0.20814300
0.05956490
-0.34766300
0.77616000
-0.18434000
0.16035500
0.24809700
-1.01941000
-0.67692900
-0.48204500
0.37937900
0.16167400
-0.40258100
-0.56067000
-0.18313200
0.17902700
0.03677920
-0.04071990
-0.27387200
-0.19233300
-0.34704300
-0.32815400
-0.12109800
0.05046450
0.63400000
0.51838200
-0.19578600
-0.32745100
0.03602440
-0.30349600
-0.02859020
0.01471630
-0.21176100
1.42578000
-0.04905530
-0.14285000
-0.78199800
1.55439000
-0.95899700
0.62949700
-0.21780100
0.28472800
-0.70024500
-0.20529700
-0.33979400
-0.59170700
-0.32869600
-0.73880500
-0.48069500
1.57116000
0.31637800
0.18260700
-0.11308800
-0.51426400
-0.04423050
-0.17832000
-1.00964000
-0.60403300
-0.27896100
0.60687100
0.54564900
0.18392900
4.20590000
0.80428000
0.90880800
-0.16721200
0.10542100
0.74016500
0.51898100
0.56679800
0.24114500
1.48305000
-0.80643700
0.10032200
0.11324400
0.14622700
-0.58508500
0.14759400
-0.54795300
-0.02613050
-0.38378500
-0.44163800
-0.47538800
0.04422810
-0.41965900
-0.42035400
0.03427200
0.96387500
-0.25121500
-0.50800800
0.03907480
0.30648200
1.51895000
0.34567600
-0.31909000
-0.16461800
-0.11249600
-0.18214700
-0.14675900
0.26455100
0.36541600
0.56835600
-0.18339400
-0.19444400
-1.20875000
-0.16298500
-0.30940800
0.07215140
1.20652000
0.90283600
1.15805000
0.75003900
-0.69439400
-0.23734500
-0.98293900
0.50168600
-0.52393400
-0.31885300
-0.98960300
-0.50779700
-0.90297500
-0.35560400
0.13633100
-0.24494700
0.50539800
0.30672300
0.80965700
-0.17700600
0.70883500
-0.20679600
-0.19155400
-0.49137500
0.16327200
0.28296500
-0.24366000
-0.48527500
-0.70281800
-0.16322300
-0.16060600
-0.40722800
0.58569600
0.20330200
-0.19922900
-0.59087000
0.27439300
-0.47689400
0.01427260
0.10966200
0.49628800
0.02983070
0.03130590
0.21422400
-0.65643200
-0.49497100
-0.18924100
0.34249000
0.10758900
-0.38083200
-0.14624000
-1.11282000
0.05096970
-0.54608800
0.79084200
-0.12276700
0.11571200
-0.12650900
-1.01364000
0.42590700
1.00787000
-0.48844100
-0.40498900
-0.10956400
-0.28628600
-0.45148000
-0.60256600
-0.07853340
-0.02520520
-0.62344900
-0.22725200
-0.60363600
-0.23141800
-0.79476400
-0.09474210
-0.66514200
0.49284100
-0.34484000
-0.35022300
-0.36999700
-0.03092370
0.07233240
-0.11133600
0.57634900
0.40091200
1.10920000
0.11878800
-0.65401900
-0.40850700
-0.18157200
0.12759900
-0.68315100
0.63421600
0.31324800
-0.57970200
0.37393300
-0.61959300
-0.15117500
-0.20633300
-0.20337100
-0.56564700
-0.13389800
-0.00979318
-0.49191300
-0.34846000
-0.58874700
-0.62235200
-0.30828200
-0.30861400
-0.74785600
-0.32271700
-0.55023500
-0.05188500
-0.06759150
0.68029700
-0.16263500
-0.32993600
0.40377000
-0.36165500
0.31114700
1.30728000
-0.20185600
-0.13303600
-0.44951900
-0.45103300
-0.13249200
-0.67434300
0.25843600
0.23310300
-0.62651200
0.37734400
0.15274700
0.56417800
-0.17737000
-0.36492000
0.22362200
1.50993000
-0.46076300
0.73808900
0.63983600
-0.39288000
-0.51851700
-0.14768200
0.69172700
-0.96706200
0.71665700
1.56526000
0.41003000
0.49193300
-0.38137700
-0.42061700
-0.64446500
0.24948800
0.53632400
1.20174000
0.05889400
-0.06789150
0.17807700
-0.51416100
-0.45240100
-0.55471000
0.36654200
0.27450200
-0.14595000
-0.30241300
-0.61946600
1.04304000
-0.64475500
0.53279100
-0.03678810
-0.98627700
-1.04250000
-0.53537400
-0.02437520
-0.61985400
-0.84944900
2.16924000
1.33382000
-0.50931900
0.37854500
-0.40031000
0.62191000
0.13105100
-0.76865400
-0.12391300
-0.15655500
-0.85386600
-0.47390800
-0.65784700
0.09943830
-0.58898700
-0.62109200
-1.27962000
-0.08658990
-0.26430900
-0.10598900
-0.60016600
-0.15883000
-0.51924400
-0.77927700
-0.64225300
0.22702600
-0.45789900
-0.79144700
0.59295800
0.58948400
-0.09255110
-0.86262600
-1.04817000
0.07001060
0.04267930
-0.12036300
-0.69307400
-0.93632600
-0.89771800
0.29780200
-0.31672200
0.41580000
-0.09975440
1.31482000
-0.09820550
-0.28459100
1.27126000
-0.58767700
-0.46336200
-0.45131500
0.71460800
-0.46017700
-0.42311600
-0.06277440
1.79036000
0.74122500
-0.31198400
0.15854900
0.27816500
-0.03926700
-0.01625350
-0.47723500
1.39990000
0.81268400
0.27730900
2.91382000
0.54427600
-0.84897000
0.33734800
1.40373000
0.13459600
-0.38239300
-0.21954400
-0.46123400
-0.34576000
-0.25005100
0.17592000
0.09420590
0.22687000
-0.63851900
-0.86800200
-0.15429500
-0.12818200
1.02876000
-0.26334600
-0.41411500
-0.70514700
0.38906600
-0.14467000
0.19215700
-0.69530600
-0.12242600
-0.06794390
-0.28221400
-0.34332100
-0.33619300
0.09444160
-0.35543400
0.70374900
-0.34191200
0.12271100
0.06176280
0.01767110
-1.08108000
-0.35900500
-0.98834000
0.08216490
2.66357000
1.67549000
-0.78748600
-0.35068000
1.10452000
0.06733930
-0.92411800
-0.56289000
0.68529700
0.68138700
0.25301200
0.09599350
-0.48570300
-0.09767020
-0.92294800
-0.50505600
-0.56030400
0.50610000
0.11073600
-0.57264800
-0.43503100
-0.31039200
0.27120400
0.34057600
1.51385000
-0.17663000
-0.01668640
-0.47001400
-1.21157000
-0.01599130
-0.14293500
0.03597600
-0.47229500
-0.21484700
-0.36088000
1.43735000
1.17728000
-0.16057000
-0.21102600
-0.54641700
-0.04562000
0.21489400
-0.89822500
-0.62156500
-0.67086400
0.02371290
-0.13447000
-0.05027940
-0.18286400
-0.70409400
-0.35593500
-0.45739600
-0.69874100
-0.49350100
-0.06973020
1.23846000
-0.56449300
-0.44867200
-0.58078100
0.20507800
1.49440000
1.42041000
0.19381000
-0.36897000
-0.04844590
0.59897600
-0.89751100
-0.03714940
-0.33414700
-0.29501300
-0.10613700
0.40255600
0.15411300
1.43120000
0.91129900
-0.68998600
0.89354700
0.44567000
-0.30989500
-0.59800800
0.63103200
0.46965000
1.32973000
0.66404300
0.98399800
0.17304800
0.47580000
0.34443300
0.61526000
-0.08577960
0.66714200
-0.37202900
-0.02054880
0.26942300
0.96368400
-0.34822900
0.55493100
-0.43759000
-0.94124200
-0.19352800
-0.95217800
-0.00689545
0.07352360
-0.50197700
0.14073900
0.07750040
0.56560000
-0.25602500
0.06851540
0.14531000
-0.24713700
-0.14325100
-0.02788420
0.22153300
0.15919900
1.25742000
-0.37815800
0.67026200
0.62309900
0.11351800
0.12134900
0.27227800
-1.07857000
-0.38627900
-0.18068000
0.72519500
0.77553000
-0.64952600
-0.39343600
-0.13072900
-0.23777100
-0.76116200
0.04081640
-0.18665100
0.45217400
-0.30965800
0.16317700
0.06191580
-0.40788000
-0.46987100
-0.42481800
-0.18914500
1.49426000
0.78822300
-0.23459200
1.17549000
0.20143700
-0.28154300
-0.25328200
-0.24582200
-0.66355500
0.23655600
0.42800700
0.28701900
0.52655400
0.59335700
0.40712900
0.37435600
1.59032000
-0.79222800
0.22341400
0.14270600
0.14709700
0.70739400
1.19951000
0.36783900
0.09623680
-0.15976000
-0.25215000
0.09978780
-0.59148800
0.13197600
0.98359300
0.46236800
1.52591000
1.94507000
0.55503900
-0.17882500
0.02338900
-0.22201200
-0.01472610
0.03760940
0.22379600
0.77775200
0.37020300
1.43214000
0.20199700
-0.52102400
-0.10932000
-0.13521400
-0.70294400
0.11428000
-0.79579300
-0.45709300
0.33567800
-0.37386100
-1.01365000
-0.25566400
-0.03994500
-0.72822800
-0.52551800
-0.78864900
-0.37370400
-0.42626300
-0.46856600
-0.90491100
-0.58573900
-0.77382800
-0.66261400
-0.09490330
-0.06708300
-0.63067400
0.75375900
3.33986000
-0.20769000
-0.53435700
-1.10593000
-0.34137800
-0.40039500
-0.22563800
-0.18752300
0.27860000
-0.43750700
0.12860800
-0.94334600
-0.06412440
0.36403900
0.06333340
0.68412100
-0.32343100
-0.20473500
0.17558600
0.26394100
-0.13032500
-0.43502500
0.15988700
0.01024000
-0.29005600
-0.40377100
0.26404400
0.23331200
-0.59550700
0.00211972
2.41564000
-0.34408500
0.06296250
-0.14384600
0.17690000
0.90765800
-0.09202260
-0.41833400
-0.03018530
-0.25741700
-0.58877500
0.06355400
-0.46646500
0.25302600
-0.04851310
0.14099200
0.16843700
-0.46387500
0.00170617
-0.19582200
-0.28005900
-0.10510700
-0.31167500
-0.41937700
0.08885520
-0.20130300
0.14140900
0.22971100
0.14286400
0.09806840
-0.02592150
-0.07072600
-0.29591100
-0.27347600
0.22098100
-0.03251200
-0.83110800
-0.02154530
-0.02591720
1.29449000
-0.19477100
-0.51711400
0.13235700
-0.29291900
-0.64371400
-0.04052240
-0.16717800
-0.32034900
-0.31863100
0.43552600
0.61710000
-0.14481500
-0.54288700
-0.18195900
-0.44597500
0.01855460
0.08950180
-0.32199100
0.04003800
0.34551200
-0.17221900
1.22423000
0.28517600
-0.34075400
0.43210400
-0.30230000
0.27962700
-0.54620600
-0.22480400
1.52373000
-0.67963400
-0.27920100
0.03091680
-0.38191400
-0.34426200
-0.29058700
-0.06249250
0.37649400
0.22633700
-0.24741100
-0.90139600
-0.38076400
0.34022200
0.14361800
0.40765600
-0.58176200
0.02970970
-0.69496300
0.32327000
-0.05914450
0.44303000
-0.22030300
0.34153800
-0.55468200
0.00122309
-0.23681400
0.42388300
1.52909000
-0.15776000
-0.61671200
-0.15481600
-0.25777500
0.77535600
0.22400500
0.32236200
-0.53849700
-0.68133500
-0.10157400
-0.10768100
-0.01212160
-0.86408000
0.05817540
-0.11172400
1.22083000
1.12131000
-0.45643500
0.71519100
2.11005000
-0.22313200
-0.23987100
0.35916000
-0.35752900
-0.31879500
-0.15257800
0.11677300
-0.28156200
-0.28351300
-0.05927970
-0.45451100
-0.64864600
0.19704200
-0.06661550
0.07564870
-0.80455400
0.17961500
-0.23316200
-0.78622500
-0.05523030
-0.48871000
-0.60270400
-0.36346000
-0.82104100
0.32341100
0.43975100
-0.54401100
-0.58236600
-0.83659800
-0.03623420
-0.62278000
0.03180610
-0.19583300
-0.31654500
-0.34121100
0.50115500
0.06116160
-0.08411820
0.47866200
0.62107100
-0.02045230
-0.08729920
-0.47631200
-0.28445700
-0.30222300
-0.71358400
0.25592600
0.26916200
-0.51548500
-0.26589500
0.66366400
-0.47336800
-0.25366400
0.72949300
-0.12607500
0.28472800
-0.59225700
-0.20186200
0.44671400
-0.83817000
0.64546700
-0.34040300
0.14118700
-0.12769000
0.17169900
0.06022970
-0.10519500
0.15783400
0.09980900
2.85815000
-0.29361800
0.80945300
-0.55209600
-0.46075700
-0.49622200
0.02991790
-0.18256400
-0.27757900
-0.04577170
-0.44536200
0.57816100
-0.18017300
-0.45132800
-0.06714760
-0.72285600
0.62073000
-0.58493100
-0.22823400
-0.49743500
-0.14981000
-0.34095200
0.56417300
-0.21581200
0.84777900
-0.47348500
-1.02795000
-0.20468200
-0.10610700
0.20806400
-0.18543200
-0.24210700
-0.06027720
-0.41982800
0.39103000
-0.30851900
-0.48836800
-0.52809300
-0.14070000
-0.76800700
-0.04437320
-0.19844800
-1.23532000
-0.50169300
-0.39270200
-1.12420000
0.12721500
0.25662500
-0.34127100
-0.36234900
-0.16474700
3.10273000
-0.62200000
-0.04440360
-0.22127100
0.19575600
0.12726000
0.56342100
-0.12397100
-0.59532700
0.07761880
0.15012800
0.26150600
0.45829700
-0.30562100
0.15777900
-0.64192400
-0.23092100
-0.01630370
0.03806420
0.20356400
-0.49052000
-0.34828100
-0.18235900
0.29292300
-1.01199000
0.03525670
0.97096300
-0.19974200
-0.15312000
0.54435800
0.55492300
-0.03537550
1.01073000
0.55293000
-0.71633800
-0.97614400
-0.16222600
0.34739500
-0.35220400
-0.29954500
-0.12186300
0.15204500
-0.03781010
-0.54431800
-0.16996900
-0.24633200
0.14728100
-0.36274000
-0.87087600
-0.56923100
-0.52351600
-0.02741750
-0.64013400
-0.37162900
-0.30619400
-0.89663600
0.41248800
0.85558900
0.47394700
1.25682000
2.09255000
0.69717500
-0.27849900
-0.01737590
-0.15599800
-0.20871600
-0.47419200
-0.70861300
0.60482700
-0.16748800
-0.99955400
-0.55546200
0.64936200
-0.48255100
-0.69460200
0.14712300
-0.66890000
-0.22954600
-0.78051700
0.30946400
-1.10058000
0.22157700
-0.12218300
-0.65424000
-0.03932270
-0.43204900
-0.06323850
-0.35618400
0.08132060
0.26448800
-0.05542000
0.06515480
0.25014100
0.09005070
-0.18008600
0.12766900
-0.00237670
0.35664000
0.96739100
0.03148570
0.37452100
-0.50749000
1.90608000
-0.31821600
-0.32011400
1.40152000
-0.48244700
-0.25055100
-0.03115640
0.17221000
-0.36393800
-0.26423500
-0.55650500
-0.59902700
-0.29086400
0.84936000
0.79963600
-0.43090900
1.12068000
-0.26023500
-0.25493700
0.24976100
-1.08121000
-0.26122200
-0.22046100
0.37525700
-0.44353500
0.73852400
0.66254400
0.94933300
0.56909800
0.50042000
0.61298200
0.27721400
-1.03694000
-0.51520400
0.54293200
-0.66409900
-0.56109600
-0.27860700
-0.76391500
0.36552100
-0.22402500
-0.22046200
0.04095970
-0.32778100
-0.52483600
-0.51892700
-0.75297600
-0.34552100
-0.62670000
-0.28101400
-0.05176620
-0.28257600
0.90311400
0.58385000
0.68334100
1.21483000
0.13865400
0.15135400
-0.36683700
-0.52197700
0.13615000
-0.56123600
0.43265300
-0.19132000
-0.15651000
-1.14855000
-0.79001300
-0.05454490
0.94491300
0.19429600
0.48500600
-0.66562100
-0.33972300
-0.89767800
-0.47864800
-0.82301700
-0.65314600
0.13737900
-0.45939100
0.17416200
-0.53108500
0.84939300
1.74751000
0.66740200
0.21690400
0.24215700
-1.01409000
-0.71870100
0.46077700
-0.23589000
-0.52622600
-0.06631120
-1.55955000
0.43667800
-0.20710100
-1.14790000
-0.05934620
-0.03642080
-0.47496700
-0.20475800
0.49462500
-0.40345500
0.19839700
-0.22783400
-0.02567280
-0.09772930
-0.27491500
-0.82670400
-1.39198000
0.00587392
-0.61653600
0.99628700
-0.31225900
0.06399440
-0.55327800
-0.11343800
-0.07269560
-0.19204400
-0.39458100
0.04898640
0.27555700
-0.22038600
0.03836360
-0.26059800
0.40473400
1.66381000
0.23624000
-0.45587100
-0.10946700
-0.24568800
-0.77673400
-1.09668000
0.51791100
0.54187600
-0.27469100
-0.20477200
-0.28224400
0.01691680
-0.06121430
-0.33789600
0.02501420
-0.31426400
-0.17081500
-0.36127700
-0.61742700
-0.27024200
-0.76273400
0.17468000
0.59072300
0.66148200
0.04503950
-1.10099000
0.19368800
-0.44189000
-0.00443704
-0.03607800
-0.69788000
-0.69632700
-0.46029400
-0.13426900
0.12376700
-0.06975650
-0.51748100
0.20528000
0.16294600
0.29795000
-0.34203400
0.38400300
-0.50280900
-0.29582700
1.19368000
1.00283000
0.50375400
0.31017200
-0.10214900
0.57540500
0.12039000
-0.17737500
-0.67014900
-0.92816800
0.89493500
-0.21057900
1.63414000
-0.50386600
0.14520900
-0.68681800
0.10863600
-0.53071700
0.17748100
1.05688000
0.50699500
-0.15950400
-0.12330100
0.08953000
-0.30132600
-0.75143800
-0.69997300
-0.16934000
0.36931900
-0.51818000
-0.58551100
-0.16506200
-0.33272400
-0.52908100
-0.43481800
-0.53966900
0.04551820
0.03996520
0.00963029
-0.05758870
-0.85523600
1.39973000
-0.52649700
1.31390000
-0.39060100
0.60487300
0.15912300
0.09231510
0.98588200
0.22832800
0.80069800
-0.09058890
-0.71744200
1.03938000
0.18874500
-0.04457260
-0.67075400
0.41206700
-0.16887700
-0.11061500
-0.33704500
-0.70382400
-0.52570200
-0.20139200
0.38434500
0.60200900
-0.39219500
-0.39705000
-0.15135100
-0.66816000
-0.07500860
0.08062120
-0.31233200
-0.07434290
-0.14453000
0.47696400
0.01944730
-0.17321400
0.59982300
1.66101000
0.29741700
0.00150481
0.15592400
0.15422900
-0.73194100
-0.24366300
-0.19866300
0.33415900
-0.43171900
0.04937370
-0.04297830
-0.00070980
0.47598700
0.38203300
0.40869900
0.07164140
-0.33910600
-0.46339900
-0.40035100
-0.03736530
0.62908900
-0.27501600
-0.57593900
-0.30943500
-0.51049000
-0.41645900
-0.17470400
-0.41385500
0.92148200
0.06813340
-0.12473300
-0.21526500
-0.13150100
0.16553600
0.08945560
1.07824000
-0.00989462
0.35928600
1.49702000
0.02016020
0.56879700
-0.31724600
-0.24890200
-0.06227120
-0.37608300
0.81200300
-0.18565000
-0.03664450
-0.51361300
-0.32315700
-0.76708900
-0.28108000
-0.29773700
-0.12039200
-0.23081000
-0.17533200
-0.10533900
-0.92787700
-0.42657300
-0.34931500
-0.49164400
-0.51448600
1.72699000
1.25561000
0.39436700
-0.26023000
-0.15750700
0.91902700
-0.33620100
-0.28666200
-0.02871260
0.45664400
-0.71644800
0.44867300
-0.09983610
-0.95459000
0.17538600
0.63487000
-0.55202400
0.06608230
-0.69224200
0.01822780
-0.47781200
-0.91081300
-0.43827100
-0.08573210
0.23297600
-0.54763600
-0.00940846
-0.27665200
1.25701000
-0.63587800
0.39343200
-0.02583150
-0.44286100
0.26866600
-0.08767100
0.86099500
-0.90290900
-0.53904500
-0.07464520
-0.75601800
-0.68834500
-0.04697880
0.22701900
-0.46555100
-0.59498200
0.58191900
-0.18057400
0.46614100
-0.36849400
0.23396000
-0.46694200
-0.29153900
-0.66537300
0.11501100
1.77940000
-0.04528720
-0.82257800
-0.41614500
-0.05692890
0.42486100
-0.56681500
-0.14561200
0.05362360
-0.51106400
-0.11685500
-0.40214300
-0.31374800
0.20595800
-0.04248790
-0.08923800
0.07153020
0.01458780
-0.08152540
-0.26339900
0.76050900
-0.70410200
-0.76495600
-0.64916200
-0.65785100
-0.91017200
-0.63938700
0.60586000
-0.29999900
-0.70733700
-0.51463000
-0.70886200
0.30615500
0.82066100
-0.38361500
0.17909900
-0.03601560
-0.71647900
-0.37478300
0.31900100
-0.01965350
-0.23999800
-0.54167800
-0.06783390
2.52365000
-1.05470000
-0.23352200
-0.06247940
-0.36546700
0.72187000
-0.13422900
-0.16467400
-0.04340340
0.57788500
0.91294000
0.45148300
0.07608950
0.04469930
-0.18268300
-0.03252000
-0.07749510
0.19887200
-0.37169400
-0.44443900
-0.87193000
0.91430600
-0.19192300
-0.52037900
-0.09025150
0.00680657
-0.54834100
0.31698800
-0.13515500
-0.59143200
-0.73385500
-0.04836840
0.14803200
0.81343200
0.32686700
-0.17148300
0.42700200
-0.77204600
0.19199600
1.55282000
-0.75151200
-0.43550300
0.13082200
-0.49320000
-0.82369900
-0.36078800
-0.03866660
-0.25342300
-0.36776400
-0.03799500
-0.27564500
-0.08618000
0.41835500
0.26764000
-0.49659700
-0.01742730
-0.19351100
0.22912800
0.11511600
-0.30230500
0.09661440
-0.20614800
-1.21910000
-0.18954800
-0.17784800
0.67329500
-0.02955420
0.24825300
-0.71135000
-0.64927400
-0.38501400
-0.63619200
-0.45513800
-0.85794800
-0.33450200
-0.11133600
-1.38227000
0.51385100
0.12147600
-0.44264800
-0.73875300
-0.23261400
-0.22121600
-0.74450000
-0.02520320
-0.03607800
-0.76952400
-0.34123300
1.10223000
-1.04329000
1.44608000
0.09103280
0.40801900
0.18572600
1.29789000
-0.24668100
-0.83881400
-0.20784700
-0.59112600
0.66049200
-0.23535500
2.18701000
0.89344900
1.05929000
2.60725000
0.35857100
1.67347000
-0.11455400
0.54233500
-1.02378000
0.33133700
0.27534000
-0.22447000
-0.59729200
-0.02730160
0.49298100
0.71533900
0.86362600
-0.30798500
0.14457500
0.18771900
-0.11529800
-0.30823100
0.29668900
1.77811000
0.81666600
0.91712100
0.44037600
1.26741000
0.59969100
0.31006000
-0.68965200
-0.04259160
0.14863200
0.56791800
0.26321700
-0.66312600
0.22832300
-0.46405400
-0.74141400
-0.02252480
0.21585900
-0.37970800
0.06658460
0.06786670
0.58940800
0.06957780
-0.18376300
-0.72923900
0.02266080
0.44072200
-0.44769600
0.17158100
-0.62782100
1.54620000
-0.30802400
-0.04456390
-0.21907900
-0.50211600
-0.52910000
-0.32794200
-0.12658300
-0.21412700
0.13476100
-0.24956800
-0.11770800
-0.57375700
-0.58819300
0.30609000
-0.06510640
0.58067900
-0.14395500
-0.39676800
-1.08298000
-0.10692200
-0.64607600
-0.42930700
0.35482000
-1.05932000
-0.41388200
0.24334700
1.85823000
-0.17317500
-0.43424800
-0.65686400
1.12842000
0.12249600
0.20291400
0.25599500
0.20576700
-0.18483700
0.26419900
-0.34614600
0.08633120
0.47927800
0.29519500
0.86594800
-0.93790300
-0.74497300
-0.18091000
0.15963500
-0.45664000
-0.82014300
-0.30421200
0.15195300
-0.64740200
1.14119000
-0.12576100
0.26953300
-0.96472200
-0.32248500
0.21101200
0.60531100
0.02307410
-0.68100000
1.30803000
0.69203700
1.17990000
0.08238340
0.32111200
0.07212660
-0.72585900
-0.52200700
0.07676590
-0.33563200
0.21694500
0.09483310
2.63590000
1.12415000
0.13887100
-0.14561600
0.05592310
-0.43954800
-0.47997000
-0.74944800
-0.48670600
-0.04550450
0.11824900
-0.66004400
-0.38357200
-0.12353800
0.14935800
1.01712000
0.39284900
-0.82224600
-0.78774300
0.52774200
-0.25874500
0.07220020
-0.17643100
-0.47003100
-0.53164200
-0.66344000
0.04485980
-0.59023200
-0.27338400
0.16422600
0.52393800
-0.27146100
-0.49419100
-0.13363300
-1.00956000
-0.01636950
-0.18853800
-0.85628400
-0.54566900
0.17022100
0.14218200
-0.28460400
-0.29958300
0.90604100
0.53852400
-0.23960800
-0.86162700
0.17378200
-0.10016900
-0.03650060
-0.25861100
0.53219600
-0.59459600
-0.44924900
-0.07787880
0.10452600
-0.06610580
-0.79862800
-0.83486200
0.45449600
0.14325000
-0.87409600
-0.19066500
-0.70733900
-0.40415500
-0.76134500
-0.82831200
-0.19000000
-0.75748600
-0.21599000
0.23542900
0.11698700
-0.58453600
0.42242100
-0.23172800
0.01459320
0.10699300
0.66082400
-0.93165200
-0.41496700
-0.21236100
-1.10553000
0.31629000
0.10639200
-0.48113400
-0.58773000
-0.06644430
0.13305300
-0.44188900
-0.10368200
0.63334200
-0.28492200
1.09190000
0.31901300
-0.28483100
0.01860560
0.78359900
0.04451280
-0.71000100
0.93553400
-0.34235700
-0.51752800
0.04367590
-0.39370100
-0.11616300
-0.29399400
0.13689800
-0.36837200
-0.05476310
-0.73220100
-0.18041600
-0.34110300
-0.09259140
0.13056500
-0.64087700
-0.55101000
-0.13607500
-0.20348400
-0.31313700
-0.28783100
-0.09052110
-0.33394700
0.14329200
-0.02180950
-0.00082523
-0.76247900
0.14869400
-0.08270180
-0.44447100
1.39191000
-0.05556620
-0.00215334
0.36444300
-0.30927800
0.31650900
-0.88062700
-0.62911900
-0.12481800
-0.53171600
0.09372000
1.73514000
0.25087600
0.06999180
-0.27931500
0.06276090
-1.04628000
0.10545800
-0.07999580
-0.05224420
-0.59368900
0.03947940
-0.34842800
0.01576160
0.19127600
-0.12476300
0.31351000
0.77893000
-0.11656600
-0.47739500
-0.68004100
-0.72823200
-0.40752100
-0.15123900
-0.76572100
0.21198700
-0.79355700
1.08922000
0.10561300
-0.40450800
-0.22697700
-0.44113600
-0.02438090
-0.23382700
0.74331800
-0.29647700
-1.20887000
0.09366580
0.42788000
-0.51761700
-0.30614900
0.09277290
-0.09399400
-0.14022700
-0.36156800
-0.34352400
-0.27374900
0.04021710
-0.38955800
-0.65199900
0.12138500
0.17687800
0.01203930
0.63076800
-0.49727200
-0.01909650
0.47645100
-0.48182700
-0.69101400
0.02315160
-0.05955560
-0.10295200
0.21482200
-0.25730700
-0.07079850
0.27212100
-0.20486400
-0.65132900
0.11632700
-0.49116500
-0.04985730
-0.96892300
-0.05914260
-0.81345200
-0.10650300
-0.29280700
0.79700800
-0.31849100
-0.24758700
-0.41730500
1.64366000
-0.26874900
-0.27710000
0.97240100
1.71328000
0.41638000
0.37177200
0.66556600
0.33432800
-1.11600000
0.50744400
-0.01204440
-0.11202700
-0.46678000
0.22769600
0.13826700
-0.21953700
-0.01486340
-0.26495800
0.14389000
-0.96610500
0.34454500
-0.01324340
0.31448400
-0.06423670
0.22855500
-0.27075500
-0.27112400
-0.04886820
-0.02811160
0.08598900
0.23800500
0.32342700
1.61957000
-0.17475400
0.35808000
-0.33103000
0.26284700
-0.33930300
0.67409700
0.76503300
0.25385200
-0.07348550
1.57240000
-0.79275200
0.68862800
0.14079200
0.05484770
0.40396200
1.08550000
-0.40673700
0.01595010
-0.11558700
-0.37205500
-0.22228100
-0.53632000
-0.67350200
-0.20107100
0.03187680
-0.56752000
-0.77309900
0.47818500
-0.25192100
-0.21161500
0.31784300
0.18221100
0.77262600
-0.73831800
-0.53161500
-0.11616300
0.24902200
-0.73274500
-0.30174200
-0.24718700
-0.47980200
-0.51602100
-0.22149400
0.55625600
-0.69287100
0.32586200
0.71173700
-0.72126000
-0.96244200
-0.32756800
-0.27927600
0.27531100
-0.03683710
0.45142800
-0.82690600
-0.38152900
-0.29478700
0.04941360
0.20213400
0.36791600
0.40939100
-0.52680700
-0.88137800
0.32681300
0.28507400
-0.10517100
-0.31083600
-1.01909000
-0.27649200
-0.48212900
0.12594300
-0.57498000
-0.46539100
3.06602000
-0.44324800
0.43667600
0.01833340
-0.74058700
0.08798810
-0.13632100
0.42607200
0.11154900
0.25290600
-0.05114580
0.30071500
-0.33798100
-0.71205700
-0.42164800
-0.38211400
-0.18112600
0.21761600
-0.77723100
1.30402000
-0.43688300
-0.58788000
-0.45239200
-0.55791500
1.85729000
0.39002100
-0.37663300
0.67591500
0.47087200
0.26326400
-0.70538900
0.39912900
-0.33242600
-1.21935000
0.86900700
0.16770000
0.08455270
-0.11299400
-0.84170000
-0.79949300
0.50956700
-0.71973000
-0.08903730
-0.02259960
-0.26971900
-0.59667900
-0.29951000
0.12854100
-0.41103600
-0.13034000
-0.34974800
-0.43172200
-0.35349900
-0.29009200
0.30849900
0.36072800
0.44417000
-0.45885200
0.25893600
0.34886300
0.64397900
-0.37021500
-0.27340000
0.16119500
0.24569400
0.12442400
0.63892600
0.35158900
0.55526300
-0.30987000
0.38648100
-0.21710500
3.03967000
-0.37246800
-0.57229100
-0.46915200
-1.11355000
0.47922200
0.42191300
0.93144200
-0.87795300
0.40554200
-0.42724300
0.15302500
-0.64594600
-0.19489100
-0.43055200
-0.30232200
0.94339100
0.16141500
0.36031400
-0.22559400
1.09097000
-0.12365200
-1.21415000
-0.71526000
0.15734500
0.10624900
1.59548000
0.06520510
-0.25324000
-0.25471700
-0.74221700
0.06467210
-0.01467470
0.39177200
-0.19402800
-0.61434900
-0.52648000
-0.36547300
-1.04477000
-0.10904700
0.15198600
0.09895080
-0.43643700
0.65441000
-0.98882800
-0.56110900
0.14587700
0.34834800
-0.62532800
-0.15929500
-0.37549600
0.60340500
0.98353500
0.46116100
-0.77031700
0.11557600
-0.04402420
-0.45858100
0.37894100
1.10992000
0.33653300
-0.04157260
1.05993000
0.62045000
0.64242500
-0.29286400
0.29724800
0.19796900
-0.39096700
-0.71771700
-0.73656000
-0.22901400
-0.96893400
-0.10313000
1.02973000
-0.13642900
0.27065500
0.06999180
-0.11999400
0.32864000
-0.27852900
-0.02746140
-0.30447300
0.11976800
-0.26301700
0.41827200
0.28446500
-0.40770400
-0.27643200
0.56917100
-0.46690300
-0.06936590
0.71365600
0.22346300
0.18782300
-0.59694700
-0.54102400
1.73159000
-0.27902200
1.20053000
1.45916000
0.86527600
0.73413500
1.08336000
1.12344000
0.34632000
-0.24537700
-0.57927700
-0.25954700
0.13493400
-0.07764930
0.00279989
-0.05629470
-0.43827900
-0.87706000
-0.92515200
-0.07421170
-0.59682500
0.13493400
-0.29292500
-0.06647470
-0.74221500
-0.12811400
1.61610000
0.04704650
-0.55857100
-0.67887000
-0.45746900
-0.10354700
-0.12320400
0.03357820
-0.39173700
-0.04398710
-0.10189600
-0.38642100
-0.50293600
-0.25769400
0.16794700
-0.11461700
-0.72376800
0.28535600
-0.25667500
-0.39092000
0.09301020
0.10595000
1.93956000
-0.30104500
0.18172000
-0.14332300
0.40359800
1.81996000
-0.37754600
-0.26684100
-0.31440800
-0.21997500
0.10543200
-0.21150200
-0.08241100
0.65226300
0.14866200
-0.61663300
0.05434510
-0.35154800
-0.05018700
-0.61766300
-0.21913000
-0.43411800
0.77206600
-0.27115500
1.03389000
-0.50368900
-0.27741400
-0.17262900
0.34427900
-0.09089760
-0.16608100
-0.00666465
0.35063000
-0.30621600
-0.17571800
0.12456200
-0.73871900
0.48947100
0.17635300
0.17635300
0.07025070
-0.67479400
-0.15840900
0.35896400
0.09323040
-0.16386000
0.59390900
-0.40724200
-0.03228720
-1.15272000
-0.16349500
-0.22416100
-0.05704180
-0.40655800
-0.21954100
-0.62802900
0.47644500
-0.08421770
-0.49670400
0.17786500
-0.31070500
-0.13099300
-0.10844500
-0.18059400
2.24858000
0.27833800
-0.08296210
0.94015000
1.16524000
-0.29237800
-0.35211700
1.23671000
0.19632700
0.21365400
0.14585200
-0.54991500
0.09780220
-0.57882500
-1.14474000
0.51432900
-0.87009700
0.16090300
-0.86235900
-0.54348800
1.52524000
-0.07940720
-0.40054700
-0.05321780
1.63451000
-1.10573000
-0.60172900
-0.29305600
0.58624900
0.84708400
0.19832900
1.65237000
0.53575300
-0.21241200
-0.58061100
-0.05450120
0.13222000
-0.19640000
0.46283100
-0.68460500
-0.57375400
-0.98657000
0.04873930
0.25488700
-0.63889100
-0.28394300
-0.76025600
-0.72376800
0.00709066
0.21118000
0.16847900
0.21046400
-0.36567600
-0.64551000
-0.23190700
-0.30541100
0.34164900
-0.00199645
-0.14076100
0.02481340
-1.07241000
-0.63701000
0.27196700
-0.29385300
-0.77039400
0.90451400
0.02382920
-0.27230100
-0.09819400
-0.26783800
-0.35699400
-0.01795600
-0.11490700
-0.64381200
0.17063000
-0.56974300
-0.56974300
0.13110800
0.17557200
0.79660900
0.33512200
-0.21566300
0.02043340
-0.92041500
0.24664800
0.19533700
-0.08765280
-0.21641500
0.00306787
-0.45525300
-0.20525700
-0.06848030
-0.47912000
-0.42986700
-0.04833140
0.71500200
-0.39380400
0.81440200
0.78603300
0.01977930
0.90344000
1.95432000
0.26545700
0.04024560
-0.28873600
-1.07579000
-0.72995900
-1.11899000
0.41873200
0.14466000
-0.43746700
-0.44417600
-0.59749000
-0.65538400
1.45881000
0.15331900
-0.67146500
0.29650900
2.59602000
-1.29846000
0.58858500
-0.81343800
0.11320500
-0.18518400
-0.93685100
0.02306400
-0.06853590
-0.47127900
-0.03145040
0.09880280
-0.55529800
-0.00317491
0.19038100
-0.60250400
0.77492400
-0.62301100
0.33321600
-0.24840000
-0.10199000
0.02704020
0.82570500
-0.06524910
0.29106800
0.47404300
0.72568500
-0.64564600
0.24341500
1.12406000
0.94164400
0.26265400
-0.23724300
0.34560600
-0.72298900
0.47681700
-0.38700500
0.08188490
-0.19286300
0.18023000
0.41071000
0.02069230
-0.37246500
0.18931200
-0.20181200
-0.12075300
-0.36409000
-0.26986300
0.07099530
0.31182500
-0.51175200
0.15374600
-0.16439600
-0.37033000
-0.87596900
0.28036100
-0.78022200
0.20818500
-0.33096700
-0.53761400
-0.27453800
-0.28429100
-0.33176300
-0.39849100
-0.07863530
0.28522200
1.72303000
-0.11930000
1.49848000
0.01815680
0.38600700
-0.95545300
-0.20843800
-0.63154300
0.55475400
0.17860000
-0.01179110
-0.23594100
0.92952100
0.30409200
0.57476000
1.21032000
0.18367600
-0.41515200
-0.47054900
-0.24384300
-0.49125400
-0.31480500
0.36661800
-0.57055600
-0.27091200
0.27608200
0.44329000
-0.48962900
-0.03133880
-1.10653000
0.44621700
-0.16929700
-0.64407700
-0.54908200
-0.30065300
-0.30881900
0.24158200
0.45326800
1.60935000
-0.87973700
-0.65891200
-1.01109000
-0.62905900
-0.51410000
-0.27895000
-0.85886500
-0.02861850
0.25794600
-0.44429300
-0.76678000
-0.30563400
0.41744000
-0.08625380
-0.42076500
0.08128130
-0.17721200
-0.68238400
0.07384150
0.44735800
0.33785100
0.42427000
-0.50224400
0.12268900
0.27356900
-0.54234700
-0.35258400
-0.03203070
-0.21884200
-0.22963500
0.23153900
-0.34807300
0.58752600
-0.04299560
-0.59737700
0.80992500
-0.20693800
-0.37588100
0.51778000
-0.17212200
0.23095300
0.00899176
0.02926230
-0.12324400
-0.03238490
-0.66391200
0.07698880
0.37814100
-0.43608000
0.09443750
2.11531000
1.60681000
0.82102800
0.44117600
0.17923300
-0.01303600
-0.17318900
-0.26006800
0.17309600
-0.65463200
-0.13650200
-0.69720200
-0.11362700
-0.21725600
0.07366530
-0.57078200
-0.87670100
-0.54033300
0.04804130
-0.74582100
0.21370200
0.35554000
-0.44386200
-0.70570400
-0.90297400
-0.56559900
-0.44987100
-0.21404900
-0.67445300
-0.53024400
0.17106100
0.28584200
0.10137600
0.04928440
0.13207800
0.22907300
0.01654450
-0.57119600
-0.25750800
-0.41529500
0.07237420
-0.82401900
0.04818340
0.35737900
0.30091800
-0.22462300
0.17668600
0.13794900
0.01327090
0.23304300
-0.35493300
-1.14556000
-1.06809000
-0.33072700
0.40592600
-0.05125360
1.42486000
0.60586800
-0.32130900
-0.28316000
0.05578530
-0.48853500
-0.24526600
0.45374600
-0.43426600
0.09235120
-0.58868500
0.13094700
-0.94499900
0.04662140
0.25623200
-0.54072700
-0.07362280
-0.21320900
-0.13227200
0.09797320
-0.70967900
-0.19278400
-0.13474100
-0.15682600
0.48976000
-0.56856900
-0.46668500
-0.93559400
1.06184000
-0.43959700
0.21052900
0.32005700
-0.12127900
-0.57081200
-0.20042800
0.06189820
0.33997300
0.00904362
-0.71877400
-0.60781600
0.73823000
-0.56618400
0.13157900
0.14603400
-0.39396400
-0.24110100
-1.07176000
0.26302100
0.20706400
0.07936750
-0.48735000
0.89749200
0.02302670
-0.21680600
-0.61099900
0.70391800
1.20715000
-0.03508160
-1.14255000
0.49709400
0.90809000
-0.16655200
0.32880300
-0.91352900
0.50503300
0.01016300
-0.36300000
-0.11903700
0.53945800
-0.14398900
1.38924000
-0.51923700
-0.08589470
1.17866000
0.52288900
-0.01469700
-0.44730100
-0.24605500
0.28180000
-0.85430800
-0.19831000
-0.57213300
0.03971830
-0.09542610
-0.76610800
-0.11202700
0.08227270
0.47978200
-0.05402930
-0.84765000
-0.95002800
-0.65457400
-0.84276700
0.44548600
0.15081500
0.16935400
-0.07059610
0.62283400
-0.61068400
-0.26198300
-0.06473890
0.35723700
-0.12184700
-0.62774200
-0.53010800
0.45024100
-0.34719800
-0.47117200
-0.05108660
-0.42086900
0.01199380
-0.23431700
-0.12707600
-0.48228000
-0.43175900
-0.55301100
-0.35159500
-0.29682500
0.20634500
-0.47570400
0.52795900
-0.75832700
2.49636000
-0.29880900
0.24382400
-0.18883400
-0.00785854
-0.30482500
1.17562000
0.56802000
0.39122500
0.87607700
-0.61703100
-0.47226000
-0.54880700
-0.28989600
0.64599000
1.16015000
-0.13383900
-1.27019000
-0.13848600
0.68163400
-0.69503800
0.10300100
1.75429000
-0.45757300
-0.50491300
1.21796000
0.43853500
0.93368100
1.58347000
1.16383000
1.14358000
0.98390500
-0.70587700
-0.67996300
-1.55166000
1.49951000
2.06233000
0.71079400
0.91837700
0.66393400
1.36692000
1.36326000
0.60588300
0.06260030
-0.04477670
-0.54401200
-1.11220000
-0.17833000
-0.18129600
-0.02483880
-0.12227000
-0.35005000
-0.74789400
-0.19122500
0.00818796
0.34375500
0.13216000
0.77463900
1.00333000
0.16423700
0.53835800
0.21235300
0.28197900
1.13506000
1.14756000
1.38318000
1.57563000
-0.58962300
-0.36826500
-0.02896870
0.02424110
0.40704600
0.35017000
-0.18549600
-0.13722300
0.58512300
0.07874310
0.83947000
-1.35589000
-0.73903100
-0.18055300
-0.04298390
0.13172500
0.25258500
-0.32368800
-0.34420000
0.52003200
0.24133200
-0.31979300
-0.18098200
-0.54587500
0.25925100
-0.03791380
0.40189300
-0.19006100
1.00611000
-0.57388700
1.08305000
0.77452900
0.45434100
0.16998000
-0.31308500
0.40937100
2.07656000
1.79786000
0.33532500
0.44385900
-0.40914400
0.04838550
-0.22541700
-1.14604000
-0.12384900
-0.96431200
0.24888100
-0.45720100
-0.36756800
-0.93008100
0.03656900
-0.03488050
0.24634200
-0.35163300
-0.24633300
-0.16747300
-0.30795200
-0.47083800
1.50741000
0.33828500
-0.03173300
-0.07577710
-0.49010500
-0.44770500
-0.00301398
-0.67787900
-0.28813500
-0.38977300
0.09851880
-0.49229800
0.01474610
-0.11274600
-0.26535500
-0.20249900
-0.93540700
-0.56312000
0.04174480
-0.48653500
-0.69796600
0.53941200
-0.64207700
-0.25739700
-0.93593100
0.38659400
-0.09088980
0.55389800
0.22052100
-0.15801100
-0.81139700
-0.14459400
-0.41901100
-0.33944700
-0.57779100
0.42807700
0.03403780
-0.04063230
-0.30071300
-0.01629100
-0.69676700
0.19423000
-0.27930900
-1.07537000
-0.28840300
-1.38630000
0.22091800
-0.36218700
-0.20318800
0.29729300
0.08426700
-0.17345100
3.06385000
0.65858700
-0.68951700
0.05698560
1.08631000
0.03729120
-0.32283600
-0.20188000
0.50689000
0.40527400
0.22925600
0.92984500
0.36518000
0.00588171
0.28528800
-0.34359100
1.22389000
-0.45061000
-0.25808700
0.24428500
-0.21319100
-0.54056200
0.18540700
-0.09840480
-0.30732300
-0.19224400
-0.23058000
0.01300610
0.16407200
-0.46564100
-0.39064600
-0.32447300
-0.12934200
-0.17909500
-0.43304000
0.25538900
-0.65463000
-0.83010500
-0.46593400
-0.61250200
0.27386600
-0.09255080
-0.41841900
-0.10342000
1.02254000
-0.22161600
0.28526500
-0.29737800
-0.51174600
-0.04123190
