1.35632000
5.98497000
5.03315000
5.02568000
5.59041000
5.25729000
1.38590000
4.86605000
4.76431000
0.72010300
-0.43319500
4.59815000
4.91702000
5.01877000
1.37616000
0.41444100
5.41523000
-0.01314150
4.74490000
5.23310000
4.98846000
0.90398100
5.50619000
5.23827000
5.36331000
4.94050000
0.77475400
5.03471000
1.01568000
5.03641000
5.18247000
4.80889000
4.89068000
5.39848000
0.35889800
5.35671000
5.28060000
5.03427000
4.89817000
4.65512000
5.18025000
0.62924400
0.67235900
4.99102000
0.68567400
5.07206000
5.22991000
5.08916000
-0.08119190
0.12471600
-0.41459200
-0.34582200
-0.29499600
-0.40975300
-0.18530100
0.38344600
-0.39808800
0.14522500
0.15599500
0.67427000
0.23258000
-0.35041900
-0.37624000
-0.28164400
0.04412870
0.60903600
-0.42023300
0.33179700
-0.18630900
0.10266100
0.05734040
0.45027400
-0.10145000
0.87199300
-1.08834000
-0.55041800
-0.29964400
-0.15028700
-0.21673100
-0.15571600
0.25286400
-0.20939000
0.12688400
0.23321900
0.03681530
-0.08380950
-0.35247400
-0.66637600
-0.71817300
-0.11943400
-0.13977300
-0.13538000
-0.62137300
-0.20831500
-0.38321000
-0.06178400
-0.55312600
-0.06069720
-0.24984500
0.29901600
0.95994600
0.15703800
-0.03730350
-0.51829200
-0.02970290
-0.34265100
1.02723000
0.08282380
0.15506000
0.38688000
-0.76326300
1.25713000
0.87475900
-0.65247400
-0.87024600
-0.17668700
-0.09706170
-0.06932100
-0.22054400
-0.11669300
-0.34108500
0.14499300
-0.42440900
0.32918500
-0.79308800
-0.55229300
-0.37414200
0.03256320
0.08487040
-0.54526900
0.68492900
-0.10829000
0.06078610
-0.29598900
0.08247060
0.72870900
-0.48895500
-0.20051100
1.03741000
0.23908900
-0.47284700
-0.07229840
-0.60923600
-0.53065600
0.07752150
0.03692490
-0.24767300
1.39126000
0.30814500
0.10563600
0.45566600
-0.50406800
-0.02584990
0.18973600
-0.02582320
-0.16179200
0.27150400
0.17886700
0.13393500
0.22965900
-0.17491700
0.03400500
-0.29577800
-0.49072600
-1.18737000
0.20461300
-0.20023300
0.27202400
-0.60593300
0.09225030
0.32333400
-0.86513200
0.16580600
0.04317480
-0.28658400
-0.49089500
-0.42242500
0.71650000
-0.07646670
0.15996400
-0.48730400
-0.07909940
-0.12748200
-0.51349900
-0.39561700
0.38848400
0.41015800
-0.25889900
0.26261000
0.45720300
-0.34979200
-0.14280000
-0.28786300
0.39877700
-0.06988900
-0.21786100
-0.11555000
0.57072100
0.41604000
-0.29176600
0.32728100
-0.26081700
-0.32156700
-1.14651000
-0.80507100
-0.63427900
-0.56906700
-0.54685800
-1.07050000
-0.48088700
-0.04425770
0.40178600
-1.02913000
0.20418800
-0.57508900
-0.08499270
-0.80242100
-0.13803700
-0.16238800
0.62258900
-0.32077200
-0.56983600
0.43787800
0.04582580
-0.19109700
-0.14877200
-0.21095900
-0.00083014
-0.70411100
-0.44444800
-0.41898400
0.16165400
0.10033200
-1.14462000
-0.38866200
0.23033900
-0.01777680
-0.64942700
-0.25111800
0.14788400
-0.28329900
0.09515400
-0.48233900
-0.01689180
0.05920620
0.46643300
-0.23809500
0.58609300
-0.39521000
-0.13586400
-0.40705200
-0.05180960
-0.14655800
-0.35017800
-0.43713500
-0.26216100
-1.15906000
-0.55044900
0.46418900
1.25472000
0.40425200
-0.19273200
-0.20258700
-1.03101000
-0.80173300
-0.28483400
-0.10492900
0.71493300
-0.33073900
-0.45642300
-0.21798000
1.29249000
0.38577400
-0.47983400
-0.48026900
-0.47479800
0.04960370
-0.22426500
0.91513700
0.06565730
1.13442000
-0.19402800
-0.06697790
-0.12710800
-0.32944400
0.23409900
0.69980500
0.04397570
0.33706700
-0.01713520
-0.68740900
0.17671400
-0.18062900
0.33349200
0.29860900
-0.92058400
-0.52256000
-0.25084600
-0.60167100
-0.05156520
0.22571700
0.60276600
1.52582000
-0.12050800
0.09646070
-0.16737300
-0.47450000
-0.18471000
0.41887200
-0.57185100
-0.98038600
-0.37482000
-0.23506500
1.25295000
-0.30849000
0.86310600
0.34835300
-0.35921500
-0.26458700
-0.19898700
-0.03637750
0.00294155
0.43083400
-0.33977400
-0.40086300
-0.07871910
-0.77698500
0.29219900
-0.25919900
-0.37624700
0.14924100
-0.65151900
-0.21840400
-0.13327100
0.31758400
-0.12071800
0.51750500
-0.03411930
-0.22840800
0.28669000
0.11713900
-0.00944116
-0.18744700
0.10056900
0.64141900
0.32771800
-0.69973200
-0.14847900
0.08569900
0.24705600
0.75979900
-0.43620900
0.29096100
-0.65059100
-0.79179000
-0.88068000
-1.00773000
0.11776000
-0.30325900
-0.27012900
0.40042100
-0.06707350
-0.01782320
-0.19634500
0.46510500
0.07240140
-0.17658200
-0.26643100
-0.03617100
-0.46129100
0.06904430
-0.01488950
-0.06268250
0.24839200
0.44266800
-0.15987100
0.58548400
-0.67181500
0.02939250
-0.29819900
0.18078200
-0.53113000
0.31998900
-0.46538000
0.70373800
0.08920650
-0.23493600
-0.85896900
-0.54837800
0.18101600
0.47048700
0.30936400
-0.83177700
0.52509300
-0.37231800
-0.55592900
0.90116600
-0.96498300
0.47888100
-0.14111400
0.73384800
0.95311100
-0.45671300
0.26183100
-0.28523900
-0.42301400
-0.10865800
-0.50770500
0.63767600
-0.64981600
-0.83298400
0.57390100
-0.40500800
-0.79799400
-0.00805778
-0.40080200
-0.08560470
-0.09370220
-0.05662030
0.46860800
-0.68085600
0.21109600
-0.49280700
-0.71480500
-0.13752900
-0.28104200
-0.03401600
0.21380800
0.36318500
-0.31500200
-0.16932700
0.30778100
0.46487200
-0.14057700
-0.36112700
0.05688620
-0.87852200
-0.16903500
-0.54483900
0.48046000
-0.65122200
-0.65482100
-0.72517500
-0.50764500
-0.83675900
-0.51929000
0.10283200
-0.68353300
-0.18590100
-0.39663100
-0.35571300
-0.16367900
-0.53058200
-1.51826000
0.97473000
-0.83831300
-0.28840000
-0.72552600
1.13583000
0.05310560
-0.52544200
-0.08642560
-0.07006480
0.19120400
-0.70410100
0.25307700
-0.04343800
-0.45260100
1.39122000
-0.32033700
-0.99482300
-0.39073000
-0.64726100
-0.29645700
0.17782500
-0.18945200
-0.75085000
-0.36992400
-1.35203000
2.21176000
-0.52872400
-0.26340400
-0.57023100
-0.84387600
0.05169320
-0.10715300
-0.13541600
0.39841700
0.62694400
0.38830200
-1.15033000
-0.16291100
-0.72333600
0.12440200
-0.10725100
-0.07692900
-0.13563900
-0.01733590
-0.32189700
-0.18741700
-0.17476400
-0.79917500
-0.02549610
-0.09099340
0.17453400
-0.08803790
-0.30283500
-0.64614800
-0.15606000
-0.74394800
-0.41734600
-0.79760900
0.02475370
-0.01887750
0.34151600
0.15755300
-0.35100600
0.06535500
-0.18588800
-0.29365300
-0.29006400
-1.55092000
0.44929200
-0.08988950
-0.83780100
-0.34992200
-0.42533000
0.69265800
-1.01102000
0.12675900
0.47577700
-0.26144600
-0.91511800
0.41287500
-0.46923700
-0.24782000
0.38602400
-0.81989800
0.02950130
1.12740000
0.24233300
-0.68663000
-0.20373400
-1.24518000
0.04205210
0.53197200
0.12283900
-0.71491200
-0.09709390
-0.36274600
-1.37655000
0.01995790
0.44798300
-0.11070900
-0.50418000
0.61949600
-1.03779000
1.42902000
-0.16602900
-0.23575300
0.06909730
0.04824650
-0.19495800
-0.31493600
-0.43619500
-0.10777200
-0.31038200
0.53564700
-0.58223900
0.07449270
-0.21027700
0.39576600
0.39891200
-0.11616800
-0.67872100
-0.64711800
-0.40433000
-0.57671200
0.34999000
-0.09866240
0.15044500
-1.33208000
0.17228400
-0.73349300
-0.93454200
-0.07202140
0.47712700
0.30223800
-0.27356200
0.91176100
0.01261390
0.03273000
-0.42342200
-0.32414300
-0.57577700
-0.16277100
0.34466100
-0.00392678
2.73472000
-0.01121700
0.38662800
-0.94935600
0.33555500
0.01317830
-0.01057410
-0.50855800
0.02914460
-0.15816600
-0.05940710
0.55654100
-0.78671900
-0.47510400
-0.10927600
-0.14852900
-1.00061000
-0.55274000
-0.07807310
0.14688100
-0.61970900
-0.73250700
-0.24817600
0.25358900
-0.39138800
-0.02871540
0.17714700
0.11795300
-0.68427200
-1.18455000
1.23811000
-0.33740700
0.30390400
0.33381900
0.05562420
-1.05243000
0.54390600
0.15982700
0.37681200
1.07512000
-0.66432400
-0.63912600
-0.93341800
0.27341400
0.56412200
-0.84985600
0.19268200
0.41095800
1.09188000
-0.76242200
0.74896100
-0.18306000
0.01111030
-0.08073300
-0.66269500
0.08631320
-0.43923100
-1.46861000
0.04799420
-0.71021300
-0.63005200
-0.00390165
0.20599100
-0.57603500
-0.19691300
1.46087000
-0.15509200
-0.28771400
-0.57361200
-0.87449700
-0.89030400
-0.84445200
-0.62630300
0.52752800
-1.25099000
-0.90384400
-0.31877400
-0.66707400
0.91518900
-0.24203700
0.12103700
0.37089100
-1.02226000
-0.01408230
-0.61480300
-0.28447700
0.53636000
0.05210690
-0.82339300
0.13277900
-0.86310200
-0.18381500
-0.00916437
-0.36027000
0.01828880
-0.72077500
-0.29042800
0.02781230
-0.86904200
0.56200400
0.22731300
-0.59784700
-0.10172400
-0.70177900
-0.25019800
0.52122400
0.08401950
-0.11835400
-0.19387900
-0.28119300
0.07027340
0.37354700
-0.10980600
-0.46257600
-0.30094400
-0.39616000
0.06789290
-0.18460000
-0.11057900
-0.32516800
-0.23378600
0.52356200
0.36606100
-0.43632600
-0.88523300
0.49333600
-0.46676500
0.02012720
-0.16498100
0.15745700
0.43596300
-0.26119400
-0.06993250
0.36208400
-0.35572900
-0.36160300
-0.47392100
0.13430600
-0.51394700
-0.09458820
-0.42633200
-0.11415300
-0.10843300
-0.35599500
-0.57923800
0.75870100
-0.42376000
-0.34319200
0.30619100
0.31214600
-0.49731700
-0.51688600
-0.17275500
-0.43338300
0.78128400
0.04931100
-0.01740590
-0.03504560
0.56000800
-0.56734500
-0.34176800
-0.31239200
-0.20521200
-0.15707600
-0.37769700
-0.81514900
-0.83525300
-0.17395500
0.24926000
0.22900800
0.39311800
0.63722500
-0.28460400
-0.51204400
0.26721800
0.47411400
-0.51309900
-0.56742300
-0.75775100
-0.00845700
0.47228500
-0.05733240
-0.22352600
0.19383500
-0.11058400
-0.66643300
0.49621800
-0.30571100
-0.32155300
0.13991000
-0.23970600
0.17825100
-0.41150700
-0.07687890
0.21879600
-0.44322100
0.00056776
-0.28569800
-0.21640900
-0.53136200
0.02172380
-0.21635100
-1.15834000
0.08708850
0.49724900
-0.35050800
0.14205000
-0.37865300
-0.05172460
-0.34382400
-0.11530000
0.32225500
0.52177600
0.45587000
0.21134400
-0.26569200
-0.98681500
0.22776600
0.14777800
-0.28934500
-0.41680000
0.13094400
-0.13403900
0.39161200
-0.16322400
0.80587200
-0.50193700
0.31083800
-0.11977900
-1.10859000
0.25830800
0.19383500
-0.65524400
0.77781400
1.24582000
0.44275500
-1.00829000
-0.03759520
-0.63218600
-0.64983300
-0.41105300
0.11333800
-0.86778500
-0.18263700
0.82927700
-0.14070300
-0.59131500
-0.16817700
-0.16701600
0.70253100
-0.84767300
0.53579300
-0.47555200
-0.65306200
0.14563800
-1.53532000
0.19464800
-0.55069200
0.17200300
-1.10260000
0.27310400
-0.61741700
-0.03131970
0.45499700
-0.35789500
-0.68139800
-1.13883000
0.33523600
-0.74930700
-0.57333400
-0.12575500
-0.70681500
-0.20634800
-0.35100400
-0.42810900
-0.22253700
0.33154100
-0.21297500
-0.59816800
-0.19237000
-0.55490200
-0.16720700
-0.25811100
-0.05270360
0.81066800
0.64304400
-0.15062700
-0.39038600
0.38802300
0.20457900
-0.46300300
0.37325900
-0.66775800
-0.08741780
-0.75464100
-0.20336600
0.34833600
-0.21757200
-0.77261500
-0.06960960
-0.39581200
-0.06837700
0.22945200
0.30657300
0.39809300
-0.43384000
-0.01154180
-0.01197800
-0.83832300
-0.66375500
-0.20330700
0.26172800
-0.75762000
-0.00851711
-0.36765000
-0.22000000
-0.45258100
-0.29167900
-0.51369000
0.11525900
0.01424390
-0.18729900
0.59209700
-0.47189500
-0.09974170
-1.16101000
1.31034000
0.52370400
0.31536200
-0.07046810
0.01178040
-0.05691760
0.27088300
-0.20258600
0.20848400
0.69117800
0.57963300
0.64750600
0.07897740
-0.10877400
-0.73632700
0.08812460
0.18430700
0.36141000
-0.32712200
-1.09399000
0.70774900
-0.55445000
0.73994900
-0.69583900
-0.18829000
-0.19400800
0.55363500
0.02349080
-0.03710730
0.33936100
0.07167190
-0.07723040
0.26101600
-0.65300500
-0.07264210
0.49265500
0.20409200
-0.79802600
0.04632350
0.18751900
0.21184700
-0.47385800
0.95410100
0.78527300
-0.55520600
-0.14781000
0.12495300
0.36059800
-0.06672570
-0.45682900
-0.10770800
0.14152700
-0.37375800
-0.73685800
0.07951290
-0.22202100
-0.73658000
-0.04547790
0.43790300
-0.84638400
0.26432300
0.71671900
-0.09216420
-0.14895100
-0.50467100
0.37256900
-0.67040300
-0.59619300
-0.43048900
-0.20851600
-0.32594500
-0.02072070
0.45176900
0.18719200
-0.35454900
0.76310600
-0.48340100
-0.18879200
-0.21096200
0.02929020
0.95767800
-0.29927600
0.52369900
0.83727400
0.02379850
-0.03761710
-0.17187600
-0.08096810
0.36270000
-0.11511800
0.36876700
-0.03139130
-0.15234900
0.11115200
0.11711800
-0.25156100
0.28720600
-0.40688900
-1.26245000
-0.86012300
-0.36127900
-0.23321900
-0.30024200
-0.42617600
-0.31722600
-0.58728700
-0.64102400
-0.03009810
0.25184600
-0.57571300
0.11210700
-0.34486600
0.11286900
0.96509400
-0.37107400
0.34139200
-0.15942800
-0.45701700
0.03152160
-0.00244725
0.89278400
0.56969300
0.26643800
-0.30959000
-0.04891660
-0.29571200
0.19627600
-0.49368900
-0.74720100
-0.20942200
-0.58884700
-0.35337000
-1.14559000
1.28559000
-0.43423700
0.01476640
-0.78587500
-0.55201500
-0.04305320
-0.56909800
-0.26708200
0.07317830
-0.24043500
0.72663200
-0.41409600
0.67839500
0.24828400
0.39819900
0.12962700
0.22979200
-0.40523400
0.55363500
-0.19196600
0.50679600
-0.83589800
-0.60408100
-0.10961700
-0.38004100
-0.34147700
0.03076480
1.43958000
-0.26986500
-0.74687900
-0.44630000
-0.05854350
0.12192000
-0.62371900
-0.51014800
-0.11743900
1.60960000
0.29574700
0.13787300
-0.29372500
-0.18535700
-0.71259100
-0.59193000
0.23617200
0.24213500
-0.72468900
-0.20100300
-0.47660700
0.53183500
-0.46089500
0.62576600
-0.72491300
-0.04129820
-0.61918400
0.23627100
-0.46064000
-0.05234980
-0.13899500
0.41165800
-0.07300310
0.29554400
0.50616600
-0.43056200
-0.11644900
-0.94101500
0.24713700
1.08490000
0.09418690
1.07386000
-0.20826200
1.12830000
-0.44292400
0.76196400
-0.67651300
-0.03279390
-0.09808810
0.22458000
-0.23677100
-0.19567500
0.13009000
0.49829600
0.05630830
-0.54988300
0.23353800
-0.11761900
0.32580400
-0.28170100
-0.77016900
0.65457600
0.24035000
-0.40370100
-0.07754050
-0.27654300
-0.15623600
-0.17464100
1.11176000
-0.81258300
0.56834200
0.17327200
-0.29707600
-0.26714700
-0.54628000
-0.29132900
-0.67751300
0.37721000
0.22835500
0.42063100
0.65006700
0.89094600
-0.01003130
0.09883480
0.23181000
-0.24638700
-0.63726600
-1.26921000
0.44464500
0.13920800
-0.26753300
-1.02642000
-0.50216800
-0.35052300
-0.38477000
-0.19848500
-0.48213600
-0.19103000
0.27323400
-0.54822700
0.40594100
-0.45185500
1.06141000
-1.18533000
-0.73103300
0.56780100
1.45109000
0.36113200
0.47192200
-0.02254070
-0.15921800
-0.13497000
0.95647900
-0.15929500
0.39057000
0.28255600
0.35477100
-0.83707000
0.74237800
-0.97214200
0.04262870
-0.50748300
0.00223794
-0.30369800
-0.23795900
-0.70673800
-0.29102100
-0.24049900
0.29359000
-0.24786700
-0.51363500
0.19166500
-0.18602700
-0.49585300
1.49523000
-0.26818100
-0.16710100
0.11941500
-0.17244900
-1.03225000
-1.26445000
0.60104500
0.73241900
0.03573080
0.48851500
0.11311300
0.31321000
0.24863700
0.07382930
0.17274100
-0.14969000
0.01406810
-0.72469700
-0.29435100
0.07264580
-0.43157300
0.14732600
0.11463400
-0.14948600
-0.64489600
0.01694470
-0.01135470
0.23203400
-0.45473200
-0.06629940
0.10777400
-0.39301200
0.55476800
-0.40211700
-0.50539500
-0.35050100
-0.53291500
-0.06891740
-0.01127920
0.14476600
-0.46801300
-0.91381800
-0.64056100
-0.04540860
-0.33451100
0.95856500
0.20014300
1.25527000
1.01719000
-1.31690000
-0.79790000
-0.65588100
-0.12153400
-0.52630100
-1.37933000
-0.13398100
-0.75962900
0.09622780
-0.56777400
-0.57408400
-0.12955000
-0.10317200
-0.56024400
-0.51207100
-0.74254100
-0.58689300
0.28460000
-1.37515000
0.44470700
-0.70221100
-0.17198000
-0.09719870
0.22254300
-0.40817700
0.36415800
0.60023600
0.39311300
1.41095000
0.21519900
0.30177100
0.65525300
0.78223700
0.81920400
0.14629200
-0.16268000
-0.01908680
0.29026900
-0.33128700
1.14406000
-0.05884940
1.88813000
0.33952800
-0.41199200
1.90863000
1.19344000
0.46231400
-0.00263580
-0.00912947
-0.03519210
0.17414500
0.21783700
-0.15874200
0.27311800
1.35360000
-0.02949150
0.01669250
-0.43269800
-0.20806300
-0.62010700
-1.32830000
-0.23962400
1.18531000
-0.42480600
-0.88691200
-0.32054400
-0.45140100
-0.03408010
-0.44734500
-0.06874190
-0.01576500
-0.03070900
-0.20591700
0.34111400
0.32276800
0.26708400
-0.43129800
-0.50503000
0.41477500
-0.32131200
-0.11366900
-0.22381700
0.09701620
-0.74786900
-1.01786000
-0.46961400
-0.54370200
0.03980020
-0.58402900
1.62024000
-0.09455110
-0.50010700
-0.34848100
-0.49993200
0.48121000
-0.69932300
-0.88750900
-0.56853300
-0.09031110
0.07227320
-0.38780200
0.04546050
-0.51943500
-0.52171600
-0.33535800
1.09072000
-0.62144100
-1.03789000
-0.69831400
0.15275700
0.09977920
0.74017300
0.32723000
-0.96100300
-0.21296600
-0.40131000
0.61321500
-0.84004500
-0.17748100
-0.09998650
0.30567300
-0.90421400
-0.40024500
-0.22421600
-0.49940300
-0.36685300
-0.59092900
-0.63532300
0.07854410
-1.14173000
0.22965000
-0.13819700
-0.33169600
-0.13242200
-0.10822000
0.35132500
-0.11315700
-0.86819600
-0.31816500
0.19486800
-0.02365310
0.60772300
-0.95114100
0.86924600
-0.33996400
-0.39390200
0.16021900
0.58664300
0.67856700
0.36521100
-0.43224600
0.16978600
-0.52519700
-0.10445500
-0.45108600
-0.72580200
-0.08613130
-0.31285500
-0.34670600
0.09938140
-0.40022200
0.28041000
-0.15670900
-0.49825400
0.92208900
0.37961200
-0.50051700
0.00132919
0.36260500
0.30834500
-0.11986600
0.31926400
-0.03752650
-0.07576470
-0.29435100
-0.05742040
0.39381000
-0.41086300
-0.05853260
-0.42782500
0.29822800
0.17618600
0.96861200
0.90405400
-0.09816210
-0.61663200
0.35804100
0.55463200
-0.55396400
-0.39232900
1.05148000
-0.45156300
0.20648000
0.21587300
-0.27485800
-0.56627800
-0.29806000
0.38944200
-0.39471400
-0.16028700
0.00858607
-0.39769700
-0.02796440
-0.27170600
1.31322000
-0.47392000
0.18455200
-0.40069400
0.08806210
-0.06001100
0.20543100
-0.15019400
-0.76668800
-0.73034600
1.06025000
-0.13752600
-0.10702000
-0.84937000
-0.76740200
0.70815000
0.10910600
-0.13405900
-0.40147600
-0.75961900
-1.00994000
0.53405700
-0.75605400
0.90395100
-0.53047500
-0.54917800
0.04867000
0.13177300
0.86352100
0.10394500
-0.53005100
0.40832400
-0.73179700
-0.35407700
0.19155600
-0.21131800
0.37905600
-0.28827600
-0.13148800
0.30645500
-0.14715300
0.29508600
-0.63810900
0.72573700
0.41339500
0.00289396
-0.60513600
0.58098800
0.16251600
-0.52803400
-0.34571700
-0.41146500
-0.62624200
-0.48974400
0.08500410
0.20779300
-0.96464800
-0.15799600
-0.90092900
-0.08381490
-0.29640800
0.88744800
-0.19170100
-0.62624700
-0.37671000
-0.07285400
-0.31758400
0.13318100
-0.41863100
-0.31083200
-0.12925500
-0.25560500
0.04986850
-0.99019000
0.18834600
-0.29052600
-0.34470600
0.43575600
0.08365330
-0.06718840
-0.75486000
0.19082200
0.05290690
-0.38023200
-0.11649000
0.79198700
0.79984700
-0.83766800
-0.04404440
0.01958230
0.05278310
0.77858000
-0.59083200
0.49160900
-0.19978500
-0.45099700
0.07918280
-0.56671000
-0.67865200
-0.04454940
-0.74298500
0.58907700
-0.32098500
0.68530600
-0.59568600
-0.50796900
-0.17057600
0.46366300
-0.46122200
-0.73593000
-0.07285400
0.32727000
-0.36777100
-0.75294700
-0.55255500
-0.21305400
-0.66912200
-0.42011600
0.12617700
-0.96817900
0.92018700
0.08387060
0.00727539
0.59387300
-0.15450400
-0.70703600
-0.57338800
-0.54339900
0.11026200
-0.09941630
-0.54467200
-0.02088870
1.70131000
-1.07430000
-0.37103800
-0.42497800
-0.00936668
-0.17548200
0.04982710
-0.36191200
-0.61007800
0.44009900
-0.25594100
0.39817900
-0.13776300
-0.15959900
-0.18227700
-0.29753300
-0.06984250
-0.73267400
-0.77484200
-0.67313800
-0.33602900
0.28640900
-0.27963900
-0.61206100
0.45204900
-0.28181600
-0.39613600
0.08282310
-0.36398700
0.61718600
-0.25202100
0.32185100
-0.09465800
-0.59531400
0.12105800
1.17930000
-0.11491800
-0.53113100
0.00931985
-0.15275100
0.48144900
0.81337900
-0.04202640
0.56763800
0.29145800
0.38630800
-0.20386000
-0.32233500
0.41260300
-0.14952700
-0.49025800
-0.06062360
0.18655200
1.51984000
-0.92391900
-0.15112100
-0.49308500
-0.01703530
0.35057600
-0.06386280
1.02277000
0.10352600
0.78590000
1.04569000
-0.12187500
0.92981900
-0.44366600
0.05552850
0.65546200
-1.20852000
0.07602050
-0.51756600
0.03595850
-0.08046010
2.41081000
-0.61956000
-0.27442300
0.01995660
-0.21530500
0.12509500
0.39825100
1.40161000
-0.22014800
-0.29585700
0.63364000
-0.02524680
-0.34160900
-0.11104900
-0.70908200
-0.36953600
-0.62326600
-0.54360700
0.31324000
-0.43010600
-0.16717500
0.42937200
0.45652800
-0.78284400
-0.19482100
0.71441200
-0.70538000
-0.96969200
0.10317800
-0.55154900
0.11693800
-0.00081125
-0.06373350
-0.89011500
0.56517800
0.93198900
0.18301300
-0.48030700
-0.30704000
0.45407100
0.22164300
-0.20884800
0.02602620
-0.31389700
-0.88106100
0.36093100
-0.37622200
-0.22271300
-0.18023600
-0.01616780
-0.04142610
-0.46160100
-0.13728400
-0.56382500
0.75755700
-0.21521600
-0.28148700
0.19101800
0.77618900
0.45733000
0.20538600
-0.38113700
-0.53974500
-0.38551200
-0.12780300
-0.24764900
-0.70409800
-0.12384700
0.09445330
-0.38868100
-0.48154000
-0.33833800
0.08984560
0.78924200
-0.22160400
-1.23032000
-0.08679670
-0.17586200
0.10238200
-0.12989800
0.15061700
-0.15279400
-0.60884200
-0.77534300
-0.70734800
-0.21000000
0.80802800
-0.28713600
-0.02233660
-1.03299000
-0.74095300
0.40125700
-0.61998800
-0.08607310
-0.30800600
-0.40358400
0.22368600
2.36576000
-0.51103000
-0.15912500
-0.32638700
-0.08954000
-0.69175100
-0.41056000
0.01684740
-0.04071410
0.03654360
1.01584000
-0.01049880
0.63506100
-0.05024640
0.81576000
0.69855100
0.71715100
-0.76342000
0.84917700
0.04917710
0.38653500
-0.33339700
-0.60711700
-0.29849300
-0.96829700
0.17970900
-0.13021100
0.21453800
0.22278800
0.43244300
0.14854600
-0.84168200
0.01679020
-0.60346100
0.63609500
0.08985180
0.54237200
-0.46488800
0.99969100
0.85870600
-0.52522800
-1.22569000
-1.01127000
-0.09520020
-0.34932700
0.31857100
-0.44163000
0.17072700
0.31247100
-0.35095000
-0.52885900
-0.04325380
0.07671400
0.03743660
0.90105200
0.07100190
0.46914900
0.53478500
-0.06676250
-0.05307920
-0.30099900
0.46549800
0.19744300
0.18951500
-0.04943300
-0.79392200
-0.85996600
-0.27917100
-0.90514400
-0.42628000
-0.50138900
-0.07838960
0.22807000
-0.33606100
-0.32112400
-0.61559800
0.11432400
0.23436400
-0.01272170
-0.06148990
0.35453700
-0.08582120
0.08504460
0.27999000
-0.62658700
-0.03094600
-0.16032400
-0.37710100
0.13928700
0.43725400
-0.32946400
-0.50323100
-0.20480600
0.32264400
-0.61354600
-0.24643100
0.16062800
-0.16426300
0.35449900
0.06521840
0.61550900
0.87412300
-0.29456700
-0.19328900
0.42519200
-0.54333000
0.09027310
0.55044500
-0.25780700
-0.48108700
-0.70461000
-0.26196500
-0.13905200
-0.63411300
0.63774900
0.60966700
0.68121600
-0.17397400
0.86432700
-0.92089700
-0.27453400
0.22125800
0.41338900
0.12284600
0.14400300
0.41183700
-0.39559500
-0.07945440
-0.17226800
0.29710100
0.29710100
-0.33242100
0.11285900
-0.14459000
-0.37979900
-0.36831800
-0.22018100
0.23780000
0.62467300
-0.60585700
-0.10903300
-0.19319700
-0.17707100
-0.13586300
-0.26026100
-0.59672800
-0.34601100
-0.74890400
1.11220000
0.27838800
-0.24181900
-1.09272000
0.15935400
0.01114650
0.30116900
-0.90236300
0.00629786
0.05796170
-0.25609800
0.06046780
-0.58137300
-0.27446200
-0.55030500
-0.01669800
-0.47506800
-0.35817900
-0.92964300
-0.25437200
0.23171100
0.34675400
-0.60868400
0.78692400
1.56961000
-0.98732700
-0.27084900
-0.20959800
0.33774900
0.20268700
-0.43615800
0.13902800
-0.54680900
0.18529400
-0.73465000
0.06327720
-0.13652700
0.28568600
0.66721300
-0.14058300
0.04285990
-0.37416200
-0.82402600
-0.31894400
0.43078800
-0.12528800
-0.39917500
-0.74113300
-0.50051700
-0.02984790
-0.27368700
0.49546600
0.05441490
-0.45842300
0.64195000
0.98346800
0.04352300
-0.39589600
-0.58134700
-0.35242200
0.22846000
-0.57687800
1.52270000
-1.14394000
0.10201000
0.19381200
-1.34569000
-0.36225000
1.17315000
0.26604900
-0.02283200
0.13896400
0.34133100
-0.95410300
0.27259700
0.29680100
-0.38871700
-0.05075560
-0.06571240
-0.34949800
0.60593700
0.64446600
2.22156000
-0.85126100
-0.18320500
0.18705800
0.38562000
0.26966000
-0.15545000
-0.20166800
0.15716800
-0.15381000
-0.78836700
-0.03012940
-0.15295400
-0.13089900
-0.27719300
-0.15359700
-0.42718400
0.05276690
-0.02621570
-0.06727320
-0.14424800
0.29257100
-0.58249800
0.26332300
-0.27196200
0.35347100
-0.17733400
-0.58453800
-0.28277300
-0.18430200
-0.48122900
0.04662820
-0.80501700
-0.40328200
-0.12537600
-0.18236400
-0.32079900
0.65942100
-0.91761600
-0.05557690
-0.89141900
-0.15984900
-0.35329600
-0.19332200
0.62030400
0.15013800
-0.07287740
-0.67353800
-0.54811200
0.79145100
0.50020000
-1.08683000
-0.73655500
0.26560500
0.15185000
-0.09606350
-0.19592400
-0.53270600
-1.52657000
-0.07356820
-0.56422700
0.05258480
0.14592800
0.06232710
0.00816138
-0.14610700
0.89605300
-0.22226000
1.49025000
0.61722100
-0.26070900
-0.23753600
-0.03216530
-0.61999500
0.08685790
0.14297700
0.11752900
-0.34853600
0.62177500
-0.42027200
0.46222700
0.03731800
-0.47259800
1.09927000
0.15977000
0.56492200
-0.12478200
-0.50526300
-0.48854000
-0.72174400
0.41506400
-0.62774400
-0.34694200
-0.97025300
-0.29473400
-0.32851200
1.63595000
0.05941380
-0.25069100
0.06304320
0.40380600
-0.67676100
1.93330000
0.40060800
-0.93664200
-0.36781300
-0.38675700
-0.78006200
0.04023890
-0.27514600
-0.80381400
-0.54756500
-1.10601000
-0.10191800
0.89581200
-0.96510400
-0.47174400
0.04187590
-1.03404000
-0.60111700
0.46257700
0.84605900
-0.29530600
-0.15075200
0.12487900
-0.61749200
-0.25086900
-0.88698300
-0.72310400
-0.05954590
-0.46176300
-0.36760900
0.40136200
-0.18938600
-0.02929130
-0.57497500
0.21568500
0.17049200
-0.03987500
-0.29502700
-0.21079500
-0.65305400
-0.37881900
-0.22059600
0.60579200
-0.46145100
0.50417300
0.23760500
0.46461700
0.23393000
-0.13744400
-1.11911000
-0.86097000
-0.82508000
-0.14245600
-0.57345700
0.37580500
-0.17804100
-0.16704200
-0.34872000
-1.07932000
0.34068000
-0.11632200
-0.03811070
-0.36486800
0.99535000
-1.08185000
0.36886700
-0.53197300
-0.31195800
-0.29582100
-0.60365500
-0.31135000
-0.35910100
-0.48530500
-0.26908400
0.10642000
-0.10906000
0.17998300
-0.18117000
-0.23129200
0.09497540
-0.89125900
0.37625400
-0.43562300
-0.57345700
-0.67424500
0.01075410
-0.04257190
0.34772500
0.04946660
0.11751500
-0.67178700
-0.07113930
-0.06248820
-0.23492300
-0.83947800
0.06207810
-0.56178100
-0.56326500
-0.19525300
-0.50663400
0.17608800
-0.46109800
-0.08185690
0.12844900
-0.51760900
-0.06915770
-0.17360700
0.32334900
0.49147800
-0.92226300
0.04319670
-0.54008500
-0.28186600
-0.54824200
0.09916610
-0.60033700
-0.02543670
-0.50622100
0.26863800
-0.99142900
-0.11421000
-0.49269900
0.34822300
0.40288500
-0.01628660
-0.90304900
0.47400500
0.46751400
-0.11428800
-0.24979600
0.13913000
1.05939000
-0.49709600
0.26533100
-0.32322100
-0.57867400
-0.16560300
-0.29275500
-0.25968300
0.16801000
-0.08097040
-0.22577700
0.31514300
-0.14220700
-0.27853600
0.39853700
-0.20670200
-0.21513700
0.96182300
-0.67866200
-0.80680200
-0.12907600
-0.11332300
-0.01239790
2.50441000
-0.60499700
0.15047400
-0.61478300
-0.49351100
-0.06288900
-0.70897500
1.19087000
0.88282500
-0.25513600
0.46751400
-0.17692700
-0.15799500
-0.38989900
0.39616300
0.34226500
0.09929880
1.44900000
0.97751500
-0.55826000
0.08288110
0.16980800
0.42423300
0.20097500
0.24671800
-0.34111600
-0.63995400
-0.36527100
0.85564500
0.47924500
-0.55551900
-0.42132800
0.13781700
-0.47061400
-0.65628900
-0.00533049
0.97561600
1.25773000
0.65700500
0.92363400
0.40617000
1.08777000
0.75180000
-0.04903550
0.71387300
0.60835100
-0.04248040
0.56511600
0.05392420
1.58401000
-0.33904800
-0.10031000
-0.09005590
-0.01329890
-0.58522300
0.01745220
0.16347300
0.51183600
-0.33545200
0.44050800
-0.47669200
-0.75417600
-0.26795500
1.69076000
-0.06785450
-0.60206600
-0.37196800
0.55865100
-0.26829300
-0.50974400
0.02767730
-0.13046100
0.00904140
-0.32123400
-0.39914800
-0.15829600
-0.22366200
-0.09758570
-0.41475100
-0.36374100
0.27029500
-0.65436600
-0.97151500
-0.45710700
0.12294400
0.46285800
-0.08798670
0.57140100
-0.07463440
0.43359300
1.05810000
-1.09763000
0.39323700
-0.11527000
-0.25945100
-0.28348300
0.33032500
-0.35846400
-0.27637500
-0.13577800
-0.64807100
-0.40426800
-0.76103100
-1.30524000
0.14349700
-0.10309400
-1.00306000
-0.24804800
-0.10878300
-0.35527300
-0.03668040
0.23452700
0.09482360
-0.31393800
-0.39943600
0.06341340
-0.77986100
-0.09445160
-0.67988100
-0.02735910
-0.52534900
0.23636600
-0.25672000
-0.04777020
-0.80076500
1.19115000
0.22462300
-0.70143500
-0.16223200
-0.10724800
-0.02454880
0.53112300
0.17713100
-0.50891600
-0.61432300
-0.17434100
-0.12219900
-0.22160100
-0.10400100
-0.49447600
0.29401100
-0.35783600
-0.67787600
-0.17914000
0.50618700
-0.50429000
0.17803100
0.20251300
-0.13526300
-0.77787800
-0.40998800
-0.03279520
-0.92117300
-0.48920100
-0.08820890
-0.53247600
0.47067700
-0.61203100
0.23798000
-0.22759700
-0.07360690
-0.85165600
0.13340400
0.73525700
-0.13736000
-0.14631800
0.15375000
-0.37743700
-0.38594500
-0.24000200
0.30181300
0.01633520
-0.34313500
-1.21438000
0.71328900
-0.31157200
0.35762700
-0.67307900
0.37820400
-0.76228500
0.55288300
-0.61213400
-0.18523600
-0.23390500
-0.55449400
-0.62600300
-0.53821200
-0.44516400
-0.61280900
-0.23050900
-0.19494500
-0.63005800
-0.50477800
0.04785340
-0.60611200
-0.61059100
-0.29006600
-0.31965400
-1.68545000
0.30251000
0.07048670
-0.44418300
0.11839800
-0.50056900
0.13033200
-0.83501100
-0.63898700
-0.61771500
-0.02516530
-0.09427730
0.43525200
-0.73442500
-0.67259500
-0.04747470
0.06151940
-0.88789100
-0.01949270
0.59364000
2.08157000
2.32550000
0.55185200
0.14782900
0.46201900
-0.35598800
0.01569130
-0.18838200
0.27572000
-0.03210010
-0.43271500
0.35249600
-0.12239500
-0.12865200
-0.23486800
-0.07762980
-0.23929800
-0.38764500
-0.12557400
-0.52508800
0.27415600
0.31043300
-0.52199800
-0.38750900
-0.48141600
-0.30183300
-0.97002000
-0.30802100
-0.02458470
-0.59200400
0.96606300
0.20795400
-0.11212300
-0.10660300
0.22608500
0.04376150
-0.53291500
-0.11353400
-0.60479700
0.29375700
-0.42952000
1.14121000
-0.49440300
0.25180200
0.46778900
0.60392300
0.08167200
-0.34052600
-0.02193890
-0.21706000
-0.55388700
-0.68204200
-0.30289300
0.27498900
-0.72252500
-0.05594800
0.20942700
-0.18836800
-0.27851900
-0.08044800
-0.05291780
-0.18801700
-0.49573500
0.23376900
0.01144810
0.05022150
0.30602200
2.13772000
-1.05912000
-0.84558900
-0.46793600
0.63932200
-0.42828900
0.96674100
0.09652030
0.57421700
1.19735000
0.60026300
-0.58438100
-0.44945800
0.00001310
-0.23933900
0.01075350
0.04014660
1.77897000
0.16552300
-0.69519800
-0.12731700
-0.68871000
-0.30186600
-0.23940500
0.48578000
0.45767900
0.75760000
-0.37082200
0.61204600
-0.41961600
0.70471000
0.41774700
0.13463700
-0.36045700
0.33826800
-0.15879200
-0.48673900
-0.30671100
0.42540800
0.79364500
-0.05848580
-0.18095300
-0.03872170
1.26585000
0.62385900
-0.46279800
1.10298000
0.18014500
-0.26930300
-0.38835300
-0.47183800
-0.08785790
-0.19748700
-0.05258070
-0.25846900
-0.01081660
0.11803000
-0.19119000
-0.81929200
-0.23159700
0.99889400
-0.11416400
0.20119800
0.55580000
0.04480040
0.22362600
-0.67996400
2.83715000
0.78189800
0.08653760
-0.15359000
-0.14363100
-0.09206010
-0.42638100
-0.03394930
0.01050470
-0.20315500
-0.46449200
-0.20047000
-0.47846000
0.13326200
-0.27283800
0.13456200
-0.92088900
-0.52466900
-0.60188400
-0.25532000
-0.53233300
0.04139980
0.09246390
0.28902600
0.20214200
-0.19157100
-0.18648300
-0.21208200
-0.18189800
-0.30265400
-0.02571270
-0.61981900
1.15353000
0.03560730
-0.05214760
-0.22918500
-0.55334400
-0.51012300
-0.15425700
-0.02871680
-0.04221790
0.17659700
-0.27832900
-0.49210400
-0.17327600
-0.45012300
-0.53237700
0.21061200
0.01270180
-0.20200300
-0.59393500
-0.21949600
-0.04838410
0.45350200
-0.03992490
-0.45160900
-0.65675000
0.09017830
0.30429400
-0.72977800
-0.48124900
0.16090700
-0.83847600
-0.68022800
-0.19184400
0.90465300
0.71893900
0.17127700
0.44104500
-0.48488500
0.31748400
1.92014000
-0.09988700
0.06884940
-0.08461790
0.03738580
0.04210980
-0.28956200
0.33930200
-0.84390100
-0.43101300
-0.37353700
0.21700300
0.08796120
0.26892900
0.30006500
-0.33367600
-0.03655580
0.48499300
-0.67791500
0.02480120
-0.44307200
0.28700600
-0.77321000
0.67343700
-0.37943200
0.18532200
0.03629540
-0.05889300
0.24642600
-0.05338520
-0.14390200
0.18079600
-0.53474000
-0.36644500
-0.66792300
-0.05310340
-0.38266800
-0.22313200
-0.63091300
-0.09276220
0.05517660
-0.73278500
0.23016100
-0.42725400
-0.34394500
-0.69738300
-0.73125500
-0.17260500
0.46828200
-0.35667600
-0.37328200
-0.19951300
-0.51942800
-0.61739000
0.00729132
-0.32733200
-0.42316400
-0.21050700
-0.62126700
-0.69325500
-0.32516400
0.12231900
1.73318000
-0.24849000
0.56046700
-0.45834400
-0.00032107
0.69450100
0.97881200
-0.08218720
-0.62191200
-0.78774700
-0.86641400
0.02136760
0.03708720
-0.53118300
-0.27669000
0.22919600
-0.06470120
0.00172838
-0.21669700
-0.48147000
-0.38726000
0.10866100
1.72063000
0.49577300
-0.90333000
-0.06040980
-0.05033790
-0.28475400
-0.26188900
-0.02883360
-0.74069400
-0.55531100
-0.10693700
0.18097000
0.28405000
0.52052300
0.19500900
-0.54774900
0.18172200
-0.13815600
-0.46364100
-0.06680330
0.91247900
-0.31820500
0.71539900
1.65305000
0.65425600
-0.28624200
-0.07268160
-1.00049000
-0.73669600
0.30234800
0.27275400
-1.04802000
-0.70857000
0.31630900
3.38520000
0.88305800
0.74030400
0.38484800
-0.16482600
0.16757200
0.02244140
-0.60765400
-0.79894500
-0.13368700
-0.12916100
0.46669300
0.18016300
-0.29196800
0.31813600
0.39206800
-0.35857100
-0.01135200
-0.39267500
0.32111300
-0.09559020
-0.08780310
-0.10263400
0.09040180
-0.15893800
0.08895640
-0.31075200
-0.10012700
-0.14969000
0.33359400
0.95292600
-0.23286000
-0.48859000
-0.69708800
-0.81282100
-0.27714300
-0.21912300
-0.40677800
0.79138000
0.26197800
0.37117200
-0.17921600
-0.39944600
-0.66428600
0.82503000
-0.31425500
-0.21998800
-0.22237100
0.73890100
-0.06669750
-0.09404890
-0.19919900
-0.53553200
-0.70374600
-0.23829300
0.42695300
0.80719500
0.20112700
1.22018000
0.30782200
1.10527000
0.35155000
-0.06877900
-0.34152700
-0.22059100
-0.27459900
-0.11962100
-0.47322100
-0.08045570
-0.26217500
-0.08791720
-0.45352000
-0.08325130
-0.44467700
-0.07588170
-0.79005200
0.07062470
-0.57546800
-0.84739000
0.62423000
-0.90250100
0.51979600
-0.13031400
0.71414400
1.18874000
0.05358330
-0.38119500
-0.37497900
-1.04230000
0.43962900
-0.45774400
-0.01373730
0.02005990
-0.23435500
0.40672700
-0.22464500
0.62270000
-0.37302300
-0.40359400
-0.62128300
-0.09344090
1.12617000
-0.69481000
0.10901800
-0.98155700
0.16162100
0.02069380
-0.05904580
-0.25200600
-0.25531500
-0.28813900
-1.77606000
0.04369270
-0.04357990
-0.95136600
-0.40278900
-0.09516420
-0.06906130
-0.09847000
0.37424400
-0.52848600
-0.31826600
-0.26391700
-0.21170000
-0.19662000
0.92210700
-0.36693900
-0.46340800
-0.14910900
-0.47327100
-0.94010300
-0.73284000
-0.13736300
-0.41039000
-0.43255800
-0.65642500
-0.20144000
-0.43152000
-0.20141800
0.40675900
-0.21336900
-0.25620000
0.00316439
-0.30731000
-0.17926700
-0.60340100
0.00380249
-0.04146100
-0.38165200
-0.07919390
0.28820600
0.06364950
-0.78130800
1.03453000
-0.05217360
0.54970300
-0.55556400
-0.99808400
0.98128500
-0.65850800
-0.33931900
0.56499700
-0.32046800
-0.44447200
0.19104000
0.18892300
-0.42221700
0.15927900
0.33327100
-0.38209900
-0.48212700
-0.37106500
-0.58709800
-0.10720800
0.22209100
0.23901500
-0.65474800
-0.70982600
-1.13808000
-0.21632700
-0.05111350
-0.51746700
-0.06144480
-0.44002300
0.24609700
-0.35346900
0.92732700
0.08763480
-0.39627200
-0.20334500
-0.01804040
-0.06045790
-0.05691760
-0.70896300
0.41068300
-0.10021300
-0.08196800
0.08468490
-0.20925300
-0.51702300
-0.34641000
-0.45090400
-0.30699100
0.74490400
-0.62709000
0.15448300
-0.31287400
-0.13373100
-0.35111300
-0.21294300
-0.13805200
-0.53581800
-0.01046860
-0.50671300
-0.32436200
0.95896200
-0.09297690
-0.50031400
-0.29409800
0.07393420
-0.83806200
-0.05486790
-0.60749200
-0.18832900
-0.50249500
0.06390340
0.28870400
-0.24612900
-1.04176000
-0.51725100
1.42190000
0.68924200
-0.59951700
-0.07626960
0.17729500
-0.00277857
0.24590300
-0.03687810
-0.32097900
-0.66619000
-0.42439400
-0.46966000
-0.36988200
-0.02411540
0.17778900
0.22610500
0.07296100
-0.61873000
0.07019920
-0.07823250
-0.74564000
-0.41244100
-0.38039000
0.00548455
-0.45352000
-0.92800900
-0.37160400
-0.86468200
-0.28218400
0.67050000
-0.39323900
-1.54965000
-0.14202400
-0.46213700
-0.44946900
-0.52893600
-0.30491100
0.54314700
0.10489400
-0.60036600
-0.63753800
0.18318200
0.77435100
-0.56383200
-0.69307600
-0.42921300
-0.00479385
-0.10031000
0.48743400
-0.67920800
-0.50748400
-0.22635000
-0.21445000
-0.58960800
-0.59557700
-0.10718100
-0.19393800
-0.53021200
-0.09673980
-0.83388400
0.23753200
0.31857300
0.12140700
-0.25918000
-0.30613900
-0.49602600
0.13622400
0.04807110
-0.33941700
2.23060000
-0.21774500
0.19075400
-0.11929200
-0.01629060
-0.42204200
0.47668700
0.12621900
0.40141000
0.49196000
-0.84679200
-0.37731100
-0.51954400
0.38051300
-0.38392800
-0.31264200
-0.55463200
-0.29886200
0.05235020
0.10113300
-0.24293100
-0.39205300
-0.49998900
-0.51372100
-0.27111400
-0.18201700
-0.46188300
0.85630300
0.49404500
-0.44139500
-0.27258400
-0.08062420
-0.27800900
-0.06168310
-0.15041000
0.01522740
1.06695000
-0.09346670
-0.15915300
-0.49636600
0.97863500
-1.09295000
0.66028700
-0.08786310
0.24117200
-0.40518600
-0.20295700
-0.21597300
-0.43281600
-0.18323800
-0.72152800
-0.78299500
0.75544000
0.09113950
0.04084370
-0.02785990
-0.80755900
-0.06325950
-0.26098300
-0.66429800
-0.98294500
-0.53397400
0.48638000
0.35691900
0.67105400
3.82180000
0.68588300
0.54232600
-0.43850500
-0.14240800
0.75594000
0.58724100
0.31163700
0.04758850
1.03555000
-1.00758000
0.21212700
-0.32003900
0.18742000
-0.45386700
-0.20293100
-0.47995100
0.09323370
-0.46130700
-0.62604900
-0.36999100
-0.06066230
-0.15706900
-0.44205400
-0.05196340
0.41856000
-0.24817900
-0.68456300
-0.30785100
0.21780800
0.87015900
0.04259230
-0.34081100
-0.19233800
-0.23069300
-0.09244060
0.02887350
0.60661200
-0.19216800
0.55375200
-0.02928790
-0.21748100
-1.06527000
-0.09984290
-0.21746300
-0.08525840
0.83394800
0.96268300
0.79390800
0.93550900
-0.37065600
0.08426390
-1.07185000
0.27474900
-0.24650000
-0.71458300
-1.51555000
-0.70645100
-0.92722300
-0.58505500
-0.07229150
-0.51860200
0.08307240
0.12857700
0.76502300
-0.23966600
0.50365400
0.07421080
-0.17232200
-0.83817800
0.18518600
0.02744440
-0.25596400
-0.43356200
-0.97039200
-0.18234300
-0.40912600
-0.47779600
0.55060100
0.32213700
-0.18553300
-0.86657200
0.41414500
-0.38244100
0.00568590
-0.15434700
0.30943900
-0.12262900
-0.33430300
0.17358400
-0.57956100
-0.55744700
-0.39061300
0.51712200
0.23919800
-0.08259650
-0.16469200
-0.85370200
-0.25528000
-0.54729300
0.16679900
-0.59994400
0.18270400
-0.17466300
-0.80446300
0.17081500
0.46598700
-0.46355400
-0.23101100
-0.48351900
-0.22142400
-0.41127100
-0.58388100
-0.14720900
0.55768400
-0.48441400
-0.15093200
-0.64973700
-0.39295500
-0.96090000
-0.14694800
-0.55073100
0.11825100
-0.26917100
-0.26585300
-0.44755800
-0.06067100
0.05159810
-0.23939200
0.45614500
0.65352800
1.14870000
0.12085200
-0.43845000
-0.27422200
-0.26497600
-0.10889200
-0.39063400
0.74301900
0.10970100
-0.78413300
0.92441400
-0.69671200
-0.27387400
-0.47544900
-0.30041900
-0.47186700
-0.02658090
0.16680600
-0.77200900
-0.43332600
-0.41403700
-0.52438800
-0.29431100
-0.28535500
-0.55595000
-0.52309000
-0.24660900
-0.05428430
0.01056150
1.11602000
-0.24380700
-0.25024000
0.24782200
-0.05202890
0.68423000
1.11249000
-0.30144400
-0.21168600
-0.30353500
-0.80976500
-0.56442700
-0.52811900
0.62266300
0.14574100
-0.44261500
0.66819000
-0.10652000
0.60279800
-0.16268500
-0.32500100
-0.16928700
1.01891000
-0.71447000
0.71345600
-0.12107500
-0.64722600
-0.88914000
0.06881600
0.48202000
-0.83506600
0.60912400
1.40159000
0.61848200
0.31758700
-0.40881900
-0.48017600
-0.73093400
0.20568100
0.54350400
1.04772000
0.03014610
-0.24952900
0.11556100
-0.60757900
-0.46008800
-0.95683300
0.39255600
0.60215100
-0.02921660
-0.32243100
-0.62804100
0.17216100
-0.95714500
0.02388960
0.01260220
-0.67437700
-0.79933600
-0.68519600
0.11893100
-0.37068600
-0.79362400
2.52363000
1.65378000
-0.28959600
0.44820600
-0.11972000
0.28019900
0.08032240
-0.54866900
-0.22255600
-0.10027400
-0.69025200
-0.57781300
-0.78032900
-0.00930888
-0.79607700
-0.58702400
-1.42475000
-0.06622950
-0.18734400
-0.05162230
-0.63983500
0.08758260
-0.81158000
-0.75641700
-0.76622200
0.44391300
-0.51021500
-0.69516300
0.68349100
0.61747900
-0.12463300
-0.88620400
-0.99808600
-0.07093030
-0.08913990
-0.12660300
-0.42849500
-0.72904400
-0.68977300
0.34686500
-0.21414700
0.05495140
-0.00493194
1.40394000
-0.03327540
-0.18849300
0.92858500
-0.57644700
-0.34036000
-0.25506000
0.33342200
-0.30824900
-0.66019100
-0.20974800
1.80173000
0.35650900
-0.01774000
-0.16769600
0.11380700
0.02110970
-0.65159000
-0.47631400
0.76319700
0.58153900
0.07530620
2.37032000
0.31329900
-0.91693300
-0.16855900
1.32245000
0.36823100
-0.51080000
-0.24322100
-0.44220900
-0.64445100
-0.39632600
-0.13452500
-0.00559989
0.00091411
-0.64698900
-0.58810000
-0.05173750
-0.41290800
0.22870000
-0.12458500
-0.46940400
-0.62303500
0.24671600
-0.19273600
-0.04092760
-0.46938300
-0.21974800
-0.19966500
-0.37719400
-0.24977900
-0.25293000
0.39648200
-0.46854400
0.70385900
-0.34110000
-0.25071800
-0.03344770
-0.10569200
-0.80803300
-0.33152500
-0.74612500
0.20790100
2.32058000
1.75225000
-0.73714200
-0.26331100
0.95670400
0.07751880
-0.96795200
-0.56177800
0.35432200
0.69796400
0.19752200
-0.12524500
-0.25815100
-0.00014837
-1.00593000
-0.86156000
-0.31663700
0.40815000
-0.11127400
-0.32201300
-0.64011700
-0.40904500
0.24878700
0.28475400
0.91304300
-0.29081200
-0.01285160
-0.63702600
-1.32620000
-0.10838900
-0.25980200
0.20326800
-0.35805900
-0.10482800
-0.53885900
1.24679000
0.87146700
-0.13001900
-0.65085900
-0.90144200
-0.26076500
0.19791200
-1.04976000
-0.46142600
-0.50617300
0.04193850
-0.56802800
-0.80318400
-0.05721850
-0.69130100
-0.36997400
-0.45301400
-0.80708400
-0.50862300
0.06096640
1.08995000
-0.67822000
-0.58936300
-0.59845700
0.05409300
0.75769200
1.17213000
0.18010900
-0.25022400
-0.08294410
0.58230900
-1.01269000
-0.04003270
-0.46149800
-0.62365800
-0.55434900
0.19763600
-0.15475600
1.11752000
0.69752900
-0.47484200
0.38223900
0.35401500
-0.74760300
-0.73405600
0.43142000
0.15231600
1.71452000
0.33419700
0.68419200
0.01563020
0.64298800
-0.00851881
0.77349000
-0.38105900
0.22557600
-0.12248900
0.03020440
0.47178900
0.56551400
-0.39048500
0.14793000
-0.37892200
-1.12619000
-0.28664700
-1.10895000
0.36410700
0.07581620
-0.61231800
-0.08791230
0.02594560
0.23331500
-0.37639300
-0.23413500
-0.16322500
-0.43141100
-0.24918300
-0.43890300
0.28599500
0.18610600
1.49669000
-0.45641800
0.54456600
0.81198700
-0.49301200
-0.23907900
0.00109526
-0.84845100
-0.28546100
-0.47027400
0.27005500
0.51588300
-0.82547200
-0.67349500
-0.23858800
-0.43977300
-0.53485100
0.33983800
-0.21911500
0.10309000
-0.36221700
0.01445590
0.06066670
-0.55377000
-0.62113000
-0.38219900
-0.31678100
1.31745000
0.43903300
-0.57783800
0.81841200
0.01424650
-0.22140800
-0.25895700
-0.10723100
-0.61505700
0.17559300
0.84468400
0.41391200
0.35971700
0.54413200
0.18573200
0.62492800
1.30360000
-0.50130800
0.04445860
0.04350130
0.33564800
0.51610600
0.62769600
0.39117200
-0.16962100
-0.54666900
-0.20405400
0.05792860
-0.76225300
0.26610300
0.78745700
0.15421600
1.79392000
1.36387000
0.10848900
-0.01371200
-0.06673700
-0.67105200
0.09358100
0.02573990
-0.13373200
-0.16857600
0.51765500
1.03182000
0.00756408
-0.53245100
-0.17364600
-0.17981800
-0.96029500
0.19496000
-0.89008400
-0.67326100
0.37759200
-0.57081900
-0.83750800
-0.19961800
-0.11365300
-1.25382000
-0.83893700
-1.06851000
-0.41140500
-0.58550200
-0.62238600
-0.65902200
-0.56885200
-0.70393200
-0.65171400
-0.04179650
0.08613670
-0.57742600
0.15283800
3.09783000
-0.69969400
-0.53846900
-0.96724900
-0.46134200
0.02367760
-0.22703600
-0.54946900
0.23938000
-0.49848200
-0.03689190
-1.01824000
-0.03619640
0.12269000
-0.10940200
0.65971300
-0.18202300
-0.26217900
-0.03342480
-0.00318135
-0.15628400
-0.49419700
0.11800500
-0.35618100
-0.71311600
-0.37383500
0.76649000
0.22392400
-0.59513800
-0.18747500
2.16546000
-0.19060200
-0.32283800
-0.20838900
0.30959300
0.45560700
-0.14457600
-0.42567200
-0.37294300
-0.76556400
-0.50057400
0.01993280
-0.61160100
-0.13474600
0.16772500
0.22570100
0.15262100
-0.52641700
0.08718840
-0.15844300
-0.30391500
-0.54709000
-0.40868300
-0.43475000
0.01676050
-0.14507500
-0.05221120
0.02218050
-0.05611170
-0.05231920
0.10557200
-0.20318500
-0.19485800
-0.40990900
0.15889800
-0.11546900
-0.58297700
-0.24274400
-0.54361500
0.93272700
-0.20503400
-0.42768100
-0.03207010
-0.55463700
-0.71611500
-0.03611210
-0.19219700
-0.43520500
-0.38101100
0.13821700
0.27563000
-0.30022900
-0.63054500
-0.07478080
-0.35096900
0.09793370
0.11135400
-0.56070800
0.03418390
0.08741320
-0.30088500
0.70753300
0.21942300
-0.44522500
0.43792600
-0.28580100
0.02857850
-0.20409500
-0.15074000
0.98343700
-0.78325900
-0.24449900
-0.10664200
-0.54875100
-0.66898900
-0.62009500
-0.15656400
-0.03384610
0.13675300
0.02572600
-1.17099000
-0.39616400
0.40574200
0.08235480
0.47828100
-0.59972200
-0.25082700
-0.72291200
0.45607600
-0.10994200
-0.01921010
0.16702200
0.21544700
-0.50299700
-0.10140700
-0.51984200
-0.01231410
0.75660600
-0.25120700
-0.68315000
-0.19638900
-0.04468500
1.16254000
0.22365500
0.45770600
-0.50481300
-0.72734800
-0.44710100
-0.53856600
-0.22669600
-0.82980700
-0.08680930
-0.46500700
1.07392000
1.11162000
-0.24480700
0.03845220
1.01837000
-0.28843300
-0.42359200
0.76656900
-0.20842600
-0.40696000
-0.19459000
0.30474100
-0.48941400
-0.07204340
-0.14347000
-0.67117700
-0.57336800
0.31725400
-0.52192700
0.03674150
-0.92619500
-0.12969500
-0.28390600
-0.59610700
-0.04330380
-0.75033600
-0.85937900
-0.29439200
-0.90378000
0.20106700
-0.04072970
-0.11204500
-0.75866900
-0.82666600
-0.12772900
-0.56344700
-0.23071200
-0.04499750
-0.33471000
-0.26160900
0.37230100
-0.11384500
-0.15211100
0.29063200
0.68123000
0.33770200
-0.49048300
-0.65336500
-0.36790600
-0.10970300
-1.08595000
0.00378439
0.37675400
-0.55379900
-0.25640300
0.68311100
-0.69731200
-0.43500000
0.44071800
-0.09936890
0.44772500
-0.75739600
-0.24616400
0.32599000
-0.52712800
0.56293300
-0.24521900
0.17448000
-0.07982200
0.22740600
0.05971800
-0.13794800
0.25745500
-0.02468240
1.97881000
-0.17042600
0.63051000
-0.49288600
-0.35856200
-0.59956200
0.27043100
-0.18733600
-0.57084000
0.13735300
-0.48364800
0.49750100
-0.10762700
-0.08744660
-0.44223700
-0.48907700
0.47777000
-0.83845500
-0.32259900
-0.18145800
-0.13026500
-0.10057600
0.09582690
-0.42855000
0.54213300
-0.55170100
-1.31586000
-0.21381500
-0.43836300
0.26655800
-0.21583700
-0.47398100
-0.01149170
-0.42024400
0.34315000
-0.30447400
-0.29124300
-0.93801900
-0.28418400
-1.02802000
-0.13044900
-0.42281600
-1.32037000
-0.61946800
-0.18027600
-1.22483000
-0.41492000
0.02390000
-0.14001200
-0.15874400
-0.11641100
2.72312000
-0.36455900
-0.23886100
-0.27108800
0.19394300
0.29109800
0.56685400
-0.40708200
-0.94608700
0.19970800
-0.44668300
0.01703430
0.45784100
-0.41935300
-0.30815900
-0.49768200
-0.15983100
0.11633800
-0.18568500
0.03343950
-0.63663300
-0.36113900
-0.47182100
-0.06330660
-0.74474400
-0.22498500
0.67182000
-0.09986720
-0.28237000
0.50382100
0.40386500
-0.11596800
0.53365000
0.29268800
-0.64034800
-0.86008000
-0.23191500
0.29615100
-0.33314200
-0.23941000
-0.00390029
0.41597700
-0.05546910
-0.66212300
-0.19247700
0.07149540
0.21648100
-0.49566400
-0.80879700
-0.47703300
-0.70540500
-0.11290000
-0.74109800
-0.43305900
-0.22494500
-1.11329000
0.67400100
0.58239000
0.30730700
0.60146700
1.30148000
0.27597100
-0.53197900
-0.17633100
-0.07906610
-0.28895700
-0.50388100
-0.63827100
0.01262680
-0.15609000
-0.83415900
-0.81232900
0.10001600
-0.43585400
-0.60969000
-0.26619400
-0.13618200
-0.50250700
-0.76805700
0.25954500
-1.13921000
0.15099800
-0.31327100
-0.53650900
0.01552210
-0.65339100
-0.29643200
-0.48761000
0.14844500
0.24299900
-0.16276400
0.26224000
0.16292800
0.13063900
-0.57053500
-0.07112640
0.12312300
-0.07770700
0.63114600
-0.25346300
0.09856810
-0.71731800
1.34495000
-0.26451900
-0.13503400
0.86405700
-0.65309700
-0.12043000
-0.10144200
0.52077600
-0.18836100
-0.20642400
-0.38029700
-0.52131800
-0.21318400
0.31911900
0.70137600
-0.56704000
0.97813000
-0.56701000
-0.21662500
0.28670900
-0.99340700
-0.19938900
-0.26585500
-0.63534100
-0.18112900
0.86919500
0.52680500
1.14632000
-0.26534900
0.03580640
0.74605500
0.26991300
-0.98434600
-0.65246000
0.27554300
-0.72876400
-0.51710200
-0.42329800
-0.57444200
0.35587300
-0.20369400
-0.13554100
-0.08955130
-0.48273900
-0.63574200
-0.26900900
-0.78442900
-0.06353730
-0.49017300
-0.23143400
-0.12010300
-0.66540600
0.52418400
0.57254200
0.47228800
0.50811100
-0.06186450
0.28262300
-0.25582100
-0.21993800
-0.09622230
-0.29799700
0.14767200
-0.14298700
-0.45507000
-1.21658000
-0.92601400
-0.05285760
0.18372100
0.03950110
0.18760900
-0.40598500
-0.31744900
-0.93923700
-0.54781200
-0.99118100
-0.73497500
0.50587100
-0.67031600
0.00039889
-0.64718900
1.08622000
1.95418000
0.69655600
0.00716153
0.21991200
-1.14424000
-0.84842700
0.62331300
-0.39979900
-0.29461500
-0.36778800
-1.58774000
0.45126300
-0.29533000
-1.36466000
-0.16634900
0.07916390
-0.49658300
-0.31327700
0.46536300
-0.67869600
-0.05230430
-0.32425800
0.32792600
-0.18254000
-0.40676700
-0.68881700
-1.66144000
0.00677676
-0.43228400
0.59088700
-0.42825300
-0.26029900
-0.50029200
-0.15384000
0.00239527
-0.17065200
-0.43009700
0.04881860
0.02720170
-0.21585900
-0.11227100
-0.38028700
0.34881900
1.47068000
-0.07407050
-0.59642500
-0.12933800
-0.08963000
-0.69472600
-1.16287000
0.31844100
-0.41370600
0.13117000
0.09597490
-0.24286600
0.35311000
-0.26370100
-0.52879600
0.17253600
-0.42722700
-0.10614200
-0.32918700
-0.73848400
-0.41240100
-0.54992600
-0.00808675
0.37416300
0.40587200
-0.20994800
-0.90155400
-0.00626240
-0.62982900
-0.34785000
-0.06324930
-0.68326100
-0.88848200
-0.26837400
-0.26729900
0.24530700
-0.12278800
-0.48728700
-0.32183100
-0.12299300
-0.49165000
-0.16357500
0.34228200
-0.28741000
-0.43833900
0.52067600
0.73342700
0.04326830
0.11130200
0.03271120
0.53827200
0.25712000
-0.39308200
-0.95878000
-0.64788100
1.01175000
-0.22826600
1.66558000
-0.50236200
0.28697800
-0.91792600
0.35455700
-0.81185100
-0.00227378
0.86090400
0.14213100
-0.33378300
0.04709600
-0.21307500
0.08381060
-0.32156900
-0.74248700
-0.17229000
0.26192500
-0.28068100
-0.37846000
0.04162780
-0.25263900
-0.42063000
-0.35983000
-0.51990600
-0.05147380
0.08456400
-0.13302800
-0.16434000
-0.81755800
1.08660000
-0.23871100
0.22622400
-0.30906100
1.13190000
0.13940900
0.02658170
0.96260100
0.43381800
0.88777200
-0.01022770
-0.37739300
0.73015500
-0.11758500
-0.03408550
-0.59792700
0.33922100
-0.03729670
-0.19352400
-0.37329600
-0.76556500
-0.68852300
-0.11405500
0.62662000
0.30538300
-0.40008400
-0.46012200
-0.08086570
-0.58897500
-0.30539600
0.15261100
-0.36161400
0.20449800
-0.10015400
0.19186900
-0.13092900
-0.34581100
0.09279200
1.33506000
0.26316100
-0.31331900
-0.00621482
-0.21083800
-0.75626500
-0.36633800
-0.31459800
-0.03883470
-0.45906600
-0.24863100
-0.30222300
0.14091800
0.81332800
0.27800200
0.56333800
-0.21814600
-0.96642300
-0.69397700
-0.16680000
0.08588300
0.08933440
-0.14793200
-0.67700800
-0.64166800
-0.50905700
-0.60744700
-0.20199100
-0.43109700
0.79283200
0.21938700
-0.37731300
-0.30793500
-0.19853600
-0.00165198
-0.04939720
0.40494800
-0.37426100
0.50415800
1.32715000
-0.01326210
0.50067600
-0.54645000
-0.26623600
-0.00895775
-0.28674600
0.03528130
-1.06386000
0.12882400
-0.33441400
-0.54108500
-0.85884000
-0.58104300
-0.77384100
-0.08874140
-0.11195800
-0.20862100
-0.23572700
-0.84010800
-0.50723000
-0.39771600
-0.58658800
-0.55572800
1.26349000
0.95926000
0.50100300
-0.34776700
-0.24009100
0.70049600
-0.20980200
-0.15837900
-0.26584700
0.34151200
-0.70324200
0.30311400
-0.06179040
-0.52756600
-0.10999200
0.86960700
-0.48662000
-0.20472600
-0.85361500
0.06773000
-0.47515200
-0.80442400
-0.55631600
-0.15181500
0.20264100
-0.55120000
-0.07074080
-0.68693200
0.59924500
-0.29262900
0.25692600
-0.27793000
-0.55622900
0.11655200
-0.14488200
0.25508100
-0.37601100
-0.76873900
-0.39209900
-0.80081600
-0.69241800
-0.18349100
-0.36506200
-0.29984000
-0.35768400
0.40130700
0.14362200
0.14656100
-0.09706840
0.07010040
-0.61957700
-0.32250100
-0.43210900
-0.15048800
1.46512000
0.03196530
-0.91778900
-0.34548000
0.06168890
-0.04893440
-0.48559500
-0.07195850
-0.07277780
-0.73526900
-0.12952900
-0.38833500
-0.27219400
0.17858800
0.01049950
-0.19048400
0.21845700
0.18370300
-0.28306300
-0.12171000
0.31414700
-0.97190600
-0.62751700
-0.76504500
-0.36823800
-1.06905000
-0.77274300
0.24666300
-0.19150400
-0.52026600
-0.42967100
-0.79364600
0.53387400
1.07550000
-0.34483600
0.06721310
0.00850498
-0.47612400
-0.47734500
0.17579700
0.36284000
-0.44595600
-0.80016100
-0.33696400
2.72045000
-1.48617000
-0.02926780
0.06050700
-0.40385800
0.54217800
-0.08819010
-0.17865700
-0.05591770
0.75853000
0.38064600
0.54277000
0.04387770
0.10677100
-0.26834600
-0.26986800
-0.06160540
-0.16652700
-0.33123900
-0.56230700
-0.61404100
0.70992000
0.06997380
-0.81110300
0.00746940
0.27133000
-0.42743600
0.13626200
-0.51320700
-0.27281900
-0.82913400
0.12954900
0.50465200
0.60323100
0.20694000
0.00158081
0.24168900
-0.72514700
0.31132400
1.22116000
-0.74153800
-0.19177800
-0.31460300
-0.49752100
-0.92688000
-0.62484700
0.03893310
-0.31534700
-0.45435900
-0.18733300
-0.18358000
-0.24695200
-0.06372910
0.16213900
-0.43312500
-0.17926900
-0.00957832
0.27850100
-0.13489200
-0.47342000
0.09133830
-0.36440800
-1.28081000
-0.41556200
-0.10108300
0.52216900
-0.49316100
-0.05413810
-0.80884100
-0.66545700
-0.41074500
-0.78607900
-0.36160800
-0.90136800
0.26798700
-0.08308560
-1.56028000
0.36522200
0.10594400
-0.67634500
-1.04752000
-0.15009300
-0.40759300
-0.66518600
-0.24664900
-0.07851630
-0.74209300
-0.27517700
0.51953200
-0.89641900
1.47609000
0.21493900
0.48715500
-0.12927400
1.04430000
-0.00055559
-0.93733800
-0.17669400
-0.48770200
0.25994300
-0.16977300
1.73801000
0.87618600
0.38870900
2.38917000
0.26592200
0.88545900
-0.13769400
0.57245900
-0.96826400
0.25626600
0.23109100
-0.00975631
-0.76374600
-0.32798600
0.53121300
0.47366800
0.71383900
-0.61334900
-0.18520900
0.12982200
-0.38789600
-0.14583400
0.44548600
0.79298200
0.79071200
0.69258500
0.24409000
0.75451800
0.59759600
0.18996500
-0.59837200
-0.48290200
0.24324500
0.53751900
-0.36344100
-0.59060600
0.07602870
-0.56847900
-0.83778000
-0.08675580
-0.06006410
-0.50399600
0.18037500
-0.15583300
0.14248900
0.05536990
-0.55747000
-0.80357800
0.00609237
0.37930200
-0.38766400
0.14918300
-0.50301600
0.86452100
-0.47403900
-0.30745400
-0.49891900
-0.26893500
-0.62551300
-0.31517800
-0.45216600
0.02734960
-0.05771270
-0.30549900
-0.44481900
-0.71178900
-0.58870300
0.07420720
0.22428200
0.38248500
-0.26848300
-0.21625900
-1.31134000
-0.05679430
-0.48749100
-0.28378100
0.11410800
-0.96571900
-0.31468200
0.28897500
1.27937000
-0.52137900
-0.66056300
-0.59339000
1.12656000
-0.15775100
-0.28026600
0.35132800
0.00862617
0.03994220
-0.11453600
-0.24271100
0.22572800
0.61369900
0.28093600
0.59615800
-0.75579100
-0.78341800
-0.26415200
0.25976000
-0.29221200
-1.21328000
0.02117410
0.44579100
-0.91211200
0.61260100
-0.05746880
0.32197100
-1.18835000
-0.02465890
0.72306900
0.00127948
-0.53193600
-0.74827700
0.88292200
0.18182900
0.55245400
-0.04793740
0.90747700
-0.03357670
-0.87919100
-0.37786800
0.05893520
-0.73534000
0.34360800
-0.01432910
2.10011000
1.11008000
0.03270070
-0.36283500
-0.16339700
-0.84163900
-0.38444900
-1.13455000
-0.48105400
-0.20766800
-0.09491390
-0.41966000
-0.35995100
-0.19798600
0.11757200
0.75610300
0.15082400
-0.93587400
-0.80898500
0.53755300
-0.64442600
-0.64816600
0.17936200
-0.21595300
-0.56135200
-0.77614800
-0.21196600
-0.59697900
-0.55863200
-0.15268700
0.68281900
-0.50598100
-0.41317900
-0.37477700
-1.26990000
0.22067300
-0.11300300
-0.92807400
-0.59485900
-0.33360400
-0.07446220
-0.23427600
-0.33384700
1.28777000
-0.01816040
-0.60510200
-0.83525100
-0.12881600
-0.86737100
0.00690708
-0.39268700
0.42640800
-0.41396500
-0.25958800
0.23879400
0.07976300
0.33675000
-0.63728800
-0.96841500
0.79263500
0.00442821
-0.87455600
-0.15313800
-0.45570900
-0.33514700
-0.79160400
-0.57465200
-0.11864100
-0.38401500
0.07416870
-0.28997700
0.14317800
-0.72064400
0.29046900
-0.17065500
-0.18122400
-0.21107700
0.42628900
-1.20154000
-0.46336600
-0.17620500
-1.25066000
0.30501400
-0.04300140
-0.17234500
-0.46790900
-0.18840000
0.08231290
-0.50828700
-0.32804800
0.73115100
0.04166540
0.98398600
0.03734250
-0.29830800
0.26673100
0.31132300
0.05097030
-0.51976000
0.79373200
-0.69814800
-0.57945700
-0.06547200
-0.49326100
-0.11886100
-0.30360600
-0.06684110
-0.24971800
0.08293770
-0.42569500
-0.28405800
-0.36151100
-0.08103790
0.16140200
-0.34872200
-0.72936100
-0.14090000
-0.48798900
-0.29000900
-0.00111500
-0.16394500
-0.46404000
0.07454040
0.20406500
0.03660060
-0.69413200
0.44165600
-0.36841100
-0.45218200
0.21998400
-0.23855900
0.07845630
0.13956500
-0.35586400
0.18158600
-1.15446000
-0.70753000
-0.18625800
-0.86752700
0.35492800
1.42562000
0.08993090
0.03531390
-0.25822300
0.35261800
-0.77908700
-0.05185230
0.21997900
-0.28316200
-0.44045200
-0.40745400
-0.15343100
-0.12166800
0.38962400
-0.13794100
0.32189700
0.56835500
-0.04977160
-0.36209000
-0.74062300
-0.55715000
-0.39222000
-0.99430900
-0.69725200
0.02900330
-0.97463600
0.97112500
-0.24675600
-0.32323800
-0.24597100
-0.77235900
-0.12099100
-0.22058300
0.60915600
-0.07426990
-1.66371000
-0.06186620
0.71174700
-0.50100800
-0.08517960
0.12456300
-0.35843900
-0.11235800
-0.43652900
-0.22211300
-0.74001100
0.20169800
-0.40564100
-0.75957800
0.07760070
0.14832400
-0.09420250
0.52748100
-1.01755000
-0.29078900
0.56295900
-0.55104500
-0.69447500
0.18869500
0.15458700
-0.02523390
0.14439400
-0.11178500
0.04498070
0.88347200
-0.08243750
-0.49997200
0.31635100
-0.35289600
-0.34422700
-0.64232500
-0.28860100
-0.54258300
-0.23739800
-0.53965200
1.24997000
-0.33999900
-0.13216700
-0.28564900
1.15216000
-0.78014200
-0.45782200
0.63732500
0.64688300
0.01814290
0.17204000
0.10904100
0.08446660
-0.90111500
0.93832600
-0.46863700
-0.30550600
-0.92165800
0.29940500
0.16181600
-0.08171970
-0.42131600
-0.62876700
-0.06109850
-0.87836400
0.15843000
0.19817500
-0.01424460
0.04657020
0.47983000
-0.37726300
-0.44569500
-0.39417200
-0.41882500
0.20616900
0.05984660
0.15733200
1.13748000
-0.29441900
0.58350600
-0.43678600
-0.15673200
-0.51214100
0.52502600
0.39167900
0.49593000
-0.11609700
0.86635700
-0.69495100
0.79901100
-0.01951970
-0.02849000
0.21079300
0.33031800
-0.35183300
-0.10286200
-0.11472900
-0.43361500
-0.46463700
-0.77807400
-0.17605000
-0.18881400
0.16019700
-0.48098700
-0.72297900
0.40895400
-0.32251900
-0.27338100
0.32807700
-0.88826500
0.70400300
-0.65669400
-0.18333900
-0.00373634
0.24251100
-0.61294700
-0.71931200
-0.24468900
-0.79390400
-0.66877500
-0.46734400
0.79581700
-0.56062400
0.22807400
0.37841800
-0.93595800
-0.87215200
-0.31626000
-0.35005200
0.36772100
-0.44498400
0.50016600
-1.03151000
-0.44962100
-0.37036400
-0.39717100
0.41973700
0.28967300
-0.06187070
-0.83671100
-1.00956000
0.65934800
0.14740500
-0.26236400
-0.36903800
-1.06764000
-0.39194300
-0.48493500
-0.01289450
-0.35355900
-0.49212500
2.38062000
-0.53105700
0.01211410
-0.15956000
-0.58345100
-0.09957660
-0.04293180
0.01469400
0.09784120
0.05379940
-0.31638900
0.41266000
-0.23112800
-0.69493700
-0.45422700
-0.38955500
-0.20122800
-0.06759390
-0.77097100
0.88892600
-0.41708800
-0.65606200
-0.21332300
-0.36443100
2.16635000
0.35587300
-0.36775500
0.57059700
0.22967900
0.27061700
-0.42647800
0.19158500
-0.32093500
-1.13313000
0.47522000
0.49244700
-0.26655800
0.07794670
-0.95068100
-1.21227000
0.73349000
-0.99283300
0.04648990
-0.08354280
-0.32023400
-0.32704500
-0.30863700
-0.03871130
-0.25728200
-0.21800000
-0.42552800
-0.66403400
-0.63862100
-0.44417000
0.21131000
0.30743500
0.38391000
-0.37079800
-0.12042300
0.48600300
0.53104300
-0.38129800
-0.32087700
-0.15329200
0.06148310
-0.40465100
0.94283000
0.11477100
0.52829000
-0.61293500
0.31783500
-0.09210580
2.76555000
-0.15777100
-0.60224100
-0.38662200
-1.18424000
0.92500700
0.56546400
0.54490100
-0.62710800
0.06377690
-0.79149300
0.26167600
-0.49362200
-0.50242300
-0.15417100
-0.27589200
0.24140500
-0.25550000
-0.00187477
-0.06044430
0.84932300
-0.16826800
-0.96689400
-0.50454700
0.17268900
-0.02023820
1.19735000
0.01455040
-0.54108600
-0.72798100
-0.74205800
-0.01226740
-0.02725250
0.05567370
-0.16173100
-0.59248700
-0.53760900
-0.46408200
-0.97325200
-0.65895200
0.11881600
0.32299500
-0.37398900
0.80165500
-0.89467700
-0.49752900
-0.27669900
-0.16202800
-1.05708000
-0.59151400
-0.37103800
0.56144700
0.60996100
0.17389600
-1.06717000
0.35483900
0.22637500
-0.41623300
0.28290500
0.57871000
0.36857700
-0.02802880
1.00973000
0.51114700
0.43294600
0.10009700
0.22436300
0.06578530
-0.71741300
-0.59721300
-0.75711700
-0.37686200
-1.10111000
-0.08887660
0.30275700
-0.44571800
0.35518200
0.03531390
-0.11330300
0.14119000
-0.33561400
-0.03255700
-0.21605700
-0.17208300
-0.36964500
0.02029910
0.48881200
-0.40796700
-0.20264600
0.56033500
-0.64532300
-0.03081760
0.43810500
-0.10598700
-0.05548020
-0.64605900
-0.70590200
1.25928000
-0.66292200
0.60492700
1.15034000
-0.02748690
0.28262400
0.77645300
1.04633000
0.44721200
-0.36539400
-0.55649800
-0.25261400
0.08639130
-0.33979600
0.00461297
0.01655910
-0.41064600
-1.25484000
-1.03941000
0.26607000
-0.57226000
0.08639130
-0.71010800
-0.14535300
-0.56530100
-0.10479000
1.40829000
0.33874700
-0.41018500
-0.82682200
-0.82225500
-0.10260000
-0.21977700
0.19149500
-0.58317900
-0.04627430
-0.16406700
-0.37469500
-0.40976100
-0.44730100
0.24020100
-0.11032700
-0.77561800
0.41660900
-0.58561600
-0.54744600
0.29883000
-0.52016800
1.66052000
-0.06185220
0.02272700
-0.01720080
0.26643700
1.42158000
-0.32270900
-0.52051700
-0.46066900
-0.05356630
0.34901100
-0.46036600
-0.06094820
0.04732190
0.44211100
-0.66187700
0.14372700
-0.27667100
-0.29402800
-0.15187000
-0.15151200
-0.45630700
0.66539000
-0.10685300
0.55968600
-1.00914000
-0.17098300
-0.36212400
0.35443900
0.00426281
-0.40929200
-0.31133800
0.04096030
-0.44772400
-0.18192500
0.02308930
-0.50889600
0.44469800
0.02729960
0.02729960
-0.41667800
-0.52129100
-0.92693300
0.29297200
-0.14904000
-0.44402100
0.01622320
-0.74863600
0.16769200
-0.98341100
-0.47768000
-0.18496900
0.07088420
-0.39984500
-0.27832200
-0.55035400
0.46240100
0.47501400
-0.45130400
0.28382700
-0.23381900
-0.30730800
-0.13968900
-0.27573900
1.75690000
0.21587600
0.09332390
0.33633100
0.48182700
-0.41721000
-0.39088000
0.74273100
0.02734180
0.31333800
0.09390840
-0.05290200
0.07536170
-0.48302000
-1.00661000
-0.13759400
-0.74710100
0.17197500
-0.82262300
-0.42115200
0.69958000
-0.27649100
-0.17681100
-0.17816100
1.46722000
-1.07145000
-0.91065600
-0.04968940
0.76835700
0.46242300
0.32122100
1.29345000
0.43422000
-0.10869100
-0.44298500
-0.61299500
0.20910000
-0.26884900
0.07744510
-1.03173000
-0.47087600
-0.91428300
0.20447100
0.65610700
-0.73233300
-0.27846100
-0.32776000
-0.77561800
-0.13565100
-0.39237800
0.21537400
0.25140000
-0.45280500
-0.58053800
-0.68350800
-0.49704200
0.21068100
0.07005000
0.08353000
-0.12839800
-0.90062400
-0.47710900
-0.13450100
-0.37390000
-0.63947700
0.81054300
-0.13843400
-0.09569020
-0.43626000
-0.01489400
-0.34396200
-0.07464290
-0.26082500
-0.85836400
-0.13960000
-0.46962900
-0.46962900
0.11358700
0.21589900
0.67270500
-0.10258400
-0.17957700
0.19970100
-0.87242100
0.04732760
0.14909100
0.04841870
-0.28509400
-0.07350190
-0.57841600
-0.20959800
0.07266430
-0.93356400
-0.38912900
-0.58447800
0.38882500
-0.47400800
0.48690600
0.54413900
-0.49722000
0.25918200
1.57804000
-1.08251000
0.14968000
-0.56660400
-1.08996000
-0.61279000
-0.98236600
0.43431500
0.43323100
-0.57699200
-0.55095500
-0.41454100
-0.44958700
0.93169400
0.23007800
-1.01924000
0.34360000
1.93547000
-1.09816000
0.74515500
-0.69413300
0.26968800
0.01752040
-0.55871600
-0.38283700
-0.32225500
-0.40549400
-0.12296700
-0.26313500
-0.48146100
-0.47486000
0.24390600
-0.72740400
0.59786800
-0.87918600
0.21742300
-0.25848300
-0.07086360
-0.06018950
0.88426400
-0.26131800
0.17679300
0.27285000
0.27264700
-0.88296600
-0.27252100
0.82035400
0.78866000
0.30652500
-0.06532210
0.13786800
-0.64312400
0.39569200
-0.66740300
-0.04364740
-0.09819810
-0.02891280
0.09732590
-0.12337200
-0.25899500
-0.20511800
-0.24896300
-0.35982800
-0.51240000
-0.13368600
0.08798880
0.40061900
-0.60155200
-0.43755300
-0.12902600
-0.60026300
-0.95861400
0.28040300
-0.62991400
0.05786150
-0.21667900
-0.55357100
-0.35466300
-0.63771200
-0.55988600
-0.40510400
0.02155220
0.11964600
1.24520000
0.30129300
1.00613000
-0.10134800
0.10654200
-0.86537900
-0.14433800
-1.05723000
0.36080500
0.09495830
-0.28056700
-0.21253100
0.91135700
0.31399800
0.46886400
0.99886300
0.14913800
-0.30615200
-0.69098600
-0.17386100
-0.34952900
-0.46565800
0.45545200
-0.35573100
-0.40937000
-0.22722400
0.38834600
-0.70061200
-0.27471700
-0.90267900
-0.04819900
-0.17216900
-0.94510800
-0.27488900
-0.43728200
-0.44448900
0.09940740
0.68100500
1.13222000
-1.04628000
-0.42087900
-0.85628100
-0.55789800
-0.56840000
0.19648100
-0.99009600
-0.21283800
-0.02302520
-0.67903100
-0.58843200
-0.52388200
-0.04154010
-0.17061000
-0.22327700
-0.25124000
-0.36374900
-0.31792900
0.34413900
0.25873500
-0.01443170
0.41569900
-0.68728800
-0.54719400
-0.75752800
-0.53530300
-0.35538500
0.10589600
0.11778000
-0.30381800
0.19568600
-0.39833600
0.23479000
-0.09999860
-0.39211400
0.55264200
-0.77240300
-0.22783500
0.31644100
-0.14739900
0.27452300
-0.25911200
-0.16204500
-0.13440500
-0.23649100
-0.77915900
0.06493530
0.19282200
-0.30215800
0.02380090
1.62287000
1.21517000
0.43299800
-0.50100700
0.00120471
0.11747800
-0.29594600
-0.54927100
0.00360643
-0.49213700
-0.12610900
-0.79131900
-0.45402600
-0.12910800
0.33890200
-0.50228400
-0.75120800
-0.33930600
-0.03237380
-0.72345700
0.08201840
0.29225900
-0.66308000
-0.69432500
-0.81437500
-0.17002700
-0.59590300
-0.19597300
-0.40498500
-0.57381000
-0.01913760
0.39492400
0.25667800
-0.36788900
0.15546900
-0.06982100
-0.31322900
-0.34247800
-0.15578700
-0.39555100
-0.15866300
-0.61396300
0.04775620
-0.07990790
0.28477300
-0.27357600
-0.01886130
0.27387500
-0.15299300
0.19160500
-0.43300000
-0.80944800
-1.05076000
-0.32237600
0.01033360
-0.23432600
1.47044000
0.00192055
-0.12560700
-0.27741100
-0.19198800
-0.54938000
-0.42866400
0.40222000
-0.41001400
-0.27354100
-0.60145000
0.17784700
-0.84165200
0.00666884
0.34876200
-0.65422100
-0.16334500
-0.24860300
-0.28987400
-0.10531800
-0.96602600
-0.42898900
0.06907040
-0.32418000
-0.18597900
-0.76491300
-0.49771400
-0.89451600
0.30426000
-0.11980600
-0.02817340
0.29217800
-0.50505900
-0.57195100
-0.25427600
-0.11631200
0.32446800
-0.02099620
-0.99939900
-0.46241500
0.61972600
-0.43487200
-0.00240057
-0.06564950
-0.67926000
-0.37891300
-1.09488000
0.37344400
0.09866380
0.15654500
-0.61054300
0.60614500
-0.00719281
-0.10681300
-0.86354000
0.75122700
1.45460000
-0.12987100
-1.16525000
0.31846300
0.42067000
-0.28222900
0.14110500
-0.94918200
0.29522300
0.08625950
-0.21040800
-0.39244400
-0.14535600
-0.37110600
0.83312200
-0.42608100
-0.00701672
0.46705000
-0.07298730
-0.89446000
-0.06198130
-0.81955900
0.35522400
-0.72933400
-0.09311540
-0.49850700
-0.21710700
-0.34777100
-0.58161700
-0.30550600
0.07655670
0.38527100
-0.26633100
-0.67812600
-0.57979300
-0.59152600
-0.86170600
0.30838600
-0.31810500
0.38768000
-0.25300600
0.17784500
-0.65435600
-0.36847300
-0.14382100
0.34918500
-0.00967694
-0.67755800
-0.29471500
0.55659400
-0.62784800
-0.36083400
-0.22042100
-0.39082900
-0.09719550
-0.23366500
-0.10331400
-0.63130400
-0.43598600
-0.65484700
-0.36509800
-0.15245500
0.24952900
-0.64017900
-0.20311000
-0.84264400
2.10164000
-0.22588400
0.12555300
-0.19144800
-0.04958250
-0.69350300
0.69783100
0.24777800
0.42547700
0.54354800
-1.09592000
-0.53346500
-0.91792800
-0.34666600
0.63684800
0.58547500
-0.18633400
-0.97160000
-0.28827000
0.45678400
-0.55598700
0.08162440
1.49975000
-0.50561700
-0.62292100
1.08560000
0.22470400
0.50050500
0.91913900
0.55282100
0.62357900
0.41388700
-0.76277300
-0.55720800
-1.61155000
1.62077000
1.28646000
0.47272200
0.63536100
0.59196400
0.95662900
1.28723000
0.09391120
0.18307700
-0.00231457
-0.61250200
-0.95743400
-0.24159900
-0.65512700
-0.10647300
-0.36398900
-0.30987600
-0.65370300
-0.27526400
0.10405400
0.33767900
0.24180400
0.66101500
0.45650200
0.34774000
-0.03523870
0.55272500
0.16872900
1.10875000
0.58440400
0.99666000
0.69776500
-0.57981200
-0.49619000
-0.12240700
0.08507780
0.38429200
0.15507100
-0.27030000
-0.73153000
0.29897400
0.19548000
0.77102800
-1.36632000
-0.76252800
-0.77237600
0.03021610
0.03821130
-0.08562940
-0.31509600
-0.33605300
0.44924200
0.07532080
-0.46416600
-0.41593300
-0.92715400
0.05593720
-0.04858490
0.40704900
-0.09930090
0.37904800
-0.57623700
0.59231900
1.10094000
0.00622404
0.13114100
-0.69371800
0.32184600
1.21666000
1.39009000
0.05824110
-0.16159000
-0.88260500
0.30279000
-0.41509200
-1.01277000
-0.34902700
-0.64096400
0.42825800
-0.64813500
-0.41933900
-1.08410000
-0.13725400
-0.10224900
0.05345430
-0.38547200
-0.33657100
-0.04523730
-0.33048700
-0.35263900
1.17447000
0.34859100
-0.57145600
-0.14497500
-0.68203600
-0.29723800
-0.38037600
-0.71927200
-0.58801600
-0.42435600
-0.13356200
-0.42918800
0.06179110
-0.19871100
-0.09905610
-0.62432700
-0.65036600
-0.37908300
-0.12848500
-0.59496400
-0.64120600
0.15880000
-0.64408700
-0.56988000
-0.80918600
0.65686400
-0.42572000
-0.18850400
-0.08382390
-0.60701800
-0.62208100
-0.04709290
-0.50227500
-0.53751400
-0.49370200
0.41175500
-0.01183550
0.01833930
-0.46926800
0.12891700
-0.48537800
-0.05835090
-0.64700100
-0.74969400
-0.10397200
-1.33303000
-0.09965570
-0.35698200
-0.17319700
0.18673600
0.18580800
-0.46718300
3.05901000
0.52567500
-0.67348900
-0.14316500
0.68126700
-0.13583600
-0.46166200
-0.39088300
0.49143900
0.06532100
-0.15740200
0.70815800
0.03114210
0.00153227
-0.05608740
-0.13845900
0.86074900
-0.26976900
-0.26791600
0.24583900
-0.28507400
-0.55958400
0.32955800
0.04251090
-0.19859800
-0.01701900
-0.17626700
0.14620100
0.00437650
-0.42108100
-0.17009000
-0.41927300
-0.04271740
0.03637310
-0.57026600
0.01528680
-0.60318400
-0.78800600
-0.43304500
-0.60970100
0.26608400
-0.13755600
-0.38581100
-0.27833400
0.74118300
-0.42390200
0.52491200
-0.56549500
-0.51357400
-0.12919300
