4.84850000
6.87100000
5.44257000
5.11324000
6.17215000
5.54364000
5.06093000
5.22319000
5.03069000
4.89747000
-0.23695200
4.97412000
5.13686000
5.22679000
5.14370000
1.22257000
5.76360000
0.25074800
5.00433000
5.66954000
5.64789000
0.94291200
6.01078000
5.30073000
5.92874000
5.32477000
4.86110000
5.32862000
1.38538000
5.24329000
5.53536000
4.98120000
5.24128000
5.77792000
0.56134500
5.56638000
5.86333000
5.34782000
5.19572000
4.84610000
5.43726000
1.86572000
4.88191000
5.26077000
0.73460800
5.34864000
5.55413000
5.17396000
-0.32036500
0.32589800
-0.73297400
-0.22974200
-0.32216100
-0.22674300
-0.25063500
0.23716400
-0.42059800
0.18420600
0.44315500
0.57221800
0.17621900
-0.15138400
-0.29708600
0.00525532
0.20938400
0.28111800
-0.48772800
0.39582300
-0.21578100
0.02403080
0.05270550
0.68247100
-0.08148330
0.84586300
-0.57654000
-0.16791800
-0.12800400
0.09762940
-0.09560910
0.02743460
0.17950100
0.18193900
-0.04478640
0.26407700
-0.21778700
-0.16824300
-0.31068100
-0.44431000
-0.83800600
0.18404500
-0.42534500
-0.00828174
-0.64672200
-0.45900600
-0.15474200
-0.09288250
-0.41644300
0.09493400
-0.06174060
0.04121300
0.81497300
0.16730100
0.18391600
-0.59114200
-0.11532300
-0.23257100
1.50056000
0.35903500
0.40335200
0.72606100
-0.72282100
1.55595000
1.05020000
-0.73944200
-0.74946200
-0.15589300
-0.32635800
-0.02718350
-0.06711520
0.12074400
-0.47957200
0.22184900
-0.04392170
0.48200900
-0.53087400
-0.20320400
-0.33760700
-0.27230700
0.07746280
-0.28272900
0.53824600
0.02912020
0.13044000
-0.41487700
0.07811820
0.96336700
-0.37926000
-0.44573700
1.23426000
0.77899400
-0.18295400
0.78555800
0.06951690
-0.00932354
0.02661730
0.04046400
-0.09403060
1.99584000
0.44059400
0.13981900
0.86352900
-0.36662900
0.38690500
0.24633700
-0.00383274
-0.05971590
0.30532800
-0.04130370
-0.13322600
0.18133900
-0.38070300
0.10534000
-0.27208500
-0.41293400
-0.96890900
0.22725100
-0.34369900
0.40918300
-0.54907200
0.19916200
0.74646200
-0.24164900
0.49116700
0.39015900
-0.32445800
0.01041750
0.10283600
0.37356900
-0.26525100
0.16349200
-0.21752800
-0.11015400
-0.03470200
-0.26512500
-0.43472300
0.32557600
0.74502200
0.06348510
0.15044400
0.68312400
-0.11347300
0.11279800
-0.31445600
0.34561300
0.07324420
-0.41468700
-0.11539500
0.42902300
0.48547400
-0.09592790
0.41482800
0.00577686
-0.34095400
-0.49733900
-0.64885600
-0.51448200
-0.17397500
-0.00231070
-1.06074000
-0.12292800
-0.19302700
0.08224390
-0.41322000
0.14472700
-0.63200700
0.34928900
-0.64899400
-0.10769100
-0.05563840
0.70894400
-0.36839700
-0.30800500
0.43177100
0.07898200
0.18329900
-0.27591300
-0.06970680
0.26918700
-0.40498800
-0.39158700
-0.32249500
0.01072400
-0.01489940
-0.91429000
-0.24098400
0.35739600
0.20888500
-0.33050200
-0.02564140
0.25821700
-0.63122000
0.37728400
0.02790150
0.39723100
0.53953200
0.64200300
0.25023100
1.38153000
-0.23303600
0.31285800
-0.43398100
-0.04020100
-0.17320400
-0.23791900
-0.39411900
0.05378790
-0.98209200
-0.56185700
0.24127200
1.47820000
0.32059900
0.23037200
0.37533000
-1.38102000
-0.38089800
0.35180700
0.76563200
0.98887400
-0.10707600
-0.21915200
-0.03586950
1.56493000
0.21932800
-0.46376000
-0.21661800
-0.17907300
0.46741100
0.45934100
1.17429000
0.03796600
1.56069000
-0.35687100
-0.19658400
-0.27320000
-0.37321000
0.23331700
1.27057000
0.29167200
0.32935100
-0.32698000
-0.45037500
0.28198500
-0.06799340
-0.04215520
0.17295400
-0.94704100
-0.37773700
-0.01476670
-0.68584100
0.12224000
-0.00010755
0.61649100
1.78384000
0.01178440
0.16729600
-0.45356300
-0.35762600
-0.20690800
0.43836600
-0.51493500
-0.64627600
0.17935600
-0.10642500
1.14644000
0.02022790
1.04318000
0.55992800
-0.12208800
-0.38995200
-0.17291000
0.20898500
-0.09677970
0.53431300
-0.35746900
-0.13678100
-0.07452680
-0.75528900
0.62130100
-0.34256300
-0.34880200
0.04854550
-0.64595800
-0.18288800
0.18425800
0.29353900
-0.17915500
0.45915200
0.12316000
-0.58690200
-0.07743900
-0.01841900
-0.12044700
-0.31782600
-0.10934800
0.43811600
0.23246700
-0.51908400
-0.29060000
0.14801000
0.31463900
0.79942000
0.47900700
0.09598790
-0.51447700
-0.39734100
-0.85290000
-0.83374700
0.07813640
-0.04111650
-0.40926300
0.39742500
0.05301400
0.08931620
-0.04533060
0.13400700
0.30750700
0.10946600
0.22074000
0.40488600
-0.19971100
-0.03565180
0.46685600
-0.11748500
0.42666200
0.08148830
0.12265200
0.27756700
-0.31413800
0.14835800
-0.09115410
0.29572200
-0.36697600
0.16645100
-0.31660800
0.60619300
0.11637200
-0.09264810
-0.45561700
-0.57756200
0.16590200
0.39615900
0.42528500
-0.43614600
0.51334100
0.04826730
-0.57767100
0.39321200
-0.96863800
0.69841300
-0.12106600
1.64037000
1.55541000
0.04386760
0.34543000
-0.20039400
0.08639120
-0.16673800
-0.51212100
0.36917900
0.21005300
-0.06957560
0.02031970
-0.23832100
-0.54942900
-0.27157700
-0.30293500
-0.10788200
0.11674700
-0.00958793
0.56288300
-0.57373100
-0.05261740
-0.60254300
-0.40614900
-0.30293700
-0.18785000
-0.02648450
0.19541200
0.13138100
-0.15882200
-0.28065500
0.25036200
1.32576000
-0.20894600
-0.42108800
0.14452300
-0.41128700
-0.34168300
-0.73108500
0.58536800
-0.15292600
-0.58319900
-0.99265900
-0.23928100
-0.71325300
0.03088370
0.64373800
-0.61238600
0.30656300
-0.40864100
-0.10903300
-0.06837430
-0.06911460
-1.00049000
1.21627000
-0.43553100
-0.22746700
-0.70179100
0.82212400
0.07936160
-0.50594000
0.19552700
-0.19239300
0.43189200
-0.67486500
0.51527300
-0.22394800
-0.10390400
1.13792000
0.49460100
-0.53263500
-0.37876500
-0.49013900
-0.29699300
0.32880100
-0.16270100
-0.17623500
-0.28362600
-0.85140100
2.51053000
0.02309430
0.15735300
-0.14134300
-0.88373400
-0.14588100
0.21463900
0.00975159
0.49721200
1.00576000
0.37032300
-1.06478000
-0.20834900
-0.35229800
0.43894700
0.03437590
0.06334670
0.25554300
-0.02532810
-0.40544900
0.07398410
-0.04456680
-0.85592100
0.13380500
0.12808400
0.06314970
-0.31290800
-0.16373500
-0.72621900
-0.24127500
-0.49150600
-0.43437300
-0.45631600
0.52939600
0.03422130
0.67036500
0.10477300
0.07411710
0.19402100
-0.44800200
-0.39416400
-0.13221900
-1.54948000
0.25690700
0.01148240
-0.65715500
-0.38708300
-0.06510150
0.49755700
-0.95970300
-0.15563500
0.69125900
-0.20389500
-0.71057100
0.34614300
0.08001430
-0.05751810
0.41876000
-0.36439400
-0.21587800
1.02418000
0.42971700
-0.73549600
-0.32000300
-0.98837000
-0.08978530
1.03172000
0.38693600
-0.78382900
0.05543200
-0.44206300
-1.19806000
-0.32544200
0.23811200
-0.25262900
-0.36283000
1.13210000
-0.69542700
1.95026000
0.11697800
0.09185540
0.22564400
-0.08561870
-0.31634900
-0.33050800
-0.49989000
-0.32345800
-0.52087300
0.19245700
-0.54398000
-0.08106980
-0.40962300
0.51814100
0.65922000
-0.23473500
-0.64760600
-0.53505100
-0.25521400
-0.01034970
0.68705100
0.01413920
0.46218000
-0.21278300
0.30559200
-0.58551500
-1.11253000
0.33726200
0.17526600
0.78967800
-0.32296400
1.13811000
-0.03522690
0.60220200
-0.33053800
0.15702100
-0.42526800
0.41973500
0.32231700
-0.06867700
3.40437000
0.07581480
0.20642700
-0.72387800
1.40332000
-0.03130370
-0.17381600
-0.37748300
0.10092800
0.23683900
0.52505400
0.39216800
0.15186600
0.13687000
-0.10530200
-0.00112438
-0.64185400
-0.14844700
0.07800800
0.09183790
-0.61576900
-0.19140700
-0.01272330
0.56096400
-0.08614720
0.19497100
0.19479300
0.68431700
-0.47848300
-0.39365900
1.34422000
-0.29804700
0.44929000
-0.02555770
-0.03773410
-1.08346000
0.21761000
-0.06854990
0.25675100
1.74991000
-0.47679500
-1.09469000
-0.38410300
0.47788200
0.96747900
-0.69158500
0.35104200
0.23453300
0.89697400
-0.52377100
0.46706900
-0.10963800
0.30427100
0.03239000
-0.90012100
0.09795010
-0.34472000
-1.12148000
-0.18715600
-0.72175100
-0.34566400
-0.12502900
0.13075900
-0.43999600
-0.28961000
1.15132000
-0.05681790
-0.16734100
-0.33482400
-0.70701100
-0.81723800
-0.40835300
-0.64440600
0.40780900
-0.74143900
-0.80386800
0.04897260
-0.53730200
1.45307000
-0.26522300
-0.04347850
0.47361400
-0.67666400
-0.13508600
-0.18771600
-0.17235000
0.71200800
0.07324180
-0.25812800
0.12970400
-0.81932200
-0.33256700
0.17922700
-0.54578400
-0.10818200
-0.78614100
-0.28048400
0.18618000
-0.92069700
0.07199130
0.42831600
-0.44393500
0.01584810
-0.32337100
-0.16860600
0.43397900
0.39270900
0.04017210
-0.02230230
-0.12043100
0.19114700
0.18399200
-0.16708200
-0.31989100
-0.14029400
-0.41950000
0.13654600
-0.38821500
0.38733500
-0.26921200
-0.27717100
0.48866800
0.71638700
0.02386760
-0.65205800
0.65154800
-0.29393800
-0.18900900
0.01421720
0.42784300
0.54535400
-0.06766760
0.06885950
0.50249100
-0.52032300
-0.14766400
-0.59196400
0.54290200
-0.46234600
-0.17539300
-0.51927500
0.14108400
-0.09485650
-0.11284400
-0.50563000
1.08515000
-0.16140900
-0.50279200
0.26251200
0.42692100
-0.46830300
-0.67634700
0.10443600
-0.41870700
1.20903000
-0.04925970
0.08610060
0.35191100
1.07624000
-0.25264500
-0.26433900
-0.22513900
-0.18545100
0.02241780
-0.23446600
-0.67024800
-0.27934800
-0.03270140
0.31026700
0.20317100
0.09523730
0.95177200
0.01457220
-0.42414100
0.19824900
0.90512200
-0.72345700
-0.48852500
-0.79943600
0.01917800
0.54550800
0.43453500
-0.06823550
0.41648700
0.04405790
-0.57575900
0.21774000
0.06221240
-0.44645600
0.09874580
-0.47621100
0.10296800
-0.33251900
-0.06241840
-0.02354950
-0.54903500
-0.02919480
-0.35789100
-0.16759700
-0.07735090
0.35702800
0.38486100
-0.65316000
0.02050980
0.61858900
-0.38977400
0.51556400
-0.26114900
-0.18052700
-0.41427300
-0.05051600
0.30218400
0.51714700
0.48061400
0.45490900
0.16292600
-0.62789800
0.00585210
0.34414600
-0.30583000
-0.23317800
0.17980200
-0.10022300
0.44764300
-0.09241360
0.81262800
-0.48190900
0.35176300
-0.06734890
-0.83814900
-0.01090490
0.41648700
0.00371051
0.38972700
1.77510000
0.25921000
-0.89195800
0.00664829
-0.52705500
-0.50927800
-0.02584680
0.35899000
-0.64677000
0.24889200
1.11902000
0.68757100
0.30429500
-0.14202800
-0.22118400
0.61808400
-0.57231500
0.68860600
-0.35753800
-0.55542400
0.19405200
-1.17820000
0.27433600
0.40352700
0.28462400
-0.97446000
0.52089900
-0.11745100
-0.19545500
0.68977900
-0.40105800
-0.12426400
-0.41530800
0.45335800
-0.21350800
-0.45590900
-0.19904100
-0.79897500
-0.41451100
0.07838040
-0.30192600
-0.19948600
0.68021300
-0.45608100
-0.48511900
-0.00986702
-0.33787700
0.32167800
-0.32069600
-0.08977010
0.66746000
0.75742200
-0.17929700
-0.35694500
0.54432000
0.39629900
-0.33383000
0.48835300
-0.59480700
0.31138100
-0.36303600
0.42004000
0.64670900
0.04477520
-0.65737000
0.15652600
-0.26879400
0.09944200
0.14775600
0.94182100
0.29033900
-0.57361500
0.11416300
0.47235400
-0.81997200
-0.57680700
-0.10104200
0.35062700
-0.30988800
0.37026600
-0.15509100
-0.28637200
-0.40844400
0.06671480
-0.41417800
0.54147000
-0.10771600
-0.20417400
0.24565700
-0.23490400
0.07136200
-1.27053000
1.36967000
0.54449700
0.66759300
-0.13135100
0.13845600
0.28012900
0.86483800
-0.21780100
0.08003350
0.72793100
0.01694830
0.75089300
0.08449390
0.14800300
-0.32608300
-0.31453200
0.38439200
0.57850300
-0.16706500
-0.48766900
1.48577000
-0.35040100
1.02815000
-0.31773800
-0.07802720
-0.11368500
0.52015700
0.11733500
0.35729000
0.31977800
0.17494700
-0.01295330
0.41181400
-0.71429000
-0.05881030
0.59495900
0.46473500
-0.45250600
0.53976000
0.03971080
0.09425500
-0.04910870
0.84943700
0.50109000
-0.54090500
0.37800500
0.01212230
0.36575700
-0.15897300
-0.69295900
-0.11658300
0.30425100
-0.27578800
-0.91651200
-0.02683290
0.12921100
-0.40311800
-0.26934500
0.02654250
-0.43938700
0.65531500
0.92108600
0.04666600
-0.21016600
-0.22445400
0.43443000
-0.63969200
-0.05086790
-0.23416600
0.21412000
0.00042079
0.18680900
0.43259100
0.42330000
-0.19170300
0.91076300
0.28314000
-0.63467500
-0.25777600
0.27562600
1.56884000
-0.12790600
1.26620000
1.05531000
-0.21406200
-0.23030500
-0.36298200
-0.15730600
0.41345300
0.01174290
0.56909200
-0.26684300
-0.04465000
-0.08529200
0.33944700
-0.02324300
0.32479700
-0.67505900
-1.23851000
-1.23116000
-0.34263300
-0.41964700
-0.26160100
0.09130330
-0.13651000
-0.52278800
-0.44897900
0.19184000
-0.04473490
-0.18726600
0.06410250
-0.26377800
0.18608700
0.84768600
-0.16407000
0.49978200
0.15744300
-0.40346100
-0.02402960
0.12330200
0.90877700
0.57525200
0.62759500
-0.30567600
-0.12149300
-0.07069680
0.28364100
-0.85320800
-0.61411100
-0.26314900
-0.52967000
-0.48785300
-0.83474900
1.96918000
-0.25004300
0.10233900
-0.58852100
-0.33637900
0.02233840
-0.76373800
-0.24379900
0.18809900
-0.49551900
0.57065900
-0.33793400
1.05207000
-0.17741900
0.17460400
0.08756010
0.12898700
-0.31072900
0.52015700
-0.09971670
0.43099500
-0.34872500
-0.07748670
0.03988140
-0.21325500
-0.62969200
0.27597300
1.52333000
-0.43126500
-0.74004400
-0.43296200
0.17481700
0.16284900
-0.29821100
-0.70608900
-0.10650300
1.90138000
0.66474200
0.35675000
-0.22845100
-0.25927500
-0.35774800
-0.75359000
0.63407700
0.29054300
-0.20453400
0.15904200
-0.33620200
0.43379000
-0.30164000
0.51836900
-0.61438800
-0.14784600
-0.54545600
0.18383300
-0.66837200
-0.33229900
-0.12003200
0.64388600
0.21965700
0.45618400
0.41202600
-0.51592700
-0.33234900
-1.01165000
0.25129400
1.10561000
0.62718800
1.27394000
-0.11491700
1.66732000
-0.23975000
0.78647100
-0.37859600
-0.18186600
-0.14677600
0.17556600
-0.25370400
0.22564500
0.73689100
0.74214300
0.04458290
-0.22711200
0.23389000
0.08004600
0.56681600
-0.23657100
-0.62327500
1.17043000
0.21700200
-0.28356400
-0.04341350
0.10542700
0.11171100
-0.34900000
1.68767000
-0.28603200
0.60858200
0.35310100
0.09248500
-0.25407400
-0.32447000
-0.51810600
-0.48498600
0.51147800
0.18657100
0.47158400
1.18458000
0.71743200
0.02866230
0.35504600
0.58179700
-0.20650300
-0.32130300
-0.87719800
0.28607200
0.25493100
0.18675100
-1.02130000
-0.27769900
0.03167990
-0.15901100
-0.54592400
-0.23621800
-0.19450100
-0.00965806
-0.64526600
0.56072700
-0.11972300
0.96233300
-0.85453700
-0.03380410
0.96061000
2.13954000
1.32618000
0.51708700
-0.02241560
-0.14847500
-0.23063000
0.78558300
0.00732185
0.02867160
0.58035700
0.42546400
-0.62384500
0.72281600
-0.42002700
0.09044930
0.13773100
0.13372700
-0.18185300
-0.03178640
-0.49766400
0.05452170
0.03750070
0.21966100
-0.18815400
-0.26943000
0.13382200
-0.00762352
-0.32611100
2.14346000
-0.19817300
-0.46845300
-0.05914450
-0.11489300
-0.97622300
-1.07322000
0.49515100
1.24307000
0.29430700
0.35208900
0.09935120
0.22200500
0.65061900
0.06354000
-0.00771621
-0.23255000
0.22339500
-0.43685100
-0.08471140
0.53192800
-0.29272300
-0.02919070
0.63251300
-0.22659400
-0.09850290
0.63867100
0.08556980
0.37349900
-0.10016400
-0.23286700
0.00551328
-0.24928000
0.58846600
-0.11823500
-0.36743600
-0.28126100
-0.26230700
-0.08819010
-0.03430880
-0.08240710
-0.12189800
-0.49380500
-0.35087800
-0.14890100
-0.25328400
1.16932000
0.06836510
1.58798000
1.07793000
-1.15470000
-0.52023200
-0.69445200
-0.08193480
-0.31769200
-1.22503000
-0.27071200
-0.60530900
0.10950800
-0.63672700
-0.42695300
-0.30059900
-0.24815200
-0.56937000
-0.12149300
-0.49612000
-0.34097700
0.33090300
-0.84089500
0.64810200
-0.40914300
0.00536019
-0.32081200
-0.03117960
-0.18304300
0.31001700
0.82696200
0.25640300
2.10912000
0.94855200
1.12662000
1.49703000
1.13011000
1.69462000
-0.19748400
0.13916800
0.45775900
0.46119000
0.06770980
0.97863200
0.42763500
1.71517000
0.40350200
0.42398900
1.82213000
1.00381000
0.53333600
0.17151700
0.62103100
0.10378500
0.47383600
0.34824000
0.14300100
0.43662100
1.38975000
-0.30750300
0.17162500
-0.06804680
-0.25366800
-0.36935700
-0.78531500
-0.17077900
1.37315000
-0.48166800
-0.77484700
-0.41875400
-0.30433000
-0.22955300
-0.34581400
-0.06820080
-0.11218900
0.07091800
-0.12997100
-0.02410700
0.34326000
0.26441500
-0.43387400
-0.27167700
0.42313900
-0.20461700
-0.00990747
0.13991500
0.11351900
-0.55315500
-0.68454400
-0.40444600
-0.32638800
0.00784236
-0.44386700
1.65156000
0.15973800
-0.38043400
-0.18624800
-0.43500700
0.36083300
-0.72930900
-0.64441400
-0.15417200
-0.16025500
0.28214500
-0.39785800
-0.09118570
-0.04705470
-0.27570500
-0.34151700
0.98974100
-0.48428900
-0.96751200
-0.66300100
1.07084000
0.66516400
1.22970000
0.54101000
-0.99122700
0.09721390
-0.37433500
0.42047000
-0.86546400
0.02378130
-0.28811400
0.00284421
-0.87704800
-0.46263100
-0.25053800
-0.31674100
-0.28955200
-0.51660300
-0.43285300
0.09787570
-0.95234900
0.23042600
0.18910000
-0.14131300
0.28763200
0.03590000
0.18920400
-0.28014300
-1.04837000
-0.42770000
0.41337400
-0.13297200
1.26877000
-0.75699600
1.22871000
-0.37746500
-0.26072100
0.06278490
0.96306400
0.33943900
0.23339100
-0.47477700
0.11576300
-0.49739300
0.01898120
-0.04722450
-0.09351860
-0.06776900
-0.14872900
-0.02678630
0.06352560
-0.19493900
0.78085600
-0.08687940
-0.40128700
1.58638000
0.55490200
-0.30305400
0.03993690
0.60702300
0.36970500
0.08429740
0.10780900
-0.00005654
-0.20892600
-0.24702600
0.04260830
0.29528700
-0.42170700
-0.30175400
-0.00267152
0.20817000
0.34803300
1.60584000
1.19208000
-0.06912890
-0.49552500
0.13184600
0.59150200
-0.70133500
-0.13950100
1.48288000
-0.39344600
0.28586900
0.74519300
-0.04260860
-0.74141500
-0.24923400
0.48932900
-0.40074500
-0.16792200
0.17041000
-0.37963400
0.57750600
-0.47223100
2.10277000
-0.27565600
0.27675300
-0.38716000
0.22372300
-0.13606800
0.22184500
0.63300000
0.06677550
-0.79274800
1.97187000
-0.24101600
-0.24476500
-0.42339400
-0.43323900
1.01618000
0.66595900
0.60535300
-0.06590120
-0.49175200
-0.82348000
0.54244800
-0.40098700
1.06588000
-0.16106700
-0.45502800
-0.04562760
0.07738570
1.76590000
0.85468600
-0.51832300
0.61532800
-0.57475700
0.16712600
0.61668000
-0.08109770
-0.00128263
-0.29057400
-0.16628500
0.00638480
-0.18567800
0.21667900
-0.49665700
1.27431000
0.69350100
0.02273330
-0.57347400
0.31107600
0.07100420
-0.33084300
-0.20518600
-0.32392500
-0.18132900
0.25644800
-0.15840400
0.10412400
-1.12528000
-0.21392400
-0.80925000
-0.04998670
-0.54679400
1.95093000
-0.13768300
-0.52545600
-0.22630000
-0.09902540
-0.40466800
0.02166190
-0.03408450
-0.17016100
-0.03907570
-0.08759930
-0.00383080
-0.63206200
0.08619530
-0.42018500
-0.37810100
0.39113400
0.16897900
-0.10245100
-0.60489100
0.13831300
0.39761100
-0.60594000
0.02866730
1.34456000
1.39893000
-1.09015000
0.03553500
0.07972410
0.03029740
0.90256400
-0.80551400
0.46559200
-0.39248300
-0.00598330
0.08774180
-0.42575200
-0.45022800
-0.15788200
-0.91355100
0.48395100
0.18672300
0.53973900
-0.83691600
-0.53143300
-0.30507100
0.28434300
-0.23777600
-0.16023500
-0.09902540
0.25400500
0.04394710
-0.56287600
-0.07468080
-0.22942600
-0.41629600
-0.10025300
-0.24262600
-0.54865000
1.54511000
0.26170300
0.34010100
1.02823000
-0.10718400
-0.62026200
-0.30752100
-0.44464400
-0.02614440
-0.30072000
-0.76885600
-0.17709600
1.96526000
-0.92038700
-0.07203520
-0.39327700
0.04860670
-0.13509200
0.03440870
-0.67260400
-0.33206800
0.19990000
-0.12298300
0.52271400
-0.18437600
-0.23310000
0.13602000
-0.35806500
0.04901240
-0.66060300
-0.78471700
-0.48034700
-0.23632600
0.05759070
-0.03126060
-0.34577000
0.55723300
0.11407400
-0.04139730
0.18026300
-0.66329500
0.85093600
-0.30461500
0.51992700
0.16956100
-0.49604400
0.33782500
1.50406000
-0.27650900
-0.16132000
0.12006000
-0.02517670
0.57462000
0.74428200
-0.04391200
0.78958000
0.29918500
0.04890560
0.09408070
-0.43370500
0.59858400
-0.04044360
-0.72511800
-0.21268700
0.32102300
3.09321000
-0.78793400
-0.08384170
-0.38427600
0.63700000
1.12459000
0.73423000
1.33437000
-0.15178500
2.44053000
1.70163000
0.28938200
0.84728300
-0.00566206
0.23074400
1.03021000
-0.86234100
0.42235600
-0.18180700
-0.07389140
-0.19513000
3.08455000
-0.19034300
-0.59519200
0.49266200
0.15950300
0.09134140
0.55015600
2.00687000
-0.21415900
0.22333100
1.53106000
-0.07985730
-0.41962500
0.19245500
-0.70076500
-0.13560000
-0.75957100
-0.48125200
0.33188700
0.07266040
-0.08467590
0.52134200
0.53512300
-0.67018800
-0.20863300
0.57873100
-0.38261500
-0.96710200
0.22021000
-0.84770600
-0.40955600
0.21438900
-0.19542900
-0.71564700
0.88380200
1.45209000
0.37390600
-0.31784300
-0.44808300
0.66400100
0.25134300
-0.07319870
0.56146900
0.11544700
-0.91604800
0.40906800
-0.33281700
-0.01077750
-0.03805940
-0.04965400
0.02697680
-0.69981100
-0.46564200
-0.73101300
0.88755500
-0.29241900
-0.28413700
0.34795800
1.13370000
0.55219800
0.45122100
-0.26358100
-0.66675600
-0.30820500
-0.38244600
-0.22131100
-0.40478600
0.05177380
0.09016220
-0.49292100
-0.18655700
-0.33565000
-0.08730160
1.26719000
-0.21535500
-0.95286100
-0.18478100
0.07786660
0.39917700
-0.06532150
-0.05485750
-0.22571400
-0.52080800
-0.48295800
-0.87921800
-0.20000100
2.16560000
-0.31726700
-0.03615390
-0.84167900
-0.21054000
0.95741800
-0.67857000
0.12637800
-0.51181500
-0.24109800
-0.06458710
2.23431000
-0.16072300
-0.41334500
0.76199000
0.40072600
-0.65963700
-0.60470300
-0.02708120
-0.02593370
0.14292000
1.03762000
0.46201600
0.76958400
0.26505600
1.72688000
0.89970700
1.05859000
0.05808960
1.13407000
0.14484000
1.23641000
0.01618230
-0.11082900
-0.35854100
-0.79539200
0.04286240
-0.31773400
0.34175100
0.43472800
0.09745020
0.06664610
-0.78847800
0.15790500
-0.59897100
0.80158700
0.04717650
0.50248100
-0.20939900
1.16344000
1.40620000
-0.45416600
-0.71124100
-0.36179700
0.19194400
-0.09965460
0.48547300
-0.63242100
-0.13261100
0.21897400
-0.59881700
-0.36529900
-0.07963350
0.07718670
0.27090400
0.88547700
0.20779300
0.31500400
1.05373000
-0.15800600
-0.21357000
-0.25341700
0.20650700
0.21115000
0.09909500
0.17420700
-0.61331500
-0.91349200
-0.39949700
-0.69683700
-0.40801400
-0.43178500
0.00818650
0.28419100
-0.35927300
-0.48450900
-0.11001300
-0.19846500
0.42214300
0.24995800
-0.22621300
0.23440300
-0.08612570
0.07659820
0.65599200
-0.68657000
-0.02795770
0.12069500
-0.43779700
0.75702800
0.54641600
-0.26533500
-0.10165900
-0.10096400
0.25073600
-0.35710700
0.06655510
0.54712100
0.04266930
0.65109000
0.31203600
1.25069000
1.15587000
-0.31399800
-0.35918700
0.56520700
-0.50571300
0.16829800
0.59686700
-0.42027300
-0.59520900
-0.44545900
-0.26516300
-0.11084800
-0.66854600
0.66033900
0.82106800
1.09591000
-0.26246300
0.93128100
-0.44722000
0.08176490
0.49111200
-0.02006480
-0.02686050
0.15031800
0.58567400
-0.44934600
0.07733660
0.18194900
0.56760400
0.56760400
-0.27570700
0.09700160
-0.46236900
-0.55284800
-0.25509000
-0.17617000
0.16650600
0.83302300
-0.86104200
-0.02184280
0.40204500
-0.07940460
-0.22185000
-0.28841900
-0.35066700
-0.14343200
-0.58625400
1.90030000
0.40400300
-0.06051420
-0.58627800
0.42525300
0.31321400
0.39048400
-0.21119600
0.55681700
0.31802000
-0.32427900
-0.04914120
-0.68565800
-0.22340500
-0.51099300
-0.01574930
-0.53335000
-0.15336300
-0.49982300
-0.17389900
0.39550700
0.34547600
-0.27173500
0.94180500
1.31545000
-0.47120100
0.08314040
0.20096200
0.26294000
0.49560000
-0.54706000
-0.15351600
-0.65344600
0.00485249
-0.60049900
0.02350600
-0.22543600
0.30333000
1.17211000
0.07584220
0.18095300
-0.27509500
-0.61070000
-0.42427000
0.49709500
-0.12880100
-0.18640400
-0.47936200
-0.20184400
-0.02094110
-0.37568400
0.34491200
0.16556800
-0.27571500
0.45193600
1.31501000
0.14032000
-0.31999800
-0.53727800
-0.20963100
0.23045500
-0.77162500
2.43905000
-0.23670100
0.46383700
0.16025800
-0.88674700
0.23000900
0.84076200
0.48911600
0.44110900
0.02161610
1.16493000
-0.46322000
0.29581000
-0.14358900
-0.27181900
-0.09413580
0.10805300
0.32861300
0.89221500
1.24308000
2.66569000
-0.60572500
-0.23609300
0.10094000
0.68882600
0.16060900
-0.04436200
-0.17442400
0.45182800
0.05081010
-0.56050200
-0.17421700
-0.22272300
-0.27896400
-0.19776500
0.30169000
-0.76189000
0.11384900
0.04991470
-0.00366429
0.11419400
0.23689700
-0.46941200
0.44149100
0.10721400
0.50367900
-0.20802500
-0.52377600
-0.34189700
-0.10412700
-0.09405610
0.05909120
-0.75547900
-0.40127700
0.02237660
-0.05384520
0.26860100
0.40219400
-0.06513060
0.05467220
-1.11154000
-0.23488400
-0.61365400
-0.03284980
0.60019400
-0.05670590
0.16497500
-0.63044900
-0.42118400
0.61670600
1.07986000
-0.28294200
-0.79185000
0.41280400
0.20062000
-0.30734600
-0.21428800
-0.30554800
-1.26422000
0.14779700
-0.50255400
-0.01202820
0.03111380
0.27349300
0.28880600
0.19304000
0.65728200
0.09451690
1.73466000
0.76608500
-0.21691900
-0.16098500
-0.10351300
-0.50532700
0.01398050
0.56291300
-0.01258640
-0.33517000
1.39717000
-0.33992100
0.72450300
-0.15412000
-0.26777800
1.46228000
0.54647300
0.51680000
-0.06633200
-0.21580500
-0.48517900
-0.37988100
0.57817000
0.21145200
-0.39726900
-0.59047900
-0.01175270
-0.46535400
2.03618000
0.13934600
-0.07056830
-0.01546660
0.43739400
-0.63426000
1.73044000
0.42963600
-0.48353900
-0.19811700
-0.33394100
-0.34526400
-0.18080300
-0.39514800
-0.64738100
-0.42002100
-1.16958000
-0.13493300
0.88415500
-0.68450300
-0.54865000
0.06967520
-0.90082900
-0.67223800
0.99347800
1.06396000
0.00459786
-0.11060300
0.09596120
-0.73118200
0.25912700
-0.90698300
-0.62812100
-0.39381800
-0.68358300
-0.47230000
0.61345900
-0.26870900
-0.24794600
-0.39413500
0.15235200
0.34886800
-0.14052400
-0.02221420
0.38785100
-0.49134300
-0.24975300
0.05930090
1.45098000
-0.54803300
0.52765600
0.27329700
0.49996300
0.38027300
-0.12038100
-1.09890000
-0.59448900
-0.19706300
-0.19817900
-0.57770900
0.66133700
-0.08549180
-0.16208400
-0.19744500
-0.95837700
0.82507100
0.14259700
0.43819700
-0.47483800
0.89524100
-1.10580000
0.29741600
-0.63516900
-0.37714100
-0.09481810
-0.25241800
-0.12484500
-0.57265300
-0.27599400
-0.35364300
0.19556900
0.10952600
0.82962700
0.19044700
0.18538800
0.01753030
-0.75003100
0.33478400
-0.21867300
-0.57771000
-0.85770400
0.07503590
-0.17512300
0.37062800
-0.09052460
0.41701600
-0.58386200
0.06839410
-0.15127200
-0.32332700
-0.62219500
-0.11134900
-0.32668900
-0.28065700
-0.00351389
0.14104000
0.09297630
-0.51383500
-0.03793680
0.29603000
-0.40924700
-0.18322300
-0.19522500
0.20832200
0.19476100
-1.09443000
0.54996700
-0.25518000
-0.18219000
-0.40744500
0.06505940
-0.35945200
0.08924380
-0.35579600
0.44473300
-0.98597100
0.48792600
-0.36350200
0.22820900
0.51245800
0.53665100
-0.44307900
0.27346100
0.40407100
-0.27101200
-0.39397100
0.48528100
1.22085000
-0.41581900
0.53875000
-0.08971730
-0.57024200
-0.18430600
-0.30336300
-0.44079300
0.10930300
0.23917100
-0.38106000
0.39959800
0.05213360
-0.26814200
0.36095800
-0.43960800
-0.09405020
0.42812700
-0.55016600
-0.48116400
-0.18465500
-0.17018000
0.56044300
2.47558000
-0.71616700
0.08114390
-0.76873700
-0.26728500
-0.12044200
-0.83290200
1.07907000
0.80628800
-0.17532200
0.40407100
0.08133620
-0.32392500
-0.06696830
1.36503000
0.45318200
0.22861400
1.66829000
0.68664100
-0.80925000
0.21304700
0.03408040
1.32406000
0.52376400
0.59095300
-0.34548300
-0.50481400
-0.22950300
0.87101100
0.74193900
-0.55444000
-0.22861400
0.36648500
-0.32750200
-0.54171700
0.05387470
1.36196000
1.43184000
1.20443000
1.61496000
0.89663100
1.19493000
0.93039800
0.47462000
1.78794000
0.85372400
0.43640600
0.61196100
1.08535000
2.44147000
0.01981900
0.41594900
-0.08447160
-0.11766800
-0.54663100
0.22991900
0.21494900
0.55490400
0.05329160
0.89014000
-0.47095000
-0.34877800
-0.27181200
1.83114000
0.05195560
-0.58413900
-0.54322400
0.27799300
-0.29532100
-0.62982800
0.12386000
-0.24000100
-0.31342600
-0.28548600
-0.08240440
-0.04986080
0.00666621
-0.12262700
-0.51816500
-0.11315700
0.63659600
-0.60206900
-0.93328100
-0.23659500
-0.30525600
0.25817400
0.15995800
0.21201500
-0.03610590
0.77548300
0.67812200
-1.09822000
0.62358900
0.57667400
-0.13430700
-0.20840500
0.24730200
-0.20278500
-0.20330000
-0.20094300
-0.41908800
-0.22184800
-0.94027500
-1.17359000
0.08027980
-0.52350800
-0.95922500
-0.55190200
-0.16590100
-0.40067800
0.10980300
0.33184200
0.35761400
-0.27248100
-0.22415000
0.18599100
-0.80535000
0.12861600
-0.70507600
0.27325800
-0.57956600
0.09903000
-0.01196380
-0.01041470
-0.84802400
1.42819000
0.16380200
-0.64923900
-0.12050900
-0.17175600
-0.02840140
0.32033000
0.05943020
-0.44170400
-0.21115500
-0.38223900
-0.14518600
0.19041700
-0.11361900
-0.21241200
-0.05950130
-0.25487500
-0.73342900
-0.47766200
0.34429500
-0.41150700
0.07784550
0.06191130
0.13352300
-0.55915600
-0.34220200
0.89143400
-0.24068100
-0.42425800
-0.08959360
-0.37070000
0.28125100
-0.47290300
0.49831900
0.05211460
-0.06400080
-0.41714100
0.62246900
0.63872700
-0.00218527
-0.14726600
0.26953800
0.05380850
0.01956610
0.09608620
0.31429100
-0.18850900
-0.17770100
-1.09786000
0.78722200
-0.25792800
0.37552600
-0.89983700
0.43015600
-0.81347100
0.87672800
-0.38282700
-0.01832710
-0.15113100
-0.35388400
-0.52162700
-0.15947200
-0.27632700
-0.56815100
0.04916140
-0.01578960
-0.81601000
-0.28321100
0.05471730
-0.83713300
-0.48313200
-0.25052400
-0.10598600
-0.88149800
0.06647730
-0.03916030
-0.40192800
0.42626700
-0.13260100
0.14727900
-0.56923900
-0.44685400
-0.81561000
-0.07325040
0.01998420
0.72464500
-0.87326900
-0.41405800
-0.07285140
0.00384203
-0.59657900
0.00270342
1.48990000
2.06933000
3.07976000
0.59764500
0.46606300
0.65925500
-0.55870200
0.01126040
-0.07402740
0.59269500
0.21769900
0.32083700
0.12472800
-0.36916800
0.12544200
-0.10726500
-0.08613860
0.16502500
-0.13452900
-0.01195210
-0.51573300
0.51598300
0.60753800
-0.56843700
-0.37814400
-0.25433600
0.17221700
-0.67372600
-0.13163700
0.55523800
-0.14971600
1.60496000
0.60372100
0.09863970
-0.38500400
0.36619700
-0.22102900
-0.53087600
0.04283970
-0.65549800
1.13555000
0.49239000
0.84586300
-0.67767100
0.33427900
0.35629100
0.78708600
0.87552700
-0.14323200
-0.18761700
-0.05425290
-0.38159400
-0.60482700
-0.34111200
0.68040700
-0.33946600
0.35492700
0.07757840
-0.15984500
-0.10594900
-0.01800890
0.08737380
-0.05639410
-0.38434800
-0.03709450
0.12088600
0.13323200
0.21738900
2.17278000
-0.75902400
-0.69258600
-0.56210800
0.57693400
-0.36522800
1.09303000
0.42142800
0.40846800
1.13975000
0.66541700
-0.35546700
0.06365490
0.34586800
0.16885600
0.16253000
-0.18731900
2.45104000
0.82010400
-0.60297200
0.65845100
-0.63193500
-0.41315900
-0.54683400
0.72177700
0.80394900
0.44707900
-0.21988600
0.46751700
-0.49257500
0.45013400
0.65737000
0.19698700
-0.18494100
0.30624300
-0.09034120
-0.06762830
-0.22031900
1.38024000
0.87741200
-0.01738360
-0.13359000
0.20675200
1.36711000
0.82555300
-0.10264200
1.09004000
0.28016600
-0.32717200
-0.50871300
-0.44412000
-0.10586500
-0.35206700
-0.27233300
-0.41471400
0.14447900
0.38483600
-0.21786800
-0.75549300
0.13300300
0.99487500
-0.15392400
0.22655800
0.91506100
0.16172500
0.61522600
-0.42262500
3.24790000
1.05421000
0.28079500
-0.19728500
-0.12387600
-0.22869800
-0.54814200
0.26314700
-0.00755830
-0.05168740
-0.33864300
-0.46888700
-0.58035700
0.80737300
-0.24487200
0.39402500
-0.97645400
-0.63005700
-0.42467700
-0.10575600
-0.23385300
0.12333400
0.26755200
0.05791670
0.09224480
-0.02763020
0.03431580
0.06702370
-0.25327100
0.00058984
0.01619690
-0.09172120
1.06057000
0.10002500
0.09377980
-0.30495900
-0.38771600
-0.51993200
0.00875757
0.24756000
0.00111207
0.21971500
-0.35011600
-0.38101700
0.09386890
-0.27998000
-0.14954100
0.03187110
0.25313600
-0.13253500
-0.50167200
-0.14395000
-0.21639000
-0.08547300
0.12634300
0.04918170
-0.46458800
0.08144470
0.17805800
-0.37016300
-0.17841500
0.27551700
-0.78017600
-0.68915700
0.41019500
1.18164000
0.77791800
0.18922300
0.27656100
-0.75384100
0.29456500
2.47727000
-0.05693960
0.14465200
0.07786870
0.34066300
0.13802200
-0.23390400
0.48149800
-0.37177900
0.24679200
-0.45120900
-0.01396050
0.28411300
0.30871900
0.32153700
-0.05417260
0.39005400
0.49175500
-0.90637100
0.19572500
-0.80356900
0.27984500
-0.64110100
0.31783800
-0.43616100
0.12656000
0.08069540
-0.19197500
0.60856100
0.20606300
-0.15996100
0.32760600
-0.37020800
-0.11300900
-0.32710500
-0.15629800
-0.45868500
-0.23729700
-0.76785800
-0.02107580
0.25012100
-0.48747100
0.00179306
-0.05378220
-0.41590700
-0.38273000
-0.50326400
-0.06330820
0.78187000
-0.44563700
-0.38411300
0.14910800
-0.43168200
-0.41771200
-0.04657680
-0.22742000
-0.28630800
-0.24374900
-0.36816300
-0.18109600
-0.44732000
0.11019700
2.65730000
-0.28052600
0.98866200
-0.23480900
-0.15054700
1.20012000
1.59720000
-0.14887900
-0.67043400
-0.89704100
-0.82944200
-0.07670660
0.01022290
-0.38890700
-0.53441400
0.33563100
-0.00453096
-0.05400850
-0.13048600
-0.58968100
-0.12223200
-0.04158530
2.13523000
1.00589000
-1.05027000
-0.30694800
0.20949300
-0.22045200
-0.27385600
0.05519740
-0.39109600
-0.49217400
-0.01215300
0.39998900
0.18691500
0.43465200
0.26875700
-0.61996700
0.44492400
-0.23019300
-0.51511400
-0.20120000
1.17450000
-0.06344090
0.70519200
1.60454000
1.19312000
-0.02105950
0.13105300
-0.78593000
-0.73124400
0.06534690
0.73517100
-0.80228400
-0.45947100
0.80634600
3.89153000
1.05509000
0.78205900
0.40821100
-0.12831900
0.08502380
0.30875400
-0.47553700
-0.66530900
0.07637500
-0.29642100
0.48028900
0.36892900
-0.34715500
0.41028600
0.47825600
0.05641020
-0.08210250
-0.43492800
0.24091700
0.33791500
0.57282100
0.02142330
0.48394400
0.01166980
0.16258700
-0.27018700
-0.05540960
-0.13780600
0.63677300
2.12225000
-0.05635680
-0.56264600
-0.68408100
-0.88576000
-0.02879100
-0.24313500
-0.66287900
0.77706400
0.45462300
0.55828500
-0.10446100
0.10868300
-0.72953500
0.55140700
-0.51499900
0.09534360
0.04781600
0.63074700
-0.13726300
0.25760100
0.14103200
-0.00372649
-0.66568800
-0.08915920
0.78813500
1.01720000
0.30785900
1.88294000
0.69938300
1.83328000
0.54657800
-0.17412500
-0.31286800
-0.13731100
-0.38478800
-0.07223180
-0.27499600
0.08790570
-0.15769900
-0.03259430
-0.38083300
0.16557800
-0.54147300
-0.00004824
-0.89945300
0.11632600
-0.59844700
-0.94742200
1.14250000
-0.74025200
0.62777500
0.01521230
0.50712700
1.19409000
0.22544300
-0.22399600
-0.46011000
-0.96814300
0.19600500
-0.42513800
0.27306500
0.04901520
-0.62567500
0.54843500
-0.64914400
0.84934200
-0.29824700
-0.46731800
-0.17911800
-0.32310900
0.98787900
-0.76328500
0.44515200
-0.88161900
-0.10024700
-0.34926500
-0.02894700
-0.28131000
-0.14862100
-0.38218300
-1.57583000
0.14624100
0.19221900
-0.93814000
-0.06980630
-0.23071600
-0.05010820
-0.37846800
0.26566400
-0.17036400
-0.10141600
-0.30258700
-0.28098800
-0.27211500
0.79547900
-0.46257400
-0.79156700
-0.13900000
-0.58343100
-0.36438500
-0.60360900
-0.30819200
-0.47889200
-0.25918800
-0.52506000
-0.41113300
-0.42797100
-0.07684690
0.65240500
-0.11637100
-0.19750200
0.18585600
0.15513800
-0.27175100
-0.41001000
0.01585690
0.03412470
-0.68700500
0.30448800
0.04764830
0.51302300
-0.78978900
1.17711000
0.42353900
0.84882100
-0.43035600
-0.63423300
1.55406000
-0.43703400
-0.34644200
0.42577600
-0.26264100
-0.31729000
0.36289200
0.32222300
-0.40204600
0.02012460
0.56414800
-0.33860200
-0.56878600
-0.45201500
-0.48212700
-0.07519730
0.46915500
0.30155200
-0.34617700
-0.50077200
-1.31143000
-0.33883800
-0.24966600
-0.19147100
0.28418300
-0.25490100
0.28812800
-0.37609200
1.16664000
0.10874000
-0.30193600
-0.30437100
0.24545200
0.30110600
0.11760300
-0.54088200
1.02415000
-0.20439000
-0.10820000
-0.14614400
-0.04438220
-0.75236400
0.45727900
-0.17535700
-0.37839900
0.29481200
-0.41426100
0.55559600
-0.07647110
0.01216830
-0.47552500
-0.10990500
-0.47416200
-0.59750300
0.43209500
-0.49702200
-0.04845080
1.00423000
0.06006170
-0.23645200
-0.04613890
0.52170700
-0.41587600
-0.09297570
-0.66597200
-0.02133060
-0.79094700
0.25699200
0.10689900
-0.32808700
-1.29417000
0.05626670
1.79380000
1.14265000
-0.64638500
-0.15847200
0.22042100
-0.15928300
0.56860600
0.14667700
-0.41770000
-0.64967900
-0.45109600
-0.44923100
-0.53554300
0.07584950
0.04934820
0.19464200
0.15377300
0.15225300
0.13883900
0.42970200
-0.25996500
-0.35780200
-0.28077800
0.35275900
-0.38083300
-0.89022800
-0.51026900
-0.81781300
-0.13457600
1.26663000
-0.43844200
-0.68789600
-0.16304400
-0.52635100
-0.11866400
-0.61142100
-0.21777200
0.42752700
-0.00128616
-0.62604200
-0.34878400
0.02418950
0.85227000
-0.59737000
-0.77136600
-0.41843200
0.13772800
0.44976500
0.55231800
-0.73750500
-0.52171600
0.02867940
-0.34550000
-0.62619900
-0.63233400
-0.33210500
-0.03032000
-0.24278500
-0.36169000
-0.23210600
0.62787200
0.27242100
0.13651000
-0.27300700
-0.01673320
-0.57925100
-0.05030000
-0.04144710
-0.25203500
2.43412000
-0.49697500
0.02619830
-0.03556140
0.01035330
-0.28882600
0.72836100
-0.12443700
0.20347200
0.29584700
-0.98173000
-0.64251500
-0.41433100
0.45516100
0.26699700
-0.40240200
-0.59254400
-0.20413600
0.15738700
0.03867680
-0.07034940
-0.20182200
-0.08611140
-0.35245900
-0.38554000
-0.06171760
0.03790050
0.71657300
0.54778000
-0.23764500
-0.31827800
0.04016670
-0.26558900
-0.02549290
-0.00170010
-0.23675200
1.57572000
-0.03137840
-0.16091400
-0.75260700
1.57779000
-0.93267500
0.65892800
-0.14834200
0.25527900
-0.71665800
-0.16354200
-0.33505900
-0.49455600
-0.34922800
-0.71761800
-0.47627300
1.63508000
0.34202500
0.19143800
0.00586851
-0.48577600
0.00627884
-0.13367000
-1.04135000
-0.60370800
-0.28448100
0.62518000
0.60254200
0.31103500
4.33986000
0.87068500
1.02414000
-0.17660100
0.16088900
0.88313400
0.64678600
0.59034900
0.28647300
1.59561000
-0.72631400
0.08750380
0.20900200
0.16856600
-0.55338400
0.16791400
-0.51259800
-0.03019710
-0.42552900
-0.46676200
-0.50225600
0.02779030
-0.42122300
-0.41816900
0.04795060
1.15023000
-0.22625900
-0.54802200
0.03917300
0.35210100
1.71698000
0.34596800
-0.34289800
-0.16591200
-0.09000880
-0.18743800
-0.14782400
0.26471800
0.47174800
0.67836300
-0.11667800
-0.15559000
-1.21467000
-0.16750300
-0.29625900
0.10067300
1.28168000
0.95113000
1.20488000
0.81920000
-0.67765600
-0.22365900
-0.95738700
0.53026100
-0.50879300
-0.29613100
-0.86220000
-0.49500800
-0.83740100
-0.38620700
0.17109400
-0.24992100
0.49846200
0.40261400
0.81452800
-0.19462200
0.74084800
-0.17592800
-0.21738600
-0.44241400
0.19122000
0.36023600
-0.20399500
-0.50276400
-0.67036800
-0.19073500
-0.12881200
-0.41981000
0.58123100
0.26693900
-0.21925400
-0.56848800
0.30818600
-0.45424700
-0.01547660
-0.15484400
0.53379100
0.06885930
0.00707795
0.26779400
-0.64681000
-0.39635200
-0.12270900
0.37294500
0.11359000
-0.33677800
-0.22576500
-1.03493000
0.11834200
-0.54175200
0.92821200
-0.11424500
0.07231320
-0.09930060
-0.98333900
0.40176800
1.14212000
-0.42098200
-0.43644800
-0.08492700
-0.26848000
-0.41208400
-0.53882900
-0.08058170
0.03923560
-0.66261400
-0.22369200
-0.62547800
-0.23847200
-0.78842300
-0.04909250
-0.65132100
0.46298300
-0.27889300
-0.32094200
-0.39134200
-0.04733150
0.08287460
-0.08671120
0.61975400
0.53947900
1.17381000
0.17119800
-0.65095300
-0.37661200
-0.24046800
-0.05962840
-0.59336900
0.77725800
0.32744100
-0.57237600
0.48211100
-0.67001500
-0.18317200
-0.21053100
-0.21696800
-0.54512100
-0.15828600
0.17666200
-0.45904300
-0.30716400
-0.53810200
-0.58184600
-0.29359700
-0.28032400
-0.70062900
-0.30265400
-0.53809300
-0.03147040
-0.12272000
0.76964800
-0.13680500
-0.33505700
0.47029700
-0.39991600
0.28861900
1.41323000
-0.15046800
-0.12527100
-0.42286000
-0.35854700
-0.01743570
-0.61727400
0.31473100
0.31460000
-0.63329900
0.38333600
0.19803500
0.65496800
-0.12787200
-0.39152200
0.22013600
1.64422000
-0.46663700
0.72670100
0.61885100
-0.38896000
-0.48477600
-0.25040500
0.70343600
-0.90253200
0.80522400
1.68790000
0.38582000
0.47746700
-0.36413900
-0.41758000
-0.59176400
0.28079000
0.61756200
1.24879000
0.03681630
-0.03437180
0.10454000
-0.52328400
-0.36835100
-0.49832600
0.29838500
0.41044600
-0.11363300
-0.24673000
-0.69899900
1.09509000
-0.53479400
0.59410300
0.03593840
-0.96044300
-1.04857000
-0.63459200
-0.01159440
-0.66680600
-0.82360000
2.27975000
1.41988000
-0.46467100
0.37050200
-0.39958300
0.57463500
0.19430800
-0.71155900
-0.16936800
-0.12379300
-0.77717500
-0.39146300
-0.52315100
0.09921710
-0.54554200
-0.58584700
-1.25749000
-0.08110350
-0.28014900
-0.07965390
-0.58268600
-0.11292400
-0.51072500
-0.82793000
-0.60746600
0.21942300
-0.41907900
-0.80569900
0.64822000
0.57376600
0.00494387
-0.83843200
-1.05296000
0.11105700
0.03805030
-0.14875100
-0.64426700
-0.94397500
-0.89845500
0.29169000
-0.28499400
0.39487600
-0.10987800
1.43197000
-0.06868290
-0.28587300
1.29880000
-0.54117000
-0.43154500
-0.44980700
0.85977000
-0.47602500
-0.30616300
-0.03616670
1.89837000
0.73518100
-0.31542600
0.20339600
0.27170100
-0.04953290
0.03198190
-0.36530400
1.41989000
0.85718400
0.28382300
3.04442000
0.65745900
-0.85069800
0.39777000
1.45110000
0.24544700
-0.36682700
-0.19151700
-0.42080400
-0.31769800
-0.22514200
0.19726100
0.05845850
0.29636000
-0.61039600
-0.80792900
-0.11525200
-0.07622640
1.03907000
-0.20914200
-0.41252200
-0.69000400
0.43867300
-0.14486800
0.21216900
-0.67897400
-0.14416000
-0.00234749
-0.28760400
-0.35009100
-0.34488800
0.13510400
-0.26721100
0.65334500
-0.28262500
0.15175900
0.04640640
0.02625140
-1.03828000
-0.33821000
-0.96349600
0.10894600
2.72318000
1.71056000
-0.77417700
-0.30857900
1.08420000
0.12162900
-0.84179200
-0.58320600
0.68637200
0.70266100
0.26369700
0.13731000
-0.48863200
-0.09733590
-0.92338200
-0.49211400
-0.51666300
0.57346900
0.08204560
-0.57560200
-0.41627300
-0.25766300
0.38271000
0.35809900
1.54840000
-0.17987100
-0.03686690
-0.46096800
-1.19034000
-0.00752360
-0.14938500
0.08676400
-0.36929600
-0.20319500
-0.35173600
1.48904000
1.31357000
-0.13983700
-0.19794700
-0.59061100
-0.07304670
0.23543500
-0.87343600
-0.56287200
-0.61378400
0.01287290
-0.14210000
0.04673080
-0.17425500
-0.66929300
-0.33880500
-0.47181900
-0.69332400
-0.49919800
0.01409170
1.22634000
-0.55779900
-0.43428400
-0.45427200
0.22740000
1.63113000
1.50853000
0.25289600
-0.22144400
0.04679120
0.66513000
-0.83153900
0.03000550
-0.24477400
-0.26993500
-0.05029860
0.51533800
0.24447100
1.53696000
1.00898000
-0.62123600
0.98337000
0.52174000
-0.24765400
-0.51347200
0.68049000
0.54343000
1.43179000
0.71617000
1.08571000
0.18295800
0.49750300
0.35769100
0.69550100
-0.05674550
0.75859600
-0.39422600
-0.00586443
0.29913000
1.07763000
-0.29172000
0.52175600
-0.41467400
-0.92813600
-0.14809600
-0.86484300
0.05434210
0.11616000
-0.46291800
0.19086400
0.09483360
0.53505900
-0.18820000
0.06803240
0.12902500
-0.17101800
-0.11567200
0.03310210
0.30190300
0.27199700
1.30911000
-0.27485900
0.76685800
0.76354900
0.22978600
0.09275680
0.31943600
-1.05550000
-0.35964300
-0.08456910
0.81463000
0.79183300
-0.67921000
-0.35819500
-0.09305630
-0.29601700
-0.73434800
0.01957570
-0.19393600
0.45396000
-0.36532300
0.17031400
0.09130730
-0.35122400
-0.45876900
-0.39659400
-0.18386300
1.62345000
0.86831500
-0.26111800
1.25353000
0.17979400
-0.27158800
-0.20460800
-0.23240000
-0.61819500
0.20393400
0.50824800
0.30313500
0.51826100
0.59713600
0.54623100
0.37313000
1.66704000
-0.77460600
0.22566300
0.10873800
0.21411100
0.66608800
1.37863000
0.41515500
0.10798800
-0.06626850
-0.21671300
0.16373500
-0.54257300
0.23667000
1.05877000
0.51039700
1.64400000
2.04674000
0.68806200
-0.18438300
0.17660800
-0.17635800
0.01249380
0.02238350
-0.06647790
0.81619900
0.39524900
1.57802000
0.26216200
-0.46965900
-0.11547600
-0.08187440
-0.66679000
0.13897600
-0.76425900
-0.46837600
0.32327300
-0.34690600
-0.97243700
-0.22402800
-0.05289200
-0.73025500
-0.55282200
-0.72705100
-0.38007200
-0.42305500
-0.45642400
-0.85396700
-0.56384400
-0.73315800
-0.66116200
-0.08582140
-0.10418700
-0.59662100
0.90548500
3.41584000
-0.19868600
-0.46343900
-1.12894000
-0.29393100
-0.39519800
-0.22921200
-0.18597600
0.25822500
-0.44391400
0.07528400
-0.99419200
-0.10321000
0.42170800
0.06869680
0.71311300
-0.30976500
-0.19946400
0.20395900
0.26031900
-0.13559700
-0.50776100
0.19020700
-0.08313210
-0.22729100
-0.40471800
0.43358300
0.21783400
-0.61985600
-0.02449670
2.45511000
-0.26648800
0.07252580
-0.18568600
0.21901900
1.08807000
-0.14109000
-0.41199100
-0.03551420
-0.23224500
-0.56784500
0.06509960
-0.42488400
0.27471200
-0.04125210
0.14317800
0.20574500
-0.44666000
-0.00330200
-0.15156900
-0.23372500
-0.06812940
-0.33788200
-0.41585000
0.10074200
-0.20390700
0.13762400
0.19886100
0.14654700
0.09151940
-0.01199000
-0.09635170
-0.30279400
-0.27418200
0.20692800
-0.02933250
-0.79931300
-0.01023090
-0.01422860
1.35166000
-0.21228900
-0.50733700
0.08292630
-0.37558900
-0.63736300
-0.05560840
-0.22859500
-0.26887700
-0.27735700
0.42100600
0.77326700
-0.15888100
-0.55631600
-0.24174800
-0.45824600
0.09472280
0.09808650
-0.30769900
0.04344470
0.30556800
-0.10430800
1.33379000
0.29787000
-0.33986800
0.46232900
-0.32814900
-0.07565200
-0.50165500
-0.17552800
1.52502000
-0.59955500
-0.27097300
0.08016370
-0.27997300
-0.25461000
-0.31056800
-0.09844570
0.42935700
0.33661500
-0.26955400
-0.85282300
-0.39324900
0.33743500
0.14229600
0.40194200
-0.61006000
0.04452250
-0.61124000
0.35630000
-0.03801940
0.41109600
-0.19200800
0.31166400
-0.60062500
0.05479410
-0.17315600
0.31038800
1.62193000
-0.17750100
-0.53712400
-0.18284200
-0.23651100
0.77760500
0.19994000
0.25720300
-0.60436200
-0.66003300
-0.01302080
-0.09522310
-0.01683140
-0.85388600
0.01767090
-0.20367700
1.24285000
1.14733000
-0.36981700
0.89908600
2.18158000
-0.18802700
-0.21319200
0.44541400
-0.37181200
-0.34681700
-0.12796500
0.08959850
-0.23957900
-0.26339600
-0.02289030
-0.41150400
-0.59824500
0.26536700
-0.02855720
0.06835700
-0.86190700
0.21528400
-0.24418900
-0.79116600
-0.11246300
-0.53213100
-0.68590100
-0.40100800
-0.77476000
0.37652500
0.48626200
-0.58171000
-0.61328400
-0.79112000
-0.02558030
-0.62554000
0.07557680
-0.16147200
-0.28972600
-0.33384700
0.57778300
0.02343280
-0.12067500
0.42306400
0.69007200
-0.07245190
-0.08723060
-0.50583300
-0.22627500
-0.23881000
-0.69025000
-0.07446250
0.17089700
-0.49548600
-0.27823800
0.62782200
-0.44458000
-0.24926400
0.77800500
-0.18400500
0.33789900
-0.60798000
-0.20995500
0.59811400
-0.79582500
0.65152600
-0.29822700
0.18047400
-0.11643800
0.20321900
0.06928990
-0.15729700
0.21650700
0.14272400
3.03001000
-0.32583000
0.97856800
-0.49979000
-0.45699700
-0.50754800
0.07130880
-0.20954100
-0.28825700
-0.04593470
-0.44505800
0.57746600
-0.15533800
-0.41730700
-0.16422300
-0.70041200
0.68474300
-0.53022400
-0.24615600
-0.63784300
-0.12545800
-0.30623800
0.60727500
-0.18628500
0.85178900
-0.53324200
-1.02250000
-0.21366600
-0.08084240
0.18239600
-0.16374300
-0.19992000
-0.03892760
-0.43698600
0.47990100
-0.25319500
-0.42335500
-0.46147900
-0.18394200
-0.72975200
0.00715052
-0.22365600
-1.24633000
-0.41476200
-0.41354900
-1.03619000
0.07377800
0.27344800
-0.36225200
-0.41496800
-0.19074600
3.13164000
-0.59245800
-0.09104020
-0.26494000
0.19214700
0.16228200
0.59652100
-0.13730800
-0.58714300
0.18355800
0.10920500
0.34491500
0.48817700
-0.24617700
0.24487800
-0.54445000
-0.24235400
-0.05022770
0.07372030
0.18575900
-0.44225200
-0.32531900
-0.17647100
0.32593200
-0.94161000
0.03245060
1.02243000
-0.15984900
-0.12222000
0.54877800
0.60313700
-0.04736760
1.14526000
0.55749700
-0.68924600
-0.91353000
-0.24730500
0.35351100
-0.28415400
-0.31511600
-0.06632670
0.13186700
0.00395983
-0.54609600
-0.16327900
-0.30758800
0.13929100
-0.40885400
-0.79220300
-0.50811400
-0.56351100
-0.02048340
-0.55984000
-0.37474700
-0.31172700
-0.92152400
0.44770700
0.87236800
0.46923000
1.33059000
2.17317000
0.76922100
-0.27103200
-0.01008120
-0.16988900
-0.21823800
-0.41528100
-0.69952900
0.62143400
-0.12516100
-0.90819400
-0.53210900
0.75435800
-0.41142300
-0.61770500
0.18764100
-0.60154500
-0.25390700
-0.79786600
0.29578800
-1.13042000
0.20578700
-0.12534700
-0.65571700
0.11200700
-0.43976600
-0.01605360
-0.39737600
0.07873650
0.26040300
-0.11232600
0.04901920
0.22216500
0.08464160
-0.08749050
0.18247500
0.02392420
0.45836400
1.16804000
0.06250490
0.44420100
-0.39204800
1.96165000
-0.32536700
-0.29795100
1.49409000
-0.48270900
-0.22283800
0.04319840
0.15942700
-0.25441800
-0.25695100
-0.43929300
-0.63072100
-0.29232100
0.89263500
0.93653600
-0.44559300
1.11182000
-0.24562000
-0.24070400
0.20008800
-0.97149200
-0.26578500
-0.16429900
0.41521200
-0.38282300
0.81751300
0.67250500
1.08766000
0.65660600
0.65136700
0.59770500
0.29899700
-1.02036000
-0.52016900
0.55807900
-0.72823000
-0.54180000
-0.33134300
-0.77083600
0.38438000
-0.21703200
-0.23750400
0.08083480
-0.26661200
-0.50520300
-0.52200700
-0.79588100
-0.34786500
-0.62088400
-0.29787600
-0.05212730
-0.34802500
0.98017100
0.66379000
0.70522700
1.26848000
-0.07576160
0.37376700
-0.34630200
-0.48143100
0.13638100
-0.54840900
0.46295100
-0.16511300
-0.18145700
-1.10405000
-0.69899300
-0.06555920
1.11508000
0.20539500
0.58005700
-0.60596300
-0.35619700
-0.88717800
-0.49959600
-0.71536100
-0.58876400
0.16036500
-0.41323300
0.15953100
-0.54621900
0.86997700
1.82108000
0.67536900
0.35792200
0.26645000
-0.99860700
-0.62546700
0.44306000
-0.26508000
-0.46503400
-0.07738140
-1.46696000
0.53822400
-0.19254200
-1.14191000
-0.02707300
-0.05670790
-0.42416700
-0.18271000
0.53677600
-0.39615500
0.26296800
-0.20279000
-0.08813620
-0.10427800
-0.21718700
-0.85382700
-1.39480000
0.05145480
-0.59932800
1.15791000
-0.29675900
0.01820130
-0.49658700
-0.09302350
-0.02016140
-0.17147600
-0.35505600
0.06717720
0.24937800
-0.20463900
0.06717960
-0.24605700
0.40034800
1.67112000
0.26456200
-0.36342800
-0.12309600
-0.26248100
-0.75673600
-1.12654000
0.47517400
0.54549700
-0.29170400
-0.20061300
-0.24423800
0.11689800
-0.08246900
-0.32156100
-0.04031500
-0.23455100
-0.11466200
-0.36919100
-0.64544300
-0.25833300
-0.68041900
0.20162300
0.66522400
0.73979500
0.04825900
-1.03546000
0.24627300
-0.40634800
0.07537990
-0.05827100
-0.67635500
-0.66892700
-0.42961000
-0.10189200
0.08575710
-0.02701110
-0.48607400
0.29170800
0.22057200
0.37731600
-0.34707000
0.38391100
-0.49625300
-0.28214500
1.28098000
1.11105000
0.60057000
0.30257100
-0.11684400
0.59011900
0.13655900
-0.14314300
-0.63575500
-0.89115800
0.88632100
-0.22549800
1.73441000
-0.46420400
0.15718200
-0.65066600
0.11701200
-0.53008600
0.16312600
1.14496000
0.54832100
-0.14542500
-0.10070100
0.12524800
-0.31307000
-0.69728400
-0.72659400
-0.13157400
0.41547100
-0.56798700
-0.58930200
-0.23416800
-0.29958200
-0.45695500
-0.36415100
-0.53171400
0.06002810
0.06132120
-0.01441630
-0.07378850
-0.84304600
1.53006000
-0.46478400
1.40334000
-0.35650300
0.72966600
0.10676200
0.08155360
0.99483200
0.33826600
0.91157700
-0.07539540
-0.65519700
1.17647000
0.22267500
-0.04298770
-0.64278400
0.42602800
-0.10053700
-0.13135000
-0.28682700
-0.68612900
-0.48403500
-0.19715900
0.36855100
0.73844900
-0.37865400
-0.39239400
-0.25969600
-0.63473700
-0.04961410
0.07956470
-0.35680600
-0.08282870
-0.13405500
0.47960500
0.02763450
-0.16861400
0.63880200
1.76745000
0.35761100
-0.06499290
0.18342000
0.14398300
-0.70874500
-0.23401200
-0.22337200
0.34460600
-0.38215400
0.05241280
-0.05406790
-0.02761990
0.55802000
0.45563500
0.39274100
0.01259640
-0.34921700
-0.43277100
-0.42735600
-0.01772430
0.65770300
-0.25970200
-0.56922900
-0.27916900
-0.54003900
-0.47993300
-0.20175100
-0.40443600
0.93016600
0.09626700
-0.05385380
-0.19634700
-0.06326150
0.19065800
0.21013900
1.19368000
0.05046390
0.35255900
1.52574000
0.01738420
0.67342000
-0.20266000
-0.17737300
-0.00532564
-0.54324700
0.95264300
-0.12596800
0.10749200
-0.46695600
-0.26433900
-0.84773800
-0.25158800
-0.34593600
-0.11686600
-0.20726700
-0.17050900
-0.15658900
-0.91234100
-0.45369600
-0.38420000
-0.55751800
-0.50451300
1.87016000
1.31104000
0.42140000
-0.26194400
-0.11869400
0.94090700
-0.27717300
-0.30559600
0.06448820
0.44796900
-0.65119100
0.57104100
-0.08395460
-0.98309600
0.18666400
0.70594800
-0.54547400
0.05481950
-0.67091900
0.02609280
-0.49552600
-0.95183000
-0.41274900
-0.05198760
0.23157300
-0.59173900
-0.00364058
-0.19315000
1.43745000
-0.59704700
0.39612700
-0.02385980
-0.40596400
0.28706000
-0.09814970
0.92097300
-0.83858000
-0.43353300
-0.08198310
-0.74482500
-0.71918900
-0.06002910
0.20996700
-0.45866600
-0.55090100
0.56578000
-0.18089700
0.52224300
-0.36102300
0.23254900
-0.51185800
-0.27361500
-0.63937500
0.06712020
1.80678000
-0.05094730
-0.81012500
-0.36571000
-0.14524300
0.37213000
-0.50235700
-0.10193100
0.11415800
-0.46839200
-0.12721000
-0.39263500
-0.35231100
0.22748100
-0.02431000
-0.07535450
0.09628210
0.00944432
-0.06977920
-0.22613600
0.76612100
-0.72023800
-0.78895300
-0.53971700
-0.63714700
-0.93784400
-0.58216400
0.71906400
-0.26715700
-0.66836800
-0.37729600
-0.71464000
0.30736200
0.92810500
-0.36920600
0.21866200
0.00163870
-0.69267200
-0.32375500
0.36116000
0.11397400
-0.24487700
-0.43150500
-0.03331500
2.66032000
-1.01972000
-0.15504500
-0.04074690
-0.36939100
0.80963200
-0.14672800
-0.13116000
-0.08156490
0.61359600
1.00315000
0.52043100
0.00567855
0.08031900
-0.16550400
0.00188150
-0.11624300
0.21939900
-0.33565400
-0.38957700
-0.80641100
1.04727000
-0.07308770
-0.48402900
-0.13893500
-0.00261289
-0.56278000
0.31882900
-0.10442100
-0.58130400
-0.69898000
0.01179220
0.19176400
0.87460800
0.29657200
-0.02004770
0.47185500
-0.75406500
0.13348900
1.62191000
-0.73534800
-0.42473700
0.15131000
-0.42531500
-0.78368300
-0.32414700
-0.05453690
-0.25341800
-0.34416200
-0.01516690
-0.28495000
-0.12321400
0.44668900
0.24702800
-0.47216700
-0.00244766
-0.17367800
0.22827400
0.08497870
-0.27625600
0.06570800
-0.21227700
-1.13803000
-0.20257200
-0.16508600
0.69943900
0.04981380
0.29927400
-0.61856100
-0.63279100
-0.34701000
-0.59663700
-0.41128000
-0.78384200
-0.31057600
-0.08493440
-1.31962000
0.52849300
0.14257000
-0.48414900
-0.72897900
-0.23709200
-0.23325800
-0.76104100
-0.04750520
0.00117497
-0.77639700
-0.28962700
1.22957000
-0.97899200
1.51273000
0.08658310
0.49083400
0.24865800
1.30798000
-0.26152700
-0.83338200
-0.25759700
-0.55894100
0.76521400
-0.23667700
2.29048000
0.95280100
1.23500000
2.69074000
0.40793000
1.78852000
-0.07594900
0.60400000
-0.93826400
0.28550600
0.37879200
-0.16947400
-0.66280700
-0.00844330
0.52307500
0.75853400
0.96075900
-0.23123400
0.14263900
0.24547400
-0.05076910
-0.23151500
0.35122900
1.94233000
0.82979200
1.02653000
0.50357000
1.49489000
0.66129200
0.34776600
-0.62098300
0.01816610
0.15577500
0.54448400
0.29322600
-0.67460800
0.25634200
-0.43650200
-0.71958600
-0.02251020
0.26062100
-0.33411200
-0.02463370
0.06350580
0.57651000
0.09874530
-0.10876300
-0.68300400
0.01785920
0.43325600
-0.37897800
0.13830100
-0.65970800
1.70610000
-0.23832000
0.05729710
-0.18701100
-0.43194400
-0.47988300
-0.38393900
-0.18161700
-0.24507800
0.13694600
-0.21079200
-0.08698800
-0.56909400
-0.55857700
0.25575800
-0.04272620
0.60817400
-0.03626110
-0.40412000
-1.09322000
-0.10087400
-0.61276000
-0.34779900
0.41492100
-1.06814000
-0.40074100
0.22521900
2.05694000
-0.11955800
-0.36798700
-0.60577200
1.19737000
0.14133200
0.19994400
0.25240800
0.23926400
-0.13363900
-0.04080800
-0.35807200
0.10903600
0.49997700
0.31736600
0.84706400
-1.01659000
-0.66629800
-0.15216000
0.21239400
-0.46506400
-0.66449500
-0.26552300
0.25188500
-0.65367900
1.27194000
-0.14452000
0.27713700
-0.92221900
-0.32882600
0.29914000
0.80479100
0.02962300
-0.62891400
1.49643000
0.74853900
1.33858000
0.04883510
0.41865600
0.07227910
-0.70980200
-0.51887000
0.05170030
-0.31557800
0.24372200
0.06443240
2.68364000
1.18338000
0.20099200
-0.06939750
0.05866210
-0.45278200
-0.47569900
-0.72543800
-0.45091500
-0.01694850
0.16081400
-0.67842400
-0.37661100
-0.09651480
0.11816900
1.05851000
0.39888700
-0.74506400
-0.74162700
0.57385900
-0.22466000
0.04609200
-0.14638400
-0.46030600
-0.55279100
-0.62776600
0.03639370
-0.54402300
-0.24420000
0.13387000
0.51672600
-0.28871100
-0.47894200
-0.12082600
-0.91995600
0.03057210
-0.15625700
-0.87344800
-0.53035200
0.23504500
0.18337400
-0.21300100
-0.28647800
1.07464000
0.56241200
-0.22548900
-0.83038900
0.27907700
-0.12191300
-0.08215570
-0.20845200
0.57224500
-0.55362500
-0.34427500
0.03790100
0.17078900
-0.02507980
-0.76568900
-0.77786000
0.50436700
0.13427500
-0.80862600
-0.17048400
-0.68244500
-0.34674800
-0.73722300
-0.75506300
-0.16435600
-0.72458800
-0.21106000
-0.03328250
0.17994300
-0.59290200
0.41082800
-0.24304600
0.16983700
0.10888400
0.68096100
-0.89532700
-0.46364100
-0.19803200
-1.07498000
0.41771000
0.08316510
-0.40725700
-0.53061300
-0.04621500
0.06686390
-0.37304300
-0.12386100
0.63008100
-0.25248700
1.19684000
0.36694600
-0.27955200
0.04338910
0.78346200
0.04824300
-0.66154300
0.95452600
-0.33472100
-0.52622600
0.07960780
-0.36322900
-0.18689000
-0.25659800
0.15195800
-0.39652100
-0.05442870
-0.70093500
-0.17943800
-0.33357700
-0.06991880
0.15861100
-0.68034600
-0.57197400
-0.12510300
-0.20797600
-0.20095500
-0.29108700
-0.02977870
-0.28402100
0.14825000
0.01045290
-0.05409710
-0.73769700
0.28230800
-0.10628200
-0.40295700
1.53244000
-0.08210390
-0.07604600
0.38690600
-0.37444800
0.33316500
-0.86433200
-0.71984800
-0.09604000
-0.54657300
0.07946220
1.80518000
0.28526900
0.07525050
-0.22831800
0.10773400
-1.03903000
0.12996800
-0.14080900
-0.01634030
-0.61722900
-0.04373230
-0.31705300
-0.00579214
0.24258400
-0.12465300
0.25937800
0.86720400
-0.07686460
-0.47982200
-0.63801500
-0.75885800
-0.42729800
-0.15265400
-0.73322800
0.20745900
-0.74721100
1.12340000
0.22417900
-0.43407300
-0.19913600
-0.41753700
-0.02281400
-0.25193500
0.75014100
-0.28500800
-1.23222000
0.11003700
0.36968500
-0.56275100
-0.32255700
0.11901100
-0.08045200
-0.17814200
-0.34780900
-0.32099700
-0.30152500
0.04310310
-0.34826600
-0.71030000
0.18878000
0.21433200
0.00834846
0.66319400
-0.47964000
-0.04551730
0.47391300
-0.43052100
-0.75353900
-0.07797360
-0.05020490
-0.09285930
0.23099400
-0.22400400
-0.13125500
0.38566300
-0.13105800
-0.63972400
0.10146900
-0.49289600
-0.04909130
-0.84950000
-0.02153880
-0.74033700
-0.09811090
-0.27839200
0.94773900
-0.32287700
-0.28154900
-0.35588500
1.79197000
-0.20835000
-0.20726600
1.05706000
1.82675000
0.49176200
0.46305500
0.66733500
0.31579300
-1.12918000
0.54064800
0.01947410
-0.12061200
-0.51413900
0.36967900
0.09856290
-0.22631600
0.01898860
-0.21568200
0.10508600
-0.96652900
0.34398500
-0.04048340
0.40030300
-0.00649170
0.21652500
-0.23260900
-0.23026900
-0.06839110
0.04917320
0.08280440
0.29501000
0.38994600
1.85791000
-0.13089900
0.29735400
-0.29061900
0.33082000
-0.29629700
0.70118100
0.91775400
0.34345400
-0.03518260
1.68858000
-0.71883600
0.74414400
0.12191200
0.05681250
0.36877000
1.09401000
-0.41205800
-0.01984480
-0.11257900
-0.37292300
-0.19159200
-0.47008100
-0.62829700
-0.20401100
0.08004490
-0.50912400
-0.78421000
0.46518900
-0.27743200
-0.18873700
0.31613700
0.27939500
0.91006600
-0.67508100
-0.52049300
-0.13078400
0.24398900
-0.71245300
-0.24721000
-0.20953800
-0.47343600
-0.51650300
-0.18507400
0.53034100
-0.70410500
0.29240200
0.69748700
-0.76715100
-0.95842300
-0.32300400
-0.20574100
0.33264200
0.05624880
0.44723600
-0.78183100
-0.34991800
-0.27419300
0.04911210
0.14793400
0.43128800
0.38040900
-0.51267000
-0.83473500
0.33815100
0.30359600
-0.14394100
-0.25632400
-0.91309800
-0.35865600
-0.48297400
0.14476600
-0.47442200
-0.40055100
3.22408000
-0.40411100
0.47991000
-0.01895010
-0.67395600
0.08128020
-0.08321120
0.43676500
0.09893480
0.24290800
-0.04175700
0.30046600
-0.30617200
-0.67291300
-0.35874300
-0.37003200
-0.16450100
0.23978800
-0.76330600
1.51072000
-0.45839700
-0.58886500
-0.36334800
-0.52972400
1.85273000
0.29181300
-0.27387100
0.72463800
0.55392500
0.37883100
-0.68514600
0.45475100
-0.33781800
-1.15040000
0.94989300
0.17720600
0.09406810
-0.06410950
-0.82404100
-0.83083500
0.46067500
-0.64986000
-0.15293800
-0.00449621
-0.24145900
-0.57311100
-0.28968500
0.11815300
-0.42078600
-0.12015600
-0.30881800
-0.46006400
-0.33249200
-0.14124300
0.35726000
0.37565900
0.49663400
-0.43482500
0.22861100
0.38033200
0.64691000
-0.37040600
-0.26111100
0.20789700
0.27404200
0.21387000
0.80761800
0.31753000
0.47059700
-0.33727600
0.43119000
-0.04210710
3.09608000
-0.29977900
-0.59448700
-0.45553600
-1.01464000
0.61390400
0.49065700
1.06910000
-0.75872100
0.52377400
-0.38565500
-0.11165400
-0.62648000
-0.15720600
-0.38983300
-0.36439200
1.06538000
0.18260500
0.36564000
-0.21574700
1.18121000
-0.08664390
-1.19511000
-0.72426800
0.20011800
0.10552300
1.71196000
0.19336200
-0.23115500
-0.20471400
-0.72824700
0.05875790
0.01292470
0.31132100
-0.14188900
-0.66869300
-0.53900800
-0.38256600
-1.03387000
-0.10589300
0.18900400
0.09679320
-0.41696400
0.56355100
-1.04673000
-0.56615200
0.16947700
0.27942100
-0.59030900
-0.10256600
-0.37187500
0.69283900
1.16715000
0.52922100
-0.67245600
0.20537900
-0.08137810
-0.38104900
0.37935000
1.28435000
0.26170800
0.00634677
1.08170000
0.68285000
0.77287400
-0.12784800
0.24967500
0.20085700
-0.35167100
-0.71061900
-0.70544100
-0.24235900
-0.99393200
-0.09712610
1.10609000
-0.11374200
0.29238000
0.07525050
-0.09288140
0.35512400
-0.27549400
-0.06094980
-0.28002700
0.09971910
-0.22204700
0.46500800
0.34256500
-0.44675400
-0.27984100
0.57269800
-0.44034100
-0.07618060
0.69901400
0.23044700
0.27439500
-0.59189400
-0.46309500
1.80034000
-0.25827300
1.35366000
1.57821000
0.94904600
0.82432300
1.20366000
1.13603000
0.34514700
-0.22145800
-0.57452000
-0.28157900
0.16020600
-0.04629800
-0.00949361
-0.05152550
-0.45250200
-0.77967200
-0.91291600
-0.08315420
-0.52427900
0.16020600
-0.27802600
-0.06335990
-0.75350000
-0.08661990
1.67388000
0.08146370
-0.55436600
-0.62151400
-0.44174500
-0.09377910
-0.16643000
0.08373460
-0.36193500
-0.07150600
-0.06723790
-0.37208400
-0.43855900
-0.26415200
0.14576600
-0.10130000
-0.65924800
0.28836100
-0.21524900
-0.42776400
0.16854400
0.12502600
2.04316000
-0.31519700
0.22409200
-0.19895000
0.45576600
1.97144000
-0.35056600
-0.14238200
-0.27496600
-0.18976100
0.21303100
-0.20475300
-0.10105000
0.71461400
0.19259600
-0.59411900
0.07130160
-0.36839200
0.03416860
-0.58914200
-0.22513500
-0.42325400
0.75632600
-0.33939400
1.12108000
-0.42107800
-0.22406700
-0.13714600
0.34194900
-0.04715820
-0.18738300
0.04337590
0.37032100
-0.31339200
-0.15096000
-0.10357400
-0.71468900
0.55056700
0.23210600
0.23210600
0.11557300
-0.60862800
-0.04036530
0.45730300
0.14436700
-0.13777200
0.62911000
-0.40210800
0.00610068
-1.18107000
-0.12006400
-0.22443800
-0.09178190
-0.42407700
-0.17038600
-0.62473800
0.58489700
-0.02317560
-0.44550800
0.13659000
-0.30946000
0.00601445
-0.07054750
-0.15374400
2.37200000
0.32498100
-0.03617600
0.90877900
1.30980000
-0.26508800
-0.34188400
1.33064000
0.18347600
0.20402900
0.18028400
-0.56867200
-0.15129800
-0.54119700
-1.14071000
0.47970700
-0.83237200
0.19277200
-0.76242600
-0.53287300
1.56272000
0.00953421
-0.39994700
-0.03428180
1.73600000
-1.13011000
-0.58525400
-0.28998500
0.67403600
0.84373600
0.18805700
1.81156000
0.50242100
-0.22252200
-0.53822000
0.01822050
0.16876000
-0.16605100
0.49025600
-0.59741600
-0.57677400
-0.97873000
0.07228780
0.30206300
-0.65743700
-0.30141800
-0.69698200
-0.65924800
0.04905600
0.24934500
0.11720200
0.19150200
-0.29417400
-0.60295600
-0.08122180
-0.27858900
0.38846900
0.07570420
-0.14878100
-0.02245570
-1.04802000
-0.55226200
0.40923200
-0.25680600
-0.73452000
1.00759000
0.01653330
-0.15294000
-0.12670000
-0.23172000
-0.40440100
-0.02950130
-0.16191100
-0.70246400
0.17836600
-0.57437600
-0.57437600
0.16252000
0.23547100
0.82665900
0.51766700
-0.19840500
-0.03633120
-0.83750400
0.31737700
0.26826700
-0.09510430
-0.20333900
-0.01430710
-0.37328200
-0.22639400
-0.09744120
-0.42409600
-0.41504900
0.06824400
0.76705700
-0.32882500
0.93172500
0.79917700
0.08473400
0.99414700
2.03441000
0.42417800
0.04145790
-0.23103400
-1.05762000
-0.69998300
-1.08605000
0.37715800
0.09198530
-0.42924700
-0.44169700
-0.61504800
-0.44628900
1.65331000
0.20289800
-0.70040600
0.24379000
2.60996000
-1.29537000
0.55392800
-0.76654600
0.09292420
-0.13408200
-0.91858400
0.02892530
-0.05625560
-0.42984400
-0.10607500
0.06650300
-0.54980400
0.05642860
0.23169100
-0.59779300
0.87680200
-0.56857700
0.26415900
-0.23098400
-0.08133240
0.00408192
0.80167300
-0.05163080
0.23649500
0.47664600
0.69447400
-0.55117200
0.31341600
1.16253000
1.09337000
0.40294900
-0.30996800
0.30029800
-0.67993000
0.44139800
-0.32898600
0.06440300
-0.20500500
0.25034900
0.49266300
0.00326179
-0.34465600
0.28580800
-0.20490700
-0.08510490
-0.34585200
-0.25044200
0.06835610
0.31168100
-0.43817900
0.16708800
-0.19091500
-0.37559600
-0.85452500
0.30519100
-0.81663300
0.20121300
-0.31024000
-0.42713100
-0.29752000
-0.16359100
-0.31296100
-0.36383500
-0.04086390
0.31017900
1.85718000
-0.07052810
1.59049000
0.01912060
0.39746400
-0.92467600
-0.20238300
-0.62639000
0.54824700
0.17333800
0.00818096
-0.23170500
0.93426200
0.31476500
0.66433700
1.37709000
0.19895100
-0.31635800
-0.47709700
-0.29927700
-0.44661400
-0.36767900
0.33593900
-0.61803600
-0.28264400
0.42776600
0.39671400
-0.30311900
0.04945710
-1.04194000
0.42587300
-0.16567100
-0.66604400
-0.61674500
-0.31077600
-0.27124000
0.23734400
0.59626500
1.70939000
-0.80571900
-0.64486100
-1.00552000
-0.62925800
-0.48711900
-0.29021700
-0.86579200
-0.00293046
0.30257000
-0.42348700
-0.73404600
-0.28066200
0.50224100
-0.11635400
-0.44681200
0.06255320
-0.22191400
-0.66397900
0.15093300
0.55140600
0.32687000
0.45600700
-0.43590700
0.23655800
0.33072600
-0.47789800
-0.28912800
-0.02491090
-0.28074200
-0.19629400
0.22760300
-0.40544400
0.56463400
0.01295320
-0.60525800
0.79738300
-0.20092400
-0.36963500
0.55724600
-0.12105200
0.18967600
-0.02292250
0.04494820
-0.10701700
0.01625890
-0.64856100
0.08834580
0.41896600
-0.38655100
0.12308400
2.19269000
1.66770000
0.87202600
0.49848500
0.17898200
0.02564370
-0.18370600
-0.17748900
0.24802400
-0.62465800
-0.13875700
-0.73991200
-0.07628370
-0.20252800
0.07109020
-0.46089400
-0.93201400
-0.54111000
0.01715010
-0.67146500
0.28930500
0.31975100
-0.45814000
-0.64131000
-0.93738400
-0.57865400
-0.44114600
-0.21247100
-0.71589800
-0.49300500
0.20519200
0.27698300
0.09402070
0.02270760
0.15092700
0.23187800
0.00596924
-0.56777900
-0.24147500
-0.38672700
0.14519100
-0.72560300
0.08079280
0.34400400
0.25992900
-0.20894300
0.16647300
0.12517500
-0.00019815
0.22854600
-0.35703800
-1.07233000
-0.99064000
-0.32392500
0.39131100
0.00144708
1.57632000
0.80530600
-0.35328100
-0.16649900
0.08579230
-0.49487100
-0.27366400
0.48881500
-0.39273300
0.09553720
-0.61570000
0.13924600
-0.89058200
0.01705690
0.23728500
-0.50841500
-0.00272781
-0.22979700
-0.12141700
0.09011090
-0.70318400
-0.21293900
-0.12218000
-0.08958600
0.44793400
-0.59582100
-0.46284900
-0.96575400
1.10978000
-0.45863200
0.21937100
0.43968900
-0.11173500
-0.50219000
-0.18091800
0.10078000
0.28516400
0.05127350
-0.67434800
-0.58635600
0.69396600
-0.49594700
0.14344100
0.20489300
-0.39351600
-0.22914300
-1.06163000
0.27137600
0.21740100
0.10163300
-0.45447400
0.94049300
0.05022530
-0.19805500
-0.54979600
0.68108700
1.25164000
-0.03973060
-1.04746000
0.48764700
0.99793400
-0.09103950
0.39313500
-0.86877200
0.62658000
-0.00783449
-0.32092900
-0.06236720
0.62941400
-0.00372391
1.43902000
-0.46949300
-0.03853170
1.38963000
0.54667000
0.11736000
-0.33562300
-0.20934100
0.30196900
-0.81898100
-0.20420000
-0.56452000
0.03573220
-0.06410810
-0.75020100
-0.12061200
0.09210200
0.50107800
-0.10905200
-0.88359300
-0.87806900
-0.57033500
-0.78591100
0.41443800
0.12020400
0.18884100
-0.07447100
0.57040200
-0.59963400
-0.22875900
-0.11140700
0.39948300
-0.07978700
-0.62609200
-0.49480800
0.48427100
-0.39432900
-0.42961000
-0.08106620
-0.40035800
0.03033320
-0.25019600
-0.06711060
-0.45768400
-0.44249800
-0.48545500
-0.31461900
-0.28258800
0.23378800
-0.47507900
0.62090000
-0.68837000
2.66351000
-0.32198500
0.21622900
-0.20754400
-0.00602217
-0.34611700
1.16451000
0.69961800
0.40011400
0.97406200
-0.54819600
-0.42729800
-0.52685200
-0.27663100
0.71511300
1.32569000
-0.10888200
-1.29314000
-0.09549140
0.66027100
-0.71069900
0.11808300
1.82189000
-0.44855300
-0.44760600
1.33244000
0.53963500
1.03532000
1.74597000
1.34794000
1.30157000
1.16404000
-0.59326200
-0.64085800
-1.45522000
1.55784000
2.22232000
0.83450500
0.99995200
0.70781200
1.44783000
1.41841000
0.71794700
0.06008810
-0.03884770
-0.51654700
-1.10521000
-0.13601800
-0.20437500
-0.11483100
-0.11915800
-0.32405100
-0.73065800
-0.18711500
-0.02754920
0.31896000
0.13498300
0.84716200
1.00422000
0.24017300
0.68866100
0.30025300
0.11711200
1.16016000
1.32006000
1.58875000
1.61928000
-0.50796500
-0.32159000
-0.01604890
0.05688640
0.49444300
0.41521900
-0.19054200
-0.09225920
0.60726000
0.14277700
0.91407100
-1.21076000
-0.69991000
-0.13387200
-0.03417310
0.09552720
0.29904900
-0.32225100
-0.30793300
0.54950000
0.36736400
-0.29891000
-0.17260200
-0.53216700
0.26734200
-0.03956650
0.38967900
-0.17767700
1.11891000
-0.58752700
1.23116000
0.86830400
0.57323700
0.27547100
-0.25712400
0.44231400
2.19923000
1.91473000
0.39720300
0.46467100
-0.30040900
0.02738260
-0.17761300
-1.09133000
-0.10950300
-0.93324600
0.19049400
-0.42278300
-0.39997800
-0.86918400
0.01809500
0.03475020
0.31557100
-0.38714300
-0.18276700
-0.19545300
-0.29521500
-0.39897500
1.56904000
0.36517400
-0.00731209
-0.03248830
-0.52074300
-0.45550500
-0.01732380
-0.69169800
-0.33979000
-0.36337500
0.10032800
-0.53857900
0.01760220
-0.15451500
-0.26860100
-0.14083000
-0.82611400
-0.54613000
-0.02368160
-0.46894200
-0.77878500
0.55647200
-0.52841500
-0.22014700
-0.90329300
0.47066300
-0.06182560
0.53657100
0.24060400
-0.10490600
-0.80618400
-0.08661620
-0.43079000
-0.30502000
-0.63613300
0.41931000
0.01354530
-0.03120450
-0.25990600
-0.02885500
-0.64601400
0.16588100
-0.15749800
-1.06368000
-0.33611900
-1.33018000
0.20481500
-0.34312100
-0.21583400
0.29772600
0.10851300
-0.13605400
3.13384000
0.78374700
-0.63994900
0.02136350
1.15381000
0.08186640
-0.33951500
-0.19982400
0.51855600
0.44890300
0.35510800
1.03802000
0.43244300
-0.01808010
0.31450200
-0.30870600
1.28322000
-0.45177600
-0.24105300
0.23210300
-0.18488800
-0.52060900
0.20372800
-0.06207140
-0.37051300
-0.19404100
-0.23173700
0.03966230
0.16894800
-0.46274400
-0.35226700
-0.24025900
-0.12282200
-0.17909200
-0.44258700
0.25374200
-0.56886800
-0.77701500
-0.41909200
-0.60850200
0.23780600
-0.04319790
-0.40568800
-0.08479060
1.09897000
-0.22523000
0.28352600
-0.35944900
-0.47114400
-0.02348880
