4.84816000
6.87921000
5.40005000
5.12398000
6.17692000
5.56381000
5.09298000
5.23644000
5.06803000
4.89975000
-0.18189700
4.96453000
5.15903000
5.23610000
5.16592000
1.23916000
5.79950000
0.27119200
5.06764000
5.69676000
5.64455000
0.94959700
6.00678000
5.33755000
5.94122000
5.32863000
4.87869000
5.38891000
1.46107000
5.24774000
5.56647000
5.02725000
5.22855000
5.77555000
0.62282000
5.60097000
5.90830000
5.36930000
5.18963000
4.87503000
5.41838000
1.96768000
4.88006000
5.27920000
0.76992000
5.36681000
5.58722000
5.19137000
-0.32680400
0.30118400
-0.73035600
-0.21213400
-0.30288700
-0.22161300
-0.24998100
0.24187700
-0.42479600
0.18056900
0.43730200
0.54379300
0.18028300
-0.12592000
-0.28562200
0.00154118
0.21217200
0.30273700
-0.50866100
0.40667300
-0.18530500
-0.01786270
0.08361630
0.69047700
-0.10938800
0.84948400
-0.56537900
-0.18242500
-0.12276000
0.06925400
-0.11185200
0.04077600
0.19621500
0.16782800
-0.02899430
0.27498300
-0.21706200
-0.14547100
-0.26482200
-0.46120400
-0.83993000
0.22221800
-0.41957200
0.02005220
-0.61860700
-0.43429400
-0.12989400
-0.09430780
-0.41814400
0.07960170
-0.04179120
0.02123970
0.77091000
0.14716200
0.18632800
-0.60370200
-0.09758690
-0.22653600
1.51411000
0.36554600
0.34497500
0.72110500
-0.77133300
1.60466000
1.07147000
-0.76863300
-0.75442100
-0.16484500
-0.29711600
-0.01903280
-0.05093550
0.09502740
-0.48428200
0.22839400
-0.02809170
0.51454300
-0.50782100
-0.15347100
-0.29104600
-0.27570800
0.07063730
-0.28249200
0.52869300
0.03339880
0.15156600
-0.42518900
0.03161140
0.96995200
-0.38697400
-0.42289800
1.26871000
0.80856000
-0.16540000
0.82698800
0.13293300
-0.01849480
0.02666360
0.03890710
-0.07961720
2.03765000
0.43550700
0.18727200
0.86632700
-0.37372000
0.34950200
0.24682300
-0.05002230
-0.08617010
0.32340800
-0.06476090
-0.10681900
0.16620000
-0.36800100
0.08611510
-0.25318100
-0.42258600
-1.01897000
0.22858100
-0.33850400
0.43249500
-0.53232200
0.20056300
0.78702600
-0.25436500
0.48598300
0.42814700
-0.34303600
0.03955090
0.12556400
0.37141200
-0.25185400
0.15801400
-0.18556900
-0.10987700
-0.01579970
-0.23307100
-0.43369000
0.34411800
0.76503200
0.08607990
0.14643100
0.67777500
-0.12701000
0.12292900
-0.29808500
0.32946500
0.06165650
-0.37687900
-0.10999300
0.38725700
0.50340600
-0.04505050
0.42293600
-0.01030170
-0.32597200
-0.51433900
-0.66415100
-0.48923400
-0.15334200
0.00052185
-1.02560000
-0.13055100
-0.20169400
0.07339290
-0.38357000
0.14556700
-0.60470000
0.39114000
-0.65186700
-0.14065500
-0.23210200
0.73263800
-0.38053700
-0.35955700
0.44504300
0.04716960
0.18568500
-0.26554900
-0.06909480
0.22430200
-0.43985900
-0.42045900
-0.33413900
0.01031070
-0.06016710
-0.87018000
-0.20435900
0.36229700
0.20096800
-0.30997300
0.02663200
0.26045900
-0.62775000
0.34887900
0.03318950
0.37958700
0.51837400
0.68612200
0.26370400
1.41453000
-0.20268600
0.29483500
-0.41747900
-0.01684430
-0.16394400
-0.23896900
-0.39685000
0.06047580
-0.95223300
-0.50982800
0.25483100
1.51330000
0.34630300
0.20620800
0.43143600
-1.35931000
-0.29744700
0.39708500
0.75088600
0.98665200
-0.08901420
-0.22863400
-0.02516580
1.58707000
0.23886300
-0.47473700
-0.19250400
-0.12515100
0.44434700
0.41359400
1.22082000
0.02333500
1.59451000
-0.37887100
-0.19587300
-0.25299700
-0.38681200
0.26018800
1.32337000
0.29763500
0.33188900
-0.33411000
-0.43526400
0.27871700
-0.04799630
-0.10675500
0.20098100
-0.92848400
-0.38056700
-0.00621810
-0.68473000
0.13065100
0.02423830
0.61075800
1.82570000
0.00307158
0.13183900
-0.48735400
-0.32271400
-0.25198700
0.38024600
-0.48287400
-0.61564900
0.21158300
-0.16158700
1.15617000
0.02822890
1.05418000
0.50840700
-0.06994820
-0.40493600
-0.17850500
0.18670700
-0.11745800
0.49354700
-0.35426100
-0.12556800
-0.10108600
-0.75764400
0.67261000
-0.34230500
-0.32116700
0.11629700
-0.65146900
-0.18752200
0.22346800
0.28146300
-0.17585100
0.48118900
0.11164000
-0.57056100
-0.06839320
0.02347680
-0.09548920
-0.33249400
-0.14824500
0.45239700
0.24800700
-0.49696500
-0.29159500
0.14850400
0.31828100
0.84845100
0.51652800
0.07930320
-0.51597000
-0.36889500
-0.86268800
-0.85090700
0.06915700
-0.00528832
-0.40454500
0.38280800
0.02672270
0.08518080
-0.07565920
0.10733300
0.28552800
0.14337300
0.24365600
0.40728500
-0.19730200
-0.03505260
0.48821100
-0.08688750
0.43128500
0.06967410
0.15735200
0.26830500
-0.33505300
0.10389700
-0.09573190
0.29710700
-0.34451200
0.15231400
-0.31210000
0.63506100
0.14897200
-0.08201230
-0.47871400
-0.54995300
0.17323600
0.35912500
0.46977700
-0.45611900
0.51692300
0.00602307
-0.56398100
0.42683900
-0.93604600
0.75609000
-0.24735500
1.67069000
1.57298000
0.03962780
0.34044000
-0.20204200
0.13882200
-0.13153600
-0.49165600
0.38636200
0.26152200
-0.03746610
0.03654650
-0.21671900
-0.58318000
-0.29528300
-0.28610600
-0.10846200
0.07593490
0.02901900
0.53529900
-0.58837900
-0.08521850
-0.55097400
-0.41549300
-0.26537100
-0.19879100
0.00233502
0.22753200
0.13938000
-0.12040400
-0.25844200
0.25420300
1.38656000
-0.19402700
-0.39657200
0.13787100
-0.42904600
-0.38588400
-0.74602200
0.59087200
-0.24576200
-0.57546900
-0.99463100
-0.18395400
-0.70673000
0.01972900
0.70860300
-0.59758800
0.32478600
-0.42632400
-0.10752800
-0.03610340
-0.05344850
-1.02966000
1.21761000
-0.40949500
-0.24869500
-0.73448100
0.89748200
0.10280600
-0.45507500
0.18439700
-0.20883100
0.41536700
-0.65722700
0.51411300
-0.40612900
-0.11018200
1.17725000
0.54427700
-0.52471400
-0.38934900
-0.53032600
-0.32623400
0.28180600
-0.13515900
-0.12072100
-0.28441100
-0.80611400
2.53290000
0.05647670
0.20323100
-0.18440000
-0.91221100
-0.15736900
0.22415700
0.01809690
0.48261700
0.99789100
0.32480300
-1.02839000
-0.20608400
-0.34762600
0.44202800
0.00741491
0.04840940
0.24938700
-0.01158570
-0.42215800
0.06217460
-0.01069060
-0.83140500
0.11120500
0.10764600
0.05500450
-0.29487600
-0.20078200
-0.73700600
-0.24709600
-0.51210000
-0.40439200
-0.46588400
0.53256700
0.03103840
0.69101900
0.15470800
0.10174200
0.18571600
-0.44840700
-0.38458200
-0.09355590
-1.52000000
0.23872300
0.01409120
-0.63975700
-0.38944100
-0.03591820
0.50881800
-0.94013200
-0.13106600
0.67844200
-0.18597600
-0.68008200
0.36118700
0.07945990
-0.07557410
0.40354700
-0.34082600
-0.22045400
1.01352000
0.43460200
-0.77544600
-0.30795300
-0.95735400
-0.08270240
1.02807000
0.39969700
-0.80413100
0.01193600
-0.43515300
-1.12546000
-0.34180600
0.23198600
-0.22769000
-0.36439900
1.16880000
-0.69115600
1.95986000
0.14853100
0.14375700
0.21298300
-0.08265230
-0.32644700
-0.29202000
-0.51268900
-0.32275200
-0.50328300
0.14932000
-0.57558600
-0.06767340
-0.43986700
0.46958500
0.65802900
-0.23864800
-0.62723500
-0.55151900
-0.26112200
-0.01313460
0.78178500
0.01013730
0.48201200
-0.18949200
0.28773000
-0.60419800
-1.10298000
0.34137500
0.17147800
0.76226700
-0.30169200
1.12491000
-0.00562610
0.66814600
-0.33116700
0.14916200
-0.44548200
0.43909200
0.33475300
-0.06590690
3.43367000
0.08121510
0.20434300
-0.72084500
1.42420000
-0.02048720
-0.17044300
-0.38608700
0.09788700
0.18447000
0.49102900
0.39828500
0.14026900
0.13892700
-0.11461100
0.02991120
-0.60991000
-0.18992700
0.11967400
0.09428520
-0.62053300
-0.16909600
-0.03266270
0.54053800
-0.10049600
0.19532000
0.22037700
0.72859800
-0.41709700
-0.37274000
1.36309000
-0.30561500
0.46562700
-0.05627730
-0.04845580
-1.08859000
0.24221600
-0.06946700
0.23400000
1.80627000
-0.47656900
-0.93743900
-0.39399400
0.47938900
0.97359700
-0.66602900
0.35636600
0.23701900
0.91285700
-0.50859200
0.46281400
-0.09637610
0.31055100
0.02041820
-0.86002900
0.12250600
-0.31853100
-1.18384000
-0.21283400
-0.67647700
-0.35928900
-0.15028000
0.10947700
-0.44632900
-0.30743600
1.15705000
-0.00411024
-0.18717100
-0.35881400
-0.74356600
-0.80931800
-0.40001400
-0.60934700
0.41298800
-0.74954300
-0.80842700
0.02751840
-0.50613300
1.43728000
-0.26323400
-0.05493580
0.48259700
-0.68287100
-0.13909800
-0.17063300
-0.16144600
0.71044700
0.06582290
-0.23103700
0.09273580
-0.78652200
-0.32586100
0.15277700
-0.54417700
-0.12029500
-0.77017100
-0.34861100
0.19645300
-0.89376100
0.08597740
0.43262800
-0.40832900
0.01160090
-0.29442600
-0.13455800
0.42811700
0.41046800
0.03646340
-0.03469750
-0.08934260
0.18576700
0.12936100
-0.17362200
-0.28903100
-0.14222200
-0.41812100
0.10180200
-0.36686200
0.41546800
-0.25881000
-0.27906200
0.49443000
0.73064300
0.04902580
-0.64415200
0.63452800
-0.31294400
-0.17799000
0.01043230
0.43325600
0.54069700
-0.02442170
0.13448200
0.49994200
-0.53632800
-0.11514600
-0.62223300
0.55646500
-0.44431500
-0.19391900
-0.50593400
0.10124300
-0.09224880
-0.10125300
-0.52469200
1.09044000
-0.13678000
-0.49992400
0.26774600
0.43508200
-0.49695400
-0.65157000
0.09920980
-0.41267200
1.22105000
-0.05877740
0.10668400
0.37967000
1.13280000
-0.23331500
-0.32161300
-0.24560800
-0.20233800
0.03316950
-0.21544000
-0.70177100
-0.29800400
-0.06864380
0.29349000
0.20369900
0.11374800
0.92283200
0.00063800
-0.47261100
0.18240400
0.91244300
-0.69595400
-0.47101100
-0.74849800
-0.03521040
0.56980000
0.42470100
-0.06852490
0.40730500
0.03582120
-0.59217100
0.21070900
0.08829350
-0.43679500
0.11174200
-0.45344000
0.10685600
-0.33772300
-0.07368980
0.02073100
-0.54526600
-0.10456900
-0.35835900
-0.19740100
-0.06784890
0.38954400
0.41620800
-0.61232900
0.00384241
0.60683100
-0.40181800
0.51612900
-0.21335400
-0.17695300
-0.44729500
-0.07048430
0.31011200
0.52931400
0.48071700
0.44873900
0.13881900
-0.60481100
0.00151966
0.36476300
-0.33559100
-0.22400900
0.24866200
0.15789000
0.45807500
-0.10698900
0.82204900
-0.49931600
0.35638600
-0.07346650
-0.77722500
-0.01474950
0.40730500
0.02921080
0.30669000
1.74333000
0.29811200
-0.88329600
0.02476740
-0.47742800
-0.48734500
-0.00282421
0.37499700
-0.60548800
0.30002300
1.16590000
0.69908600
0.34564600
-0.17226900
-0.21255000
0.66869300
-0.57904400
0.71618100
-0.37545900
-0.53185100
0.19017800
-1.17599000
0.30837400
0.46017600
0.28920600
-0.94835100
0.55472300
-0.11864300
-0.20250700
0.70558800
-0.41467300
-0.08077670
-0.41967100
0.46873000
-0.19270500
-0.45048300
-0.19124300
-0.83358500
-0.40948000
0.06080600
-0.32501000
-0.19093900
0.65533100
-0.44430400
-0.50499900
0.04135060
-0.35127400
0.28191400
-0.34156700
-0.08684150
0.69825000
0.80362800
-0.15978500
-0.36011600
0.59804400
0.39270000
-0.32702000
0.48142200
-0.61267400
0.32046000
-0.35058500
0.37759200
0.62759500
0.03891040
-0.61315700
0.14718400
-0.31723000
0.07838520
0.19711200
0.98217200
0.31285300
-0.53603500
0.15130700
0.47819000
-0.81210900
-0.57112200
-0.12471300
0.34503100
-0.30309500
0.36992300
-0.12400800
-0.26552700
-0.41076000
0.06770380
-0.44796900
0.54482800
-0.11487100
-0.19930600
0.23126100
-0.25381000
0.11426500
-1.27284000
1.35948000
0.50906600
0.69852900
-0.17032200
0.09438380
0.25403400
0.83091300
-0.19420700
0.06719640
0.71311400
0.01281790
0.74590900
0.10508400
0.19014400
-0.28622800
-0.34659400
0.35944900
0.50987200
-0.16095900
-0.50015300
1.52346000
-0.36414600
1.06162000
-0.33921000
-0.06084890
-0.08002490
0.50094200
0.07269710
0.36363500
0.33375800
0.20425800
-0.04355160
0.40358900
-0.71693700
-0.05557650
0.58435200
0.51602200
-0.45328800
0.58064200
0.04409000
0.10204000
-0.06920590
0.92525000
0.49440500
-0.51823800
0.38410500
0.01375910
0.37067800
-0.18113200
-0.71163300
-0.14380900
0.27444300
-0.28720900
-0.91093100
-0.02983690
0.08599740
-0.41217700
-0.31394600
-0.02199140
-0.43696000
0.62510400
0.93248900
0.04414320
-0.22400900
-0.23410200
0.44425000
-0.65955700
0.03187940
-0.24737300
0.25384600
0.02662560
0.17641100
0.44927500
0.42048100
-0.20041900
0.92144500
0.31599200
-0.60118200
-0.24409600
0.27221100
1.61277000
-0.06923300
1.30835000
1.06451000
-0.18817000
-0.22566600
-0.39269000
-0.15685700
0.44849500
0.03119320
0.52501900
-0.24383500
0.00615644
-0.04415960
0.38258700
0.02009010
0.32533600
-0.65161700
-1.25633000
-1.24416000
-0.34477700
-0.41398900
-0.23689900
0.05410490
-0.12482400
-0.48364700
-0.41939100
0.20142900
-0.03611000
-0.17427400
0.05977340
-0.31825300
0.18344800
0.83622700
-0.17239400
0.48681300
0.17978600
-0.43841600
-0.00487853
0.13682600
0.91787900
0.59010100
0.63502600
-0.30624100
-0.18018700
-0.09274030
0.27767900
-0.80956400
-0.59982500
-0.21586000
-0.50406800
-0.48855200
-0.83387000
1.99223000
-0.27663700
0.09107830
-0.61675300
-0.33895800
0.03767330
-0.76669700
-0.21565600
0.18612300
-0.47620000
0.54863300
-0.30089000
1.11306000
-0.20664100
0.18380700
0.10902300
0.09650850
-0.31925000
0.50094200
-0.11083300
0.44351100
-0.32261100
-0.03219700
0.01961460
-0.18876200
-0.64250600
0.24359900
1.53983000
-0.39660100
-0.74729700
-0.40115200
0.19041600
0.14071100
-0.28676900
-0.68389000
-0.11233200
1.90402000
0.69700400
0.40191200
-0.20254800
-0.25760700
-0.34592800
-0.70857700
0.65100000
0.29139900
-0.24986100
0.19138800
-0.35103700
0.44087700
-0.31245800
0.51323500
-0.58387400
-0.16205800
-0.57548500
0.16450600
-0.67595800
-0.33198700
-0.11217300
0.63087600
0.24806000
0.46206000
0.40912500
-0.51352700
-0.35248400
-0.98128900
0.23995000
1.15007000
0.67580800
1.25082000
-0.09877910
1.69358000
-0.19978500
0.76921300
-0.34716600
-0.19864100
-0.16020500
0.20215400
-0.44209700
0.22772600
0.74176700
0.73225500
0.00645465
-0.21141900
0.24768800
0.07672150
0.57631400
-0.24657600
-0.53763500
1.21228000
0.21637500
-0.31039100
-0.00958370
0.09009640
0.12144000
-0.31863300
1.70248000
-0.24136900
0.59737200
0.35389100
0.09111650
-0.22246800
-0.28246300
-0.50258100
-0.45177100
0.50670100
0.17926300
0.48345600
1.24639000
0.72058600
0.00372699
0.39569900
0.58569600
-0.17835000
-0.30321900
-0.90137200
0.29167300
0.31063000
0.20382100
-1.00595000
-0.27531600
0.02962300
-0.17125500
-0.57150700
-0.22023700
-0.17845600
0.01803600
-0.66596500
0.54318700
-0.12831300
1.00040000
-0.82231200
0.01015010
1.00014000
2.19000000
1.32344000
0.51303300
-0.04859190
-0.12854100
-0.21424500
0.79933600
-0.01357080
0.00906678
0.55982900
0.47936600
-0.59949000
0.74492400
-0.37860400
0.10050500
0.18242700
0.14190600
-0.17065800
-0.01334260
-0.43133200
0.04915750
0.06991150
0.16903500
-0.22389300
-0.26488400
0.12159800
-0.02272980
-0.34557400
2.17639000
-0.19210700
-0.45211300
-0.07829600
-0.10066000
-0.95757400
-1.03419000
0.54794600
1.29674000
0.33908700
0.33569000
0.04659830
0.21808900
0.63126500
0.08129590
0.00777685
-0.26954000
0.24557500
-0.43378000
-0.08358110
0.53878700
-0.27172000
-0.03319110
0.67324800
-0.23086800
-0.09076940
0.68064300
0.13159100
0.37292300
-0.05052970
-0.25040400
-0.04609420
-0.27998900
0.54484300
-0.09735710
-0.40609600
-0.24678800
-0.24672200
-0.06018910
-0.06230570
-0.07646110
-0.07754280
-0.43187200
-0.33495300
-0.18501100
-0.21257000
1.19461000
0.08337170
1.58710000
1.11157000
-1.15998000
-0.51012300
-0.67254500
-0.08131660
-0.30520800
-1.20256000
-0.28031900
-0.57746100
0.11406200
-0.64112300
-0.46400700
-0.30546400
-0.18238500
-0.56058500
-0.10945600
-0.47093100
-0.37566400
0.36461500
-0.84369100
0.68018600
-0.45123600
-0.01496220
-0.33740300
-0.01475860
-0.20502900
0.29359200
0.86824600
0.28387000
2.11441000
0.90528100
1.11651000
1.57808000
1.18919000
1.76892000
-0.19161900
0.12274400
0.47787600
0.48457700
0.09500670
0.97589000
0.44535100
1.75921000
0.41641800
0.48367800
1.84169000
1.06233000
0.55822800
0.19771900
0.62715700
0.14151300
0.48721500
0.35326900
0.15518500
0.49302000
1.40787000
-0.30849500
0.17795000
-0.02115020
-0.27126800
-0.33024800
-0.78108500
-0.16733400
1.33076000
-0.47810300
-0.75987300
-0.39807000
-0.35366300
-0.20606300
-0.36668400
-0.02052600
-0.12267700
0.08962420
-0.14120100
0.00241123
0.32516000
0.28032900
-0.45018500
-0.27790900
0.43418700
-0.18651800
0.00003052
0.15069300
0.10953300
-0.52025800
-0.63350400
-0.42789200
-0.29316400
-0.02429550
-0.41892800
1.62989000
0.14318700
-0.35018700
-0.16585400
-0.42537000
0.32904200
-0.72299500
-0.61537700
-0.14678200
-0.17570800
0.27524900
-0.39123400
-0.06400980
-0.04620870
-0.24119400
-0.32541500
1.03820000
-0.47065000
-0.96852900
-0.66763900
1.09087000
0.71245600
1.23328000
0.61331300
-1.02584000
0.07930750
-0.38162300
0.39919200
-0.83338600
0.02270650
-0.33838800
-0.01129490
-0.84686400
-0.49534600
-0.25927400
-0.31621900
-0.26778300
-0.52538400
-0.44894700
0.11861700
-0.91887800
0.22628300
0.21159500
-0.11679100
0.30571900
-0.00446147
0.17694000
-0.30335800
-1.07646000
-0.43161600
0.40539100
-0.11904500
1.30062000
-0.76997500
1.28316000
-0.37691200
-0.26224300
0.05582450
1.00592000
0.32959800
0.25633300
-0.49382900
0.11371100
-0.48830500
0.03319090
-0.01052660
-0.08052510
-0.05312240
-0.11667700
-0.00511977
0.11288600
-0.16018500
0.72726200
-0.05403610
-0.36197400
1.63076000
0.56484900
-0.32090000
0.01988020
0.60459500
0.45495900
0.08488090
0.07961980
-0.02446900
-0.22238600
-0.26776600
0.05181840
0.28797800
-0.40461600
-0.28606800
0.05201430
0.24408200
0.39453900
1.63408000
1.22054000
-0.06554750
-0.49493300
0.11826500
0.58795200
-0.68513100
-0.15707200
1.51065000
-0.35941100
0.26338700
0.71400100
-0.03188680
-0.77295600
-0.26989200
0.47500700
-0.37769000
-0.18063300
0.19819400
-0.40834500
0.61383900
-0.46044100
2.10284000
-0.28767100
0.28644000
-0.37564300
0.22306100
-0.14431200
0.23068400
0.65772300
0.00242237
-0.79545000
2.02471000
-0.23237800
-0.23038700
-0.44351600
-0.46165000
1.06967000
0.65806200
0.63606600
-0.00068077
-0.47253300
-0.79274900
0.53883600
-0.37258600
1.07591000
-0.14034100
-0.45428200
0.00207328
0.05849220
1.78306000
0.88832800
-0.51714000
0.63756400
-0.49832500
0.18998600
0.65361400
-0.05834310
-0.01319530
-0.30713500
-0.17433000
0.00255169
-0.16334400
0.22666800
-0.47966100
1.31523000
0.75055000
0.00650480
-0.54103300
0.36431100
0.01710780
-0.32646200
-0.19318800
-0.27880900
-0.18182500
0.30802600
-0.15720700
0.08282600
-1.10288000
-0.20949800
-0.82558100
-0.01414010
-0.53853700
2.06798000
-0.12579300
-0.50030200
-0.21327300
-0.09397520
-0.36930200
0.03887310
-0.03817510
-0.24407100
-0.07044390
-0.10187300
0.00916573
-0.61755700
0.03588760
-0.41781900
-0.38770700
0.36856500
0.17247600
-0.13343300
-0.62530700
0.13614200
0.41042400
-0.58376400
0.07398870
1.40419000
1.49032000
-1.09883000
0.04675460
0.07212330
0.06079140
0.89653200
-0.77039700
0.51182700
-0.42187200
0.00152183
0.09139580
-0.45551500
-0.43157900
-0.15396800
-0.87678100
0.46246300
0.20001000
0.58984400
-0.79858000
-0.54764500
-0.30562500
0.27767100
-0.21584100
-0.16513500
-0.09397520
0.25605900
0.05356270
-0.58443200
-0.07311830
-0.23984700
-0.40104900
-0.07697780
-0.24974500
-0.59717800
1.55988000
0.26255200
0.39774500
1.02982000
-0.07728090
-0.60662600
-0.28650000
-0.45348400
-0.04047380
-0.33279400
-0.76714400
-0.19554900
2.01562000
-0.90001700
-0.01218970
-0.37412300
0.02558500
-0.12858300
0.02125450
-0.64728400
-0.31028200
0.14256000
-0.11985000
0.52855000
-0.20023200
-0.24756400
0.17887900
-0.37018200
0.04088620
-0.66369200
-0.76709500
-0.45517500
-0.24675700
0.04092650
-0.01630100
-0.34958500
0.51246100
0.11406000
-0.04628910
0.19651000
-0.61861700
0.88261100
-0.29484000
0.53289600
0.17562800
-0.49079900
0.37447700
1.57184000
-0.26635900
-0.19098800
0.08814960
-0.02379070
0.58283200
0.76681200
-0.03981340
0.77790300
0.29929200
0.03649910
0.10964200
-0.41874800
0.64252500
-0.02586070
-0.72352500
-0.15721900
0.33472100
3.13052000
-0.75416900
-0.14705200
-0.40274100
0.64735200
1.17500000
0.81872900
1.32166000
-0.15158400
2.47012000
1.72489000
0.32671500
0.93358900
-0.00487129
0.25380100
1.03053000
-0.92275100
0.40615500
-0.15758300
-0.06435780
-0.22389300
3.10763000
-0.20998900
-0.56881200
0.53660400
0.20174500
0.14657400
0.56676700
1.98642000
-0.16898000
0.25400800
1.54118000
-0.06116630
-0.40279400
0.24757900
-0.71894600
-0.15642300
-0.72606600
-0.52332800
0.33828700
0.13243200
-0.06468140
0.54921100
0.50513000
-0.65632000
-0.23776100
0.58500700
-0.36578600
-0.96529800
0.23033200
-0.82639800
-0.38419200
0.23638700
-0.22468800
-0.70124500
0.92422400
1.46756000
0.32875700
-0.30983700
-0.46295100
0.67757000
0.25675900
-0.02530120
0.52233500
0.08812050
-0.88968400
0.41734400
-0.32814500
0.03703110
0.00088546
-0.05247750
0.00718316
-0.69222300
-0.50152100
-0.67707000
0.90445800
-0.25920900
-0.27232000
0.36340300
1.15435000
0.56137700
0.44382500
-0.24325900
-0.64974600
-0.30318100
-0.39899800
-0.17846900
-0.41042100
0.05552390
0.09858750
-0.48970300
-0.15842200
-0.33097800
-0.10273400
1.24738000
-0.20648800
-0.95279600
-0.17523500
0.08303260
0.37841400
-0.07928330
-0.06469150
-0.21379600
-0.55036100
-0.46861500
-0.87362100
-0.21614200
2.18428000
-0.31534800
-0.04442980
-0.88134800
-0.17562500
0.95331700
-0.65728000
0.09300920
-0.50720000
-0.22081700
-0.07351700
2.23800000
-0.16901000
-0.43678300
0.82639700
0.40767800
-0.66144400
-0.60306400
-0.02803470
0.01992390
0.10332300
1.00641000
0.46655800
0.77699900
0.27486500
1.75350000
0.91954000
1.08542000
0.05846270
1.13501000
0.16302200
1.24987000
0.05586880
-0.06663770
-0.36615700
-0.76095400
0.07143590
-0.31187000
0.30529100
0.43019100
0.10340500
0.07920640
-0.81925900
0.15159400
-0.64307600
0.81613300
0.06943140
0.50065300
-0.20578000
1.16026000
1.42340000
-0.48083000
-0.65975300
-0.35316200
0.20666300
-0.08483620
0.46699100
-0.63888800
-0.12626100
0.21061000
-0.58463100
-0.40769200
-0.08145700
0.10934100
0.24928100
0.85682700
0.19212200
0.32419300
1.07537000
-0.12623700
-0.18007300
-0.22786500
0.20892900
0.21332500
0.10351900
0.21200800
-0.59228600
-0.91336400
-0.41107500
-0.67775000
-0.39639700
-0.45998100
-0.01222940
0.27911200
-0.33808800
-0.47599200
-0.09399990
-0.22164300
0.41158600
0.26777900
-0.20032400
0.25655100
-0.06140980
0.06679750
0.65075800
-0.68024600
-0.00748894
0.13263300
-0.40770800
0.79861100
0.55284700
-0.30325100
-0.10094900
-0.08001470
0.24178300
-0.36626600
0.05597390
0.57457300
0.07329760
0.64695000
0.32259400
1.29816000
1.16187000
-0.31440100
-0.38228000
0.55133200
-0.48934800
0.17965700
0.59500900
-0.45031100
-0.59119100
-0.43467500
-0.28088700
-0.13676600
-0.64349500
0.65318000
0.87127500
1.06415000
-0.24674600
0.98225300
-0.44030600
0.10700600
0.47416200
-0.05675490
-0.01033860
0.15649300
0.56816900
-0.45583700
0.09045780
0.18161500
0.58718700
0.58718700
-0.30483500
0.13496100
-0.44689200
-0.54984300
-0.27715200
-0.15706500
0.16365300
0.83178900
-0.86165600
-0.02602960
0.42720500
-0.10633800
-0.21444200
-0.31446300
-0.32646600
-0.12960300
-0.58252100
1.95191000
0.40136000
-0.06339940
-0.56833900
0.48559800
0.32186500
0.42723600
-0.18626200
0.56321600
0.34754500
-0.32777400
-0.03968780
-0.68697900
-0.22888000
-0.51193000
-0.04981590
-0.51057300
-0.13079500
-0.49342600
-0.13108000
0.43090900
0.35675600
-0.29155700
0.94176000
1.34199000
-0.43987900
0.08472630
0.23568700
0.29994100
0.52872300
-0.55269400
-0.11692900
-0.64038400
0.00272738
-0.59559800
0.02555160
-0.22130300
0.26017300
1.21257000
0.14175100
0.17660500
-0.29781800
-0.62530200
-0.45331700
0.50499100
-0.11618400
-0.18765000
-0.45771900
-0.20609400
-0.01884990
-0.34692700
0.33811400
0.12449200
-0.25394000
0.48244400
1.34100000
0.13126100
-0.33709400
-0.52605600
-0.18418500
0.24533200
-0.81974400
2.52528000
-0.17868700
0.45332900
0.19239100
-0.84258100
0.23224500
0.86882900
0.50897300
0.46054100
0.08392480
1.24885000
-0.45591100
0.30415700
-0.14234900
-0.26218100
-0.08517530
0.13120000
0.33693500
0.92672100
1.27861000
2.71495000
-0.59125200
-0.24072000
0.07919830
0.67633800
0.16956600
-0.06775760
-0.17547500
0.42663100
0.07347830
-0.58506200
-0.17441200
-0.21408800
-0.29127100
-0.23255800
0.30416400
-0.73607800
0.17890500
0.06492850
0.02400860
0.06465240
0.22643800
-0.49367500
0.44485000
0.07959120
0.50209500
-0.21256600
-0.51789000
-0.35196000
-0.08955440
-0.11474000
0.02814920
-0.77184300
-0.41260200
0.01058920
-0.04879820
0.28824900
0.39037500
-0.08180890
0.06199850
-1.13922000
-0.21626600
-0.63246900
-0.05263620
0.57695800
-0.09242840
0.21720600
-0.62220700
-0.40548000
0.68225400
1.08597000
-0.27937900
-0.73534000
0.41845900
0.25855700
-0.32863800
-0.20751900
-0.28227500
-1.24887000
0.15703600
-0.49272800
0.01595010
0.02767850
0.30356700
0.29735100
0.20892100
0.66825200
0.12491700
1.75652000
0.77584800
-0.21233700
-0.13320900
-0.14279400
-0.52927400
0.00451435
0.60829300
-0.01024390
-0.31598700
1.37886000
-0.30784300
0.73239600
-0.16903300
-0.23542700
1.45085000
0.55682500
0.54314500
-0.07427600
-0.19670200
-0.49832200
-0.36311300
0.59309500
0.23484300
-0.40312000
-0.58537300
0.04085810
-0.46978800
2.08952000
0.14614300
-0.03685170
0.00728313
0.49299100
-0.65134600
1.79619000
0.43798600
-0.43484100
-0.18914800
-0.31567400
-0.30877800
-0.12266200
-0.37884000
-0.63269400
-0.41389000
-1.18257000
-0.12914500
0.85311300
-0.69761500
-0.54457500
0.06359140
-0.90794200
-0.66732100
1.00098000
1.04610000
0.01749510
-0.10009100
0.10182700
-0.73359400
0.29748200
-0.88417400
-0.62087100
-0.39181500
-0.69962600
-0.46017900
0.62776300
-0.26910500
-0.19824600
-0.37293900
0.14774600
0.34110700
-0.12640700
-0.02928300
0.35230800
-0.44717600
-0.21590200
0.09233800
1.50155000
-0.56996200
0.53797800
0.27413100
0.50441300
0.37835600
-0.12350200
-1.07494000
-0.59545300
-0.17521000
-0.12558000
-0.60141200
0.65102700
-0.09415800
-0.15580900
-0.14636100
-0.91863300
0.85110900
0.14869000
0.50040300
-0.43313200
0.88907600
-1.08580000
0.30619300
-0.62949700
-0.37709500
-0.06828360
-0.24925200
-0.18128300
-0.61742600
-0.27125100
-0.34828800
0.19403700
0.11475100
0.87601400
0.17224400
0.17557900
0.04475570
-0.72774200
0.33490100
-0.28946800
-0.60141200
-0.85410100
0.08101050
-0.15592900
0.37523400
-0.08130480
0.42743300
-0.56268000
0.06330660
-0.16072600
-0.36278600
-0.59318400
-0.11530800
-0.28347700
-0.29461000
0.00409732
0.07957440
0.10079100
-0.52703600
-0.03598570
0.30066200
-0.39396800
-0.18707600
-0.18199000
0.22368700
0.22135000
-1.09923000
0.62120600
-0.25962400
-0.16733000
-0.38505300
0.06052320
-0.31108000
0.06956620
-0.37167100
0.45433000
-0.97332100
0.53124000
-0.34209300
0.19668800
0.55231400
0.55973900
-0.45668600
0.26944800
0.45038400
-0.30040700
-0.38902000
0.53126500
1.23960000
-0.41110000
0.52844300
-0.08017420
-0.57931400
-0.18417800
-0.28706100
-0.45848800
0.12021300
0.19419900
-0.39611400
0.40485200
0.06584020
-0.25411800
0.36161300
-0.48196600
-0.13443100
0.43979800
-0.53062400
-0.47747300
-0.22004600
-0.16262000
0.53015900
2.48250000
-0.74981900
0.01634880
-0.74041900
-0.25317000
-0.16300600
-0.82441500
1.07153000
0.81033000
-0.17746800
0.45038400
0.10555000
-0.32339600
-0.05022270
1.39414000
0.51086900
0.24265300
1.69432000
0.62788300
-0.78061200
0.26139500
0.07580930
1.35652000
0.56000100
0.63536600
-0.33519300
-0.51432700
-0.19406000
0.88509100
0.76038100
-0.55009600
-0.24851800
0.35068900
-0.29769800
-0.52322800
0.07926560
1.38376000
1.45507000
1.22210000
1.66580000
0.92940100
1.26193000
0.98562400
0.52886400
1.83395000
0.90414500
0.43535700
0.58969200
1.12155000
2.46937000
0.06054810
0.50380700
-0.09131680
-0.13819100
-0.52857500
0.22519000
0.21698600
0.61945300
0.07792490
0.91074600
-0.44434400
-0.33843400
-0.25543200
1.80204000
0.08270710
-0.53572300
-0.51118100
0.35537900
-0.29691700
-0.58814800
0.13835700
-0.24713100
-0.31214000
-0.26242600
-0.06277120
-0.04894350
0.02204360
-0.16161400
-0.48805000
-0.11425100
0.65885700
-0.59423100
-0.92386200
-0.30907000
-0.25242500
0.29139500
0.17306700
0.27765100
-0.09965840
0.80197800
0.71444700
-1.06465000
0.64369800
0.60645500
-0.12688000
-0.25046000
0.29751000
-0.17723300
-0.22433300
-0.20955300
-0.40365500
-0.23982800
-0.94797800
-1.15359000
0.08184330
-0.47504800
-0.92191100
-0.54625100
-0.20639200
-0.37632600
0.12300200
0.32579100
0.34128500
-0.28715200
-0.18830200
0.16624600
-0.74579400
0.13963600
-0.70401500
0.24973100
-0.59624400
0.11033000
0.02350140
-0.01035480
-0.85571300
1.44573000
0.17999300
-0.65443000
-0.13939900
-0.18712000
-0.00261184
0.36342600
0.06390140
-0.42242900
-0.20889600
-0.38808100
-0.12457200
0.18123800
-0.15374200
-0.20680900
-0.07497560
-0.26643500
-0.73399900
-0.45074100
0.35956200
-0.39038000
0.03066360
0.08387140
0.16368400
-0.58037000
-0.34397100
0.90712200
-0.21008000
-0.38904600
-0.10956300
-0.38013800
0.25753900
-0.47884500
0.52492100
0.05767030
-0.05603570
-0.36556700
0.64982900
0.63182000
-0.00417299
-0.10821900
0.30032600
0.04641630
0.05200340
0.12273300
0.35467600
-0.17488900
-0.19573200
-1.08254000
0.80864000
-0.25036000
0.38501400
-0.90766400
0.44695400
-0.78319200
0.93142800
-0.33321100
-0.04095240
-0.13927700
-0.39329300
-0.50494100
-0.20244300
-0.26565400
-0.57868700
0.12663700
0.00584715
-0.83355200
-0.32068000
0.07109720
-0.84716200
-0.45792100
-0.27031200
-0.05694670
-0.85354800
0.05512230
-0.00529738
-0.39904900
0.42819900
-0.10382400
0.16498800
-0.53648700
-0.42929700
-0.81325100
-0.11734100
0.02627270
0.78813500
-0.87451800
-0.39503900
-0.04764780
0.02861840
-0.59111000
-0.03706800
1.58834000
2.08369000
3.14311000
0.62489400
0.43810800
0.67776700
-0.58034800
0.01082170
-0.26308700
0.64165300
0.24706900
0.31541300
0.10962200
-0.34035000
0.13514600
-0.11265500
-0.08741330
0.18067000
-0.14809300
-0.02058980
-0.48953500
0.54530500
0.65397500
-0.56049000
-0.42415300
-0.23579700
0.18452500
-0.62934600
-0.13358700
0.57461600
-0.14772300
1.63904000
0.61312500
0.07877840
-0.39990800
0.35336500
-0.21541100
-0.53712700
0.00239489
-0.65514800
1.14210000
0.58228200
0.86551700
-0.68867300
0.35522900
0.39025300
0.78289900
0.90260200
-0.14938400
-0.19390400
-0.03120780
-0.39463800
-0.63437500
-0.34603700
0.69886300
-0.32430900
0.38455200
0.01348440
-0.16115400
-0.06708970
-0.05000980
0.08240850
-0.06259890
-0.34814600
0.02828690
0.12386500
0.15059000
0.18563300
2.18548000
-0.70697100
-0.65462500
-0.54004400
0.64528900
-0.34978600
1.07719000
0.43578200
0.42069300
1.15064000
0.68668200
-0.33496400
0.11370000
0.38418600
0.21771900
0.14528700
-0.21794700
2.45484000
0.84152200
-0.60522400
0.65536900
-0.66769900
-0.39489200
-0.54252100
0.73341400
0.80928900
0.47860300
-0.21603300
0.45646100
-0.49375900
0.45915600
0.67196800
0.20566000
-0.19760300
0.33007700
-0.08497200
-0.06169430
-0.19720800
1.40674000
0.88163300
-0.04006370
-0.14130900
0.19900400
1.39328000
0.81246000
-0.07380990
1.07545000
0.28815700
-0.32486700
-0.54584100
-0.49453700
-0.09864780
-0.36130700
-0.29214800
-0.38459800
0.12996800
0.37769400
-0.17604000
-0.78064300
0.20331900
0.99057100
-0.13622000
0.20542900
0.93562000
0.18267200
0.58987700
-0.41975000
3.30637000
1.00471000
0.27841700
-0.21285000
-0.13556200
-0.22544300
-0.55496700
0.28225500
-0.04634470
-0.04256060
-0.32385200
-0.45643000
-0.59405800
0.80733800
-0.22829800
0.35394400
-0.97076200
-0.63309100
-0.42926100
-0.14104900
-0.19634400
0.13366900
0.25065200
0.05603650
0.11162500
-0.01531480
0.03768350
0.04322170
-0.24440300
0.01147840
-0.01792860
-0.05007580
1.10202000
0.02447860
0.11981500
-0.27220900
-0.36900000
-0.49207400
0.00641899
0.25136100
0.00538566
0.25600300
-0.32516200
-0.42279900
0.11021100
-0.25588900
-0.13498000
0.01666460
0.23619000
-0.15873000
-0.50342800
-0.11018700
-0.22470600
-0.07084680
0.13117400
0.05424320
-0.42648000
0.09702670
0.16925800
-0.34702600
-0.18668500
0.23213800
-0.78372600
-0.66850700
0.43091600
1.16690000
0.81412100
0.24523100
0.31106800
-0.70832200
0.31669100
2.49299000
-0.04499770
0.16688200
0.14637200
0.38460500
0.09326140
-0.22005500
0.51905900
-0.33213100
0.26946600
-0.50223600
-0.03638530
0.26253000
0.31691800
0.33016700
-0.07670410
0.42724900
0.49572600
-0.90877200
0.18422700
-0.80518900
0.23710300
-0.63452900
0.30740900
-0.43710100
0.14159500
0.09150820
-0.17047400
0.62108800
0.19465100
-0.16051000
0.32703300
-0.35954900
-0.10658800
-0.31056800
-0.14149900
-0.44170400
-0.21120300
-0.75178800
-0.00774206
0.28993200
-0.46413500
-0.00626015
-0.03552010
-0.42533700
-0.36609300
-0.48104400
-0.07071650
0.79704300
-0.43685700
-0.34873700
0.13378800
-0.41024800
-0.46878800
-0.05482920
-0.23495300
-0.30688100
-0.19309800
-0.35955700
-0.20010900
-0.40607000
0.13089700
2.67404000
-0.28754500
0.96886600
-0.20932600
-0.16629400
1.22050000
1.65887000
-0.12098000
-0.68954700
-0.85898100
-0.83543200
-0.06487550
-0.00392345
-0.39292400
-0.54922000
0.35490000
-0.07007340
-0.02457760
-0.09989990
-0.56748100
-0.14781600
-0.09100930
2.21847000
1.02529000
-1.04671000
-0.30421900
0.20154100
-0.23499500
-0.24775600
0.06302780
-0.41625400
-0.46470700
0.00367851
0.40169800
0.24477700
0.46165800
0.27579000
-0.61908300
0.45612900
-0.19784600
-0.49637300
-0.20310400
1.21352000
-0.02105930
0.77219700
1.63456000
1.19477000
0.00679540
0.14988100
-0.79258200
-0.73328700
0.05889590
0.73453100
-0.80842700
-0.52658200
0.82853800
3.97368000
1.08600000
0.75642800
0.45165200
-0.14128500
0.11237700
0.34605200
-0.49435200
-0.66518500
0.10876600
-0.26604400
0.46725000
0.42469400
-0.32635300
0.39196700
0.45200700
0.04805710
-0.08375540
-0.42034500
0.25464600
0.34886900
0.59785900
-0.00460751
0.55244200
0.01473210
0.20108700
-0.25109900
-0.04114960
-0.14337600
0.66025700
2.19051000
-0.06556550
-0.53314700
-0.69245600
-0.87072100
0.00271457
-0.25445300
-0.65689100
0.76379600
0.46754700
0.58509200
-0.09064280
0.12996300
-0.67513500
0.56136500
-0.50243200
0.14672000
0.05693460
0.65289100
-0.11154200
0.28686100
0.14320600
-0.01286440
-0.67332800
-0.14920000
0.81513900
1.06097000
0.31456700
1.92824000
0.69393100
1.85111000
0.54427500
-0.16509900
-0.29832500
-0.16695800
-0.40452500
-0.06767490
-0.24938500
0.07079070
-0.15823400
-0.02920550
-0.38156100
0.17211500
-0.52662100
0.00696123
-0.90553700
0.12687600
-0.59102100
-0.95162600
1.13689000
-0.69395300
0.67300200
0.02221930
0.54945300
1.21163000
0.22992600
-0.23313500
-0.43472200
-0.96807300
0.24419300
-0.39996700
0.29498300
0.02579580
-0.58194300
0.54379200
-0.66163900
0.92260600
-0.28207800
-0.45127600
-0.15985900
-0.31113300
0.97653500
-0.76947700
0.41490200
-0.89009400
-0.12893700
-0.31913000
-0.04784140
-0.29247100
-0.16360000
-0.37204400
-1.56004000
0.12274400
0.20766200
-0.91620200
-0.06990360
-0.20477600
-0.05720760
-0.36399900
0.24456200
-0.19124600
-0.06732330
-0.31241200
-0.29696700
-0.24895100
0.80745200
-0.45775700
-0.77801200
-0.11647500
-0.61356700
-0.30380800
-0.62067300
-0.31361000
-0.46822900
-0.27074800
-0.54434100
-0.39737000
-0.39589000
-0.08691630
0.65087800
-0.11965300
-0.21274900
0.16547700
0.20426200
-0.30061900
-0.35914600
-0.01259940
0.01963880
-0.68011000
0.35955700
0.06363000
0.55624700
-0.76390100
1.19321000
0.45165200
0.87531700
-0.39683100
-0.64768800
1.64962000
-0.45084500
-0.34488800
0.47884300
-0.26003900
-0.27247100
0.37098900
0.31186900
-0.38156100
0.01983910
0.61394200
-0.34575100
-0.58232800
-0.42891600
-0.47524100
-0.08826060
0.47014600
0.31288300
-0.37773100
-0.47481700
-1.28192000
-0.35860400
-0.26606100
-0.20433300
0.27974300
-0.22861900
0.28778400
-0.36296000
1.17220000
0.11850600
-0.28343500
-0.37374600
0.22922700
0.23899300
0.12318700
-0.51876700
1.05336000
-0.20891700
-0.12021700
-0.16461500
-0.01053190
-0.74079400
0.47495800
-0.17883500
-0.36170600
0.30355700
-0.41759900
0.52053200
-0.05059760
-0.01545810
-0.47936100
-0.07971820
-0.50559200
-0.62028800
0.43362100
-0.52006500
0.00066668
1.01238000
0.06713380
-0.16758900
-0.04171630
0.50838200
-0.41670300
-0.09387210
-0.63778000
-0.03981130
-0.80460700
0.25424000
0.09926230
-0.33458000
-1.26558000
0.07579040
1.85151000
1.16421000
-0.63548100
-0.17397400
0.22331900
-0.13173800
0.59861400
0.16062100
-0.40237800
-0.64423200
-0.41246400
-0.49025600
-0.55317800
0.08783560
0.06792980
0.21728100
0.14434200
0.20970100
0.12590800
0.47864400
-0.25360900
-0.36463200
-0.26400300
0.36219700
-0.38156100
-0.89153000
-0.51192400
-0.80841000
-0.14251700
1.29807000
-0.42617900
-0.64043900
-0.16951600
-0.49917800
-0.13194900
-0.62318500
-0.25831000
0.40345900
-0.04240380
-0.65174300
-0.34819800
0.02728830
0.86741900
-0.58220300
-0.70503800
-0.45040700
0.10981800
0.45137300
0.53511700
-0.69280200
-0.48522800
0.03028480
-0.32869000
-0.66350600
-0.64689900
-0.33133300
-0.02557910
-0.26302600
-0.36899400
-0.20458600
0.62365200
0.25272000
0.16003800
-0.26217600
0.00429347
-0.54941500
-0.03172140
-0.04343980
-0.26257200
2.44979000
-0.49015100
0.04069780
-0.03498080
-0.00012364
-0.29582200
0.69236900
-0.11119100
0.24952200
0.29242400
-0.99413900
-0.63590300
-0.42677300
0.45308300
0.27868800
-0.40909200
-0.53111300
-0.20641200
0.17480200
0.05810850
-0.07124080
-0.21043100
-0.06119990
-0.33596000
-0.32994200
-0.05924770
0.02283470
0.70717500
0.55775800
-0.24033100
-0.28257500
0.03262520
-0.27740000
-0.01641460
-0.03041930
-0.25579400
1.62393000
-0.03549180
-0.20056800
-0.75360200
1.60060000
-0.93557100
0.67575200
-0.15068300
0.23739900
-0.69203500
-0.14965300
-0.34380800
-0.46574100
-0.33232100
-0.64678700
-0.42071500
1.67045000
0.34949800
0.20347200
0.02310420
-0.46205800
-0.00394091
-0.09923640
-1.06791000
-0.55477400
-0.33150100
0.64185900
0.63725500
0.34096400
4.38443000
0.90759600
1.09923000
-0.19275500
0.16067200
0.90150500
0.68087100
0.59160000
0.28615200
1.61647000
-0.71281300
0.07667530
0.19337300
0.16287200
-0.55666900
0.18808900
-0.49537000
0.00922529
-0.45149800
-0.45692900
-0.52553000
0.03677990
-0.39671300
-0.42240000
0.09728310
1.17363000
-0.22995200
-0.54932900
0.13476800
0.35250900
1.75417000
0.30018700
-0.39497600
-0.19916400
-0.09330880
-0.21595100
-0.13252900
0.24069500
0.52062000
0.72275300
-0.09556910
-0.14054600
-1.20097000
-0.20853400
-0.26070100
0.06850870
1.29555000
0.96476100
1.22402000
0.84334300
-0.65853300
-0.22342300
-0.97585500
0.46873700
-0.50175200
-0.29226000
-0.80341400
-0.46447600
-0.88986800
-0.36343100
0.16994400
-0.25943500
0.51229800
0.39037700
0.81427200
-0.18945100
0.75701000
-0.16521500
-0.19573900
-0.41584800
0.24722600
0.36877100
-0.22207800
-0.50336500
-0.65077900
-0.18383900
-0.10893300
-0.44496800
0.59010600
0.30171500
-0.18977000
-0.53809800
0.31349400
-0.49652900
-0.00166665
-0.17631000
0.54982200
0.06754470
-0.00520093
0.26758500
-0.61385000
-0.39260800
-0.13408700
0.37442800
0.11008600
-0.34423300
-0.22124100
-1.02585000
0.11899600
-0.52609200
0.95958800
-0.12598700
0.05655810
-0.11697000
-0.96774100
0.37442900
1.22240000
-0.41068500
-0.45648400
-0.06891930
-0.20752000
-0.38499600
-0.52937100
-0.09067230
0.03730840
-0.65554000
-0.23282900
-0.62855400
-0.22105000
-0.76154300
-0.06545020
-0.66269000
0.47059200
-0.28018600
-0.28237200
-0.36832500
-0.05646010
0.07864740
-0.08840810
0.61431800
0.54656700
1.16837000
0.18524800
-0.67563600
-0.42801400
-0.22016300
-0.01338520
-0.59541800
0.82635000
0.31732200
-0.54070800
0.51620500
-0.68310800
-0.18802500
-0.20387800
-0.24531100
-0.54413800
-0.14118400
0.21003600
-0.46363800
-0.35072000
-0.52534800
-0.58101300
-0.29520700
-0.29752600
-0.67456800
-0.27826100
-0.55331200
-0.04483900
-0.18747900
0.81467200
-0.12916200
-0.32804800
0.46238600
-0.35388900
0.29141900
1.44481000
-0.10354600
-0.10185500
-0.42186100
-0.37796500
0.01539560
-0.62750700
0.31596800
0.33933400
-0.63505100
0.37529400
0.20843500
0.67352700
-0.10413200
-0.40420300
0.26374000
1.73222000
-0.52075500
0.66999600
0.70029400
-0.37152500
-0.46575400
-0.27344300
0.73931100
-0.91508400
0.87397900
1.74183000
0.41745500
0.47140000
-0.36263600
-0.43598900
-0.61275800
0.27135100
0.62664400
1.23623000
0.02992000
-0.03954840
0.08746190
-0.60315600
-0.35747400
-0.49660400
0.32516200
0.43898600
-0.12190500
-0.27099800
-0.68185800
1.10110000
-0.54508900
0.59933900
0.10934900
-0.92883600
-1.02815000
-0.46563300
-0.00792082
-0.63423100
-0.79981900
2.31352000
1.43480000
-0.45453100
0.41003300
-0.37879000
0.51542300
0.18453000
-0.70988700
-0.20034300
-0.08809140
-0.79129500
-0.33133200
-0.50589100
0.11375700
-0.55605000
-0.56225500
-1.26041000
-0.10355300
-0.29555700
-0.07019400
-0.60371200
-0.12428800
-0.53281800
-0.82663100
-0.60369700
0.22710200
-0.40417800
-0.79057300
0.65223700
0.55718300
0.02361960
-0.81423300
-1.01777000
0.11467600
-0.00323259
-0.15094900
-0.63544100
-0.90940400
-0.89032500
0.28393200
-0.28036200
0.39652400
-0.10625400
1.45237000
-0.05928620
-0.28819800
1.29084000
-0.48600000
-0.39971000
-0.48007900
0.88954100
-0.46826500
-0.31042600
-0.06113210
1.93484000
0.73042200
-0.35726600
0.21548200
0.25816300
-0.04455180
0.07525150
-0.42302800
1.40913000
0.89919900
0.30563300
3.09677000
0.70029800
-0.83494800
0.40326900
1.51591000
0.30636900
-0.37444300
-0.22983000
-0.42542600
-0.30887600
-0.23356900
0.19616800
0.04602360
0.35017500
-0.59967500
-0.76747800
-0.11418700
-0.04384380
1.05158000
-0.20657500
-0.42164000
-0.68386000
0.42165100
-0.15004600
0.21177000
-0.66855400
-0.15720300
-0.02945810
-0.27526700
-0.33686700
-0.33194200
0.12321000
-0.21197100
0.27262300
-0.29757800
0.15217400
0.05651610
0.02323140
-1.01756000
-0.27792600
-0.92680700
0.10540700
2.74729000
1.73656000
-0.78739600
-0.31279800
1.10275000
0.12646300
-0.80844200
-0.53567700
0.64631700
0.69321700
0.22107100
0.11370300
-0.43222000
-0.10871500
-0.91012300
-0.53404600
-0.51791500
0.58684700
0.07502130
-0.58752900
-0.39497500
-0.23394800
0.38362000
0.33835700
1.54899000
-0.15769300
-0.01785160
-0.45666000
-1.17492000
-0.01795480
-0.37240100
0.07916500
-0.34580900
-0.19433400
-0.36320800
1.51083000
1.30981000
-0.14899400
-0.16768600
-0.57653000
-0.07955710
0.19822200
-0.87338300
-0.55084100
-0.60096200
-0.01243970
-0.15898000
0.07392060
-0.38302800
-0.71500200
-0.34745200
-0.45107200
-0.67855000
-0.50981100
0.07960200
1.23784000
-0.52965200
-0.42505400
-0.40020800
0.23338600
1.66282000
1.51584000
0.27753300
-0.16399300
0.05709440
0.70447600
-0.78885300
0.04245810
-0.23944300
-0.25811800
-0.00123948
0.50512500
0.21655700
1.59640000
1.04251000
-0.61042000
1.04156000
0.54501800
-0.24923100
-0.49419100
0.71013000
0.55024100
1.42003000
0.66722200
1.13283000
0.21172800
0.46105900
0.40124000
0.73784600
-0.04354960
0.78953100
-0.39453800
-0.01518650
0.32558500
1.13807000
-0.30658600
0.47753700
-0.38290900
-0.90143600
-0.14121200
-0.86833700
0.06886840
0.14059200
-0.46658400
0.19151600
0.07224900
0.50491200
-0.14382800
0.12703300
0.14701300
-0.16260900
-0.08301030
0.06653000
0.23950100
0.28071100
1.31455000
-0.26236200
0.81102700
0.83000500
0.25602400
0.09267370
0.33761000
-1.02490000
-0.35976100
-0.08422050
0.82425800
0.82505600
-0.66270400
-0.33988800
-0.03782730
-0.31374800
-0.72767800
0.05945810
-0.17681600
0.46579500
-0.41779700
0.15377900
0.08117030
-0.33355900
-0.42068700
-0.38177200
-0.22641400
1.62231000
0.89216900
-0.23030800
1.28602000
0.20219300
-0.26930500
-0.18737900
-0.20334000
-0.64588500
0.21370000
0.52509700
0.29158000
0.49363200
0.63192600
0.60189200
0.36827400
1.68119000
-0.76362200
0.21506600
0.12846300
0.22712100
0.67147800
1.41915000
0.45650400
0.12097000
-0.06991650
-0.20081100
0.19205100
-0.55139500
0.24753600
1.09832000
0.56847800
1.70570000
2.07220000
0.74477500
-0.17582600
0.19331700
-0.12035900
0.01859700
0.01508530
-0.03976050
0.79979900
0.43890100
1.61725000
0.29721100
-0.45340900
-0.09595930
-0.07085010
-0.64117400
0.12315000
-0.73603500
-0.47512700
0.32021800
-0.34537100
-0.93438900
-0.20297700
-0.05703240
-0.72578600
-0.52800900
-0.71356500
-0.33595800
-0.43311900
-0.46941500
-0.82979100
-0.55192300
-0.76943000
-0.68937000
-0.07102460
-0.10078100
-0.57491200
0.95033400
3.47496000
-0.24156500
-0.45090400
-1.14948000
-0.28943500
-0.41751300
-0.25351100
-0.17038300
0.23576100
-0.41614100
0.06770590
-0.95034400
-0.12591300
0.40848000
0.07487910
0.67706700
-0.30253800
-0.19600800
0.20395300
0.23687400
-0.12826500
-0.54184600
0.22551200
-0.10561900
-0.21466400
-0.37611700
0.44655700
0.19575300
-0.62453500
-0.02717470
2.47879000
-0.24890900
0.07171340
-0.14734800
0.18333500
1.11923000
-0.10912500
-0.42839200
-0.01204880
-0.23813600
-0.59462400
0.06143210
-0.42306000
0.22945200
-0.04494340
0.10909200
0.20528000
-0.44558800
0.02230770
-0.13976600
-0.21223800
-0.06463500
-0.33274400
-0.43125100
0.08165920
-0.16309700
0.14402700
0.21003500
0.20423500
0.07195300
-0.01385890
-0.11338300
-0.31578900
-0.25823700
0.21489700
-0.02501210
-0.81562400
0.01885970
-0.03326520
1.39063000
-0.21683300
-0.50957000
0.08211790
-0.38951200
-0.65466700
-0.03860430
-0.24773600
-0.32596700
-0.26560300
0.41244800
0.85999700
-0.18686400
-0.57176800
-0.25984200
-0.46205500
0.14017000
0.09512280
-0.30074500
0.03821390
0.28528200
-0.07093920
1.35464000
0.31234500
-0.32148500
0.45130900
-0.33493500
-0.05485680
-0.54526000
-0.17171800
1.53111000
-0.60027400
-0.22475900
0.10826500
-0.28195300
-0.24720400
-0.33623800
-0.13021400
0.43311700
0.33290500
-0.25657600
-0.83561200
-0.40712300
0.37312600
0.15807000
0.40526600
-0.60417600
0.05829700
-0.62117700
0.37704000
-0.02431490
0.39899900
-0.17532800
0.32153500
-0.57493800
0.06435060
-0.15335400
0.33366000
1.68817000
-0.22513600
-0.49532300
-0.21247000
-0.18080800
0.75960300
0.17807000
0.23332300
-0.59729500
-0.66536200
-0.00855086
-0.07280410
-0.06319620
-0.87829100
0.01208550
-0.21185000
1.24779000
1.17322000
-0.33416100
0.94270500
2.23188000
-0.19583500
-0.20171400
0.43916500
-0.36194300
-0.33212000
-0.13706900
0.11248600
-0.25642900
-0.25606400
-0.04207900
-0.42876600
-0.55729300
0.29320600
0.00837424
0.06230510
-0.84957100
0.24743100
-0.21847600
-0.81626200
-0.09144940
-0.53109400
-0.69055700
-0.41086700
-0.76921900
0.40472400
0.51565800
-0.60790700
-0.66233300
-0.75566000
-0.02957600
-0.58578000
0.07101170
-0.14203600
-0.29304600
-0.33278300
0.57823200
-0.00283412
-0.13147700
0.43628000
0.72029500
-0.06253020
-0.07192260
-0.48174000
-0.21244800
-0.23064900
-0.62121300
-0.05000070
0.17197200
-0.47961600
-0.29254600
0.64512300
-0.45909300
-0.25318700
0.78792800
-0.15867200
0.32244300
-0.56506700
-0.18943200
0.61998300
-0.77605100
0.64835900
-0.30730500
0.15350600
-0.10798000
0.20469500
0.04275460
-0.17848100
0.21358100
0.11613900
3.09581000
-0.33318100
0.99094800
-0.43225400
-0.46003500
-0.49568100
0.05933510
-0.22609700
-0.27171100
-0.06455920
-0.43351100
0.56162100
-0.19644200
-0.38155900
-0.12836400
-0.67830400
0.73152600
-0.51699200
-0.23378700
-0.65161900
-0.05622270
-0.35056000
0.62809400
-0.15154000
0.88158900
-0.55550500
-0.99971400
-0.22790500
-0.05281810
0.18234100
-0.15930700
-0.18620800
-0.00991376
-0.43027000
0.50574900
-0.27468800
-0.43925500
-0.41255200
-0.18656500
-0.72642300
0.02892640
-0.22536200
-1.22660000
-0.41433200
-0.38558600
-0.97006800
0.05436570
0.24835800
-0.34687000
-0.40407300
-0.19758000
3.19537000
-0.59884600
-0.11114400
-0.22787400
0.19714500
0.14390700
0.58587800
-0.11343700
-0.58109500
0.17257900
0.12070700
0.41251300
0.48278800
-0.24520800
0.27388000
-0.54892500
-0.24711000
-0.00935727
0.08506820
0.14098900
-0.43901900
-0.30301100
-0.16509600
0.32408300
-0.96453400
0.08322160
1.05984000
-0.16560500
-0.10869900
0.53022400
0.61226400
-0.07319850
1.13554000
0.55219200
-0.70471400
-0.90765000
-0.20525400
0.32927900
-0.28211200
-0.33119400
-0.08259700
0.10779900
0.01561310
-0.57164400
-0.22560300
-0.28668700
0.18838400
-0.41361500
-0.76991200
-0.48101600
-0.58493700
0.00914930
-0.56009900
-0.40201300
-0.29202900
-0.92618800
0.42931900
0.89258100
0.47537800
1.34893000
2.23937000
0.78697900
-0.27485900
-0.00386035
-0.20550200
-0.21036100
-0.40163500
-0.69370700
0.65413900
-0.09575940
-0.89966800
-0.52956900
0.81913200
-0.38621300
-0.59788400
0.25622000
-0.51924900
-0.27535500
-0.85219800
0.29145100
-1.14058000
0.18442400
-0.12798200
-0.67946600
0.17356800
-0.43308900
0.03274420
-0.37169400
0.09573760
0.25964600
-0.09000120
0.03966910
0.25901800
0.08714280
-0.07055380
0.19929500
0.00710315
0.51285700
1.20496000
0.05963500
0.44953800
-0.41510900
2.02298000
-0.27858800
-0.30243300
1.54784000
-0.49132300
-0.21424300
0.07603350
0.17056000
-0.25805300
-0.28449300
-0.40108500
-0.66832200
-0.33587600
0.88914500
0.98634700
-0.44176800
1.11486000
-0.20837400
-0.21006000
0.20498400
-0.95989200
-0.26831200
-0.21270200
0.47828200
-0.36385400
0.85563800
0.68935100
1.14190000
0.68514200
0.66807000
0.55588400
0.30395500
-0.97826400
-0.55473800
0.56662600
-0.74417300
-0.50267400
-0.27497900
-0.74270300
0.32833700
-0.23320000
-0.24940700
0.09530470
-0.26164700
-0.49546500
-0.51675200
-0.79668300
-0.35494800
-0.63289800
-0.31964000
-0.02516950
-0.37142800
0.99605700
0.71182400
0.70218800
1.30778000
-0.07026380
0.41162600
-0.37363600
-0.45059000
0.10181000
-0.54933600
0.48867900
-0.19730200
-0.20216000
-1.10918000
-0.65468700
-0.03631180
1.14412000
0.20812900
0.63318200
-0.61896200
-0.37158300
-0.88111100
-0.50466700
-0.68748100
-0.57555900
0.16687000
-0.35986500
0.15098300
-0.55207500
0.92164200
1.87986000
0.72294100
0.39925600
0.26041800
-1.00521000
-0.58003900
0.43196600
-0.27649300
-0.49965500
-0.01932590
-1.44351000
0.53685200
-0.19633700
-1.11893000
-0.04181590
-0.10458000
-0.42383300
-0.18655100
0.53762000
-0.36677100
0.29257700
-0.17974200
-0.07945810
-0.12797700
-0.23736000
-0.84908200
-1.35991000
0.05076200
-0.58720400
1.19033000
-0.28837300
-0.00918326
-0.49293000
-0.10986700
-0.02420050
-0.16366700
-0.35457100
0.05474600
0.22869500
-0.21896200
0.04277680
-0.21595600
0.39773300
1.68185000
0.29930200
-0.35244700
-0.13360900
-0.27085300
-0.75876200
-1.12973000
0.48404300
0.58317900
-0.27852900
-0.21877600
-0.23832500
0.11537700
-0.09767350
-0.30706800
-0.03658950
-0.17689700
-0.11491500
-0.35845300
-0.64033000
-0.27072100
-0.67045500
0.21453400
0.65917200
0.79224700
0.04583760
-0.99903000
0.24068700
-0.42032700
0.08048200
-0.04835360
-0.68682200
-0.67632800
-0.43207300
-0.08558910
0.05216430
-0.03049620
-0.48924300
0.32589900
0.24885900
0.37377500
-0.39202800
0.39133300
-0.47941100
-0.28495800
1.26247000
1.12295000
0.65140300
0.27656500
-0.14448400
0.59935800
0.16443600
-0.13981500
-0.60643500
-0.93936700
0.90262400
-0.20959900
1.78519000
-0.43271700
0.20220200
-0.64391900
0.06842590
-0.50018300
0.18134100
1.14947000
0.56936300
-0.14795600
-0.08884490
0.13830400
-0.30189000
-0.67473700
-0.71907500
-0.13921700
0.41171500
-0.60308000
-0.58634600
-0.24714400
-0.26615600
-0.45912300
-0.37210300
-0.56224700
0.08966830
0.05121800
-0.02254650
-0.06659180
-0.83917900
1.56792000
-0.38676500
1.47631000
-0.35223500
0.78207200
0.08842220
0.08908300
0.92005000
0.38178300
0.93548300
-0.03108790
-0.65508500
1.18187000
0.24882000
-0.02799770
-0.64911400
0.42894500
-0.13088400
-0.13349800
-0.29029500
-0.68791500
-0.49034600
-0.16709200
0.31416800
0.77106200
-0.42429000
-0.41097400
-0.27587500
-0.65255100
-0.04685830
0.09121040
-0.35280700
-0.05078220
-0.13050200
0.51698000
-0.01547330
-0.14407600
0.63111500
1.83657000
0.36448300
-0.09023090
0.15263900
0.13083300
-0.70687800
-0.23680100
-0.21038000
0.33238400
-0.37363600
0.07643980
-0.04245310
-0.03495350
0.55831900
0.48536200
0.41548800
0.02434890
-0.35000400
-0.42076700
-0.44566200
0.02885840
0.68821200
-0.25956500
-0.53250700
-0.24528400
-0.54048300
-0.50568700
-0.18718500
-0.39749500
0.94145900
0.11015500
-0.03292590
-0.18529800
-0.08116550
0.20717000
0.22931900
1.24393000
0.06610130
0.34224800
1.55219000
0.02590780
0.69910000
-0.21446800
-0.14283800
-0.00900071
-0.34257700
0.98318500
-0.10356600
0.18406600
-0.45648700
-0.25168800
-0.84404700
-0.24039300
-0.33894900
-0.12533000
-0.22224400
-0.19651000
-0.14347500
-0.92868500
-0.51817500
-0.36980500
-0.54700500
-0.53285900
1.88944000
1.31745000
0.43236900
-0.27688000
-0.12960800
0.93940200
-0.26443600
-0.29305600
0.10523800
0.43760200
-0.61418400
0.56338500
-0.11212600
-0.98007000
0.16028400
0.71701700
-0.57123700
0.03985840
-0.62073900
-0.01821890
-0.50575600
-0.95920200
-0.40285900
-0.06359130
0.23274300
-0.55842100
-0.00379224
-0.18547800
1.53296000
-0.59025800
0.37025900
0.01625060
-0.43599400
0.29447900
-0.09710430
0.93502400
-0.83574500
-0.39824600
-0.08768250
-0.74443000
-0.70222200
-0.04878900
0.21635300
-0.46227700
-0.52175700
0.57274800
-0.16390700
0.59120700
-0.36818800
0.27261200
-0.54774100
-0.25326900
-0.61069900
0.06981530
1.81845000
-0.07719380
-0.81613000
-0.34716200
-0.15258800
0.36036300
-0.47763900
-0.10387400
0.08432560
-0.43110800
-0.10682100
-0.39993600
-0.30955200
0.23597300
-0.03691320
-0.08516840
0.09179710
0.02357350
-0.09318660
-0.22751300
0.78567400
-0.68286800
-0.80578600
-0.50344300
-0.66183300
-0.92045500
-0.57771400
0.72691600
-0.26993800
-0.64591100
-0.33298100
-0.69746400
0.27969300
0.91372400
-0.38730600
0.21389200
-0.00567219
-0.67932900
-0.34565200
0.35895800
0.13955400
-0.21277300
-0.40940600
-0.04308760
2.73628000
-0.97665200
-0.12798000
-0.03923030
-0.37875700
0.81755100
-0.12424400
-0.14521400
-0.08924010
0.61853200
0.96026600
0.45979400
0.00191259
0.07537740
-0.14206100
0.05151690
-0.13802900
0.22490700
-0.41305500
-0.37221300
-0.80961300
1.09941000
-0.02407760
-0.47233500
-0.12314000
-0.01888990
-0.60483600
0.30579700
-0.06761120
-0.60122400
-0.68036500
-0.01228510
0.17163200
0.89830100
0.31359700
0.01425550
0.46471800
-0.72431800
0.14917300
1.69270000
-0.70307500
-0.45297100
0.17088100
-0.39512600
-0.77371500
-0.31800000
-0.00434900
-0.23316600
-0.34678700
-0.02769500
-0.28016800
-0.13113100
0.44529300
0.23828000
-0.48113300
-0.01066440
-0.16548400
0.24217500
0.08571530
-0.29894600
0.06714300
-0.19342800
-1.08309000
-0.21642800
-0.16792600
0.70822400
0.06048410
0.34352200
-0.60676400
-0.62679200
-0.34632600
-0.60352200
-0.44217400
-0.80876300
-0.34547900
-0.05240440
-1.30713000
0.52415500
0.17434800
-0.49610000
-0.75575700
-0.24840600
-0.23030800
-0.75812900
-0.03379400
0.01577230
-0.78468900
-0.24951900
1.27035000
-0.98666500
1.52347000
0.09153330
0.52544100
0.25231300
1.36384000
-0.27499000
-0.87770800
-0.26036700
-0.57339000
0.78808600
-0.23459000
2.36536000
0.99908000
1.33097000
2.71386000
0.40223500
1.83353000
-0.09294080
0.64162000
-0.95811400
0.24800500
0.36369700
-0.19637200
-0.63791200
-0.01751320
0.53849200
0.79871500
1.02272000
-0.17603800
0.18088600
0.24912500
0.01768740
-0.25465200
0.39588400
2.05240000
0.84589400
1.09883000
0.52563000
1.57431000
0.63688800
0.38982800
-0.57677400
0.00939358
0.20029300
0.53209000
0.27656500
-0.63979500
0.27509800
-0.42191400
-0.74152000
0.00358748
0.30363900
-0.32817400
-0.04248780
0.03389430
0.57971000
0.11369500
-0.11843100
-0.69601800
0.03645360
0.48048200
-0.34151300
0.15784100
-0.64776300
1.76644000
-0.23326000
0.09719280
-0.16961300
-0.43641900
-0.45318200
-0.39112700
-0.19291200
-0.22776500
0.10310200
-0.19730800
-0.11780600
-0.59836200
-0.58203600
0.24828300
0.00529089
0.61973900
0.03548940
-0.42059600
-1.09255000
-0.05720590
-0.60029100
-0.27915300
0.44413900
-1.04247000
-0.38960400
0.26072900
2.13948000
-0.10517000
-0.36942500
-0.54822900
1.24253000
0.15155200
0.23087900
0.22685800
0.21704300
-0.15373700
-0.05475360
-0.36542600
0.10612000
0.48595300
0.36621700
0.83536300
-1.03322000
-0.67346300
-0.14559200
0.19897700
-0.49337400
-0.60315700
-0.25403100
0.27992700
-0.63912400
1.28341000
-0.35652900
0.25759700
-0.93423000
-0.33760500
0.31598300
0.80671700
-0.22138000
-0.62942400
1.56585000
0.78116700
1.37854000
0.06542210
0.47650500
0.05696450
-0.69112800
-0.46883000
0.05425140
-0.36413600
0.24838100
0.05735000
2.69350000
1.20878000
0.20343400
-0.03712100
0.04744740
-0.47110000
-0.50716500
-0.75620900
-0.43637800
-0.00844436
0.15412200
-0.66475600
-0.37898100
-0.07088700
0.09998460
1.03650000
0.39739400
-0.68171900
-0.75337300
0.56949000
-0.18198200
0.03821850
-0.13888900
-0.46921200
-0.52610700
-0.63126300
0.00712793
-0.54017100
-0.25067800
0.11532200
0.43931300
-0.31751100
-0.60828800
-0.15401900
-0.92838000
0.05886910
-0.16395600
-0.89803800
-0.54742200
0.27176700
0.15038700
-0.18508600
-0.30231900
1.11330000
0.61459300
-0.23027700
-0.81602700
0.33240200
-0.14689600
-0.07218940
-0.19305500
0.56398400
-0.54672600
-0.34143900
0.01692990
0.16096200
-0.03056840
-0.75591000
-0.84569000
0.45661200
0.13401900
-0.77202000
-0.19651400
-0.65436900
-0.31906200
-0.73987200
-0.75547400
-0.16723700
-0.71770300
-0.19247400
-0.02900960
0.15722600
-0.58148300
0.37755300
-0.25472500
0.21734700
0.08950780
0.67457100
-0.90542900
-0.47498500
-0.18820200
-1.07979000
0.43571600
0.07725550
-0.39071900
-0.51495900
-0.07457260
0.03563780
-0.37093000
-0.09375340
0.63541000
-0.25935500
1.22206000
0.36650600
-0.26425100
0.05935620
0.72512900
0.03266000
-0.66690500
1.00032000
-0.31421400
-0.49305400
0.06129020
-0.35897500
-0.20466500
-0.24876200
0.14738800
-0.37190200
-0.03443060
-0.69354600
-0.19354600
-0.31842800
-0.06224290
0.15999700
-0.69913500
-0.55300000
-0.13578200
-0.22770300
-0.20966000
-0.29499200
0.04568860
-0.27008100
0.16977400
0.00224055
-0.03816820
-0.76069700
0.27471800
-0.09031720
-0.37731200
1.55763000
-0.08747850
-0.07675180
0.37313300
-0.40567400
0.28702600
-0.82774100
-0.75861200
-0.08523550
-0.51753800
0.08917170
1.83205000
0.30315000
0.06980150
-0.20272900
0.09283220
-1.02153000
0.11755900
-0.14753500
0.00742777
-0.61086200
-0.06651060
-0.32581100
-0.01726150
0.29718200
-0.12816600
0.28165700
0.92461500
-0.08536090
-0.47007100
-0.62319500
-0.73748400
-0.42674500
-0.11889400
-0.71401300
0.24097800
-0.80174200
1.13542000
0.26911600
-0.43875400
-0.18896500
-0.37982700
-0.02434430
-0.22199500
0.75957300
-0.32489300
-1.16607000
0.10015700
0.34930700
-0.56374800
-0.33645200
0.11230700
-0.08360940
-0.20548700
-0.34926300
-0.29195100
-0.26891600
0.02928690
-0.34336600
-0.70927400
0.19357300
0.20000900
-0.00159077
0.67069400
-0.48296900
-0.06332400
0.48268300
-0.41525600
-0.79255800
-0.09717230
-0.03588300
-0.06220180
0.24272800
-0.19717000
-0.14908300
0.38667800
-0.11997500
-0.63758700
0.09030090
-0.47330300
-0.04106430
-0.83229000
-0.01916470
-0.70610100
-0.10522300
-0.30436300
0.98521500
-0.32305500
-0.25095500
-0.30939600
1.86744000
-0.19147000
-0.22128900
1.12737000
1.83685000
0.54116400
0.52029700
0.73212600
0.28766600
-1.09843000
0.55346000
0.02039880
-0.11664300
-0.51019700
0.42367000
0.02542370
-0.24293900
0.00789198
-0.17613200
0.11221800
-0.94707200
0.35954900
-0.07787420
0.40540700
-0.01182190
0.21095000
-0.25576000
-0.22714100
-0.08466620
0.08763410
0.07393220
0.35124200
0.40601100
1.86825000
-0.17745800
0.29047000
-0.30560500
0.35078500
-0.24903400
0.72991100
0.94109200
0.33593400
-0.02032130
1.73075000
-0.72136200
0.78266000
0.11288400
0.07121720
0.33620000
1.09422000
-0.36167800
-0.02925580
-0.14058100
-0.37083800
-0.17622100
-0.47269400
-0.61422800
-0.19036600
0.07464490
-0.49649400
-0.79918300
0.45978100
-0.27828000
-0.25392200
0.33260000
0.28315200
0.98225900
-0.61559900
-0.51228000
-0.13067500
0.26655600
-0.72226300
-0.23501300
-0.18347300
-0.46271800
-0.50468400
-0.17500300
0.51108100
-0.72848400
0.27094000
0.66385100
-0.74841300
-0.92473900
-0.33447500
-0.21490500
0.38406700
0.10488900
0.45937400
-0.82528000
-0.34252800
-0.25617200
0.05075300
0.12383400
0.42391700
0.38684100
-0.48673100
-0.82593400
0.31070200
0.26427500
-0.14808200
-0.28627300
-0.90582600
-0.35388700
-0.50424900
0.13234100
-0.47146500
-0.37544600
3.30564000
-0.42098000
0.48859000
-0.01632850
-0.67074800
0.06334620
-0.07396320
0.43952300
0.09824790
0.22455900
-0.05064050
0.29795700
-0.25506800
-0.67765500
-0.34372800
-0.38144500
-0.12937100
0.24229900
-0.75194100
1.53683000
-0.43810800
-0.57954100
-0.33696700
-0.51818700
1.85732000
0.24824500
-0.27075100
0.74694900
0.62135500
0.41439500
-0.64067100
0.46737800
-0.35568900
-1.12259000
0.96938600
0.17412500
0.09416440
-0.01169150
-0.81076300
-0.79169400
0.42527100
-0.61453200
-0.10403800
-0.01742040
-0.19307600
-0.61521800
-0.27822400
0.10244800
-0.42913700
-0.14875300
-0.32283400
-0.44043000
-0.32483200
-0.08806730
0.37380000
0.36848800
0.48748100
-0.44586900
0.24061900
0.38445500
0.64634500
-0.35960700
-0.27530300
0.20838700
0.28517400
0.20735400
0.85083700
0.30591900
0.35322900
-0.41269400
0.45115100
0.01832890
3.11277000
-0.24784300
-0.59782400
-0.48817500
-1.00164000
0.66289100
0.47278500
1.12236000
-0.79366800
0.53168500
-0.37298200
-0.12492700
-0.64434900
-0.15147400
-0.39643600
-0.34429900
1.10273000
0.18243200
0.34992400
-0.23260300
1.19828000
-0.08730670
-1.19197000
-0.68226400
0.19060600
0.10093900
1.72768000
0.21142300
-0.20462400
-0.15619700
-0.74897800
0.05324280
0.02848310
0.34979400
-0.09551120
-0.65800600
-0.51601400
-0.37449700
-1.03691000
-0.10267000
0.21188300
0.09668870
-0.44786100
0.58831900
-1.04704000
-0.55606700
0.17437900
0.26327900
-0.56164800
-0.08198000
-0.38667400
0.72521500
1.20318000
0.57001200
-0.68123800
0.23546400
-0.07351220
-0.37673600
0.40595000
1.35181000
0.30829800
0.02764300
1.11457000
0.73799900
0.80535100
-0.07305270
0.25898400
0.19103000
-0.34986900
-0.70724900
-0.67629100
-0.22763100
-0.97768300
-0.07566860
1.12643000
-0.08521990
0.31896300
0.06980150
-0.11676700
0.34832100
-0.23404000
-0.06852280
-0.27175900
0.12361000
-0.19968100
0.50004700
0.34836200
-0.45536700
-0.31824800
0.54671800
-0.43809100
-0.09520830
0.70754800
0.25263100
0.24929100
-0.56220800
-0.38095100
1.80347000
-0.23803500
1.39342000
1.63196000
0.99312300
0.84071700
1.22103000
1.13549000
0.35393400
-0.42967500
-0.55194900
-0.26657900
0.15199000
-0.01139780
-0.02481620
-0.07944190
-0.46183700
-0.73035100
-0.85630700
-0.08908830
-0.53357600
0.15199000
-0.21513500
-0.05753110
-0.80521600
-0.04733650
1.67980000
0.07162710
-0.58362500
-0.64766900
-0.42106100
-0.09924380
-0.16547000
0.04809680
-0.34443800
-0.06828940
-0.04900890
-0.36155400
-0.44796500
-0.28864200
0.15159600
-0.08409880
-0.65946700
0.27594100
-0.20570200
-0.45838000
0.17579800
0.11928500
2.05322000
-0.29564800
0.23072300
-0.20821600
0.43885100
2.04794000
-0.35231900
-0.08763500
-0.29337800
-0.21304200
0.25405200
-0.20740500
-0.08585790
0.75058500
0.21906400
-0.55627900
0.04965690
-0.34252900
0.04889310
-0.59721600
-0.18822300
-0.37107000
0.75307300
-0.34380000
1.17377000
-0.32862500
-0.25356400
-0.11961100
0.34633500
-0.06887990
-0.16889500
0.02405630
0.35284000
-0.30278200
-0.16500300
-0.04820400
-0.71403500
0.54242500
0.24687100
0.24687100
0.11289900
-0.57881800
0.01308680
0.50022300
0.20163400
-0.09272760
0.67092500
-0.38583400
-0.00307774
-1.17897000
-0.13237400
-0.20328400
-0.08285520
-0.44592500
-0.15315400
-0.61244000
0.61325600
-0.02483650
-0.44361300
0.09276840
-0.33420000
0.05178170
-0.04923440
-0.15431900
2.38402000
0.32290600
-0.02201880
0.93106300
1.34615000
-0.28743800
-0.34596500
1.35576000
0.18691000
0.18810800
0.19325000
-0.54801600
-0.12979800
-0.52412000
-1.14317000
0.49047100
-0.80318800
0.22641200
-0.75248700
-0.53456400
1.59099000
0.03222540
-0.43819300
-0.03292280
1.75182000
-1.11784000
-0.58812600
-0.32137500
0.74328500
0.85140000
0.19333200
1.85849000
0.52777900
-0.20282900
-0.53927200
0.05837650
0.13709200
-0.15999700
0.47970500
-0.52435100
-0.55809500
-0.97238300
0.08045840
0.32549300
-0.69320800
-0.29900900
-0.69909200
-0.65946700
0.06782410
0.25592300
0.15700200
0.17973300
-0.29428200
-0.55967100
-0.04718950
-0.21558300
0.39736900
0.04884400
-0.16489900
-0.03148610
-1.06177000
-0.51064600
0.42291800
-0.29491300
-0.69929700
1.05914000
0.04783220
-0.14689100
-0.12767000
-0.21499800
-0.40325500
-0.02469810
-0.16598000
-0.69289700
0.17026800
-0.57647800
-0.57647800
0.17214600
0.22484000
0.86998200
0.56889800
-0.20923200
-0.05695110
-0.82358600
0.37706100
0.31948100
-0.12979500
-0.20647100
-0.01217550
-0.38934000
-0.25267800
-0.09007560
-0.43506700
-0.41233100
0.09109720
0.77260000
-0.31789100
0.96263000
0.82389100
0.15411900
1.01724000
2.08254000
0.47703000
0.05375370
-0.25480200
-1.06400000
-0.70193700
-1.06252000
0.36932200
0.08282460
-0.41147300
-0.43428200
-0.65594500
-0.41706800
1.67811000
0.20835800
-0.73539100
0.23695800
2.63176000
-1.32719000
0.47099700
-0.76095300
0.12494900
-0.12083300
-0.88027800
0.04273090
-0.03280190
-0.42586700
-0.09571290
0.05783500
-0.51740700
0.11104700
0.21087200
-0.59407500
0.94590500
-0.48872600
0.27800100
-0.27368700
-0.07916260
-0.03662220
0.76981900
-0.07674320
0.27295000
0.49054300
0.69010400
-0.51349000
0.36401500
1.22675000
1.11160000
0.44619100
-0.31971900
0.29123800
-0.66379700
0.44071000
-0.35068500
-0.00364511
-0.22955200
0.24763200
0.54658600
0.00520772
-0.32398800
0.31573900
-0.19492000
-0.08769450
-0.35516800
-0.22814700
0.07738170
0.28722600
-0.44097700
0.15074200
-0.20570800
-0.37048700
-0.85135700
0.27323900
-0.81508300
0.21103100
-0.28839200
-0.40730900
-0.31134700
-0.17769200
-0.29128000
-0.36232500
-0.02072510
0.35630400
1.90312000
-0.04776340
1.62240000
0.02850670
0.39200400
-0.96803000
-0.18975400
-0.63888200
0.51288700
0.18758300
-0.01151570
-0.22760800
0.95224000
0.28694100
0.67209300
1.44476000
0.19096200
-0.33438200
-0.45382500
-0.30391000
-0.43612400
-0.37090700
0.36721500
-0.60421700
-0.30564100
0.47769600
0.36043600
-0.23853000
0.05103390
-1.01780000
0.40776000
-0.15288100
-0.63628800
-0.59415300
-0.28417700
-0.27169100
0.25931300
0.58010100
1.72951000
-0.87586000
-0.66390200
-0.96304500
-0.61173000
-0.45391600
-0.30447700
-0.88808200
-0.01306290
0.33447800
-0.40320700
-0.69673600
-0.27058500
0.53316800
-0.11528500
-0.44548200
0.05946880
-0.23227900
-0.70028800
0.17101700
0.57123900
0.35385100
0.45114200
-0.39748400
0.30358100
0.38830600
-0.44474600
-0.24330800
-0.05796530
-0.31713100
-0.22806500
0.25814200
-0.45079900
0.55640900
-0.02513940
-0.60325200
0.78593300
-0.20465700
-0.36470100
0.57418300
-0.11111700
0.15882900
-0.05887540
0.02568090
-0.09260190
0.00862315
-0.64779400
0.05876620
0.39025000
-0.38211000
0.12262700
2.26832000
1.79223000
0.97215200
0.56580600
0.16615800
0.02481580
-0.15949100
-0.14281800
0.23393900
-0.60798300
-0.12023900
-0.72856200
-0.04870370
-0.19490100
0.07822640
-0.44697900
-0.92232500
-0.52192400
-0.01625140
-0.66970200
0.33700800
0.29435100
-0.44864200
-0.64680400
-0.91904600
-0.57924400
-0.42834900
-0.19287200
-0.72616300
-0.52339400
0.20754600
0.23165600
0.09963560
0.03433460
0.12122300
0.21163600
-0.01197020
-0.56569900
-0.22328700
-0.35180700
0.13548500
-0.71874500
0.07514350
0.34146500
0.22306300
-0.25468300
0.15337400
0.07040700
-0.00336690
0.24095400
-0.35722200
-1.10185000
-0.96088000
-0.32436300
0.40839200
0.05691990
1.59976000
0.80731400
-0.34411500
-0.15239800
0.11208000
-0.49534800
-0.27987600
0.52726800
-0.37687900
0.12314000
-0.60447500
0.16032900
-0.85687300
-0.00655126
0.25648500
-0.52669800
-0.17316300
-0.23378700
-0.11241800
0.14586200
-0.68929400
-0.22261300
-0.12209600
-0.07660550
0.44191400
-0.61140600
-0.44321400
-0.95657200
1.14976000
-0.48391300
0.23304600
0.43621200
-0.14802200
-0.53936600
-0.18403800
0.09994380
0.21594400
0.04660600
-0.60073600
-0.57671100
0.70422500
-0.50541300
0.13777900
0.21727300
-0.40675200
-0.21837400
-1.01825000
0.29196500
0.21885900
0.09351310
-0.43400800
0.96832500
0.02794600
-0.22401600
-0.51333100
0.69909900
1.27763000
-0.23338900
-1.06424000
0.48538400
1.02781000
-0.09236240
0.39865400
-0.85937700
0.66056100
0.03805100
-0.32221800
-0.05665460
0.67430900
0.03376830
1.44120000
-0.43889100
0.01253120
1.46036000
0.58731900
0.13341600
-0.31925600
-0.16436000
0.32931000
-0.79584900
-0.23275100
-0.57489300
0.04487950
-0.10775700
-0.77658700
-0.11664300
0.09310780
0.48597500
-0.09336830
-0.89100700
-0.86593200
-0.53444100
-0.80093600
0.42276000
0.08639490
0.22226300
-0.10063600
0.55959100
-0.55952800
-0.22835400
-0.15252100
0.44521500
-0.06605170
-0.60997000
-0.48325900
0.48843200
-0.39419400
-0.39909800
-0.09857450
-0.37342100
-0.01011570
-0.22958300
-0.05436310
-0.43447400
-0.48781700
-0.53581500
-0.32890300
-0.28197000
0.23591900
-0.47388600
0.68049000
-0.67865600
2.70463000
-0.30794800
0.21244000
-0.19542900
-0.00241192
-0.34030400
1.16151000
0.72403100
0.37860800
1.02831000
-0.56416500
-0.40846500
-0.52274000
-0.27839000
0.71582500
1.33224000
-0.09003880
-1.28921000
-0.09127010
0.67387200
-0.68233500
0.12736200
1.89840000
-0.44654900
-0.45019400
1.35860000
0.59446000
1.08737000
1.77815000
1.36656000
1.33806000
1.23049000
-0.60245400
-0.60049300
-1.40708000
1.60040000
2.30151000
0.88628900
1.03674000
0.83727600
1.47374000
1.44052000
0.76276300
0.04516370
-0.03173410
-0.50297800
-1.11162000
-0.13077300
-0.19044000
-0.14814600
-0.12182800
-0.31288300
-0.68127900
-0.16203500
-0.02725030
0.30650800
0.13474000
0.85501300
0.99619500
0.26834700
0.72610600
0.37381500
0.47467400
1.24295000
1.38875000
1.70828000
1.64141000
-0.49251700
-0.23569300
0.01380410
0.09604450
0.56905100
0.39303900
-0.17946300
-0.04372290
0.59789400
0.21361100
0.93166300
-1.21372000
-0.63801600
-0.10595200
-0.06239520
0.13350800
0.37067300
-0.34191500
-0.28101600
0.54222000
0.36658000
-0.34654800
-0.17294500
-0.50451000
0.26622900
-0.02197470
0.40061300
-0.16794400
1.20499000
-0.57241900
1.26660000
0.91237400
0.63787200
0.28234800
-0.26231100
0.47313900
2.21620000
1.95636000
0.41205700
0.48186100
-0.24555900
0.03389960
-0.17628800
-1.07294000
-0.13617700
-0.92262100
0.17999100
-0.41233700
-0.39166100
-0.84427500
0.01504570
0.02064330
0.32696300
-0.37189600
-0.18137800
-0.22721300
-0.29351900
-0.39958200
1.61710000
0.34195000
0.00173380
-0.04363330
-0.55388800
-0.48526700
-0.03189780
-0.73035600
-0.35126500
-0.34073600
0.10864800
-0.50794600
0.02270080
-0.13793300
-0.23036500
-0.12580100
-0.85180200
-0.54296200
0.01368770
-0.46351800
-0.78650400
0.51416800
-0.47776000
-0.20265000
-0.84089900
0.46245600
-0.07183000
0.50631700
0.16558500
-0.10347200
-0.80132900
-0.11998400
-0.45353500
-0.29230600
-0.62031700
0.42767600
-0.01011900
-0.01804770
-0.27487600
-0.04718960
-0.63852800
0.17906300
-0.13967600
-1.09746000
-0.33950400
-1.30064000
0.18529900
-0.31290000
-0.19747300
0.29425000
0.07838990
-0.08173270
3.15677000
0.76890100
-0.63946500
0.00821192
1.16777000
0.10026500
-0.33653300
-0.21640900
0.50729800
0.44366200
0.37539100
1.08248000
0.39466400
0.00917548
0.28764500
-0.32822800
1.28617000
-0.44081700
-0.21100500
0.20793700
-0.18088800
-0.51938600
0.17323900
-0.07150550
-0.34642100
-0.21118700
-0.25427000
0.01995300
0.17096500
-0.45730300
-0.33104700
-0.23399000
-0.08481110
-0.18084000
-0.41477400
0.32304900
-0.56603100
-0.74855000
-0.41420700
-0.58799700
0.21473600
-0.03032960
-0.41445400
-0.09351630
1.09523000
-0.20282500
0.23856200
-0.34961600
-0.47319300
-0.02789320
