4.85636000
6.88424000
5.38746000
5.11100000
6.17226000
5.54620000
5.11076000
5.18939000
5.08164000
4.86164000
-0.22159900
4.93804000
5.15208000
5.22852000
5.19119000
1.22358000
5.76114000
0.24921100
5.06623000
5.70328000
5.63328000
0.95303000
6.01894000
5.34769000
5.93133000
5.33771000
4.91456000
5.36941000
1.44366000
5.20883000
5.52770000
5.01824000
5.23487000
5.79978000
0.65416000
5.55601000
5.89516000
5.35432000
5.20820000
4.90192000
5.42040000
1.92396000
4.87287000
5.23222000
0.75030300
5.33412000
5.56856000
5.18764000
-0.33078500
0.31301800
-0.74975800
-0.21449800
-0.30717500
-0.23263900
-0.25566200
0.24311000
-0.42432200
0.17245800
0.45227900
0.51875900
0.17078800
-0.12162600
-0.29526300
0.01183010
0.20804500
0.27753800
-0.47837700
0.41116200
-0.19985100
-0.00513887
0.07370310
0.66997500
-0.12152800
0.83918700
-0.62444200
-0.20023900
-0.11798800
0.05386510
-0.13780700
0.00622099
0.18563100
0.17432500
-0.04889000
0.28231300
-0.22626700
-0.16515700
-0.28998800
-0.45267500
-0.82402400
0.22143500
-0.42238900
0.01029370
-0.64225300
-0.46660300
-0.10768600
-0.10809400
-0.42218900
0.11899900
-0.05091880
0.04611400
0.80096700
0.13911000
0.17658600
-0.61836500
-0.12167000
-0.24147400
1.54058000
0.34138900
0.33861100
0.71224500
-0.78674300
1.59228000
1.09133000
-0.78204100
-0.77231200
-0.14524600
-0.33820300
-0.02396510
-0.04883050
0.09548350
-0.49025700
0.20600600
-0.04479240
0.49855100
-0.52594100
-0.18990300
-0.33680500
-0.26822300
0.06187130
-0.28827500
0.53499200
0.01482200
0.13543500
-0.42372500
0.05686410
0.95231400
-0.39369700
-0.45228000
1.23375000
0.78557800
-0.20995700
0.82442700
0.12410100
-0.01261990
0.00074708
0.02775390
-0.10077900
2.03512000
0.40638100
0.17064300
0.83882600
-0.39165700
0.33669000
0.26756000
-0.03783200
-0.07561050
0.30725000
-0.04322530
-0.10061100
0.15798300
-0.37795100
0.08859610
-0.26731900
-0.40708500
-1.03098000
0.22756600
-0.34778700
0.40167500
-0.54120400
0.18403700
0.76548900
-0.23624100
0.48366300
0.39736300
-0.33298000
0.02904810
0.11906500
0.30897600
-0.24530100
0.15794600
-0.22484900
-0.12627400
-0.03767150
-0.24071000
-0.43694700
0.32490500
0.74168300
0.05471190
0.13619300
0.69583600
-0.11552000
0.12645300
-0.30806300
0.33045600
0.05297460
-0.41737500
-0.11256700
0.39848700
0.50100800
-0.07863700
0.39976500
0.00536549
-0.33126000
-0.51016200
-0.66525500
-0.51963000
-0.18678800
-0.01058970
-1.03343000
-0.15070600
-0.19061800
0.06863320
-0.40009400
0.13304400
-0.61294000
0.38501200
-0.64111900
-0.15384600
-0.24495100
0.74191100
-0.39839500
-0.38442600
0.44726900
0.06132450
0.17767400
-0.28052500
-0.12715700
0.23610300
-0.46005600
-0.40452700
-0.30726200
0.02639350
-0.04802900
-0.88269800
-0.23117000
0.37435800
0.20485100
-0.34914000
-0.00887723
0.25681900
-0.62909800
0.35294600
0.04166620
0.38696400
0.48560800
0.67523800
0.24951800
1.39457000
-0.21976500
0.28880100
-0.43529100
-0.04007580
-0.15593000
-0.23949200
-0.40742200
0.04841970
-0.98169600
-0.54567800
0.25247000
1.50186000
0.32803900
0.22921100
0.40694200
-1.36591000
-0.33690500
0.39086200
0.71783200
0.95929300
-0.09945280
-0.23698000
-0.03483550
1.58434000
0.21953600
-0.44242500
-0.20626800
-0.17851600
0.45484700
0.38792100
1.19297000
0.03408290
1.59548000
-0.36949400
-0.21572500
-0.27679300
-0.40943400
0.23674700
1.28812000
0.29163900
0.30919300
-0.32569100
-0.46503200
0.28884300
-0.08033670
-0.08980250
0.18272400
-0.94138300
-0.38531500
-0.01805560
-0.67065400
0.10789200
0.01267020
0.60055400
1.83672000
0.00545462
0.15491900
-0.48048700
-0.34048800
-0.26686800
0.38918500
-0.49993800
-0.66298900
0.17200000
-0.16445000
1.12302000
0.00954325
1.04718000
0.49699400
-0.09997130
-0.39957900
-0.17839500
0.21481700
-0.13362300
0.51080900
-0.34238900
-0.12671800
-0.11241300
-0.75983800
0.61373500
-0.33745600
-0.34000300
0.11642400
-0.66439900
-0.17976400
0.20311300
0.28842200
-0.15905600
0.45923000
0.12797500
-0.59658500
-0.07355680
-0.00942641
-0.09323040
-0.35148700
-0.13797200
0.45392800
0.23400200
-0.51960900
-0.29202300
0.13627100
0.31308700
0.83793800
0.49369200
0.08807430
-0.52419600
-0.39228800
-0.85582800
-0.86305500
0.03229570
-0.02075940
-0.42108800
0.39970400
0.01804810
0.04518290
-0.07657220
0.12899200
0.26317400
0.11542400
0.24556000
0.35012600
-0.20789600
-0.05232670
0.47672000
-0.09350470
0.40621200
0.05118420
0.14057500
0.24214400
-0.32996000
0.12555000
-0.14039800
0.29357800
-0.35696300
0.13695600
-0.32273800
0.61737200
0.12577900
-0.13449200
-0.45309500
-0.58339600
0.14110600
0.39551700
0.44262900
-0.44594600
0.50749900
-0.02805090
-0.59642500
0.41482200
-0.95140500
0.72055500
-0.28414900
1.66245000
1.54686000
0.05004420
0.33254200
-0.18982500
0.10543400
-0.14118900
-0.50346000
0.40174400
0.22094600
-0.07568350
0.03791670
-0.23293500
-0.57182600
-0.29186300
-0.30790200
-0.14114500
0.09126420
0.01827260
0.56533300
-0.55312300
-0.05025100
-0.57623200
-0.44565800
-0.27279300
-0.22893000
-0.00762191
0.20287300
0.10782000
-0.15774900
-0.29079000
0.22238000
1.42583000
-0.18931600
-0.41545800
0.12361300
-0.43060000
-0.40203600
-0.73921800
0.58858200
-0.26771500
-0.59089400
-1.00285000
-0.19327400
-0.71934800
0.00717598
0.68444200
-0.61511100
0.30568800
-0.42274300
-0.11889400
-0.06494240
-0.04287720
-1.05652000
1.21335000
-0.44771000
-0.23077100
-0.73792500
0.86599500
0.08009730
-0.47589800
0.19571100
-0.22273300
0.40941500
-0.66523400
0.48171700
-0.27331500
-0.10414500
1.16815000
0.54359500
-0.53059600
-0.39925600
-0.48885400
-0.31679200
0.28685200
-0.17358900
-0.14282200
-0.24601700
-0.85414800
2.53725000
0.05035250
0.16407900
-0.18774900
-0.93929200
-0.16982200
0.23043900
-0.00310321
0.48146500
1.01167000
0.31132000
-1.04222000
-0.22434800
-0.35041000
0.42746200
0.00875315
0.06504900
0.16649500
-0.02324650
-0.42097800
0.08186970
-0.00873471
-0.85984800
0.11951800
0.10617800
0.02000830
-0.33314100
-0.20432000
-0.77262600
-0.26370400
-0.49153500
-0.42637800
-0.44080800
0.53044000
0.03728510
0.68781200
0.12040400
0.05806730
0.16604200
-0.47573300
-0.38317600
-0.11472900
-1.52712000
0.24177000
0.00501608
-0.67144500
-0.39166400
-0.05770300
0.50465200
-0.95223100
-0.15369000
0.69285800
-0.18112300
-0.71341500
0.34122600
0.05535490
-0.09379600
0.41283700
-0.37045700
-0.21926400
1.00369000
0.45414300
-0.76404900
-0.31642400
-0.99624000
-0.07676460
1.03313000
0.37276800
-0.77389300
0.04848270
-0.43420400
-1.15556000
-0.36746400
0.23760800
-0.22253100
-0.33727200
1.14301000
-0.70894000
1.96093000
0.12847900
0.11499000
0.21593800
-0.09184460
-0.29554300
-0.33439300
-0.51233100
-0.32185800
-0.50621400
0.16776800
-0.54115800
-0.08242960
-0.43265100
0.47168700
0.66747700
-0.26293100
-0.65764100
-0.57398900
-0.25825900
-0.03751650
0.74558300
-0.02188750
0.46630800
-0.20400700
0.30769500
-0.62293100
-1.10130000
0.32101500
0.17347200
0.75179700
-0.32612400
1.11713000
-0.03923610
0.62494800
-0.35734400
0.15108300
-0.43881900
0.39455100
0.32575000
-0.08717170
3.41436000
0.08013800
0.18207500
-0.70842200
1.38120000
-0.03485460
-0.17904400
-0.40555600
0.08540760
0.16800100
0.47832400
0.38375400
0.12307700
0.12689300
-0.11397500
0.02187530
-0.64514500
-0.16634700
0.12633200
0.07145120
-0.61509000
-0.19464600
-0.04492390
0.53522100
-0.07844830
0.19334300
0.21160600
0.69818000
-0.43764500
-0.39220200
1.36758000
-0.33184300
0.45963800
-0.04520630
-0.10233200
-1.11711000
0.22287800
-0.08574330
0.22710300
1.83009000
-0.47983800
-0.94049300
-0.43286800
0.48468200
0.97480100
-0.72766300
0.34564000
0.24007100
0.89658400
-0.51989200
0.47194300
-0.12531000
0.29040300
0.01308610
-0.87698000
0.13940000
-0.31491500
-1.14311000
-0.19234200
-0.70778600
-0.35219400
-0.11252600
0.12808400
-0.43765000
-0.32654300
1.14998000
-0.02894070
-0.18227100
-0.36758900
-0.75654200
-0.83157100
-0.42224200
-0.62685900
0.39698200
-0.77469400
-0.78100500
0.01886180
-0.51634400
1.42408000
-0.26227400
-0.07310460
0.47855200
-0.66070600
-0.12689000
-0.20355200
-0.18514200
0.71762900
0.04215280
-0.25016200
0.12587900
-0.81540300
-0.33061100
0.16147600
-0.57586600
-0.12162100
-0.77880500
-0.32974000
0.12982000
-0.93796800
0.05304070
0.41980700
-0.42509600
-0.01325550
-0.33759100
-0.13893300
0.42944200
0.40842900
0.03651720
-0.02165610
-0.11809200
0.16408300
0.15321700
-0.18151000
-0.30463000
-0.14668500
-0.41694800
0.09816360
-0.36356800
0.40541200
-0.26570400
-0.27898400
0.50609200
0.71134400
0.02103130
-0.62857000
0.64640700
-0.31583400
-0.20627600
-0.00875635
0.42391200
0.54053000
-0.03811510
0.10261400
0.48214000
-0.53308300
-0.14222000
-0.62982900
0.52209600
-0.45057100
-0.17156800
-0.50909000
0.09838130
-0.10825000
-0.11574300
-0.52408000
1.07156000
-0.14999900
-0.50689400
0.25216500
0.40671000
-0.49739800
-0.67072900
0.12005200
-0.40323800
1.19760000
-0.08265380
0.08425450
0.32080400
1.15592000
-0.25065600
-0.33379600
-0.25677900
-0.18993100
0.00601103
-0.20961600
-0.72285300
-0.34553300
-0.11479400
0.24574600
0.19820800
0.09259710
0.92480000
0.00692292
-0.45073000
0.17834200
0.90191100
-0.70214400
-0.47327900
-0.79632200
-0.00945302
0.53968100
0.43833500
-0.07019510
0.36423700
0.00996436
-0.57011700
0.15576600
0.05538180
-0.44511800
0.10719000
-0.47524500
0.10311900
-0.33910200
-0.11341600
-0.03636840
-0.49829700
-0.03979740
-0.37660300
-0.16639300
-0.08398240
0.36846500
0.41045600
-0.64102000
0.00872249
0.60811300
-0.40184100
0.49634500
-0.22730800
-0.18611800
-0.41599800
-0.05657140
0.31780700
0.52767600
0.49043200
0.44562500
0.15788400
-0.60407200
0.00742049
0.37140700
-0.31931700
-0.22786000
0.23764500
0.16861500
0.46214400
-0.10042000
0.79063600
-0.51021500
0.35094300
-0.08586090
-0.79929900
-0.02983270
0.36423700
-0.02510290
0.33526400
1.77846000
0.25443100
-0.90453600
0.03384030
-0.49434700
-0.55995400
-0.03013380
0.38218200
-0.62010800
0.25824000
1.16075000
0.68951300
0.32083300
-0.16028300
-0.24780500
0.62430500
-0.57108900
0.69696300
-0.35390900
-0.51875400
0.17002700
-1.18674000
0.29494900
0.44564200
0.27904400
-0.96442700
0.54770900
-0.12588300
-0.22949800
0.70160200
-0.40824600
-0.10459300
-0.40962700
0.44481700
-0.24000400
-0.45045700
-0.23468300
-0.81776700
-0.41693200
0.06965430
-0.31843100
-0.21124100
0.62494900
-0.47753900
-0.53749400
0.02345930
-0.33618300
0.26724600
-0.32836800
-0.09559300
0.68642200
0.77623900
-0.19317600
-0.35947300
0.57253000
0.37365600
-0.32736100
0.47601300
-0.63137700
0.29113500
-0.38486000
0.36793700
0.62499600
0.03994280
-0.62380400
0.15174200
-0.33761200
0.06560560
0.18318500
0.94291700
0.28561400
-0.55856700
0.14237500
0.45627300
-0.81506500
-0.57559900
-0.08222590
0.33551300
-0.31965500
0.33903800
-0.14279000
-0.28817400
-0.41333500
0.06494850
-0.41421400
0.50363100
-0.12103800
-0.20940900
0.20823800
-0.24965600
0.10205500
-1.29206000
1.35818000
0.53026200
0.68212400
-0.16991900
0.11247100
0.25121500
0.79183000
-0.21204900
0.09785200
0.70247000
-0.00167589
0.73356200
0.08792150
0.15582000
-0.30387900
-0.34282900
0.33671500
0.53346500
-0.16452600
-0.51479900
1.48565000
-0.40655200
1.03540000
-0.33213300
-0.05023260
-0.08344960
0.53025500
0.10387400
0.38197800
0.32394400
0.18997600
-0.04024060
0.38114100
-0.69824500
-0.05438150
0.59964900
0.47820400
-0.45611400
0.56046600
0.01570950
0.08453650
-0.05343600
0.92386900
0.47369600
-0.52468100
0.37008400
0.01147840
0.37961100
-0.18988200
-0.74647100
-0.13503700
0.31073800
-0.30900300
-0.93504800
-0.03891440
0.09392480
-0.40339700
-0.28123500
0.00056806
-0.45014000
0.62421800
0.90819300
0.05512320
-0.22866100
-0.22581300
0.44477400
-0.65089100
-0.01613730
-0.22959800
0.22102500
0.01821460
0.18615700
0.42974100
0.41993000
-0.19518900
0.90451100
0.28128500
-0.61894900
-0.27247000
0.27716900
1.62217000
-0.07276540
1.30891000
1.07610000
-0.21074800
-0.23318900
-0.35001100
-0.37111900
0.44034100
0.00353815
0.54493400
-0.23585300
0.00218987
-0.05198880
0.33700700
0.02303460
0.29495300
-0.66325200
-1.25294000
-1.25691000
-0.35542100
-0.41428300
-0.27084600
0.05731530
-0.12427600
-0.51507400
-0.45122900
0.20943900
-0.06845340
-0.17059300
0.06707640
-0.39468100
0.16049000
0.82894100
-0.16523700
0.46636200
0.13144800
-0.42082800
-0.00895151
0.12127200
0.92288300
0.58812500
0.62533300
-0.29749200
-0.15278600
-0.07747430
0.27101000
-0.81561300
-0.62304900
-0.24194200
-0.49149500
-0.47662600
-0.84851400
1.94543000
-0.29172300
0.05831270
-0.60736000
-0.34737700
0.03954250
-0.78857100
-0.25282400
0.16848700
-0.48170400
0.57030100
-0.31498700
1.12055000
-0.20343400
0.17007600
0.08369030
0.08799610
-0.30660700
0.53025500
-0.12381300
0.45270800
-0.31721600
-0.06126160
0.04027800
-0.20541100
-0.62678400
0.26949800
1.52201000
-0.43249800
-0.72207900
-0.42679700
0.15892500
0.14766700
-0.31610100
-0.68734200
-0.12472200
1.87792000
0.67509900
0.37478100
-0.21601700
-0.28099500
-0.35515100
-0.73316000
0.63565400
0.28275500
-0.22645300
0.15619600
-0.35631000
0.43307900
-0.29074800
0.50318200
-0.60130600
-0.12601400
-0.55468300
0.18181800
-0.67958200
-0.32093600
-0.12834800
0.66594100
0.22798400
0.45719100
0.39249800
-0.50706400
-0.33738600
-0.99131600
0.22498300
1.11790000
0.66719800
1.25176000
-0.09970540
1.69269000
-0.21989700
0.75379100
-0.34928500
-0.21394500
-0.16811300
0.18388000
-0.22568100
0.20240600
0.75563400
0.72392700
-0.04099890
-0.21906400
0.21919400
0.05269630
0.56805300
-0.23763400
-0.57621300
1.17313000
0.21374300
-0.31878300
-0.00798830
0.10058100
0.10218200
-0.32281500
1.71035000
-0.26145100
0.60196300
0.35393400
0.05715330
-0.24735300
-0.31025300
-0.52835800
-0.46895900
0.51243600
0.19155500
0.48589700
1.22687000
0.70713000
0.00135500
0.36693600
0.59317500
-0.19962100
-0.34918600
-0.90752900
0.28885600
0.27057500
0.19612600
-1.02092000
-0.28534300
-0.03079780
-0.17423400
-0.56262500
-0.25444500
-0.25603700
0.00818743
-0.65124300
0.52781400
-0.12618500
0.97855800
-0.84845900
0.00946651
0.96543600
2.13490000
1.30236000
0.49170800
-0.06991860
-0.12915300
-0.23457100
0.78088100
-0.02379910
0.00849990
0.56966300
0.45574900
-0.63569900
0.72610300
-0.43661700
0.09319310
0.14774100
0.12704900
-0.17335900
-0.02898990
-0.44883900
0.06831640
0.06331800
0.19649000
-0.21070600
-0.26742400
0.14613800
-0.02981360
-0.37308500
2.14531000
-0.18645800
-0.45891600
-0.03754210
-0.12259600
-0.94942900
-1.06785000
0.50136600
1.25820000
0.30411600
0.32716200
0.05671020
0.21107000
0.62911800
0.07808660
-0.03060240
-0.24431700
0.21551900
-0.46390400
-0.09943850
0.52099700
-0.29197400
-0.03092710
0.63644900
-0.22602000
-0.09772640
0.65632300
0.11944800
0.34917100
-0.06024600
-0.22869700
-0.02436260
-0.28896100
0.53574400
-0.15080100
-0.40425900
-0.26960400
-0.25338400
-0.08075180
-0.04106910
-0.10099200
-0.10687800
-0.46706800
-0.36947800
-0.19206200
-0.23601800
1.19560000
0.05723050
1.58218000
1.10705000
-1.21233000
-0.53581400
-0.68468400
-0.08972400
-0.30598800
-1.22301000
-0.28779300
-0.57045100
0.08501220
-0.61314600
-0.46324500
-0.34259400
-0.20954200
-0.57409200
-0.14097000
-0.50622800
-0.37577400
0.33195800
-0.86538100
0.65535200
-0.47626700
-0.04195050
-0.32939700
-0.03588970
-0.22710700
0.29954400
0.84257900
0.27472000
2.12139000
0.89990000
1.07710000
1.53559000
1.18162000
1.73165000
-0.19742400
0.11696000
0.45868200
0.48066500
0.06530040
0.96061500
0.43603700
1.70668000
0.39310000
0.44715900
1.83872000
1.04950000
0.53666700
0.15275800
0.62342400
0.13016700
0.47799800
0.34734800
0.11494900
0.47139400
1.40066000
-0.31694300
0.19501400
-0.03901030
-0.25492200
-0.34816900
-0.79426500
-0.16398800
1.34187000
-0.50146800
-0.79757400
-0.43297200
-0.34280500
-0.17876800
-0.34639700
-0.04629770
-0.12969300
0.08500350
-0.14301300
-0.01093910
0.32643700
0.29735300
-0.45376400
-0.29729800
0.38422500
-0.19597500
-0.03420820
0.12620400
0.11649100
-0.56225200
-0.64165500
-0.39967700
-0.31700900
0.00500000
-0.42165100
1.64797000
0.15371900
-0.37592500
-0.21274200
-0.43052400
0.38349500
-0.72307700
-0.60843500
-0.19327200
-0.18681900
0.25184100
-0.38947500
-0.08623030
-0.05145890
-0.28246700
-0.35367000
1.03749000
-0.48874100
-0.98186900
-0.73380800
1.09703000
0.70813300
1.23262000
0.58305400
-1.03127000
0.10420300
-0.37156100
0.39931300
-0.85743200
0.01696560
-0.33479700
-0.01772320
-0.85414800
-0.46382800
-0.23735500
-0.30417000
-0.28525700
-0.52567700
-0.45428900
0.11418600
-0.92873000
0.22374100
0.21538900
-0.14366300
0.28728700
0.00494705
0.18586300
-0.27819400
-1.05949000
-0.43067500
0.39488800
-0.13479600
1.26760000
-0.76302500
1.28647000
-0.38960200
-0.25497700
0.03850310
0.96974100
0.31211700
0.24194900
-0.48359600
0.11299300
-0.49690000
0.01815950
-0.05049710
-0.10146300
-0.08447160
-0.12144400
-0.00535467
0.10923300
-0.16679000
0.72785700
-0.07720840
-0.39359600
1.63297000
0.56968800
-0.31304100
0.02269360
0.58743900
0.45055800
0.05255760
0.09690000
-0.00281855
-0.23835900
-0.27745900
0.05463370
0.29497400
-0.42538700
-0.30562400
0.03013300
0.19932700
0.35208100
1.64173000
1.20082000
-0.06183440
-0.48867800
0.13689300
0.57162900
-0.69815200
-0.15596000
1.50418000
-0.37598200
0.28467500
0.70074600
-0.03600240
-0.77583800
-0.28737600
0.46197100
-0.38811900
-0.19930900
0.18371200
-0.43039300
0.59314800
-0.48247800
2.09888000
-0.30542900
0.29109200
-0.38238000
0.21932300
-0.13660700
0.24578100
0.65960100
-0.00328676
-0.77396900
2.00503000
-0.25057800
-0.28232500
-0.46792100
-0.45620000
1.04285000
0.64860700
0.63594800
-0.02085790
-0.47835300
-0.81269100
0.51059800
-0.37962100
1.03287000
-0.19270300
-0.44078300
-0.00803431
0.04050560
1.79507000
0.86332200
-0.52240800
0.61823400
-0.54373300
0.16812900
0.63541400
-0.09091960
0.00528561
-0.33934300
-0.14637600
-0.02109220
-0.17680200
0.21320600
-0.47472800
1.28466000
0.70050000
0.01595450
-0.57340600
0.33462600
0.04800890
-0.34129500
-0.20884000
-0.29812300
-0.16335200
0.26880300
-0.16209300
0.08857030
-1.11989000
-0.20915500
-0.80666700
-0.04694790
-0.54509000
2.01475000
-0.14626700
-0.51935600
-0.20791700
-0.09994290
-0.39558200
0.01135600
-0.04953700
-0.19860600
-0.04457680
-0.11856700
-0.00908916
-0.61623900
0.06524030
-0.42958600
-0.40392800
0.35000300
0.16447100
-0.14761200
-0.62271200
0.15099100
0.39942900
-0.59257500
0.07056820
1.38931000
1.45036000
-1.09512000
0.03233490
0.07655270
0.03890020
0.91695900
-0.81194500
0.50197600
-0.40660000
-0.01254000
0.09800570
-0.41681600
-0.43114200
-0.12618400
-0.90421100
0.47135500
0.18024200
0.57571000
-0.81890100
-0.55524900
-0.32531800
0.27395200
-0.23807400
-0.18037400
-0.09994290
0.23934000
0.05261440
-0.62015100
-0.09097160
-0.26271900
-0.46253400
-0.09553000
-0.24344800
-0.52600000
1.55030000
0.26466500
0.36095600
1.04349000
-0.11551000
-0.63064400
-0.28989100
-0.46368600
0.00254861
-0.31560300
-0.76213300
-0.22113500
1.99760000
-0.91994800
-0.03543700
-0.39981700
0.02624310
-0.14256100
0.03298890
-0.65540600
-0.30991700
0.17468400
-0.10277500
0.52621800
-0.21325900
-0.23870700
0.11792400
-0.35802600
0.05593380
-0.69017600
-0.77838600
-0.46541800
-0.26297800
0.05598920
-0.04829550
-0.36187900
0.50920700
0.13103300
0.00671829
0.18092800
-0.61721700
0.85369300
-0.29269600
0.53035400
0.15202100
-0.48734200
0.32657000
1.54253000
-0.25138900
-0.20197100
0.09537620
-0.04165140
0.57155000
0.74032600
-0.04323450
0.76264700
0.31485000
0.04459850
0.05054180
-0.41584800
0.61786200
-0.04295560
-0.74752600
-0.17834800
0.30119500
3.10930000
-0.77734200
-0.09237000
-0.38699100
0.66876700
1.16217000
0.77716600
1.31669000
-0.16903800
2.44127000
1.69574000
0.30005200
0.90192200
0.01064360
0.20823900
1.03582000
-0.88926900
0.40149200
-0.18970000
-0.06507900
-0.20493500
3.10357000
-0.22436900
-0.59588200
0.51197800
0.18950300
0.11655500
0.55662100
1.94566000
-0.18012100
0.23904800
1.52635000
-0.10580500
-0.40071600
0.20966000
-0.68058000
-0.16422400
-0.74844500
-0.48869600
0.32400900
0.09429100
-0.11439300
0.49321800
0.50798500
-0.68425800
-0.23016400
0.57417800
-0.36753500
-0.94881600
0.19886600
-0.82607300
-0.41309000
0.21596700
-0.18089600
-0.69890300
0.91040000
1.45039000
0.31108900
-0.34080000
-0.48131700
0.67899500
0.27260300
-0.03823080
0.52405600
0.08445410
-0.90819900
0.39805800
-0.34400400
0.01020950
-0.00676778
-0.07699610
0.02985230
-0.68315600
-0.45032100
-0.69429100
0.88369000
-0.25596900
-0.27547400
0.35216000
1.14450000
0.55100100
0.43885800
-0.29480300
-0.67031200
-0.33651000
-0.41868600
-0.19395400
-0.42716800
0.05550810
0.06843910
-0.48661200
-0.15439900
-0.32640500
-0.10379600
1.25092000
-0.22958400
-0.93666300
-0.21397700
0.07456530
0.40246300
-0.09369730
-0.06708660
-0.23454400
-0.51541400
-0.49542300
-0.90919800
-0.23473000
2.16714000
-0.33399100
-0.03226850
-0.89168000
-0.19343000
0.95195100
-0.65401700
0.12042900
-0.50356400
-0.23207400
-0.09610220
2.21159000
-0.17672500
-0.47365000
0.82990200
0.39895500
-0.66761200
-0.60151800
-0.03720110
0.00439213
0.09969190
1.01517000
0.45387200
0.76267800
0.25486900
1.77258000
0.90398400
1.07511000
0.03897410
1.13980000
0.13839900
1.23441000
0.03117420
-0.09279790
-0.37657100
-0.77721400
0.07108470
-0.31555100
0.29469700
0.39928200
0.09405800
0.07826560
-0.76397200
0.15588100
-0.58926000
0.78841600
0.04816560
0.48219700
-0.18539200
1.16033000
1.42394000
-0.47764800
-0.70170300
-0.38261300
0.18122100
-0.08742740
0.44685600
-0.62380000
-0.11841400
0.20892500
-0.57489700
-0.41531400
-0.11763200
0.09611430
0.25598000
0.83248500
0.19161200
0.28973700
1.06185000
-0.16099800
-0.19414700
-0.25045100
0.18805600
0.19448100
0.08725660
0.19406100
-0.57852800
-0.91652200
-0.40595800
-0.68042500
-0.41199300
-0.44488700
-0.00767102
0.29312100
-0.35413400
-0.47804000
-0.10581100
-0.19834300
0.43123800
0.27094300
-0.22345100
0.24546200
-0.08741620
0.04695200
0.64457700
-0.69527000
-0.02732400
0.12031000
-0.41081500
0.77932500
0.54548400
-0.28619800
-0.10139500
-0.12010700
0.23366000
-0.39015600
0.04118760
0.54100200
0.06708150
0.64699000
0.30883200
1.26059000
1.15955000
-0.30070800
-0.35837600
0.52979600
-0.48378600
0.18358000
0.59695800
-0.44698800
-0.61096900
-0.44104700
-0.30077900
-0.11415400
-0.66575200
0.64968500
0.85471200
1.09664000
-0.29036400
0.96500700
-0.45227500
0.09471040
0.50006100
-0.06134500
-0.03791470
0.15403500
0.53750500
-0.45191500
0.07757180
0.17712300
0.58889900
0.58889900
-0.27541700
0.11182100
-0.44275900
-0.54868300
-0.24971400
-0.17383800
0.16773600
0.81444700
-0.83335700
-0.03826830
0.41498300
-0.09180990
-0.22941600
-0.35516500
-0.36035700
-0.14861100
-0.59068400
1.92825000
0.40478900
-0.08384150
-0.58381000
0.44159800
0.29049000
0.43642200
-0.21478300
0.55823200
0.34143200
-0.37045600
-0.05972570
-0.70076600
-0.23405200
-0.52718400
-0.03408540
-0.52582400
-0.14423600
-0.54552000
-0.15884200
0.39734300
0.36436300
-0.32867600
0.90942800
1.30426000
-0.46518900
0.05231780
0.20820000
0.29235400
0.52632500
-0.55993900
-0.11154300
-0.64862400
0.00102597
-0.59743600
0.03061450
-0.20977300
0.29993300
1.15659000
0.08967170
0.18306500
-0.27599600
-0.63160700
-0.44280600
0.48080700
-0.12463600
-0.21965400
-0.48579300
-0.20567100
-0.03871270
-0.35056800
0.34270400
0.12075000
-0.27075900
0.44982700
1.32330000
0.10648300
-0.32127100
-0.54258900
-0.18005700
0.23562000
-0.76763300
2.48000000
-0.18616400
0.43367100
0.16984000
-0.85252100
0.19254500
0.88096800
0.47838200
0.42314200
0.04151890
1.20858000
-0.47957200
0.30735100
-0.13357700
-0.24527600
-0.10619200
0.12207700
0.30742800
0.90241200
1.26743000
2.68877000
-0.58679600
-0.24497300
0.10432000
0.65636400
0.16644300
-0.06987200
-0.17241600
0.43651600
0.06102910
-0.57552600
-0.17899300
-0.21652500
-0.29046600
-0.25623500
0.30991000
-0.78549900
0.16273400
0.08698370
-0.00470659
0.10582100
0.22377100
-0.49607100
0.40338600
0.09022450
0.49809200
-0.21038200
-0.49706700
-0.35416000
-0.14267000
-0.10085100
0.05324190
-0.75590800
-0.42320100
0.00027435
-0.04636170
0.28315400
0.37775400
-0.06728980
0.05219380
-1.12153000
-0.21905100
-0.64032200
-0.05495820
0.57026700
-0.07010530
0.19930700
-0.67864100
-0.42186700
0.64904900
1.09986000
-0.32198200
-0.74445400
0.40540800
0.22875800
-0.33567100
-0.22739400
-0.30475800
-1.23988000
0.15006100
-0.50054600
-0.02345300
0.01517370
0.29581400
0.29499100
0.18766500
0.65588900
0.09334960
1.74070000
0.76404800
-0.25124700
-0.12848000
-0.12501500
-0.51659400
0.01316140
0.56529800
-0.03178930
-0.33442600
1.38975000
-0.34578900
0.70904200
-0.15601500
-0.27913700
1.44224000
0.53387000
0.51783600
-0.09581070
-0.21312900
-0.48275300
-0.40490200
0.59270600
0.20736500
-0.41983700
-0.61613200
0.02005400
-0.47774800
2.07245000
0.12778200
-0.09326350
-0.01024340
0.45240900
-0.65871300
1.74585000
0.42370400
-0.44867500
-0.20829200
-0.31700600
-0.30793400
-0.16640900
-0.38217000
-0.65248300
-0.44279100
-1.19859000
-0.16611000
0.82805600
-0.70327100
-0.56688400
0.05226640
-0.91744200
-0.68701000
0.99448500
1.03614000
0.01555790
-0.09343830
0.08660850
-0.75837000
0.26681900
-0.90250800
-0.66049200
-0.38006300
-0.68493100
-0.47760300
0.62152600
-0.27047800
-0.22993000
-0.38347500
0.15518200
0.32780500
-0.14819100
-0.03034630
0.35978800
-0.45211000
-0.24450000
0.04902660
1.52992000
-0.59138700
0.54223900
0.27405100
0.51333400
0.37356600
-0.13667400
-1.09751000
-0.61611500
-0.18865600
-0.17488100
-0.65865200
0.63083100
-0.08481170
-0.14980600
-0.15253200
-0.94395000
0.85776700
0.12293600
0.49446300
-0.47159800
0.87695600
-1.10240000
0.28901600
-0.66221400
-0.40726600
-0.07228810
-0.25386000
-0.17070300
-0.59168900
-0.27245700
-0.36450400
0.17838000
0.09965120
0.83538700
0.16134000
0.16721500
0.01954420
-0.76069900
0.32081100
-0.24491200
-0.65865200
-0.88514500
0.06488790
-0.12155100
0.41281400
-0.07934060
0.43982200
-0.57242200
0.06781480
-0.18344000
-0.32273700
-0.59202900
-0.10431400
-0.31195700
-0.30019400
-0.00021120
0.11027300
0.08921580
-0.50622300
-0.03228870
0.29601800
-0.40478600
-0.18043700
-0.20513500
0.18056900
0.23663800
-1.09235000
0.60449700
-0.28372800
-0.17903000
-0.40907800
0.04676000
-0.32880400
0.05881220
-0.35951200
0.43059100
-1.02066000
0.49114300
-0.34324000
0.19232500
0.52486000
0.53885000
-0.43737200
0.25878400
0.43628600
-0.28066000
-0.39453900
0.50302100
1.20963000
-0.42192500
0.51311100
-0.09847830
-0.57493500
-0.19344800
-0.32145000
-0.47033700
0.11870700
0.19637800
-0.37690400
0.41290700
0.04700790
-0.25172800
0.36550400
-0.44469500
-0.12848200
0.44860200
-0.55361300
-0.50239900
-0.19415000
-0.15944600
0.53688100
2.46828000
-0.75729900
0.04945920
-0.74249100
-0.25543400
-0.17749500
-0.86241900
1.04196000
0.80842500
-0.17404200
0.43628600
0.11152100
-0.29609000
-0.06790230
1.36051000
0.50288100
0.24276000
1.67596000
0.64202600
-0.79278400
0.23186300
0.05736320
1.33744000
0.55196700
0.62868500
-0.34954100
-0.53518900
-0.23373700
0.87943400
0.73789200
-0.54624100
-0.22237700
0.34475900
-0.31447900
-0.55441200
0.07628060
1.35164000
1.40463000
1.19350000
1.68896000
0.92289400
1.23567000
0.93665100
0.45088800
1.84293000
0.89565900
0.42406600
0.57627300
1.10540000
2.47127000
0.01887170
0.47314300
-0.09850960
-0.09937780
-0.53995100
0.20442400
0.21392600
0.58432000
0.06259730
0.89207200
-0.46816900
-0.35026000
-0.25973000
1.83918000
0.06199490
-0.55624600
-0.54910800
0.31197200
-0.29439400
-0.58798200
0.14847700
-0.23665200
-0.32554600
-0.28441300
-0.08072250
-0.07469650
-0.00688591
-0.14846400
-0.50467800
-0.12021600
0.64276000
-0.64524600
-0.90552700
-0.29458100
-0.26834300
0.27494200
0.16990000
0.25410000
-0.09129510
0.77970900
0.70221600
-1.05648000
0.62569600
0.60591900
-0.12744600
-0.21321300
0.30243500
-0.18572600
-0.21160300
-0.19086000
-0.41616700
-0.22833600
-0.94385300
-1.17668000
0.07927640
-0.49907600
-0.95771400
-0.53700500
-0.20589100
-0.40647400
0.10413400
0.33124200
0.32261600
-0.31299500
-0.21256500
0.16702500
-0.76908800
0.13621100
-0.71026200
0.24652700
-0.60364500
0.10473100
-0.02370740
-0.00378732
-0.85592600
1.45503000
0.17062400
-0.64222500
-0.12541000
-0.18001500
-0.02893330
0.34040800
0.03470790
-0.43967600
-0.22162000
-0.38575800
-0.14642700
0.16794700
-0.17391600
-0.24162900
-0.05628650
-0.28950200
-0.72396300
-0.50376500
0.33333800
-0.36436600
0.04891610
0.07085990
0.16170800
-0.53861800
-0.32854600
0.86174300
-0.20282100
-0.40349300
-0.07057570
-0.38791600
0.24567400
-0.45293300
0.50513400
0.01762080
-0.09713850
-0.37149600
0.62444200
0.60017400
-0.03069910
-0.13585200
0.29366300
0.06389520
0.03604440
0.11380700
0.30072900
-0.17419300
-0.20007400
-1.12200000
0.78163400
-0.25736600
0.37369000
-0.89089600
0.42591600
-0.80814900
0.90414000
-0.36598000
-0.00922258
-0.15097100
-0.40232600
-0.51217000
-0.18556400
-0.35318500
-0.57921600
0.11126900
-0.01432010
-0.84006100
-0.30164300
0.07102270
-0.84375300
-0.46746500
-0.27390300
-0.04551680
-0.87648000
0.03280880
-0.02780500
-0.40143500
0.41963100
-0.12491500
0.15725600
-0.55065100
-0.46546400
-0.81277100
-0.06029220
0.02131680
0.76778400
-0.83469800
-0.39457800
-0.04704510
-0.00027192
-0.60326900
-0.00332267
1.50711000
2.06951000
3.12746000
0.60307100
0.45089400
0.64387700
-0.55462000
0.01431740
-0.25695000
0.61262000
0.22467700
0.32036600
0.12037100
-0.36355500
0.11868300
-0.14000500
-0.06948390
0.18354800
-0.12921700
-0.05800260
-0.50891300
0.55127700
0.63330700
-0.54691400
-0.40308100
-0.24113500
0.14368500
-0.67892600
-0.14119300
0.54106600
-0.14487500
1.62186000
0.59146000
0.07890210
-0.38164700
0.34711900
-0.26341800
-0.54550700
0.01802090
-0.64533700
1.12787000
0.54313300
0.84811500
-0.69063400
0.31272900
0.37956900
0.77084600
0.89729200
-0.15004000
-0.17704600
-0.04301900
-0.37072000
-0.60577200
-0.34049800
0.67228800
-0.35312400
0.37594800
-0.01604290
-0.19486600
-0.08221080
-0.08027630
0.03563770
-0.23108100
-0.35432400
-0.00480571
0.11848800
0.08305140
0.15145400
2.19669000
-0.73532300
-0.69828900
-0.57842500
0.58250100
-0.35690500
1.07403000
0.41966100
0.42310500
1.14240000
0.68329900
-0.37015000
0.05483530
0.38068200
0.19247400
0.13914100
-0.26897800
2.45739000
0.83932400
-0.61311500
0.66461200
-0.64226100
-0.40349800
-0.53955000
0.70448800
0.78945400
0.47217300
-0.23792200
0.47907300
-0.48116600
0.45083400
0.66560400
0.18910400
-0.21039900
0.32818900
-0.08409420
-0.08636460
-0.22667600
1.37963000
0.88188500
-0.04416200
-0.16541700
0.19160400
1.36170000
0.80244000
-0.11852800
1.09902000
0.28268900
-0.35558100
-0.51351500
-0.45220700
-0.12938100
-0.36789100
-0.27867900
-0.39144700
0.13457000
0.36296900
-0.21178600
-0.80191500
0.17396700
0.98213500
-0.14795000
0.20814100
0.91961000
0.18015500
0.58222400
-0.41305600
3.26005000
1.00650000
0.26516000
-0.21945200
-0.13716400
-0.23683300
-0.52567800
0.24851300
-0.06339190
-0.09134760
-0.33144800
-0.45160400
-0.57907000
0.79557100
-0.22897500
0.36105600
-0.95283100
-0.61587100
-0.44230800
-0.11761700
-0.21360300
0.13639600
0.24553800
0.07363760
0.09239870
-0.03052040
0.02500010
0.04169290
-0.23942000
0.00590987
-0.01561520
-0.07046600
1.06533000
0.08027750
0.10786100
-0.27698200
-0.40595700
-0.49460000
0.00428867
0.23202700
0.01985720
0.23066000
-0.34688200
-0.38700100
0.13929200
-0.26830200
-0.15752100
-0.08842140
0.17460200
-0.15206800
-0.52357900
-0.11619800
-0.22897100
-0.07958970
0.11055100
0.05504290
-0.48008800
0.10081500
0.17454300
-0.35441300
-0.17867600
0.23597200
-0.81602900
-0.69175500
0.42720700
1.19289000
0.77152100
0.20541400
0.27548600
-0.73240000
0.31160900
2.47328000
-0.05361860
0.16953600
0.12784300
0.33264000
0.11174800
-0.23566500
0.51522600
-0.36193500
0.25024300
-0.46449600
-0.00839427
0.26579400
0.32077100
0.32929200
-0.05335070
0.39895000
0.49848800
-0.90025800
0.16259200
-0.79790100
0.27672000
-0.63716900
0.30279900
-0.44992600
0.11595000
0.09384600
-0.15886500
0.62194800
0.18512000
-0.19256200
0.34936500
-0.37517300
-0.11007800
-0.33220200
-0.13413200
-0.50822600
-0.21813200
-0.77182500
0.00182430
0.25794300
-0.49601600
-0.02459200
-0.06594870
-0.42695700
-0.38499800
-0.49999800
-0.07219450
0.77785600
-0.45411800
-0.34861700
0.14268300
-0.41224100
-0.43509300
-0.12385900
-0.23618200
-0.31374700
-0.20181600
-0.36540700
-0.23909600
-0.45441700
0.12638300
2.65460000
-0.28869300
0.96702000
-0.24826000
-0.16182400
1.21871000
1.59377000
-0.14852400
-0.69033600
-0.86968400
-0.83089900
-0.08249110
-0.00138579
-0.41695500
-0.53663300
0.33623100
-0.02582460
-0.05207310
-0.11390300
-0.57787600
-0.13857700
-0.05889090
2.15806000
1.01193000
-1.04564000
-0.30004900
0.20707800
-0.22555000
-0.26856500
0.04351440
-0.45588500
-0.48638600
-0.03406770
0.38676400
0.20575800
0.44086500
0.28035800
-0.58319200
0.46058700
-0.20720900
-0.49084200
-0.22070100
1.20923000
-0.02476440
0.74113000
1.62610000
1.19135000
0.00046566
0.13324000
-0.80847800
-0.73351400
0.05762370
0.70868000
-0.80287200
-0.54095400
0.81273700
3.91811000
1.07474000
0.76523500
0.42527500
-0.13125100
0.09397070
0.31980500
-0.51729800
-0.67329900
0.09338870
-0.27108100
0.44626000
0.37242000
-0.33891600
0.40173800
0.47068200
0.06169390
-0.08004320
-0.41460400
0.26339000
0.33439400
0.57515800
-0.02570290
0.53238100
0.00979367
0.17584800
-0.26599300
-0.05183990
-0.16539500
0.64995600
2.17168000
-0.04407730
-0.55495500
-0.71201400
-0.86989200
-0.00461677
-0.25669100
-0.65920700
0.76745500
0.45437000
0.58097200
-0.10144200
0.13551600
-0.70348800
0.50882000
-0.49490600
0.10595500
0.04847020
0.63260600
-0.11586400
0.27440000
0.12411500
-0.00044968
-0.69543600
-0.14445900
0.77918000
1.06674000
0.31033700
1.94153000
0.66085900
1.84760000
0.55562900
-0.18166200
-0.30878400
-0.16699800
-0.42194800
-0.12903200
-0.26026700
0.08763400
-0.16879600
-0.04748400
-0.38614500
0.16071500
-0.54692800
0.00742057
-0.89601400
0.11097500
-0.57627600
-0.93909500
1.11216000
-0.73046600
0.65405800
-0.00347816
0.52970800
1.21725000
0.21194800
-0.24269000
-0.45549300
-0.97691200
0.18334200
-0.40790700
0.29058900
0.02352040
-0.59866200
0.54281300
-0.62855700
0.88869000
-0.28473100
-0.44200500
-0.16994100
-0.31733300
0.96650500
-0.77715700
0.41319600
-0.88493800
-0.12127400
-0.35071800
-0.02595650
-0.28042000
-0.19051900
-0.37385600
-1.56241000
0.16661600
0.19425800
-0.94061300
-0.07936520
-0.20915300
-0.08527640
-0.38290900
0.24603700
-0.16093200
-0.06064060
-0.38518000
-0.38948800
-0.31794600
0.78827400
-0.45787300
-0.78097200
-0.15538100
-0.60503000
-0.34585700
-0.61237800
-0.31800100
-0.46003700
-0.27345400
-0.55299500
-0.41680100
-0.42797400
-0.10266600
0.63929900
-0.11697000
-0.21764300
0.17196100
0.18392900
-0.32085900
-0.41329300
0.01080680
-0.23214000
-0.66808200
0.32385800
0.07212610
0.50868600
-0.81485200
1.20134000
0.42941900
0.85307700
-0.39695000
-0.67526900
1.58675000
-0.42785500
-0.34645300
0.47187200
-0.25513900
-0.28806800
0.35463900
0.30954900
-0.50347900
0.00216682
0.60773800
-0.37458800
-0.58167600
-0.45523600
-0.49287800
-0.08508750
0.44885300
0.30060900
-0.37867700
-0.48958100
-1.29280000
-0.36694300
-0.24886500
-0.21250700
0.26003200
-0.24112700
0.27743500
-0.35267900
1.17635000
0.09796270
-0.29194000
-0.35427700
0.23306800
0.25880700
0.12503800
-0.51316400
1.05232000
-0.21432600
-0.12635100
-0.15878600
0.00187016
-0.73620700
0.42346900
-0.20063900
-0.37508900
0.32514300
-0.39137500
0.53872400
-0.05188430
-0.01609980
-0.48559700
-0.07446450
-0.46656700
-0.59001400
0.42125800
-0.50834100
-0.02162560
1.01567000
0.06584970
-0.23905300
-0.04889690
0.51077400
-0.41299400
-0.07719520
-0.64572600
-0.03595250
-0.79002500
0.27316500
0.09991430
-0.31170100
-1.26584000
0.05033050
1.81557000
1.14380000
-0.63960900
-0.14421700
0.24028000
-0.14571800
0.57418400
0.14843700
-0.42277000
-0.65446000
-0.41384000
-0.46119100
-0.56151800
0.08416160
0.05453910
0.20539700
0.15079100
0.18750400
0.12885700
0.45520100
-0.27685300
-0.35493600
-0.25545100
0.34893000
-0.38614500
-0.89455100
-0.53809100
-0.81796100
-0.17358800
1.27167000
-0.47036100
-0.67910000
-0.16051200
-0.53290000
-0.12319700
-0.60853500
-0.25019600
0.40354000
-0.03788750
-0.65907300
-0.34437300
0.00766485
0.84571000
-0.59668700
-0.74704300
-0.42919600
0.14096700
0.44497700
0.53025700
-0.72123100
-0.48391400
-0.00398964
-0.34683200
-0.63170000
-0.64796000
-0.33581400
-0.03075290
-0.28494100
-0.37826100
-0.21483700
0.60236800
0.26822800
0.13936700
-0.27564600
-0.01506350
-0.57255600
-0.05078170
-0.05333780
-0.27464400
2.44899000
-0.48597200
0.03228510
-0.03414370
-0.02807310
-0.31538900
0.69719000
-0.13221500
0.21225600
0.28604500
-0.99147500
-0.62684200
-0.44668000
0.45037800
0.26737700
-0.42452400
-0.57817300
-0.21015300
0.14405500
0.03279150
-0.07964320
-0.21551800
-0.11187900
-0.34076500
-0.36038800
-0.06213000
0.00323049
0.69265800
0.54432800
-0.21704900
-0.28513900
0.01729460
-0.27560000
-0.01867940
-0.03613180
-0.26509900
1.60583000
-0.07148040
-0.18815400
-0.74603600
1.60758000
-0.94062100
0.67396900
-0.17064400
0.23727400
-0.72746700
-0.14201400
-0.36650300
-0.49383100
-0.34237100
-0.68046700
-0.46662200
1.68499000
0.32382000
0.20916500
-0.01073220
-0.46048200
-0.00795891
-0.09901040
-1.03570000
-0.58144900
-0.28664300
0.63069200
0.62096700
0.29130900
4.35290000
0.90068000
1.07999000
-0.19128900
0.15540400
0.89031300
0.64505300
0.55905300
0.28887900
1.61761000
-0.73048800
0.07618090
0.17394400
0.18314400
-0.55264900
0.16982400
-0.54299300
-0.00231321
-0.43381600
-0.47490100
-0.50759400
0.02101270
-0.41342500
-0.43029100
0.08274990
1.12013000
-0.21724400
-0.54147000
0.10301800
0.36736200
1.71704000
0.32561400
-0.39093500
-0.19449700
-0.08691870
-0.16889700
-0.14884900
0.24343300
0.49947800
0.69688600
-0.12835600
-0.14706700
-1.21061000
-0.17662300
-0.27436600
0.11986900
1.27704000
0.95257400
1.22377000
0.83560500
-0.68207800
-0.27756700
-0.97274700
0.46854800
-0.51264800
-0.30876400
-0.81621300
-0.48271300
-0.89298100
-0.37178000
0.14901700
-0.23972600
0.49173700
0.35230500
0.80022400
-0.20336100
0.75285700
-0.17158700
-0.19774300
-0.42591500
0.21007300
0.36471500
-0.20547700
-0.50366900
-0.69106700
-0.22572300
-0.14033600
-0.41653800
0.59363500
0.27068000
-0.21050500
-0.53178000
0.29637400
-0.47031800
0.00392267
-0.14780700
0.56587100
0.05813220
-0.00549058
0.23818300
-0.65766800
-0.39596600
-0.12371400
0.36476200
0.09316410
-0.35786800
-0.21374900
-1.04949000
0.10910200
-0.56527000
0.93629700
-0.13272200
0.06028360
-0.12234000
-0.95722100
0.39673200
1.19365000
-0.44288000
-0.45315800
-0.08227320
-0.22365100
-0.40124500
-0.54261500
-0.05241650
0.04320080
-0.65597700
-0.23726900
-0.61584300
-0.22314100
-0.78624100
-0.05645320
-0.67747600
0.45950800
-0.31118600
-0.31535900
-0.39177900
-0.06158790
0.06902880
-0.10494700
0.60029100
0.53166400
1.15643000
0.15827500
-0.69079200
-0.42598800
-0.24055000
-0.05286320
-0.61706900
0.81375100
0.30014400
-0.54718300
0.49674300
-0.68758200
-0.19872200
-0.23811500
-0.23277100
-0.53771500
-0.15921900
0.17014800
-0.45362100
-0.32939600
-0.52778900
-0.58043700
-0.33593500
-0.28683800
-0.68153000
-0.28440600
-0.54321600
-0.08632280
-0.18959700
0.80659000
-0.15050900
-0.33665200
0.44996100
-0.37082900
0.29604900
1.40726000
-0.14558500
-0.13827600
-0.42549300
-0.39402400
0.00440062
-0.61565800
0.31761200
0.33795600
-0.65412400
0.35925600
0.20535700
0.64828300
-0.13556500
-0.40177700
0.23127500
1.66423000
-0.49804400
0.68696600
0.67506200
-0.38184900
-0.45439600
-0.26365700
0.71789500
-0.97349600
0.84495500
1.70272000
0.43028700
0.47554800
-0.36034800
-0.46512800
-0.58446900
0.27024000
0.61490300
1.24199000
0.00656190
-0.06411840
0.09148550
-0.55614700
-0.36326900
-0.48836500
0.32695600
0.42016500
-0.11915000
-0.24033200
-0.68005000
1.08906000
-0.56016400
0.57854800
0.09528430
-0.95190500
-1.02272000
-0.47211900
-0.00376774
-0.62947000
-0.83424100
2.25343000
1.40530000
-0.45577800
0.41126500
-0.37733000
0.55391800
0.19362200
-0.70703000
-0.16999500
-0.11323000
-0.76827600
-0.36150900
-0.53087200
0.08286220
-0.56627800
-0.57310800
-1.27894000
-0.09946960
-0.29189200
-0.07478590
-0.57665400
-0.15996200
-0.55379500
-0.82787500
-0.59966300
0.23066400
-0.42476900
-0.80534300
0.66464000
0.55635100
0.02118460
-0.82235000
-1.03195000
0.10738100
0.03184600
-0.18185000
-0.67456800
-0.98371000
-0.97490400
0.26022200
-0.25871800
0.38954400
-0.10800300
1.42267000
-0.09774420
-0.29247000
1.26620000
-0.49685000
-0.40295800
-0.44483400
0.85497900
-0.48932800
-0.32417900
-0.05617510
1.90377000
0.75148800
-0.30428500
0.22943800
0.26396300
-0.04875420
0.06053730
-0.43579900
1.38717000
0.89718600
0.29234100
3.07455000
0.68260200
-0.83853800
0.37940500
1.49748000
0.24986200
-0.38306300
-0.26897400
-0.46617300
-0.32991200
-0.25103600
0.20350700
0.01717180
0.32837200
-0.56875200
-0.80400900
-0.14529200
-0.09055780
1.01763000
-0.20527800
-0.41171200
-0.66430100
0.40118300
-0.14794100
0.19732100
-0.68055500
-0.15138800
-0.01646180
-0.29451100
-0.35197200
-0.34653700
0.14280200
-0.24001000
0.63174500
-0.28387400
0.13290400
0.04767560
0.00997782
-1.00221000
-0.32178700
-0.93985800
0.10581600
2.72879000
1.72360000
-0.78302300
-0.31570300
1.08789000
0.10969400
-0.84376300
-0.56814300
0.63676700
0.68655600
0.23418900
0.11374200
-0.43377800
-0.09982880
-0.93394500
-0.48561500
-0.50785300
0.58229000
0.07832550
-0.57720400
-0.37782500
-0.24843000
0.34743600
0.34131700
1.51193000
-0.17579500
-0.04320480
-0.46470900
-1.20122000
-0.01259090
-0.18083200
0.09053330
-0.40035800
-0.20757200
-0.35763400
1.48456000
1.28913000
-0.19252300
-0.18040100
-0.59246200
-0.27180800
0.21108100
-0.84795400
-0.56198300
-0.61227300
-0.07756410
-0.15318900
0.05621970
-0.18829700
-0.67709800
-0.32531700
-0.46391900
-0.68827900
-0.51129300
0.04114090
1.23503000
-0.56551000
-0.40269900
-0.43260800
0.23769100
1.65708000
1.51809000
0.25400600
-0.21455200
0.04785330
0.70352200
-0.82131700
0.03542170
-0.23353400
-0.26187200
-0.03611700
0.51597300
0.21463500
1.56849000
1.03587000
-0.66340200
1.00874000
0.52384700
-0.27119600
-0.50820700
0.69881300
0.53959200
1.43019000
0.69222400
1.10660000
0.19996500
0.48041600
0.39800500
0.69368400
-0.05099390
0.78001900
-0.41405600
-0.01212530
0.31715500
1.11998000
-0.31831800
0.45243700
-0.42099000
-0.93243800
-0.15307500
-0.89382100
0.04143440
0.12006600
-0.47394300
0.18204000
0.07290230
0.52036100
-0.17509000
0.09647640
0.14217400
-0.17563200
-0.10970700
0.04501780
0.26294500
0.25571200
1.30702000
-0.29394500
0.80644400
0.78168300
0.17474100
0.09579690
0.34158300
-1.04963000
-0.37064800
-0.07768860
0.80689600
0.80797500
-0.72199600
-0.35717300
-0.07267090
-0.31864400
-0.73029600
0.04534750
-0.18279200
0.44554300
-0.34663100
0.16453800
0.07519560
-0.32560700
-0.44577400
-0.38032000
-0.21942700
1.58489000
0.86914500
-0.26787200
1.25208000
0.18651000
-0.26175600
-0.20949000
-0.21670600
-0.63346700
0.21804700
0.50563000
0.29671900
0.49969900
0.61034800
0.59300700
0.28649100
1.64662000
-0.75351100
-0.05737430
0.09927600
0.20469900
0.64143600
1.41394000
0.44495700
0.11273000
-0.08164040
-0.20775300
0.17281800
-0.59370700
0.22531700
1.06048000
0.56365600
1.65802000
2.02851000
0.73486200
-0.17120300
0.19545800
-0.16275200
0.01406280
0.02612080
-0.06263900
0.84845900
0.40841800
1.59707000
0.24236600
-0.46106800
-0.14994300
-0.09786720
-0.66322800
0.12742600
-0.73870500
-0.50112800
0.30630000
-0.35636100
-0.92645500
-0.21532400
-0.04717820
-0.71405900
-0.53723800
-0.73366500
-0.35539400
-0.50216400
-0.46741100
-0.84555300
-0.56856700
-0.73684500
-0.69198800
-0.06515420
-0.20189200
-0.66287700
0.90596300
3.45424000
-0.23082500
-0.45582400
-1.12994000
-0.30470000
-0.40999500
-0.22991200
-0.17581700
0.23185300
-0.41602800
0.08240830
-0.97518600
-0.13465400
0.42532300
0.08318420
0.69637200
-0.32019800
-0.20150000
0.19107600
0.27320300
-0.13668900
-0.50521200
0.21927400
-0.09049780
-0.22966000
-0.39233200
0.43216000
0.11021100
-0.61915200
-0.05083940
2.45833000
-0.26737300
0.04971250
-0.14497400
0.15819700
1.11475000
-0.10372900
-0.42733900
-0.00137741
-0.25951200
-0.56937300
0.03403440
-0.44738200
0.19341000
-0.05080850
0.06427480
0.19832200
-0.46079100
0.01586660
-0.16656800
-0.23795400
-0.09406900
-0.32200700
-0.41869000
0.09770990
-0.18904400
0.14488600
0.21771400
0.19311700
0.08325910
-0.02885280
-0.11274700
-0.32492700
-0.27338800
0.19892400
-0.04954570
-0.79167800
0.00025446
-0.04814050
1.34497000
-0.22964000
-0.52387200
0.07228510
-0.38108100
-0.64299300
-0.06926500
-0.21471400
-0.30210200
-0.26711900
0.41459500
0.80697300
-0.17796000
-0.58753000
-0.25768100
-0.46231700
0.13113400
0.08459540
-0.29684100
0.04206990
0.31905600
-0.09752370
1.30927000
0.30268800
-0.31189800
0.43520400
-0.31917000
-0.09306450
-0.52899400
-0.19025500
1.51631000
-0.59238900
-0.26734900
0.05355830
-0.28917600
-0.25213800
-0.33979700
-0.18194700
0.42303500
0.32599300
-0.26321100
-0.82847900
-0.41362000
0.36880600
0.13160900
0.38740900
-0.59942700
0.04392160
-0.65954600
0.36518900
-0.03297350
0.40354800
-0.19255800
0.31480500
-0.57523900
0.04577490
-0.18179400
0.32491400
1.67236000
-0.19635000
-0.51981700
-0.15683100
-0.20600400
0.76536000
0.19112000
0.24937700
-0.58346400
-0.67504500
-0.04379420
-0.05777070
-0.03691860
-0.84970000
0.01603790
-0.19436900
1.23958000
1.11844000
-0.36277400
0.90154700
2.18925000
-0.19707300
-0.24318000
0.41615800
-0.37943000
-0.33739700
-0.13271000
0.10389800
-0.23402100
-0.27963400
-0.03785500
-0.42278100
-0.57687500
0.29321800
-0.00608410
0.04459610
-0.85892800
0.21950300
-0.23052100
-0.79705600
-0.10213400
-0.53713600
-0.66705600
-0.40547600
-0.76578700
0.38291500
0.48777100
-0.60145300
-0.62814900
-0.77258100
-0.03403850
-0.61800900
0.05093650
-0.17462200
-0.29699100
-0.32974800
0.57453000
0.01893900
-0.16015200
0.45008100
0.68140400
-0.06584900
-0.06999400
-0.49280600
-0.22354400
-0.26222000
-0.65797400
-0.08996170
0.19200500
-0.53378300
-0.30172200
0.66605400
-0.45080200
-0.28222500
0.78370700
-0.16425700
0.31185800
-0.57436100
-0.20037100
0.58214300
-0.84034900
0.62693100
-0.36875400
0.13726100
-0.12548700
0.20570600
0.04539090
-0.16929000
0.19602500
0.08209010
3.06498000
-0.36349600
1.00114000
-0.43781700
-0.47711600
-0.52466800
0.06720840
-0.21276000
-0.29507500
-0.07781100
-0.45412600
0.56954100
-0.23595200
-0.40455500
-0.12150400
-0.67179000
0.74081600
-0.53109700
-0.23086500
-0.61918100
-0.10330600
-0.39543500
0.60864200
-0.14804700
0.86961500
-0.52572500
-1.00675000
-0.20570000
-0.06760940
0.18956200
-0.16842000
-0.19556600
-0.01880430
-0.42518700
0.48263400
-0.24689700
-0.45934500
-0.43270200
-0.17660500
-0.75422600
0.03133970
-0.23746600
-1.24836000
-0.38594300
-0.39799100
-0.98958700
0.08560250
0.27622300
-0.38591000
-0.39857300
-0.19661600
3.15015000
-0.58722700
-0.09943510
-0.26032800
0.16292000
0.14322800
0.57375100
-0.12289100
-0.59590200
0.15555000
0.10434300
0.38611700
0.48468400
-0.23841900
0.27141500
-0.55149000
-0.25582500
-0.02377840
0.03262970
0.07774770
-0.44929800
-0.30814300
-0.16762800
0.33119400
-0.94949800
0.05639870
1.04564000
-0.18141800
-0.11744200
0.53767000
0.60384300
-0.09586000
1.13596000
0.55258100
-0.69058700
-0.91297700
-0.22691800
0.33938100
-0.28605600
-0.32390100
-0.07088210
0.11058000
0.01286790
-0.56276300
-0.19502700
-0.31975900
0.17655500
-0.41635100
-0.78917600
-0.49121700
-0.58307100
0.00016186
-0.56730900
-0.39391100
-0.29366300
-0.95198200
0.41428200
0.87023600
0.46833200
1.32284000
2.21123000
0.76744700
-0.26419800
-0.00023757
-0.19076000
-0.20573200
-0.42110300
-0.69351700
0.64447600
-0.11156900
-0.93795300
-0.51291900
0.80367200
-0.38907600
-0.63866500
0.22776700
-0.56015100
-0.25540500
-0.79319200
0.34196700
-1.15269000
0.19591100
-0.11919200
-0.66183700
0.16276000
-0.41566100
0.02360520
-0.39383400
0.08304980
0.27631100
-0.08531740
0.03582740
0.25056900
0.07354280
-0.08913400
0.17585200
0.00091709
0.48592200
1.16492000
0.04374880
0.42050300
-0.43617800
2.00429000
-0.29061100
-0.27902100
1.49079000
-0.48114000
-0.21241800
0.03593140
0.16865600
-0.27138600
-0.26227900
-0.42882200
-0.64987300
-0.32360000
0.90880500
0.93742100
-0.43461700
1.08340000
-0.20967400
-0.21456700
0.20926900
-0.99311600
-0.26999100
-0.19992600
0.43147500
-0.39006000
0.82502200
0.67626100
1.09486000
0.67373600
0.65955900
0.56158200
0.28350500
-0.99073400
-0.53551000
0.56208500
-0.72024300
-0.52043900
-0.28591500
-0.74783600
0.32777100
-0.21391000
-0.30262700
0.08195270
-0.26953700
-0.51256800
-0.51890100
-0.82558900
-0.34670200
-0.61134100
-0.35815800
-0.02601180
-0.34143100
0.96666200
0.69512400
0.65800400
1.29654000
-0.07958580
0.38739500
-0.36474700
-0.51019800
0.13877400
-0.60464300
0.45377400
-0.22029700
-0.20967400
-1.11371000
-0.69830800
-0.05626120
1.10550000
0.20203600
0.60394000
-0.59981300
-0.37125400
-0.88508700
-0.49373600
-0.69941000
-0.56291500
0.15177300
-0.38626000
0.15041300
-0.53606200
0.90938800
1.87444000
0.65401300
0.39090400
0.26753900
-0.99679400
-0.61942700
0.44125800
-0.28799900
-0.45571300
-0.03852100
-1.48394000
0.53939100
-0.19043800
-1.12109000
-0.03926450
-0.07607370
-0.42314100
-0.19069000
0.54897800
-0.37845700
0.25926000
-0.22007800
-0.08088930
-0.11598700
-0.27337300
-0.83555500
-1.35927000
0.05777530
-0.63436400
1.13748000
-0.30542700
0.02020250
-0.47394200
-0.08714480
-0.03781690
-0.17811800
-0.36597000
0.03750320
0.22372400
-0.23778000
0.05360200
-0.22528100
0.39513100
1.67752000
0.27674400
-0.35866400
-0.13746900
-0.22841700
-0.73095600
-1.11322000
0.48851800
0.54922800
-0.30462300
-0.19673000
-0.24323100
0.08435330
-0.08782790
-0.32603000
-0.07300950
-0.19052000
-0.12540400
-0.38718800
-0.64386000
-0.26776800
-0.69434300
-0.03911640
0.64933000
0.77574600
0.04323860
-1.02966000
0.22495300
-0.43578500
0.04311930
-0.04418230
-0.70790400
-0.65949700
-0.46569700
-0.11591100
0.06785430
-0.03716430
-0.51709800
0.29243700
0.22464400
0.35037200
-0.39034000
0.36862100
-0.46184900
-0.30750000
1.24903000
1.10515000
0.63424900
0.28794000
-0.13150800
0.59367500
0.13833100
-0.13380800
-0.60603100
-0.91974100
0.89762000
-0.27171400
1.74451000
-0.46417000
0.19604100
-0.70692700
0.11197400
-0.54983300
0.18727800
1.13055000
0.56705300
-0.14805000
-0.11323200
0.14200900
-0.32253900
-0.69672500
-0.71269200
-0.13208200
0.36801300
-0.54658400
-0.60326200
-0.22350200
-0.28443800
-0.45327000
-0.38210200
-0.53124500
0.10726800
0.04855860
-0.00740945
-0.08856100
-0.84689700
1.53860000
-0.43315300
1.47602000
-0.36299400
0.73422600
0.10741000
0.07260640
0.95629600
0.36881300
0.92954100
-0.06912540
-0.67037200
1.13809000
0.23519200
-0.04414480
-0.66165600
0.43935400
-0.10809300
-0.11100400
-0.31594400
-0.66041100
-0.46894000
-0.16045000
0.31668400
0.73704600
-0.42534400
-0.39613100
-0.25061900
-0.68524800
-0.03527770
0.06494620
-0.34901700
-0.06465320
-0.14714300
0.49601600
0.00089601
-0.16787900
0.61439100
1.80132000
0.37673000
-0.07101160
0.18284700
0.13743300
-0.69869100
-0.22860900
-0.22152200
0.31962700
-0.39367400
0.06573650
-0.28527000
-0.01030250
0.55784900
0.44544200
0.41103400
0.01782080
-0.34205600
-0.44801900
-0.42585300
-0.00264958
0.67188800
-0.24175600
-0.54987500
-0.26130900
-0.52574600
-0.48006100
-0.20916500
-0.42492800
0.91951700
0.09619470
-0.04569670
-0.19087100
-0.06866370
0.20210100
0.23076600
1.19411000
0.05658490
0.36094600
1.53915000
0.02716400
0.69577600
-0.24695000
-0.17305800
-0.01917210
-0.39132800
0.94271600
-0.15368200
0.13612000
-0.47463700
-0.24834000
-0.84961200
-0.25424200
-0.33630800
-0.12381400
-0.22081200
-0.17177600
-0.14630700
-0.90638900
-0.48194900
-0.37277700
-0.55126500
-0.50891400
1.87195000
1.27897000
0.42829800
-0.27228000
-0.15778100
0.96219200
-0.28305800
-0.28562600
0.07840680
0.44514800
-0.66723700
0.57501700
-0.13164100
-0.97150500
0.17510500
0.70194400
-0.59880000
0.04897220
-0.64307000
0.00601162
-0.48485500
-0.94080100
-0.42258400
-0.08616070
0.22001200
-0.57926000
0.00635921
-0.19678500
1.51139000
-0.57786600
0.39087500
0.00232696
-0.42141300
0.29701800
-0.09637600
0.91004600
-0.83566000
-0.42533200
-0.10312200
-0.74613400
-0.69507900
-0.06650560
0.20604400
-0.45491500
-0.53327800
0.55307800
-0.16361600
0.53160800
-0.36029600
0.26504100
-0.54947600
-0.26892700
-0.61197900
0.09479620
1.82151000
-0.11159400
-0.80149500
-0.37211000
-0.13318000
0.35440700
-0.48409400
-0.09357970
0.11525300
-0.43717000
-0.13284600
-0.35453800
-0.31558800
0.24002100
-0.08418540
-0.08391910
0.11660200
0.03574390
-0.09937460
-0.22109500
0.77001800
-0.67948300
-0.78732900
-0.51136200
-0.66192100
-0.90882200
-0.58699800
0.72899000
-0.28204800
-0.69469300
-0.36686400
-0.70963600
0.30829000
0.90046500
-0.38902700
0.18993700
-0.03695900
-0.68376800
-0.33742600
0.37450300
0.10972300
-0.20579500
-0.44034200
-0.05227820
2.68995000
-0.99992700
-0.15680800
-0.07709410
-0.37143400
0.81236100
-0.14761300
-0.14979200
-0.06774320
0.59162700
1.01675000
0.47554300
0.00167192
0.06263040
-0.16632400
0.04646260
-0.11702300
0.20722200
-0.33749800
-0.38115300
-0.80769400
1.08235000
-0.05962660
-0.50679600
-0.12723800
0.00307611
-0.55788400
0.29694600
-0.12443100
-0.58213600
-0.69619900
-0.00628532
0.14675000
0.87140300
0.31452800
-0.00221804
0.44425200
-0.74116900
0.14883700
1.65172000
-0.72014700
-0.43380700
0.15944200
-0.40762300
-0.78028600
-0.31973100
-0.00857535
-0.24619200
-0.42751300
-0.04651060
-0.27409000
-0.16192800
0.42007600
0.22423900
-0.51551000
-0.02709970
-0.20126800
0.23016800
0.07748320
-0.31408300
0.05460790
-0.22296700
-1.12244000
-0.18504300
-0.15461900
0.67392400
-0.01728290
0.32819300
-0.63259100
-0.62197700
-0.35558400
-0.62882500
-0.46744700
-0.82433500
-0.32131500
-0.03240700
-1.31712000
0.51563600
0.15754400
-0.50949600
-0.74337500
-0.21528800
-0.26242200
-0.74512900
-0.02691520
-0.00328196
-0.76899900
-0.29206200
1.26762000
-0.96864200
1.51694000
0.07447420
0.49064100
0.23051200
1.34660000
-0.27796200
-0.82674600
-0.25398000
-0.57250600
0.77778100
-0.21585400
2.34082000
0.97954900
1.27179000
2.70003000
0.40163200
1.84423000
-0.09875270
0.59465900
-0.95442000
0.25524100
0.37850400
-0.19816100
-0.64297100
-0.01556170
0.51977800
0.78783200
1.01207000
-0.19130200
0.17738700
0.23786000
0.00684900
-0.22357800
0.38627800
2.01718000
0.84390900
1.04692000
0.50436700
1.53025000
0.62738100
0.37642400
-0.62055300
0.02703670
0.19597000
0.53516100
0.26745400
-0.65062200
0.26482000
-0.44974400
-0.73246200
-0.01752000
0.28694200
-0.32412900
-0.04238230
0.04582230
0.57008900
0.09952470
-0.14196700
-0.66330700
0.02029890
0.45391200
-0.37182300
0.15338900
-0.65093000
1.75958000
-0.24438800
0.06054140
-0.18414000
-0.45090900
-0.49099100
-0.40146900
-0.17927100
-0.23481200
0.11902100
-0.20999700
-0.11279600
-0.57404100
-0.57695400
0.24143800
-0.00371411
0.58563100
0.02213460
-0.39820300
-1.09865000
-0.06300100
-0.62768700
-0.30219900
0.44119400
-1.08354000
-0.42549900
0.25922800
2.08096000
-0.11393800
-0.37803800
-0.55510400
1.21128000
0.11539400
0.23471000
0.24687400
0.20148700
-0.14359800
-0.07028770
-0.36832100
0.06876090
0.43092800
0.35916800
0.80984400
-1.04109000
-0.71975400
-0.16953700
0.19347600
-0.47468400
-0.65434900
-0.26520200
0.25045500
-0.61484700
1.25738000
-0.13793200
0.26457500
-0.94676400
-0.35562100
0.28660700
0.80816300
-0.22205000
-0.63652800
1.53280000
0.76884400
1.34448000
0.04533990
0.42530100
0.03341660
-0.72107000
-0.48662400
0.02951240
-0.38178500
0.23291500
0.02251350
2.68980000
1.20390000
0.21002600
-0.06703400
0.04219840
-0.50798700
-0.49149400
-0.73317500
-0.43448800
0.00342482
0.14138900
-0.69129900
-0.38184100
-0.07476170
0.11258200
1.03730000
0.37623700
-0.71406800
-0.75525700
0.54026300
-0.18807400
0.04844610
-0.15716000
-0.47020600
-0.53295500
-0.66084000
0.03311140
-0.56178900
-0.24684900
0.15419700
0.50005700
-0.29504100
-0.45650800
-0.14102500
-0.95066300
0.04001220
-0.16609300
-0.86383300
-0.54438000
0.26054000
0.14476800
-0.23530200
-0.29441800
1.09126000
0.58280800
-0.26579700
-0.83645900
0.30295400
-0.14412200
-0.08433960
-0.20816800
0.57982000
-0.56447400
-0.36250400
0.00793755
0.15840700
-0.03246390
-0.74425100
-0.84954300
0.44505200
0.13045400
-0.78632400
-0.19018400
-0.66719200
-0.32449900
-0.76202700
-0.76188400
-0.16977300
-0.71745500
-0.19544700
0.00557054
0.13041800
-0.59792700
0.40798800
-0.25458600
0.20767900
0.07519050
0.68271100
-0.91784500
-0.47547500
-0.21193000
-1.10988000
0.44502800
0.10349600
-0.40669100
-0.52857200
-0.07128740
0.06549090
-0.38201300
-0.09813680
0.64184900
-0.24917600
1.20722000
0.35555200
-0.28290300
0.03609060
0.77866300
0.03988470
-0.68586500
0.98329600
-0.32299200
-0.50096000
0.03185940
-0.36663900
-0.16449700
-0.24047900
0.09901370
-0.39936000
-0.04100490
-0.69220000
-0.18708800
-0.34295200
-0.06980520
0.13130100
-0.68897600
-0.55211800
-0.16904900
-0.22224800
-0.22429400
-0.29292300
0.01411910
-0.24627300
0.16077700
-0.02046470
-0.05551590
-0.74933000
0.24499600
-0.10978900
-0.36793300
1.54939000
-0.08436710
-0.07152530
0.38147800
-0.38075100
0.31221900
-0.85109000
-0.74029000
-0.10861200
-0.56976500
0.08756150
1.79247000
0.27819800
0.04848530
-0.21656400
0.09828790
-1.00827000
0.09370060
-0.14164200
-0.01427470
-0.60558600
-0.02783830
-0.35455600
-0.02057440
0.26992800
-0.15996400
0.27584500
0.87551900
-0.08289310
-0.50331700
-0.67628700
-0.73921300
-0.42700900
-0.12680700
-0.71233800
0.18621200
-0.79092500
1.11890000
0.24517400
-0.44766200
-0.18105600
-0.37141600
-0.01254180
-0.22552400
0.73102500
-0.30807700
-1.18557000
0.10301400
0.36465300
-0.55691800
-0.33719400
0.10387400
-0.07408090
-0.20715200
-0.34985200
-0.31135500
-0.28312000
0.04974940
-0.34031300
-0.71643200
0.18153600
0.20077700
-0.01581610
0.63684900
-0.49069900
-0.05577320
0.46760600
-0.45214100
-0.76469100
-0.08997130
-0.04878700
-0.09867350
0.23005800
-0.23658300
-0.11999300
0.39266000
-0.13182500
-0.63362500
0.12025500
-0.47025100
-0.04102230
-0.86515100
-0.02603600
-0.74106200
-0.11612600
-0.32916000
0.95345400
-0.32217600
-0.26572200
-0.33029600
1.81839000
-0.19899600
-0.22975400
1.09653000
1.79523000
0.50199300
0.49708900
0.70256000
0.32930900
-1.11690000
0.53052100
0.00007801
-0.12828000
-0.50663100
0.40977500
0.09064630
-0.21812000
-0.00105703
-0.20589100
0.10773900
-0.95003200
0.35502600
-0.06336760
0.41908100
-0.02211210
0.22719700
-0.25845100
-0.25071300
-0.06714920
0.06815440
0.06184390
0.33636900
0.39567400
1.84917000
-0.15881500
0.30772500
-0.30725000
0.33466600
-0.26262900
0.72376300
0.91943100
0.33165000
-0.06420890
1.70770000
-0.71224800
0.76273400
0.10783700
0.05028480
0.34025800
1.04352000
-0.38791200
0.00162616
-0.09039180
-0.37802600
-0.20282000
-0.47510800
-0.64312000
-0.18585900
0.03845630
-0.52822300
-0.81012700
0.42771700
-0.27197900
-0.23340300
0.28914700
0.28956600
0.96523100
-0.63489000
-0.53263900
-0.13813300
0.22508200
-0.71703200
-0.26048000
-0.22553400
-0.45532600
-0.53071300
-0.17444300
0.52532400
-0.69866300
0.27468400
0.65286000
-0.75581100
-0.95169700
-0.34319900
-0.21007700
0.34834800
0.05103850
0.44010000
-0.78309400
-0.35525000
-0.25834000
0.04178930
0.15819800
0.41644700
0.36350100
-0.49357400
-0.84190100
0.32147200
0.28729600
-0.15218900
-0.27874300
-0.93081500
-0.34439600
-0.50483900
0.12514400
-0.48237300
-0.38384500
3.26307000
-0.41669000
0.47935600
-0.07134680
-0.67741500
0.05552300
-0.08895450
0.44128300
0.11024800
0.22550200
-0.02887960
0.28516900
-0.28320700
-0.69169200
-0.34580900
-0.37809000
-0.14691900
0.23989200
-0.76466400
1.52977000
-0.44532400
-0.60106900
-0.33905000
-0.56685600
1.85182000
0.26832100
-0.28032500
0.74391900
0.61499500
0.37213500
-0.67411600
0.44531200
-0.36182400
-1.14423000
0.96272400
0.17295700
0.10047100
-0.03151260
-0.83385200
-0.80353900
0.45241300
-0.62004800
-0.10718100
-0.01961630
-0.20842200
-0.56625100
-0.29611400
0.11619900
-0.43134800
-0.14673000
-0.38744000
-0.47703300
-0.30369800
-0.13123400
0.37173600
0.34395700
0.47532500
-0.45690500
0.23357600
0.38018600
0.64852300
-0.38529000
-0.29377400
0.18578400
0.25192700
0.17554200
0.82938400
0.31490900
0.44620300
-0.38347000
0.43530900
0.00789348
3.09573000
-0.26175600
-0.57922800
-0.45797000
-1.04503000
0.62291300
0.46170500
1.09114000
-0.76099600
0.52234600
-0.38111100
-0.10439800
-0.62587100
-0.18044900
-0.39560300
-0.34988200
1.08067000
0.17514100
0.36239200
-0.23917500
1.17961000
-0.12442100
-1.17103000
-0.68160400
0.18026900
0.11399700
1.68507000
0.20496600
-0.20820300
-0.18879700
-0.72190500
0.07112610
0.00129294
0.33272800
-0.09129230
-0.66052100
-0.53807800
-0.36866300
-1.05321000
-0.09790160
0.19830500
0.08839740
-0.42498000
0.58372600
-1.03356000
-0.55253300
0.17158900
0.27203900
-0.56863400
-0.13201200
-0.41074900
0.70795100
1.23187000
0.57055600
-0.70922300
0.23054700
-0.06465590
-0.39942800
0.36905500
1.34735000
0.30481400
0.01547470
1.09533000
0.72798700
0.77842300
-0.10022300
0.24283700
0.16722500
-0.36579500
-0.69359300
-0.70228000
-0.24865400
-0.97153900
-0.10184400
1.10765000
-0.09132400
0.29141300
0.04848530
-0.12792700
0.32387700
-0.24593200
-0.07115510
-0.26851100
0.12151200
-0.22684700
0.46945600
0.32696200
-0.46300700
-0.30788200
0.54606600
-0.43214900
-0.09388620
0.70165700
0.23008500
0.25860800
-0.56975300
-0.41859200
1.79161000
-0.27073800
1.36984000
1.60808000
0.95419300
0.81987300
1.19089000
1.15328000
0.33071000
-0.24551000
-0.58211100
-0.28124600
0.14744900
-0.01960170
-0.00495956
-0.06539220
-0.42962200
-0.77209500
-0.89538300
-0.09905670
-0.52598600
0.14744900
-0.23867800
-0.10761000
-0.77990700
-0.06213110
1.66876000
0.07651010
-0.57662900
-0.63308400
-0.46029800
-0.09547430
-0.18270100
0.05718430
-0.35339400
-0.07404840
-0.08497080
-0.39789200
-0.48855700
-0.31886000
0.13307800
-0.08492630
-0.65147900
0.28295500
-0.23406200
-0.46718400
0.15667300
0.14749400
2.06452000
-0.33137300
0.22530400
-0.21427300
0.48698000
2.02550000
-0.36127000
-0.09936370
-0.29823600
-0.22466400
0.24859300
-0.22704000
-0.10093700
0.75595700
0.19020600
-0.57333700
0.06052630
-0.32523600
0.02331380
-0.59326200
-0.19621500
-0.39602100
0.74342400
-0.32582100
1.14580000
-0.35803300
-0.27866300
-0.13103500
0.32672500
-0.08427010
-0.19368200
-0.00751640
0.34200800
-0.32995200
-0.15867200
-0.07021050
-0.69904900
0.54704500
0.21801500
0.21801500
0.10864800
-0.60408000
-0.03527960
0.46854200
0.16659300
-0.10901900
0.65017100
-0.37885700
-0.01224680
-1.16942000
-0.13983200
-0.19459200
-0.07089920
-0.44313600
-0.15954200
-0.62922500
0.59542000
-0.04710910
-0.44005400
0.13401900
-0.34149200
0.02727130
-0.08330680
-0.19469300
2.39261000
0.30216500
-0.05211690
0.94989200
1.36168000
-0.28323000
-0.33902700
1.33347000
0.19061800
0.20960400
0.21808300
-0.53776900
-0.11358200
-0.54424200
-1.11591000
0.50102000
-0.82632200
0.20187700
-0.76707300
-0.58873100
1.58647000
0.00567334
-0.39900400
-0.03301060
1.72638000
-1.12263000
-0.58205300
-0.31388100
0.72423700
0.81410400
0.14866900
1.82164000
0.52485800
-0.19557500
-0.54597300
0.02328200
0.14522800
-0.19035600
0.48988300
-0.54001700
-0.57414900
-0.97644600
0.09351640
0.32354600
-0.64130900
-0.30653200
-0.68094900
-0.65147900
0.01461110
0.25098300
0.14032600
0.17916300
-0.28095700
-0.58018300
-0.09936790
-0.25492400
0.35791700
-0.20804500
-0.20705900
-0.02004820
-1.05493000
-0.52678200
0.40934700
-0.30379800
-0.73997600
1.03651000
0.02792480
-0.15617500
-0.15125400
-0.21988300
-0.38175400
-0.04643850
-0.14904200
-0.67230600
0.13272900
-0.57571900
-0.57571900
0.17141400
0.23204900
0.86235700
0.53835400
-0.21104900
-0.09797300
-0.83449000
0.32932800
0.26703200
-0.12785300
-0.22924200
-0.00843546
-0.41238100
-0.26432200
-0.11746000
-0.43469300
-0.41023900
0.08348050
0.75855000
-0.34569400
0.96947300
0.79816300
0.11630900
1.01128000
2.07185000
0.41877300
0.05297730
-0.24568600
-1.07234000
-0.73638400
-1.10243000
0.37815600
0.08676150
-0.40217000
-0.42680800
-0.63217800
-0.42765700
1.64102000
0.19508600
-0.70511300
0.24762600
2.62779000
-1.30653000
0.52105400
-0.78074500
0.09562220
-0.18383900
-0.89915900
0.03346920
-0.04262240
-0.45784000
-0.10361300
0.02883420
-0.51473400
0.10248500
0.22803700
-0.60430200
0.90643100
-0.51799200
0.26281300
-0.26577000
-0.09506510
-0.04100010
0.76284400
-0.10723600
0.27971300
0.48325100
0.71132900
-0.50270800
0.31674400
1.20194000
1.07552000
0.41063900
-0.30380000
0.29365500
-0.66448600
0.44897800
-0.35342200
0.03236770
-0.33428400
0.24846100
0.53224900
0.00746142
-0.33864600
0.28254000
-0.20280800
-0.08571160
-0.36021200
-0.30128600
0.05621630
0.27349300
-0.42330500
0.15030100
-0.21438500
-0.36816100
-0.84768600
0.27388300
-0.79390100
0.19319900
-0.30265400
-0.45209600
-0.29308300
-0.20758100
-0.29037000
-0.37596500
-0.02438630
0.34345400
1.88736000
-0.06146570
1.60593000
0.00584156
0.37539100
-0.93120100
-0.19564500
-0.64105200
0.51481500
0.17217100
-0.00626655
-0.22790900
0.92561400
0.28821400
0.68249100
1.41561000
0.10285200
-0.35743900
-0.50089000
-0.29407800
-0.45320800
-0.37834600
0.37628300
-0.61288100
-0.28887200
0.44453100
0.39998000
-0.28502600
0.04221440
-1.02020000
0.40291800
-0.18740400
-0.64633600
-0.59722200
-0.27806800
-0.27830200
0.22177900
0.58125800
1.72442000
-0.78427600
-0.66016200
-0.95736500
-0.60544000
-0.47401900
-0.29879400
-0.89077400
-0.00995710
0.30690600
-0.39877800
-0.73739200
-0.26707100
0.51309100
-0.11496300
-0.45538600
0.07020790
-0.23284100
-0.68201800
0.15394400
0.56506200
0.30483100
0.44424800
-0.43924300
0.27276900
0.36489600
-0.46345300
-0.25888000
-0.03612550
-0.27916400
-0.20868700
0.24896400
-0.45270400
0.55227400
0.00861189
-0.60331100
0.79675500
-0.19233500
-0.37038100
0.56902500
-0.10870800
0.16443700
-0.03080750
0.05560260
-0.09575200
0.01267730
-0.64374500
0.07272690
0.40267500
-0.38828300
0.06336830
2.24263000
1.78892000
0.92901600
0.53369300
0.14171200
-0.00035538
-0.18156700
-0.16510100
0.24057000
-0.60844500
-0.14219400
-0.72409500
-0.13167600
-0.18648900
0.07570110
-0.45831400
-0.90439000
-0.55793600
-0.00783723
-0.69845000
0.32277600
0.30758200
-0.43583200
-0.63178400
-0.90890500
-0.57491600
-0.44920800
-0.21428100
-0.69186200
-0.50538900
0.20711200
0.23928400
0.09110770
0.00527512
0.11371500
0.20418200
-0.00836544
-0.55574100
-0.24873500
-0.37402500
0.09666450
-0.71768500
0.07230910
0.34911500
0.23618300
-0.21272000
0.15145900
0.10706900
-0.00827816
0.18534400
-0.36090300
-1.09846000
-0.96676200
-0.33726300
0.41998400
0.02707550
1.55992000
0.80873400
-0.36382600
-0.20855700
0.11087300
-0.47262900
-0.26310300
0.50401700
-0.36411200
0.13582000
-0.60090200
0.17059900
-0.86599500
0.02665350
0.25170800
-0.52683700
-0.21775000
-0.21545000
-0.12237500
0.13781300
-0.69674000
-0.21724200
-0.14083600
-0.10907800
0.43927200
-0.59302000
-0.44484100
-0.98395600
1.14447000
-0.48044800
0.22334300
0.42612100
-0.13702200
-0.56214400
-0.18737800
0.07617850
0.27434800
0.04641540
-0.61126000
-0.58704700
0.68536900
-0.53654500
0.15257700
0.20931600
-0.39110300
-0.22560900
-1.04659000
0.27103400
0.16593700
0.07554620
-0.43684300
0.94521600
0.02595260
-0.27649400
-0.52376000
0.67172800
1.25195000
-0.25917900
-1.08534000
0.46414400
0.98554100
-0.12623900
0.38400300
-0.86418000
0.62849800
0.02632940
-0.33566700
-0.07060920
0.67568900
0.02848300
1.43423000
-0.47049500
0.00606590
1.39946000
0.57564000
0.09480220
-0.33420900
-0.20905200
0.30921900
-0.81692000
-0.21357100
-0.57608100
0.00656015
-0.12693100
-0.78885100
-0.12828000
0.08815120
0.49031100
-0.09514540
-0.88591600
-0.88616700
-0.58554100
-0.78938300
0.41958000
0.08052160
0.16682200
-0.12454700
0.57344600
-0.60988100
-0.23702900
-0.12663700
0.45021900
-0.09981630
-0.60515400
-0.47971800
0.46753800
-0.38125400
-0.41558800
-0.07176220
-0.40562300
0.01905830
-0.24841500
-0.08330550
-0.46843300
-0.48269300
-0.48772000
-0.34140900
-0.31460400
0.19239300
-0.46674300
0.63669900
-0.70790900
2.68039000
-0.30670100
0.19851100
-0.18522300
0.01187810
-0.33166900
1.16618000
0.71302200
0.39801300
0.98824100
-0.57001300
-0.42484100
-0.52747600
-0.29074300
0.69860900
1.29919000
-0.11184900
-1.25830000
-0.10169800
0.66756800
-0.70547300
0.10306900
1.86875000
-0.45742600
-0.42934500
1.32731000
0.57953700
1.06860000
1.79661000
1.41382000
1.34822000
1.21325000
-0.60878500
-0.59414600
-1.47176000
1.54056000
2.23418000
0.86187800
0.99991200
0.80141100
1.47319000
1.41226000
0.75166100
0.04370270
-0.05264780
-0.52398200
-1.11813000
-0.15376500
-0.22678900
-0.09988920
-0.11784100
-0.30836000
-0.69635800
-0.15779300
-0.02395550
0.30579700
0.15803300
0.83463500
1.01398000
0.23008600
0.70548100
0.34956700
0.43963200
1.21890000
1.33608000
1.66497000
1.61363000
-0.48329200
-0.27486400
0.00889855
0.04308010
0.52636100
0.37878800
-0.17674500
-0.07758780
0.59683000
0.18404500
0.91763600
-1.24964000
-0.68304000
-0.12172800
-0.07283460
0.11233000
0.33405300
-0.33650200
-0.30241200
0.54380200
0.34966000
-0.32420000
-0.16867900
-0.52217200
0.26487800
-0.03985430
0.38426700
-0.20012700
1.16848000
-0.58368700
1.28947000
0.88947700
0.61167900
0.28308000
-0.25926500
0.44577100
2.17690000
1.94575000
0.39322800
0.48419100
-0.27723900
0.01350180
-0.20676500
-1.09295000
-0.11373700
-0.90460100
0.18325900
-0.43083700
-0.37679200
-0.83378300
0.02668020
0.04185730
0.30288800
-0.37966600
-0.21146600
-0.28862500
-0.29804800
-0.39637600
1.60046000
0.33435400
-0.00113407
-0.05169710
-0.50604400
-0.45647300
-0.04914660
-0.72899700
-0.36091700
-0.34489900
0.09087350
-0.51286500
0.01564950
-0.16290700
-0.25372500
-0.12754200
-0.86549500
-0.54942500
0.00368031
-0.44090000
-0.76166000
0.52005400
-0.53889300
-0.23750200
-0.88717500
0.46351300
-0.06390870
0.50347000
0.15312500
-0.12586100
-0.77765600
-0.08078100
-0.41099700
-0.29759400
-0.63661800
0.41792500
0.01859220
-0.01742940
-0.27849000
-0.02846410
-0.65037100
0.17169600
-0.17434500
-1.06732000
-0.31138900
-1.30964000
0.19127900
-0.35041900
-0.22531500
0.28734000
0.02316920
-0.09637190
3.14380000
0.78171300
-0.65316100
0.01885360
1.15048000
0.07241060
-0.38534300
-0.22563800
0.50095700
0.40412300
0.36319000
1.03421000
0.39716900
0.00833514
0.28759600
-0.33047900
1.29160000
-0.43712600
-0.24497800
0.22570500
-0.19711900
-0.51421800
0.17597000
-0.05630630
-0.34891500
-0.20962700
-0.24054900
0.01926320
0.17396200
-0.46437600
-0.37613500
-0.25062400
-0.10670900
-0.16865600
-0.42832800
0.30746400
-0.57444900
-0.78790200
-0.44336800
-0.61265500
0.22782000
-0.05367670
-0.42245900
-0.11735500
1.08629000
-0.19457300
0.25253500
-0.34535700
-0.49217600
-0.02970160
