1.29537000
5.95286000
4.97350000
4.90942000
5.53940000
5.21623000
1.30928000
4.84194000
4.70766000
0.75766800
-0.37705300
4.56922000
4.89859000
4.97344000
1.33426000
0.40232000
5.38050000
-0.03473700
4.67385000
5.19444000
4.90633000
0.90084100
5.42961000
5.18947000
5.29843000
4.85215000
0.75702100
4.95000000
0.96025400
4.94774000
5.14941000
4.73919000
4.84750000
5.30686000
0.26429300
5.31386000
5.22664000
5.02713000
4.83046000
4.55769000
5.09700000
0.55775600
0.57239900
4.92386000
0.65869800
4.97844000
5.15981000
4.98726000
-0.17518800
0.12527300
-0.48517700
-0.35061300
-0.34146500
-0.37250000
-0.19135200
0.32038900
-0.39566800
0.08265790
0.15819100
0.69248800
0.19061000
-0.42862400
-0.39878400
-0.26728600
-0.01974340
0.63014500
-0.45632700
0.35025900
-0.14215300
0.09140610
-0.00203254
0.42838500
-0.12653300
0.84454900
-1.07325000
-0.59556100
-0.34404800
-0.26767700
-0.14808000
-0.09760510
0.18148400
-0.22706500
0.11177400
0.28378300
-0.04510060
-0.09258790
-0.40284500
-0.70932300
-0.79000800
-0.21199500
-0.21790900
-0.21113800
-0.65012200
-0.25763200
-0.38820700
-0.11224000
-0.54506800
-0.14060400
-0.32145900
0.20042500
0.94719200
0.13822400
-0.07363050
-0.55196500
-0.09868370
-0.43816800
0.92383300
0.05660000
0.01865140
0.30335800
-0.80724600
1.19137000
0.80378600
-0.68068000
-0.91078400
-0.23289900
-0.17732500
-0.08227060
-0.23666400
-0.17169400
-0.36819800
0.09826470
-0.36712000
0.29250600
-0.86908700
-0.64749500
-0.35712200
-0.01574290
0.05031730
-0.57807700
0.67411000
-0.14036000
0.02024430
-0.33049500
0.08323440
0.71975100
-0.54855900
-0.24044100
0.99430800
0.17544800
-0.45739900
-0.12181800
-0.66026800
-0.02784450
0.00641493
0.00329217
-0.20431800
1.33966000
0.28418700
0.05288740
0.40723700
-0.52917700
-0.08896270
0.16429900
-0.02419270
-0.20736200
0.26400000
0.08785320
0.09278570
0.26768200
-0.22607300
0.03185720
-0.38028300
-0.56272500
-1.24752000
0.22455300
-0.25851900
0.20314200
-0.68837200
0.05739390
0.23383200
-0.95812500
0.12084500
0.00194515
-0.31297500
-0.59359600
-0.48284100
0.74599200
-0.09499030
0.11111200
-0.52077500
-0.06646160
-0.16189400
-0.64304700
-0.45939600
0.34431800
0.37778500
-0.38121800
0.20626300
0.36472100
-0.39590000
-0.13664400
-0.34867400
0.41698200
-0.09873330
-0.28541100
-0.17709400
0.53069900
0.34730700
-0.29878400
0.29848100
-0.27753800
-0.35580900
-1.16118000
-0.86889100
-0.70410000
-0.63960300
-0.64246400
-1.14522000
-0.52967800
-0.10450600
0.36158800
-1.12696000
0.17460100
-0.61777600
-0.16720800
-0.84952700
-0.22558500
-0.18835200
0.63577200
-0.36784100
-0.63025700
0.45359500
0.03435240
-0.21658700
-0.15699800
-0.20606600
-0.05842340
-0.78355500
-0.48320300
-0.51631600
0.11680100
0.07106060
-1.22691000
-0.44321700
0.20132300
0.02116200
-0.69223200
-0.18567200
0.08931730
-0.27108400
0.02936060
-0.53337500
-0.06229640
-0.02637310
0.43246000
-0.26022400
0.46689300
-0.50033600
-0.16076900
-0.44849300
-0.11278300
-0.27474400
-0.37834300
-0.46204900
-0.28545400
-1.20159000
-0.59487900
0.38021400
1.20720000
0.32394000
-0.26673300
-0.17203100
-1.09574000
-0.90006200
-0.41328200
-0.24321100
0.67047600
-0.40313700
-0.48405600
-0.23826300
1.18389000
0.41448200
-0.49878700
-0.54881500
-0.49840800
-0.03214570
-0.28516000
0.87514700
-0.02430100
1.11706000
-0.19526700
-0.06136140
-0.16561400
-0.35848500
0.22721400
0.63740800
-0.01032960
0.31848600
-0.05413870
-0.72797600
0.15543000
-0.20755200
0.25380500
0.33959600
-0.98363900
-0.53565800
-0.24063200
-0.65493900
-0.02755020
0.18368400
0.57299100
1.40402000
-0.15250100
0.10917900
-0.18646700
-0.48682700
-0.25343200
0.40643100
-0.58981000
-1.12004000
-0.40640800
-0.32373300
1.21835000
-0.33117200
0.76741800
0.20110600
-0.34150400
-0.30546300
-0.24991600
-0.06680580
-0.02633400
0.37384400
-0.38477600
-0.36988600
-0.09740920
-0.85303200
0.21453200
-0.34464000
-0.42982000
0.12743000
-0.72292900
-0.29438600
-0.25309000
0.31240000
-0.14821500
0.47398100
-0.09759210
-0.27501500
0.29937700
0.08009720
-0.03835430
-0.18209100
0.05498520
0.60513700
0.29534300
-0.74492100
-0.19504800
0.08965590
0.19801800
0.75378000
-0.54937800
0.21425600
-0.70677000
-0.83663300
-0.91531400
-1.04857000
0.00808299
-0.38263100
-0.31620100
0.34886900
-0.12194600
-0.06749680
-0.30925500
0.43948800
0.02430920
-0.20207300
-0.35977800
-0.02179760
-0.50341500
0.01772620
-0.05819610
-0.02788360
0.17647200
0.35008500
-0.23606800
0.70935400
-0.70758600
-0.00744467
-0.30964100
0.13080200
-0.55482300
0.33006400
-0.44922100
0.66055000
0.05914290
-0.23276500
-0.89624700
-0.62906600
0.19268200
0.50518200
0.28958800
-0.87607500
0.49814400
-0.47775400
-0.49062100
0.88810800
-1.02118000
0.46822200
-0.25402800
0.66493500
0.92042800
-0.36482500
0.16930800
-0.29060600
-0.48485100
-0.17669200
-0.57326500
0.60877800
-0.64147800
-0.88908600
0.59617200
-0.40981000
-1.11505000
-0.05861850
-0.44132700
-0.23014600
-0.08332000
-0.19779900
0.43368300
-0.72785900
0.19047300
-0.44708100
-0.78383100
-0.17725300
-0.36742300
-0.06354370
0.16297100
0.36703100
-0.27906800
-0.19362100
0.31730900
0.41580400
-0.13266700
-0.39191600
-0.03790990
-0.90956600
-0.24999200
-0.60053800
0.42859400
-0.81185400
-0.74779100
-0.83855900
-0.55830800
-0.88490200
-0.55240000
0.05947270
-0.72984200
-0.26290000
-0.43220900
-0.40310000
-0.16114100
-0.60596200
-1.52943000
0.93724300
-0.90556700
-0.22932300
-0.73036700
1.01170000
0.11652900
-0.59417900
-0.09463470
-0.11244900
0.13575200
-0.72467800
0.27482100
-0.10744700
-0.45639900
1.35376000
-0.41019200
-1.02454000
-0.44252100
-0.61711900
-0.31289000
0.16236600
-0.22938800
-0.75112400
-0.39471900
-1.41697000
2.15941000
-0.57032400
-0.33231800
-0.64913300
-0.90985800
-0.00647163
-0.16046800
-0.16900500
0.33474600
0.69537800
0.30465100
-1.22351000
-0.26473300
-0.80637300
0.02611370
-0.16636900
-0.08467280
-0.08949370
-0.08453080
-0.34018600
-0.22657500
-0.25907000
-0.79133100
-0.16158100
-0.13183200
0.20745800
-0.14961800
-0.31382900
-0.71426500
-0.23564700
-0.78013800
-0.47212500
-0.78019400
-0.10365300
-0.02379800
0.28773200
0.09930690
-0.45420000
0.02452120
-0.26433800
-0.33777100
-0.31455900
-1.57937000
0.42748900
-0.05945750
-0.83089800
-0.41274000
-0.47575200
0.59313800
-1.11379000
0.08273580
0.40473700
-0.30821100
-0.91529600
0.37033400
-0.53525800
-0.38013100
0.25488200
-0.81520300
-0.01527300
1.07021000
0.17833100
-0.74673100
-0.25825200
-1.33135000
-0.02385770
0.45666400
0.07318040
-0.82428700
-0.08308740
-0.33564000
-1.44994000
-0.00572437
0.45820000
-0.14777100
-0.52821100
0.61519000
-1.10462000
1.36261000
-0.19620100
-0.26071500
-0.02390720
0.00368581
-0.27465200
-0.39073300
-0.48970600
-0.14711800
-0.33259600
0.48144300
-0.64436800
0.08266230
-0.23822500
0.34726300
0.42070500
-0.14914700
-0.71340500
-0.68413100
-0.47126900
-0.62878900
0.28547000
-0.12756300
0.06475920
-1.29439000
0.18418700
-0.71752500
-1.02515000
-0.12363100
0.38226900
0.26563700
-0.32605400
0.84812000
-0.02755600
-0.01994120
-0.50601400
-0.41339500
-0.67302000
-0.20778700
0.39402900
0.01144000
2.62623000
-0.09353650
0.35357900
-0.99016000
0.33883200
-0.00749069
0.00034955
-0.53259600
0.04308330
-0.24568900
-0.17039300
0.43833300
-0.81234600
-0.54489400
-0.14729700
-0.21127700
-1.03710000
-0.59364300
-0.14015100
0.13271900
-0.70218300
-0.77118100
-0.25250200
0.17027800
-0.40332900
-0.07763510
0.16535200
0.06780810
-0.71028600
-1.24212000
1.27714000
-0.36136200
0.25035700
0.23725700
0.01305950
-1.15391000
0.54630800
0.07902300
0.32791300
1.06053000
-0.71839100
-0.62210700
-1.11511000
0.24407600
0.48437700
-0.86563000
0.12773200
0.37605200
1.06651000
-0.77783800
0.61138500
-0.24078600
-0.07490420
-0.13216400
-0.66707600
0.06865870
-0.41994900
-1.45121000
-0.01521310
-0.73587700
-0.57728500
-0.03279590
0.22557900
-0.62327000
-0.11995600
1.39712000
-0.21128400
-0.30188800
-0.60289600
-0.97318300
-0.85920000
-0.85027000
-0.61427200
0.49153000
-1.29172000
-0.98350100
-0.37548300
-0.71755500
0.79205700
-0.34768500
0.07955650
0.39784700
-1.03969000
-0.08826980
-0.67429800
-0.35661000
0.51216700
0.03996880
-0.87269100
0.10359400
-0.86858600
-0.24746800
-0.05703160
-0.44826400
-0.01842230
-0.70536400
-0.36820700
-0.05247090
-0.93453500
0.48019800
0.21551600
-0.63590700
-0.06608460
-0.74872400
-0.27129800
0.49137100
0.10342100
-0.18715300
-0.24589200
-0.31033000
0.16159300
0.32789800
-0.18944000
-0.49585200
-0.32504200
-0.55997900
0.00330365
-0.23117500
-0.15540400
-0.42009000
-0.34945700
0.55200400
0.28233200
-0.45865600
-0.91054500
0.49382300
-0.54920100
-0.54182300
-0.20233800
0.11995600
0.38778500
-0.33755100
-0.08536380
0.36927500
-0.41480500
-0.42750900
-0.50453700
0.17621300
-0.52154100
-0.09611920
-0.37909600
-0.13479200
-0.08841520
-0.40135500
-0.55018100
0.76579000
-0.39306300
-0.35529000
0.27494700
0.32477100
-0.56762600
-0.58501800
-0.17789800
-0.38991000
0.72287600
-0.02121720
-0.07764800
-0.02169220
0.48613000
-0.72426000
-0.40450200
-0.33487500
-0.27070800
-0.16766600
-0.40242400
-0.91928300
-0.90853500
-0.12423000
0.29612100
0.17422600
0.34301700
0.58832900
-0.32370400
-0.56732600
0.26393400
0.41187100
-0.53160200
-0.67512100
-0.83671500
-0.06556830
0.48233800
-0.06968530
-0.25240700
0.13964800
-0.13031200
-0.66785500
0.48232700
-0.38941600
-0.29088100
0.06330350
-0.27369800
0.16348100
-0.49955800
0.01319110
0.18965700
-0.46766600
0.00677516
-0.38414600
-0.23746700
-0.55609600
-0.04154660
-0.27082200
-1.18960000
0.06904840
0.40688100
-0.40983100
0.04588540
-0.36492900
-0.13918200
-0.31643000
-0.14191200
0.32528100
0.53763800
0.46407400
0.18739300
-0.28089000
-1.07967000
0.21206600
0.03477000
-0.33593300
-0.41375800
0.17707500
-0.06841270
0.40094000
-0.19011900
0.73796400
-0.51728000
0.28376000
-0.05441490
-1.20156000
0.19614500
0.13964800
-0.64766100
0.70676700
1.15958000
0.41100300
-1.10037000
-0.12381900
-0.73947300
-0.80975500
-0.46740500
0.04147510
-0.93678800
-0.23100700
0.80777000
-0.10251800
-0.61584500
-0.18733900
-0.24825800
0.69707100
-0.87544100
0.56079800
-0.56175300
-0.66616900
0.14203200
-1.66372000
0.18372500
-0.55465900
0.14019000
-1.18714000
0.28801100
-0.64029000
-0.12072000
0.44938900
-0.43985300
-0.73272900
-1.13311000
0.24042100
-0.86486700
-0.61059500
-0.15480600
-0.80828400
-0.29698000
-0.43145700
-0.52007600
-0.24168700
0.36398100
-0.20570000
-0.57736100
-0.20115100
-0.56062200
-0.21929600
-0.21112500
-0.10228900
0.78288300
0.50247400
-0.20649700
-0.40576900
0.33498400
0.16737100
-0.50899000
0.32333500
-0.69373200
-0.07671910
-0.91277800
-0.25769600
0.28699700
-0.28920700
-0.81226200
-0.09914720
-0.38268700
-0.07586680
0.18865900
0.27430600
0.47034100
-0.52259800
-0.03661530
-0.05820040
-0.82112900
-0.68556800
-0.18701300
0.18684800
-0.84799800
-0.01465090
-0.46203200
-0.32380100
-0.54960900
-0.33586300
-0.50751500
0.10065700
-0.00694010
-0.22931600
0.48418800
-0.47735400
-0.09455790
-1.26364000
1.29098000
0.48567700
0.31630200
-0.05338630
-0.05791610
-0.08226740
0.21689400
-0.25781100
0.18637500
0.69600400
0.54563100
0.63343200
0.08641360
-0.08513130
-0.72626800
0.02422690
0.10240600
0.23155100
-0.38533100
-1.21712000
0.73290500
-0.62196700
0.68014700
-0.80898000
-0.17946100
-0.19785000
0.48039700
-0.01471740
0.03473450
0.31500500
0.02737670
-0.08166930
0.22754000
-0.70533000
-0.10663200
0.41795200
0.16922600
-0.89081300
0.01546980
0.10826200
0.15306600
-0.52302500
0.80505000
0.75134100
-0.57517300
-0.21804800
0.09368410
0.31498400
-0.05885340
-0.52291600
-0.08684520
0.10444800
-0.42250600
-0.73001200
0.01587710
-0.25744800
-0.68800100
-0.11902000
0.41024400
-0.92552400
0.15039300
0.68985100
-0.19119000
-0.16114100
-0.59820400
0.39214000
-0.70599200
-0.68946500
-0.43530900
-0.20622100
-0.37458800
-0.06657330
0.36621000
0.10225700
-0.40143200
0.75197700
-0.46213500
-0.24737700
-0.31800700
-0.06842580
0.97085000
-0.31906600
0.53512900
0.75943300
0.02655210
-0.06614310
-0.18791900
-0.06605870
0.31674700
-0.16360100
0.33581200
-0.13020400
-0.23387000
0.11104000
0.10053400
-0.30294200
0.16438900
-0.48035300
-1.31191000
-0.87304600
-0.35131500
-0.25276400
-0.35385000
-0.49764900
-0.38219900
-0.63375300
-0.67935500
-0.02666730
0.24313500
-0.64702000
0.07227420
-0.35419100
0.14045700
0.91637300
-0.34853000
0.35511500
-0.18672800
-0.44128600
0.06373550
-0.08056220
0.89624200
0.58317800
0.19644600
-0.30935800
-0.09068380
-0.32443800
0.12294800
-0.58669500
-0.75399500
-0.31666700
-0.61104700
-0.44154400
-1.19961000
1.23745000
-0.46494400
-0.02034160
-0.82074900
-0.59253500
-0.03004210
-0.56737700
-0.31969100
0.01469070
-0.27623100
0.72328500
-0.35170500
0.60313100
0.20054200
0.38565100
0.05080900
0.14092600
-0.38061300
0.48039700
-0.20302500
0.50685900
-0.87938200
-0.64797800
-0.15072900
-0.41594000
-0.35140700
-0.01387190
1.34305000
-0.33662500
-0.80183700
-0.51249600
0.00878108
0.10015100
-0.66108200
-0.43594700
-0.13958400
1.50281000
0.25918800
0.19246200
-0.35848000
-0.25650300
-0.75741000
-0.65595400
0.18072900
0.12722400
-0.83368700
-0.27397600
-0.52221700
0.57426000
-0.58826000
0.59832000
-0.74854900
-0.03606900
-0.62533300
0.22129900
-0.58826000
-0.04678380
-0.22212200
0.32827600
-0.11717800
0.24800500
0.44512800
-0.44416300
-0.11645200
-1.02576000
0.15811300
1.04551000
0.09718320
0.98277200
-0.25907700
1.07246000
-0.44921000
0.72499700
-0.77829500
0.00661769
-0.09659230
0.22867900
-0.24479200
-0.22087100
0.05784430
0.49477200
0.00382560
-0.66285400
0.12798300
-0.23019900
0.30667100
-0.31873600
-0.73489300
0.61373500
0.22490000
-0.46540500
-0.12294100
-0.34314200
-0.18364100
-0.27263000
1.07171000
-0.87292200
0.57755600
0.18147000
-0.36372600
-0.31312400
-0.58276400
-0.33756400
-0.65473400
0.29001300
0.21212800
0.43832900
0.58474400
0.93205000
-0.02345960
0.10397400
0.22939900
-0.24628900
-0.67856000
-1.36258000
0.42667100
0.11506500
-0.28834700
-1.00559000
-0.56592400
-0.34782900
-0.42737400
-0.23456100
-0.47997400
-0.21066800
0.21122200
-0.63385800
0.41023300
-0.52177700
0.96981800
-1.27006000
-0.68856000
0.52431000
1.31625000
0.28571900
0.44084700
-0.10252700
-0.15830600
-0.23759400
0.83806200
-0.18674200
0.31204300
0.23000900
0.28807200
-0.86176300
0.68240600
-1.02646000
-0.01558130
-0.57371900
-0.06571860
-0.35672100
-0.31156800
-0.73957100
-0.34339600
-0.26188500
0.26356800
-0.31159500
-0.52862700
0.14265900
-0.21127100
-0.50868800
1.43809000
-0.26535100
-0.13283600
0.11083000
-0.24411400
-1.07787000
-1.38127000
0.54325900
0.75383800
-0.07087490
0.38173700
0.11366500
0.29774100
0.22358000
0.04312120
0.09511330
-0.24243200
-0.00786551
-0.82658100
-0.29339600
0.10208900
-0.46219100
0.10314600
0.06806770
-0.19285900
-0.69453900
0.04707950
-0.09286620
0.19526200
-0.46871300
-0.07019090
0.11259700
-0.37390200
0.48943700
-0.37786800
-0.48951200
-0.35705700
-0.60487600
-0.10083700
-0.12067100
0.08293540
-0.51174800
-0.94684300
-0.68321300
-0.11062000
-0.37778800
0.84366100
0.18240300
1.25770000
0.98527800
-1.42867000
-0.85495600
-0.62382900
-0.16327600
-0.59940000
-1.46792000
-0.18853300
-0.86141200
0.07221850
-0.63633200
-0.65947200
-0.15379400
-0.13387400
-0.62056800
-0.50282900
-0.80932200
-0.61246000
0.30749500
-1.41919000
0.38675000
-0.77117200
-0.17000100
-0.14436900
0.12162100
-0.40313500
0.32029100
0.64724100
0.34579800
1.45436000
0.19250500
0.25350500
0.62159600
0.73764700
0.75205300
0.05012000
-0.21438700
-0.00822385
0.24778100
-0.32171700
1.17402000
-0.07027180
1.85258000
0.25709700
-0.40353500
1.79502000
1.09824000
0.40762100
0.02792540
0.01364180
-0.00071814
0.10374600
0.21526300
-0.12659200
0.23487200
1.26198000
-0.08709390
-0.02110720
-0.40822100
-0.22960400
-0.58729100
-1.32451000
-0.29277400
1.06606000
-0.42945700
-0.93902400
-0.33866500
-0.45575600
-0.08023550
-0.45385500
-0.13968800
0.00083902
-0.05654400
-0.19724000
0.37493900
0.30448200
0.23943100
-0.45680800
-0.54148200
0.44250600
-0.30798500
-0.18370300
-0.30915500
0.06103690
-0.75310700
-1.07305000
-0.54050000
-0.61685600
0.03588150
-0.63314000
1.53987000
-0.10984900
-0.61914600
-0.40075800
-0.54436900
0.49526700
-0.81009400
-0.93715500
-0.62149000
-0.10173400
0.06023870
-0.40516900
-0.03468190
-0.48095700
-0.60439700
-0.39680500
1.04488000
-0.64936900
-1.10849000
-0.77041600
0.14767700
0.05721850
0.69266200
0.27463600
-0.98504200
-0.22426900
-0.45690800
0.55016000
-0.78475300
-0.22340300
-0.13355100
0.29255300
-0.93619100
-0.38812000
-0.22326900
-0.50725300
-0.39520100
-0.56578700
-0.64146900
0.10350500
-1.16347000
0.21775000
-0.08934960
-0.25240900
-0.18805800
-0.14258000
0.30611300
-0.19142400
-0.90554200
-0.31906700
0.16548400
-0.06199130
0.59833500
-0.96880400
0.87812800
-0.45338100
-0.42885500
0.10196300
0.59515000
0.60380100
0.33592500
-0.47736000
0.16312400
-0.67542200
-0.10970300
-0.47951200
-0.76362100
-0.13942700
-0.33863300
-0.40289800
0.04739920
-0.38454300
0.23831300
-0.21948800
-0.54648600
0.79112700
0.33015400
-0.54036800
-0.04643620
0.34050900
0.27911300
-0.14910600
0.25420400
-0.06775040
-0.02461080
-0.32078900
0.01116960
0.33774400
-0.45105800
-0.06995700
-0.45512600
0.29035600
0.09978140
0.92863700
0.90454600
-0.06288530
-0.63139800
0.30167400
0.50852800
-0.56462800
-0.37225500
1.04161000
-0.48271200
0.18738300
0.14798200
-0.31741600
-0.65204200
-0.37830100
0.36434900
-0.34878900
-0.15577700
-0.00259848
-0.41485100
-0.06853320
-0.37759600
1.27474000
-0.44570400
0.21862900
-0.41764000
0.15432700
-0.11130300
0.18113400
-0.21660400
-0.94050500
-0.62968000
0.97916500
-0.19270500
-0.12932300
-0.93736600
-0.82443200
0.73245300
0.09396860
-0.23033000
-0.45874600
-0.83179100
-1.09091000
0.51332600
-0.81004400
0.84986000
-0.53781200
-0.62046200
-0.03664770
0.06917550
0.81557500
0.09042640
-0.50382300
0.36171800
-0.72561000
-0.37153700
0.14613000
-0.27526200
0.24342300
-0.30626800
-0.21474900
0.29860100
-0.16146200
0.22028300
-0.66703200
0.66253100
0.36860000
0.00501278
-0.63709200
0.54099300
0.16245700
-0.60724100
-0.36641100
-0.49203100
-0.71581400
-0.47902600
0.02048170
0.16573300
-0.99175400
-0.18637800
-0.83174300
-0.07913460
-0.34698800
0.77592600
-0.23512200
-0.67721000
-0.48543600
-0.11276700
-0.37403600
0.11412500
-0.32069100
-0.33894100
-0.18032300
-0.27779800
0.00481613
-1.05947000
0.17891600
-0.42813600
-0.43740000
0.32865300
0.03966940
-0.12494100
-0.80790200
0.14203100
0.00733261
-0.43054400
-0.15837200
0.75133500
0.71571000
-0.82448600
-0.10980800
0.00074292
0.01903120
0.71823700
-0.67657600
0.41309100
-0.20693900
-0.46614500
0.08097020
-0.57144400
-0.71307200
-0.05917600
-0.75248100
0.52522700
-0.32289900
0.70261100
-0.74569800
-0.54728000
-0.20332800
0.44512200
-0.41557400
-0.77265900
-0.11276700
0.27595400
-0.41236400
-0.76143500
-0.57300800
-0.24521000
-0.70880400
-0.47294600
0.11517700
-0.97554800
0.92840300
0.02376980
-0.07216860
0.50179700
-0.04789990
-0.65597100
-0.52853300
-0.59473500
0.10833100
-0.09696050
-0.55923100
-0.02400850
1.74103000
-1.15945000
-0.43395400
-0.45177600
-0.00009328
-0.21576000
0.09386900
-0.37218900
-0.64325000
0.36497400
-0.22327200
0.35483400
-0.11607100
-0.17490800
-0.14808600
-0.39915000
-0.06474010
-0.83889900
-0.76799400
-0.65722400
-0.37203200
0.28729600
-0.32029800
-0.69484400
0.44362600
-0.27346800
-0.38670900
0.10114600
-0.42931600
0.60863300
-0.29702200
0.22204600
-0.13010300
-0.61906900
0.08446470
1.06107000
-0.19569800
-0.51613200
-0.01176180
-0.20071800
0.42135200
0.70000600
-0.09061580
0.54002800
0.31503000
0.35487200
-0.21343100
-0.45982600
0.38558900
-0.17398900
-0.53992200
-0.11140200
0.17879300
1.48164000
-0.88262100
-0.20895600
-0.51235300
0.01793510
0.28182700
-0.21359200
0.98873600
0.01195520
0.78565900
1.00531000
-0.17105900
0.88439100
-0.49498500
0.02316610
0.57573600
-1.32554000
0.04181410
-0.55944700
-0.04622290
-0.11028600
2.32581000
-0.71849000
-0.32677900
-0.04609670
-0.27740300
0.07619540
0.30416400
1.34869000
-0.26606200
-0.39008400
0.62832300
-0.05637080
-0.47512900
-0.17593700
-0.68347900
-0.34506800
-0.65879200
-0.60062600
0.31126900
-0.49205400
-0.24986200
0.44528400
0.37660800
-0.82915600
-0.23804800
0.71775000
-0.74892500
-0.92166300
0.10447200
-0.63982100
0.04937220
-0.02923300
-0.03741620
-0.89665100
0.51709400
0.89298600
0.16204500
-0.48635100
-0.37546400
0.33542200
0.17200700
-0.22114300
0.03803850
-0.31771600
-0.97285700
0.32911700
-0.33985800
-0.31233200
-0.28634400
-0.17509700
-0.06161970
-0.43581700
-0.18336900
-0.61590100
0.72974600
-0.25211500
-0.35165300
0.13142800
0.73332400
0.45919000
0.13463900
-0.43589700
-0.54432800
-0.45126300
-0.24848100
-0.24921600
-0.72266300
-0.15999800
0.09101450
-0.38883000
-0.52796300
-0.36603600
-0.00468083
0.73932400
-0.18178100
-1.14358000
-0.12055900
-0.20962700
0.16246600
-0.15338600
0.10888200
-0.17418400
-0.58576900
-0.86459800
-0.72319200
-0.24502300
0.77986600
-0.33314700
-0.10362700
-1.07733000
-0.82821800
0.34183100
-0.67271400
-0.11460900
-0.35195200
-0.44045600
0.13745700
2.23242000
-0.62074800
-0.11139700
-0.39130200
-0.15966000
-0.72635000
-0.47878300
-0.01964280
-0.04228080
-0.02810560
0.99087400
-0.01978390
0.60086700
-0.11260100
0.71136500
0.70880700
0.74405600
-0.74454500
0.83265900
-0.03912930
0.30603400
-0.37737700
-0.61511000
-0.34275600
-0.96736500
0.13090000
-0.13858800
0.19505300
0.23195100
0.42267200
0.16827200
-0.83562600
0.00987057
-0.67783700
0.60578900
0.05023580
0.47655600
-0.43979500
0.99266700
0.79887800
-0.53850300
-1.28000000
-0.99949900
-0.07736930
-0.41278000
0.23373200
-0.44560000
0.11737700
0.28134200
-0.43626500
-0.57803000
-0.00522442
0.05212840
-0.06320650
0.89615700
0.06762390
0.42046200
0.47232900
-0.13191700
-0.11026800
-0.35387400
0.36912100
0.22996100
0.12664500
-0.12269400
-0.80469800
-0.81306500
-0.26360700
-0.91345500
-0.38035100
-0.55098100
-0.09703880
0.16831000
-0.39401500
-0.33165600
-0.62554800
0.07113410
0.21132200
-0.02209370
-0.09281050
0.30175900
-0.10340400
0.05711520
0.20886500
-0.68163900
-0.04921690
-0.18093500
-0.37966800
0.12887500
0.40238300
-0.38407400
-0.52422000
-0.23997300
0.29131000
-0.65814000
-0.27829800
0.05406360
-0.28083300
0.30459300
0.00129291
0.48636800
0.87786200
-0.40224100
-0.22235800
0.39362800
-0.54019200
0.07877620
0.50982400
-0.28188500
-0.48415800
-0.69768200
-0.29674100
-0.13925100
-0.58359600
0.55856100
0.69567100
0.64457100
-0.22978000
0.74447200
-1.00139000
-0.26944000
0.16788700
0.33541100
0.09489300
0.08368400
0.34845900
-0.41168200
-0.08265940
-0.19133400
0.27917900
0.27917900
-0.34921800
0.08667170
-0.19127800
-0.30614800
-0.39089300
-0.28106200
0.21066700
0.60062000
-0.62065400
-0.14288000
-0.22116100
-0.19317500
-0.16828900
-0.28002700
-0.60010500
-0.40340400
-0.77162600
1.01348000
0.20041900
-0.26478900
-1.09283000
0.08205460
0.01882610
0.26097800
-0.89915800
-0.05171050
0.07582580
-0.25891200
-0.04164280
-0.66667900
-0.30773100
-0.59701800
-0.06649840
-0.52587400
-0.40657600
-1.00303000
-0.21283000
0.21455500
0.30627800
-0.64182300
0.71264000
1.49066000
-0.98501900
-0.29853900
-0.24058700
0.39953800
0.08978860
-0.50460800
0.10184800
-0.49137600
0.17114700
-0.77332200
0.09420170
-0.17884300
0.30834100
0.58904200
-0.14897500
0.04203370
-0.32811300
-0.81140500
-0.36469300
0.39677400
-0.17306800
-0.37466500
-0.68971000
-0.57577300
-0.08032560
-0.19797500
0.50000000
-0.03835310
-0.43142500
0.54605300
0.96501900
-0.02081190
-0.45268700
-0.63602800
-0.41744100
0.24273300
-0.64868300
1.46888000
-1.13468000
-0.03583320
0.20710200
-1.32185000
-0.40607800
1.10363000
0.22026200
-0.05046710
0.15806900
0.27762400
-0.98715300
0.26357100
0.28696500
-0.37583700
-0.07417920
-0.11649200
-0.34819000
0.54352900
0.57190000
2.18567000
-0.90198600
-0.25560000
0.14370700
0.35423700
0.24019600
-0.06134370
-0.24296300
0.06622230
-0.17480500
-0.81750700
-0.06031870
-0.16122900
-0.16734600
-0.35360300
-0.16380800
-0.49824300
0.01537680
-0.03206030
-0.13788100
-0.25847200
0.22171700
-0.61206000
0.18654400
-0.31106800
0.33510500
-0.21953500
-0.62861000
-0.31876900
-0.26140800
-0.52381200
0.00035766
-0.81326300
-0.43561900
-0.19816800
-0.19994700
-0.33282100
0.61117400
-0.98212200
-0.04601650
-0.91190900
-0.18444900
-0.36323900
-0.23547600
0.56432900
0.10014000
-0.13050300
-0.67166800
-0.44260700
0.79379200
0.40744500
-1.14822000
-0.76366300
0.22445100
0.13492400
-0.12533400
-0.21188400
-0.59349100
-1.63897000
-0.10283600
-0.59192400
0.08291290
0.14195900
-0.00271398
-0.08292170
-0.18007900
0.88329500
-0.21488200
1.48154000
0.60658600
-0.30706700
-0.26866600
-0.12659600
-0.64105500
0.06289010
0.08268930
0.05761010
-0.45894300
0.56873800
-0.39522600
0.43557600
-0.00326339
-0.46459800
1.14635000
0.05318730
0.55892600
-0.16054600
-0.57455800
-0.53013300
-0.79727400
0.28468000
-0.61285300
-0.36375700
-1.00792000
-0.34817000
-0.35105600
1.57325000
0.00440419
-0.39030100
-0.06491580
0.37359700
-0.74097400
1.86018000
0.37860500
-1.00817000
-0.42316800
-0.35034900
-0.83945100
-0.04501220
-0.29960500
-0.79219800
-0.55846800
-1.09509000
-0.10726900
0.88780400
-0.92746300
-0.51017800
0.00942619
-1.07695000
-0.68257600
0.42733600
0.84592400
-0.32867600
-0.23486800
0.04967270
-0.66104700
-0.28439400
-0.96484000
-0.73148900
-0.08202900
-0.51604200
-0.42601200
0.37262800
-0.27034900
-0.05363970
-0.59760700
0.22162200
0.10469300
-0.07999670
-0.35701800
-0.25472400
-0.78239600
-0.33168600
-0.22345500
0.48805100
-0.52649600
0.51873000
0.11986300
0.48098100
0.17282000
-0.17748500
-1.13750000
-0.96251000
-0.84663200
-0.21059400
-0.59473800
0.34377300
-0.16533400
-0.15923200
-0.46331100
-1.10471000
0.25857600
-0.19545300
-0.08656990
-0.41265100
0.95699500
-1.12240000
0.39054400
-0.55131300
-0.35365300
-0.29833600
-0.59675700
-0.37631500
-0.38222500
-0.52136800
-0.30975300
0.11882400
-0.13903500
0.16945300
-0.29065300
-0.28064000
0.01609100
-0.97693500
0.34905000
-0.50715900
-0.59473900
-0.68198600
-0.00218280
-0.09254310
0.30385800
0.00686702
0.09501590
-0.69403600
-0.08544110
-0.14823500
-0.26680400
-0.52874200
0.02336160
-0.61751900
-0.66474900
-0.23563200
-0.62688700
0.06163420
-0.52493300
-0.09576040
0.06308250
-0.41212500
-0.06057050
-0.19994500
0.26830600
0.50428700
-0.95418400
0.02646130
-0.59022200
-0.30933100
-0.57940100
0.10023300
-0.63603800
-0.04916310
-0.57992600
0.39213300
-1.00746000
-0.10620600
-0.52668400
0.36224300
0.42675100
-0.04942500
-0.94742700
0.40946300
0.42894400
-0.20242900
-0.31171600
0.05806550
1.04209000
-0.53559400
0.28069800
-0.40921100
-0.65262100
-0.15365200
-0.29413500
-0.32304100
0.18977600
-0.16332000
-0.20901300
0.33031600
-0.17056300
-0.33309300
0.42146300
-0.25623600
-0.14656300
0.97222800
-0.71668500
-0.87054800
-0.17929800
-0.08227100
-0.00227761
2.43958000
-0.68463000
0.00478078
-0.65526800
-0.52900300
0.02400350
-0.70024300
1.21055000
0.91920000
-0.33846900
0.42894400
-0.22728700
-0.13712100
-0.38591700
0.32696100
0.28475200
0.05750690
1.35751000
0.81578000
-0.52865400
0.01014800
0.17734900
0.40361500
0.17876900
0.27207700
-0.38212900
-0.65998800
-0.36345600
0.89013400
0.44883000
-0.55947000
-0.46525300
0.07988040
-0.53078200
-0.68238700
-0.02516740
0.89165200
1.14503000
0.57710300
0.82552100
0.37790600
1.06544000
0.67563800
-0.03946240
0.62214400
0.61949200
-0.06696720
0.55840100
0.04711470
1.42553000
-0.39141300
-0.13261300
-0.12189800
-0.05159980
-0.66459300
0.05855230
0.16451200
0.65392000
-0.37468700
0.41157100
-0.49461000
-0.81005900
-0.27423300
1.55821000
-0.12814600
-0.65708200
-0.37393800
0.47767000
-0.29865300
-0.56739200
-0.01762670
-0.24520800
-0.05257310
-0.34231000
-0.41252700
-0.14713000
-0.29476700
-0.12578600
-0.49612900
-0.40535100
0.23644900
-0.75025700
-0.97057700
-0.48155500
0.05899450
0.35389800
-0.04324420
0.52707300
-0.08423800
0.40139800
0.92662100
-1.18268000
0.31414500
-0.17038200
-0.27480900
-0.27894700
0.23674200
-0.43886100
-0.24446600
-0.23485400
-0.63046100
-0.38940600
-0.78960800
-1.29629000
0.14649900
-0.06698950
-1.07079000
-0.26923600
-0.14806400
-0.36375300
-0.08198940
0.18315500
0.03436550
-0.35427100
-0.43877900
0.09840510
-0.81258900
-0.19480300
-0.63380200
-0.03279520
-0.54998800
0.18638300
-0.28724600
-0.08483820
-0.74744500
1.19208000
0.21917000
-0.76106400
-0.23042500
-0.10990300
-0.07870050
0.54975700
0.07673300
-0.59386400
-0.67995800
-0.17577300
-0.17242700
-0.27025400
-0.15342300
-0.58392700
0.26748100
-0.34729700
-0.67874000
-0.21656500
0.45688400
-0.59093400
0.10109700
0.20479300
-0.17175700
-0.83391400
-0.49362000
-0.02339270
-0.90950200
-0.50555300
-0.13506600
-0.52599600
0.35288000
-0.63868600
0.17275400
-0.21815900
-0.14376500
-0.91649300
0.12275900
0.67884700
-0.15039800
-0.20391100
0.11478300
-0.41660800
-0.47374400
-0.30359800
0.26987600
-0.03986880
-0.40149200
-1.22365000
0.64692300
-0.35389300
0.31646700
-0.69979700
0.31857900
-0.77939100
0.52393800
-0.58466000
-0.14399400
-0.25229600
-0.53196300
-0.63863400
-0.62229000
-0.45600300
-0.63318800
-0.22923400
-0.23249700
-0.71860600
-0.55478400
0.00405136
-0.49773500
-0.65468500
-0.30141600
-0.38513200
-1.71521000
0.23027800
0.10614100
-0.45616400
0.05485360
-0.56221000
0.06110780
-0.90610800
-0.69445200
-0.64109200
-0.07145530
-0.13156400
0.32926400
-0.65587000
-0.57734900
-0.04130100
0.03169640
-0.99051200
-0.08786840
0.54443300
2.05352000
2.26714000
0.50011900
0.09529600
0.39559300
-0.36302400
-0.02314440
-0.30751100
0.18671300
-0.18288800
-0.48261900
0.33143800
-0.19309300
-0.13586900
-0.27846600
-0.06476460
-0.32005600
-0.40268700
-0.14950700
-0.53434100
0.22985500
0.28816500
-0.57795800
-0.40225100
-0.47830800
-0.32249400
-0.92616100
-0.36946500
0.00680225
-0.61969600
0.85259600
0.25359800
-0.16586000
-0.14510300
0.17836200
0.02382210
-0.57318600
-0.12347800
-0.67823300
0.30520500
-0.39361300
1.08669000
-0.48173200
0.19267700
0.42398000
0.58645200
0.00643621
-0.40488900
-0.14545000
-0.14459500
-0.56086200
-0.67767900
-0.30599600
0.25664700
-0.64327200
-0.04191930
0.20279400
-0.24951100
-0.29799200
-0.04161480
-0.10421500
-0.17155500
-0.48321200
0.16143000
0.00368786
0.01806620
0.35649800
2.11101000
-1.11888000
-0.89761100
-0.55157900
0.53249900
-0.50006300
0.86585900
0.04007970
0.56430000
1.16258000
0.54515100
-0.63898200
-0.53102500
-0.05820510
-0.25921700
-0.04675190
0.03319260
1.67983000
0.07523250
-0.74035500
-0.21450200
-0.72747700
-0.29443200
-0.27282100
0.44580600
0.41347000
0.66136100
-0.40854000
0.54442500
-0.41503900
0.66787200
0.36438500
0.06372140
-0.39837500
0.30916200
-0.18317300
-0.47794200
-0.30787400
0.44642200
0.76302300
-0.13340200
-0.16213200
-0.13143800
1.18163000
0.63685300
-0.51917800
1.07563000
0.17105300
-0.28464600
-0.39949000
-0.50164200
-0.11231800
-0.23142200
-0.07858450
-0.29056100
-0.06295120
0.12661300
-0.18780900
-1.01530000
-0.19922700
0.94923400
-0.15900500
0.19161300
0.48586300
0.04209810
0.15034500
-0.69341900
2.71218000
0.73667500
0.05632960
-0.22214600
-0.14952400
-0.03805360
-0.49158500
-0.09259720
-0.02081930
-0.16019100
-0.54222900
-0.23953400
-0.50511600
0.05125430
-0.26205100
0.06184630
-0.86891900
-0.57137700
-0.71145300
-0.26076000
-0.61000300
0.00078195
0.03178900
0.26567100
0.19951500
-0.24657400
-0.16220500
-0.21748600
-0.25669400
-0.30484300
-0.08793930
-0.66852000
1.09406000
-0.06891230
-0.05053460
-0.14323700
-0.62840800
-0.52604200
-0.03557870
-0.11187800
-0.07524680
0.17318300
-0.25623400
-0.50314300
-0.22251300
-0.49138800
-0.59784700
0.25991400
-0.00599738
-0.29654800
-0.71703500
-0.27343000
-0.09121590
0.35556700
-0.04624160
-0.52328900
-0.62549200
0.09911420
0.31678100
-0.74576800
-0.51711300
0.20391700
-0.85345900
-0.65549000
-0.19524900
0.85160300
0.65248500
0.06628760
0.44030900
-0.51036200
0.20346300
1.83525000
-0.07945290
0.08708260
-0.08203080
0.03335730
0.01385270
-0.29116300
0.30551900
-0.80647000
-0.40421500
-0.41698700
0.18163700
0.02527990
0.27700500
0.30396900
-0.36952800
-0.04959930
0.49590500
-0.71232500
0.05024590
-0.47937500
0.25619500
-0.78994600
0.62453600
-0.33145600
0.17594000
0.03065280
-0.04120850
0.21951800
-0.07074640
-0.05533840
0.07591410
-0.65414400
-0.38850800
-0.68376100
-0.16259000
-0.41654000
-0.16824300
-0.64283700
-0.10559700
0.05705470
-0.74986200
0.26660900
-0.43343600
-0.36631200
-0.74188500
-0.78436900
-0.26038600
0.43542200
-0.40320400
-0.30058200
-0.16731900
-0.55052400
-0.63422700
0.02102760
-0.28209100
-0.43685700
-0.24337100
-0.48290700
-0.74996500
-0.35837000
0.06934430
1.70733000
-0.27840800
0.50811800
-0.49541600
-0.01083790
0.65937000
0.92756500
-0.06792220
-0.64626600
-0.80305800
-0.84802300
-0.02681370
-0.00829899
-0.56617500
-0.28091900
0.21565800
-0.18385000
-0.02483090
-0.10950600
-0.48700300
-0.42754200
0.10734300
1.75131000
0.48026400
-0.96880300
-0.07091130
-0.08059870
-0.35114600
-0.26211700
-0.08320220
-0.77791400
-0.55179800
-0.13395100
0.17444700
0.27439200
0.49132300
0.15625600
-0.57508100
0.14434000
-0.16425400
-0.46149600
-0.08552070
0.94011100
-0.32751800
0.64876100
1.60090000
0.65884900
-0.32416400
-0.16286800
-1.05482000
-0.73518900
0.26000000
0.17512500
-1.09312000
-0.75508800
0.31812500
3.36744000
0.87365900
0.75242400
0.43116700
-0.19602600
0.15085200
0.02912920
-0.64907100
-0.70402000
-0.18078700
-0.12783700
0.43160600
0.12954900
-0.29561200
0.35566700
0.39233900
-0.39917500
0.03454170
-0.43754000
0.23943300
-0.14136300
-0.06343740
-0.16676700
0.11258800
-0.15952200
0.03293550
-0.30827600
-0.11887100
-0.12629400
0.32604400
0.93217000
-0.27900700
-0.44095000
-0.65356600
-0.88113400
-0.36656900
-0.21263100
-0.37568800
0.78114600
0.25013700
0.36056100
-0.18445500
-0.43213300
-0.69522500
0.77381100
-0.34245700
-0.28297200
-0.26979300
0.67347100
-0.11758000
-0.11527500
-0.24326800
-0.59288000
-0.65146600
-0.26154100
0.48683600
0.71234700
0.18728100
1.15514000
0.21725100
0.99342100
0.29194200
-0.08682940
-0.31155300
-0.31657000
-0.25811100
-0.10904800
-0.50968000
-0.10350400
-0.30286700
-0.14885100
-0.53057600
-0.11636800
-0.50283900
-0.06367880
-0.83456200
0.05339660
-0.55948400
-0.77852600
0.49071100
-0.93317100
0.39858100
-0.20140600
0.67277100
1.17571000
0.00887717
-0.49362100
-0.41469200
-1.06667000
0.39027800
-0.50537800
-0.05061520
-0.09092970
-0.28046000
0.40111200
-0.26987900
0.56717700
-0.41580700
-0.49450500
-0.65020100
-0.16671700
1.06156000
-0.67581200
0.07802140
-1.04277000
0.14857300
-0.03798100
-0.01740560
-0.30277800
-0.32648500
-0.31332100
-1.83940000
0.01527750
-0.06562930
-0.89775400
-0.45120700
-0.12894800
-0.09352040
-0.07428250
0.31180900
-0.53123300
-0.29786800
-0.31235500
-0.14794500
-0.15075200
0.89328300
-0.37348700
-0.57402100
-0.19617900
-0.49890900
-0.80744700
-0.71587300
-0.18222900
-0.47671700
-0.46005300
-0.73195600
-0.25447800
-0.40441200
-0.10103600
0.39004800
-0.24510600
-0.27265600
-0.03455690
-0.37512400
-0.18324000
-0.64866400
0.05136340
-0.00178092
-0.44082500
-0.08579580
0.29036200
0.05332620
-0.87645300
0.98251100
-0.15205000
0.47973900
-0.66055600
-1.06129000
0.91431700
-0.63956100
-0.32509400
0.49077400
-0.37408900
-0.51115600
0.12601100
0.11924100
-0.41332600
0.11819800
0.34708700
-0.39646600
-0.49571000
-0.41714600
-0.61432300
-0.13713300
0.19228900
0.21578600
-0.66026700
-0.72680700
-1.16857000
-0.29597300
-0.20503700
-0.49849100
-0.12000700
-0.47740100
0.22404400
-0.38637800
0.85887200
0.04855650
-0.40078800
-0.21297700
-0.07966310
-0.10213000
-0.12147400
-0.73724900
0.33153200
-0.15572600
-0.09116180
0.08953070
-0.26390000
-0.54275900
-0.33045200
-0.49277400
-0.38278200
0.73616400
-0.58039800
0.11176300
-0.33817300
-0.12877100
-0.38966000
-0.27513100
-0.13576800
-0.55186300
-0.00667969
-0.37081800
-0.35570100
0.95979300
-0.14061400
-0.48926800
-0.26269100
0.04981160
-0.84597700
-0.15429000
-0.61693000
-0.15377800
-0.54733400
0.08485970
0.17035800
-0.25302900
-1.04624000
-0.52904000
1.42964000
0.65528400
-0.66553200
-0.17191100
0.18826900
-0.00048739
0.25608000
-0.05524770
-0.36495300
-0.69063900
-0.50295600
-0.59084200
-0.37657400
-0.05033880
0.12651600
0.20481800
0.00034025
-0.61748500
0.04351310
-0.09854530
-0.80187600
-0.43794400
-0.41322000
-0.02891110
-0.53057600
-0.91299700
-0.46441800
-0.88552700
-0.34603800
0.59701500
-0.37900300
-1.55539000
-0.11012500
-0.20247300
-0.48084500
-0.59379500
-0.38494600
0.45333400
0.04845260
-0.66057500
-0.64979300
0.11965500
0.80268200
-0.60254200
-0.68180000
-0.39416100
0.02868080
-0.10847400
0.45080700
-0.73346700
-0.56885700
-0.22497200
-0.22163000
-0.54908900
-0.65203500
-0.13190900
-0.24446700
-0.49570600
-0.11605200
-0.89527700
0.16142400
0.24794100
0.14667800
-0.32340700
-0.37042500
-0.54706100
0.14857900
-0.01896850
-0.32467900
2.24956000
-0.22945800
0.15129000
-0.23548900
-0.05605300
-0.38442900
0.42431100
0.13211000
0.33877400
0.46438400
-0.84327700
-0.38093300
-0.57988700
0.39739500
-0.34383700
-0.31187500
-0.58068100
-0.35831900
0.02727350
0.03224580
-0.19722900
-0.38137400
-0.49690900
-0.56453500
-0.26969100
-0.24059700
-0.51328300
0.83944100
0.45887700
-0.51329300
-0.29203500
-0.07878700
-0.35405700
-0.09012600
-0.19493000
-0.03534260
1.02162000
-0.20511200
-0.16863400
-0.53745600
0.96571100
-1.09587000
0.60686100
-0.19293000
0.24022800
-0.44690000
-0.28833600
-0.27322000
-0.43597100
-0.15277900
-0.75911000
-0.82065800
0.65319700
0.03749250
0.02779960
-0.13375400
-0.85251600
-0.11797300
-0.32069300
-0.66779300
-0.98113500
-0.64255800
0.42233400
0.31104100
0.57119800
3.78970000
0.65889600
0.45626300
-0.53280000
-0.14629700
0.71618900
0.52649700
0.24051500
-0.01174860
0.95701000
-0.98993400
0.14191100
-0.42030700
0.22425300
-0.47040800
-0.23705300
-0.54638500
0.02892830
-0.41857700
-0.59398300
-0.38661400
-0.04159900
-0.14326800
-0.49086300
-0.05503590
0.30728900
-0.24312100
-0.67598500
-0.30391000
0.15879500
0.84817900
0.04021500
-0.33759300
-0.19182100
-0.25122600
-0.16149700
0.00583730
0.54145100
-0.24043000
0.54567500
-0.09963440
-0.25352400
-1.09415000
-0.14709700
-0.27388300
-0.12888000
0.74993800
0.87244400
0.76909600
0.85970400
-0.42906600
0.00127842
-1.07415000
0.24250500
-0.26138700
-0.78137000
-1.54193000
-0.64179300
-1.04765000
-0.66518100
-0.11087000
-0.51669300
0.01582220
0.04119800
0.74564300
-0.22594400
0.45170700
-0.00787777
-0.19649000
-0.88046100
0.12769800
-0.00611004
-0.30653600
-0.49074700
-1.06872000
-0.08421610
-0.46602700
-0.53154700
0.56901500
0.34146700
-0.19379700
-0.88974800
0.36823400
-0.40033800
-0.01850240
-0.19892200
0.24761900
-0.15333300
-0.36800800
0.07286940
-0.64908000
-0.50257600
-0.39861500
0.50127200
0.21693200
-0.17634100
-0.18932400
-0.89374900
-0.31255800
-0.53768700
0.10798500
-0.62707200
0.18361300
-0.22264200
-0.80153700
0.12134200
0.44739300
-0.45609900
-0.19880100
-0.55824100
-0.29770000
-0.45968000
-0.56938100
-0.15219600
0.49303900
-0.50716700
-0.13377900
-0.56387900
-0.42756100
-0.99445800
-0.25000300
-0.56077100
0.05296730
-0.24844100
-0.27999900
-0.45044400
-0.07613870
-0.01240240
-0.24061100
0.49969300
0.52635600
1.10634000
0.04519930
-0.40067800
-0.28680500
-0.27791400
-0.12992100
-0.42787400
0.68295900
-0.02609200
-0.84060000
0.83235400
-0.72685100
-0.30419300
-0.54034900
-0.36811400
-0.43548200
-0.04309470
0.15144300
-0.76644200
-0.52425600
-0.44374100
-0.57213700
-0.28208200
-0.29203900
-0.61658500
-0.56184800
-0.29206000
-0.03724640
0.00907095
1.10433000
-0.28504800
-0.28009700
0.15511100
-0.07153590
0.72186000
1.04404000
-0.38628700
-0.21779700
-0.32502400
-0.91714500
-0.56374400
-0.55956300
0.61469700
0.06496830
-0.55899900
0.64441800
-0.12787500
0.62766400
-0.20499300
-0.34891700
-0.21289900
0.99033200
-0.71963800
0.59934300
-0.05879090
-0.67572800
-0.97112100
0.02229900
0.46291100
-0.91016300
0.61403200
1.28698000
0.57008900
0.27560400
-0.48881000
-0.56822200
-0.78746500
0.21631700
0.52547300
1.03922000
-0.02113020
-0.23512400
0.06064040
-0.68918700
-0.48590000
-0.90243400
0.34484400
0.49116900
-0.08807550
-0.29644600
-0.65439700
0.20031100
-1.04402000
-0.05850170
-0.05716230
-0.62248000
-0.86231300
-0.70150200
0.04360030
-0.43785300
-0.67989600
2.46337000
1.59693000
-0.31574100
0.42181500
-0.16751100
0.27065700
0.02284340
-0.58340300
-0.27455700
-0.16882100
-0.70765900
-0.56116500
-0.77009400
-0.07157830
-0.86456500
-0.62412700
-1.52098000
-0.07262800
-0.22468100
-0.10432100
-0.65951900
0.06808950
-0.85134200
-0.76418400
-0.78682200
0.43537400
-0.50654000
-0.68674400
0.62789200
0.55780000
-0.19897500
-0.98895100
-1.03499000
-0.05966910
-0.03648660
-0.15473800
-0.46239300
-0.80216500
-0.78470600
0.31978000
-0.25651200
0.04825550
-0.06164860
1.35207000
-0.11646900
-0.18423400
0.85968500
-0.58739900
-0.34498500
-0.32290900
0.26090700
-0.30598300
-0.69548800
-0.29231200
1.67338000
0.34122100
-0.04681900
-0.15887100
0.07253730
0.02166320
-0.67155700
-0.43748700
0.73886900
0.56542800
0.02609100
2.45040000
0.29664200
-0.93722200
-0.20014100
1.32558000
0.30152300
-0.52921900
-0.28371000
-0.49941600
-0.65975500
-0.46054800
-0.16374500
-0.10959300
-0.01455200
-0.68719000
-0.59264200
-0.02847300
-0.44433800
0.27716300
-0.18353800
-0.45665100
-0.68115700
0.20191600
-0.19578500
-0.05623390
-0.48344200
-0.24070000
-0.26220700
-0.39970900
-0.27798000
-0.28174100
0.40369600
-0.50326500
0.60216700
-0.35349600
-0.23861800
-0.07543220
-0.11216800
-0.87684500
-0.36191900
-0.76840400
0.17985300
2.24834000
1.71695000
-0.74633900
-0.30174900
0.96567200
0.06784370
-0.96937000
-0.61656100
0.29916500
0.64325100
0.15767400
-0.13985500
-0.32593100
-0.01310640
-1.03132000
-0.89480000
-0.36571800
0.34018100
-0.07982670
-0.36031700
-0.67249200
-0.40430300
0.27941800
0.23329900
0.90752400
-0.35094400
-0.07912350
-0.62098400
-1.41529000
-0.10563000
-0.30723700
0.16980300
-0.36975100
-0.10560300
-0.54624900
1.23204000
0.85539300
-0.10082100
-0.74213800
-0.93715600
-0.25366800
0.15788400
-1.10561000
-0.55727000
-0.54518300
0.08130640
-0.58798200
-0.81363100
-0.09540750
-0.71919600
-0.38461100
-0.46763400
-0.78926900
-0.53870200
0.00872187
1.03159000
-0.67606600
-0.65037700
-0.70586300
-0.04122040
0.65611300
1.14457000
0.19391200
-0.34918900
-0.12613100
0.56788400
-1.02246000
0.01281570
-0.63105200
-0.57872400
-0.58965600
0.21519800
-0.19045900
1.12585000
0.65235300
-0.51215800
1.36098000
0.36941800
-0.79025900
-0.79220400
0.40678600
0.08926280
1.66212000
0.29243000
0.69231200
-0.02519880
0.64976300
-0.03949600
0.68669700
-0.44144000
0.13890300
-0.11093000
-0.00976361
0.36886500
0.50858000
-0.44024600
0.12010500
-0.45396600
-1.15075000
-0.30178400
-1.15694000
0.39296200
0.08850450
-0.63595500
-0.13803900
0.05924720
0.18489700
-0.42410900
-0.20754300
-0.21385400
-0.48876700
-0.31919600
-0.50357400
0.26697700
0.18192400
1.45358000
-0.48389200
0.58459100
0.78943300
-0.49274400
-0.23849800
-0.00771368
-0.86251100
-0.35313600
-0.59342100
0.26173600
0.62728200
-0.76563200
-0.67340000
-0.31394700
-0.49819000
-0.56070600
0.35477500
-0.26509000
0.04446310
-0.40079300
0.00584013
0.07776340
-0.56845900
-0.55245300
-0.37346400
-0.33494900
1.36235000
0.44054000
-0.59579200
0.73633600
-0.05377490
-0.18466700
-0.25012400
-0.12343600
-0.66214900
0.16275200
0.76889600
0.38592900
0.31278800
0.45116800
0.13391300
0.56885600
1.24127000
-0.58955900
0.08523370
-0.02984740
0.26200900
0.43701500
0.53885800
0.41279400
-0.16959100
-0.54862700
-0.30303400
-0.01054510
-0.91340100
0.22938600
0.71560000
0.09799740
1.76621000
1.38228000
-0.02947030
-0.05442790
-0.10372700
-0.67658500
0.05648620
-0.01741390
-0.22888100
-0.13830400
0.56229700
1.03829000
-0.00653423
-0.52066700
-0.16902400
-0.21095500
-0.94645700
0.18813900
-0.90026300
-0.67201700
0.30122700
-0.61463000
-0.90806800
-0.19311500
-0.18026400
-1.24869000
-0.84556900
-1.07133000
-0.51507500
-0.61500300
-0.62482600
-0.68242900
-0.57111100
-0.74073300
-0.74304900
-0.03815710
0.01411320
-0.53086300
0.12334500
3.10126000
-0.73576300
-0.53835200
-0.96475200
-0.57643700
-0.01295880
-0.30964300
-0.47325600
0.17479900
-0.49409500
-0.07447010
-1.04085000
-0.06481490
-0.00234970
-0.10994000
0.56929500
-0.18829200
-0.28598000
-0.05473160
0.00286663
-0.16064000
-0.50662700
0.13343800
-0.36605600
-0.70571000
-0.32752300
0.68047300
0.22733500
-0.58734000
-0.13809200
2.10074000
-0.26903500
-0.28342500
-0.18821500
0.26151200
0.39996400
-0.12036700
-0.42667600
-0.38232600
-0.77530000
-0.54268800
-0.00119796
-0.61747200
-0.21387000
0.10406000
0.21056200
0.14849100
-0.52298300
0.03145940
-0.17485500
-0.34543900
-0.62899300
-0.48078800
-0.46721600
-0.01431680
-0.21301300
-0.15970400
-0.02586440
-0.09728460
-0.08651270
0.10422800
-0.17856900
-0.23438000
-0.38331600
0.16834400
-0.10293400
-0.62860500
-0.29783600
-0.57948000
0.83746100
-0.22117400
-0.44130500
-0.10841200
-0.57093200
-0.76232700
-0.10774000
-0.23560500
-0.41761500
-0.43171400
0.06600930
0.22355000
-0.30239000
-0.66237900
-0.13105500
-0.42533600
0.06398630
0.09442780
-0.55551800
0.00133709
0.02886320
-0.29253300
0.71265200
0.17769000
-0.47326500
0.40175500
-0.34198900
0.03556340
-0.22176900
-0.25121200
0.90593400
-0.76493300
-0.29327300
-0.13542500
-0.61097600
-0.73645000
-0.70061700
-0.11372400
-0.06683170
0.11147400
0.01954860
-1.21423000
-0.38061900
0.33340000
0.03686430
0.49867500
-0.62187400
-0.21498400
-0.71015900
0.45837800
-0.17985400
-0.11448200
-0.03906030
0.16075700
-0.55880300
-0.06667510
-0.51480700
-0.07197070
0.79178900
-0.21990100
-0.74377200
-0.23409900
-0.08965160
1.09548000
0.19815500
0.42486500
-0.51877000
-0.66379600
-0.50370500
-0.53563200
-0.25682400
-0.89172100
-0.19768400
-0.43441700
1.06343000
1.01417000
-0.26393900
0.35480600
0.97131300
-0.34377400
-0.49254300
0.64719500
-0.16250000
-0.49726000
-0.64021000
0.33869400
-0.47964300
-0.11306500
-0.19030800
-0.65914600
-0.63191800
0.28692700
-0.63628100
-0.00426672
-0.93007800
-0.16767000
-0.31434300
-0.56755700
-0.07376350
-0.77270400
-0.84409600
-0.34312700
-0.98603200
0.16822500
-0.04964370
-0.12535100
-0.78764000
-0.87202800
-0.17345400
-0.58729600
-0.29570900
-0.00971276
-0.35026900
-0.28926400
0.31874400
-0.15035100
-0.17337500
0.26377800
0.60920700
0.31812200
-0.50493400
-0.65940200
-0.47786500
-0.07368030
-1.19413000
0.00035411
0.35440400
-0.57223600
-0.32226700
0.65609000
-0.74718000
-0.47075200
0.40855600
-0.13304200
0.38470400
-0.83029000
-0.27283200
0.25751200
-0.58007600
0.54926900
-0.12081700
0.09985150
-0.02126440
0.15823700
0.01207270
-0.16977200
0.25506900
-0.05006310
1.93407000
-0.26847500
0.55483600
-0.56394400
-0.41456500
-0.63517100
0.24010800
-0.24687100
-0.60209100
0.14385700
-0.52406200
0.43634000
-0.13564000
-0.25722900
-0.47500800
-0.51794200
0.42082000
-0.90516400
-0.33334600
-0.19831900
-0.09932570
-0.18326300
0.06888650
-0.46763000
0.52164100
-0.55546900
-1.33705000
-0.25065000
-0.44759800
0.26168800
-0.23190900
-0.47719300
-0.01469220
-0.40743500
0.31674500
-0.35748600
-0.36494200
-0.96059800
-0.29559100
-1.05542000
-0.16754300
-0.45248100
-1.28825000
-0.64972600
-0.24439800
-1.35701000
-0.41825000
-0.03866030
-0.13546100
-0.21154900
-0.12236400
2.68925000
-0.39397300
-0.24569300
-0.26281500
0.16567800
0.31318200
0.54711700
-0.45411000
-0.90641300
0.22027600
-0.00856539
-0.04607590
0.38164700
-0.45329600
-0.37051500
-0.50940500
-0.17673300
0.12711700
-0.23985900
0.09811170
-0.69348000
-0.45034900
-0.53846400
-0.07722080
-0.81566900
-0.20875100
0.62426100
-0.14942700
-0.34765400
0.46276500
0.31313500
-0.10396300
0.47080200
0.27410200
-0.68432500
-0.88289400
-0.25129100
0.23133100
-0.37952700
-0.25512700
-0.01222930
0.37843800
-0.07169130
-0.62197500
-0.18893100
0.00263712
0.17012100
-0.60042300
-0.86163600
-0.48225500
-0.76221200
-0.08000190
-0.80432000
-0.50331800
-0.25842700
-1.12290000
0.62824000
0.55202600
0.28443600
0.57311500
1.33940000
0.27873800
-0.56555500
-0.19131100
-0.15014800
-0.29969800
-0.59889700
-0.63167000
-0.06455590
-0.14864300
-0.82235800
-0.83568100
0.11916400
-0.48154800
-0.67809000
-0.26863200
-0.19621800
-0.52726100
-0.80609800
0.22524700
-1.14004000
0.13735500
-0.32205000
-0.57588800
-0.04428700
-0.75683300
-0.32315100
-0.52214500
0.10016500
0.20252700
-0.19040800
0.20114800
0.11244800
0.13176900
-0.62446500
-0.14636200
0.06597430
-0.06881620
0.54994000
-0.34043600
0.01243830
-0.85227500
1.26657000
-0.27911400
-0.16994500
0.79108500
-0.65767800
-0.21367000
-0.15263100
0.41648700
-0.29857200
-0.29327000
-0.40160100
-0.52568400
-0.22514400
0.25385700
0.65061300
-0.67742900
0.94161500
-0.59909900
-0.17865700
0.30665900
-1.00727000
-0.26055800
-0.29067700
-0.63383700
-0.20329700
0.80032300
0.52128400
1.10039000
-0.32960900
-0.03151700
0.67908500
0.26315100
-0.89313800
-0.59772500
0.25429200
-0.74468400
-0.57342300
-0.45637000
-0.62167700
0.34462000
-0.24489100
-0.16562600
-0.09054520
-0.49393000
-0.63647100
-0.37177200
-0.82368500
-0.11391600
-0.55121000
-0.22323300
-0.20810100
-0.68911200
0.51572900
0.48710300
0.44914300
0.39032600
-0.11304400
0.32527500
-0.26524700
-0.25240200
-0.18830600
-0.30219200
0.13170000
-0.20109400
-0.47093200
-1.25857000
-0.95968100
-0.02339310
0.12333700
0.05464150
0.19371800
-0.45899100
-0.27817600
-0.98778000
-0.53715200
-1.08085000
-0.78739100
0.48415000
-0.71860000
-0.03109580
-0.66372900
1.05833000
1.88208000
0.66909700
-0.04632380
0.17707400
-1.17595000
-0.88639900
0.65839300
-0.43047600
-0.36354900
-0.38096200
-1.67572000
0.26431200
-0.24848500
-1.39828000
-0.23895900
0.05752780
-0.49837200
-0.31415300
0.41866100
-0.72158300
-0.08729770
-0.29152100
0.30848900
-0.22133800
-0.40005300
-0.68113500
-1.62688000
-0.02752560
-0.44559800
0.55156500
-0.44300600
-0.38338300
-0.51451000
-0.18151400
-0.03738090
-0.22147700
-0.50821100
-0.00045658
0.06498470
-0.28561300
-0.10377600
-0.41242600
0.27850700
1.34468000
-0.09988530
-0.67662500
-0.17652000
-0.14127400
-0.74220900
-1.19757000
0.21629100
0.08001110
0.21181100
0.09017390
-0.34382600
0.32259700
-0.32007800
-0.59434700
0.14466000
-0.36615300
-0.13684400
-0.33453500
-0.79594100
-0.29308600
-0.59777900
-0.10351300
0.33995300
0.43129200
-0.23021900
-0.92634100
-0.10265100
-0.71164400
-0.40870800
-0.21258800
-0.66975800
-1.00243000
-0.30476100
-0.30966500
0.26618100
-0.08830350
-0.51579100
-0.39179400
-0.20575900
-0.56623000
-0.13432800
0.31907000
-0.28859900
-0.40539100
0.48389100
0.69359900
-0.05861150
0.08367200
-0.00660508
0.51163600
0.22988500
-0.34866200
-0.90984000
-0.66464200
0.94849200
-0.18273800
1.66468000
-0.53143300
0.24394200
-0.86472400
0.32080900
-0.82953500
0.02510490
0.79146000
0.13567600
-0.39018500
-0.08642650
-0.26644400
0.04165440
-0.34596500
-0.74053100
-0.23600300
0.19643600
-0.30803900
-0.46194400
0.07837140
-0.32137000
-0.44788200
-0.46165400
-0.57469600
-0.17183700
0.07677310
-0.14717000
-0.18289700
-0.82108700
0.98218000
-0.28200700
0.14798600
-0.33671400
1.08582000
0.10673400
-0.00241347
0.93922800
0.39842000
0.87331500
-0.05799220
-0.44995500
0.67166000
-0.16345900
-0.01085910
-0.63724200
0.37467600
-0.07742820
-0.14251400
-0.40411900
-0.80156200
-0.70535300
-0.15721100
0.60378500
0.37168400
-0.41536000
-0.48118800
-0.06909020
-0.56468600
-0.33488400
0.14964900
-0.35669900
0.15964400
-0.16390900
0.13349000
-0.18509800
-0.40427700
0.04841230
1.24521000
0.20121500
-0.33304300
-0.06173510
-0.18150800
-0.86633400
-0.38135800
-0.35459200
-0.09089000
-0.42008100
-0.28171500
-0.28888500
0.10971700
0.71195300
0.20199100
0.54094700
-0.26839100
-1.03963000
-0.74659800
-0.16920300
0.12757900
-0.00386053
-0.14825600
-0.69661100
-0.67571600
-0.52917900
-0.63235400
-0.14117000
-0.38720200
0.67589400
0.12743000
-0.37233100
-0.30472000
-0.20093800
-0.09324220
-0.03478680
0.36459100
-0.34898800
0.49473200
1.37269000
-0.11652100
0.49480700
-0.53048500
-0.29135000
-0.09792570
-0.28467100
0.11341100
-1.09579000
0.06721370
-0.35969100
-0.63610300
-0.98052900
-0.52309100
-0.77888800
-0.13016600
-0.16331900
-0.27672200
-0.29600300
-0.86946900
-0.52985500
-0.43093700
-0.64169500
-0.56838700
1.22715000
0.91932000
0.46780500
-0.38212800
-0.30134000
0.62485500
-0.14620700
-0.19670500
-0.25299900
0.35441400
-0.68887900
0.22685300
-0.05510800
-0.54618900
-0.06320900
0.85000400
-0.43359600
-0.24358000
-0.90217000
0.02809130
-0.47658800
-0.85374900
-0.56703800
-0.15847100
0.16353900
-0.53284400
-0.09794690
-0.68643500
0.56798300
-0.35149400
0.21260600
-0.30764900
-0.61497400
0.08857490
-0.15452000
0.25900000
-0.40026300
-0.83730600
-0.44682600
-0.85556800
-0.70427500
-0.18729600
-0.43206200
-0.32709800
-0.41386300
0.35322800
0.11001300
0.07134890
-0.08799480
0.04677010
-0.62834100
-0.39814000
-0.50513200
-0.18097500
1.41331000
0.05936790
-0.85470600
-0.40581300
0.00693157
-0.12682500
-0.48901900
-0.27619800
-0.08092820
-0.75260900
-0.13019500
-0.46991900
-0.29246800
0.18231300
0.04123340
-0.20428700
0.15787300
0.11081600
-0.32903300
-0.15298100
0.22848000
-1.04948000
-0.65255800
-0.82884000
-0.39940000
-1.07695000
-0.84422100
0.15631300
-0.21206300
-0.58420700
-0.50760300
-0.81415000
0.52952000
1.10816000
-0.34954000
0.05489100
-0.06778800
-0.53414600
-0.52409800
0.15393200
0.30325400
-0.53283200
-0.81128100
-0.45688400
2.69842000
-1.17124000
-0.05706880
-0.06851570
-0.38674100
0.54430600
-0.10711000
-0.15473500
0.00284699
0.74082500
0.27471600
0.41727100
0.06956540
0.08109690
-0.35956900
-0.27236500
-0.11157000
-0.16706900
-0.40342000
-0.59716000
-0.71958400
0.59648500
0.06872380
-0.81231100
-0.02140540
0.26786800
-0.49482700
0.12365700
-0.59524000
-0.31924900
-0.96313600
0.07617860
0.39807900
0.58037500
0.16422700
0.03022890
0.21146800
-0.76228400
0.29748200
1.07931000
-0.81536700
-0.23937200
-0.36287800
-0.55023300
-0.97217700
-0.67845200
0.01132070
-0.38544700
-0.43157900
-0.09976090
-0.18508200
-0.30058300
-0.06385400
0.24335400
-0.44486800
-0.09423980
-0.00045301
0.26370400
-0.16894600
-0.41645700
0.03210730
-0.31542500
-1.32877000
-0.41490200
-0.15841400
0.50283700
-0.53723800
-0.10408500
-0.93817600
-0.67128600
-0.48743700
-0.81276800
-0.40951500
-0.98158400
0.19657900
-0.15205500
-1.60118000
0.32402900
0.03036640
-0.72800800
-0.99686300
-0.19898500
-0.51170800
-0.72597600
-0.30953300
0.00655958
-0.76144900
-0.26208300
0.45549300
-0.92359700
1.46176000
0.22498400
0.51547400
-0.09731320
1.05070000
0.00111409
-0.97323000
-0.19120500
-0.47436300
0.19874000
-0.18205700
1.73475000
0.86315200
1.37345000
2.33893000
0.26884600
0.83123100
-0.14897800
0.52233500
-1.04364000
0.19782000
0.18388300
-0.04533960
-0.78008200
-0.27926300
0.43331400
0.43394700
0.67700000
-0.66876600
-0.18683800
0.10700700
-0.34191800
-0.15790800
0.38313700
0.73021000
0.76663700
0.62947900
0.22566300
0.68726800
0.58901300
0.20361700
-0.57962600
-0.51979500
0.19116400
0.53823200
-0.48107900
-0.65661600
0.07651380
-0.54639300
-0.90863200
-0.14169500
-0.09783520
-0.56391400
0.23624400
-0.16451400
0.14006800
0.09163400
-0.57451100
-0.82241100
-0.05414980
0.40550200
-0.36822800
0.08169110
-0.57885000
0.80082700
-0.52245100
-0.36144200
-0.45395200
-0.29162800
-0.70085100
-0.35957100
-0.48193300
0.04195570
-0.01587150
-0.38076100
-0.53406400
-0.69639100
-0.65042700
0.05770930
0.18206800
0.35435300
-0.27232300
-0.31345000
-1.35825000
-0.06828860
-0.57743100
-0.34000700
0.15989100
-0.95684800
-0.32035700
0.13212600
1.20817000
-0.56223600
-0.73388500
-0.68316100
1.07141000
-0.25803300
-0.31807700
0.30946400
-0.06827050
0.03138100
-0.16047100
-0.26401100
0.24035200
0.56439500
0.23898400
0.61953500
-0.78644900
-0.85421100
-0.26501600
0.24997700
-0.30701800
-1.34304000
-0.05341140
0.34462600
-0.90967400
0.53816200
-0.08506130
0.30521900
-1.26356000
-0.04835860
0.63195600
-0.07126660
-0.60047700
-0.76305900
0.80362800
0.13446600
0.50073200
-0.09200760
0.85229200
-0.10181500
-0.90579100
-0.27825000
0.08718660
-0.79055200
0.32567000
-0.09066070
2.10376000
1.09739000
0.00582438
-0.31898300
-0.15528800
-0.93454000
-0.37686300
-1.13186000
-0.44794600
-0.18263300
-0.09650040
-0.42583100
-0.42314300
-0.20441000
0.07979410
0.70937300
0.12260300
-0.94577400
-0.83288700
0.55138400
-0.65155600
-0.61853600
0.10178800
-0.23397000
-0.59608000
-0.82139300
-0.17898200
-0.61166300
-0.60269300
-0.13490200
0.65334700
-0.58062300
-0.42275600
-0.42195200
-1.32253000
0.14510700
-0.20553200
-0.92195300
-0.61294800
-0.35411700
-0.10410500
-0.24069900
-0.34424000
1.23071000
-0.05489950
-0.63470800
-0.91817600
-0.14317400
-0.97002300
0.01453580
-0.44839500
0.36271100
-0.46919200
-0.29808700
0.24187700
0.03800640
0.26448000
-0.75098200
-0.96871100
0.71612600
-0.00628706
-0.94286200
-0.17410000
-0.49326800
-0.32649500
-0.80920400
-0.61094500
-0.13985400
-0.41005800
0.10887500
-0.29354300
0.06018940
-0.81034800
0.20626900
-0.14223700
-0.28921800
-0.23509000
0.43099900
-1.28615000
-0.47842200
-0.27882500
-1.24938000
0.26978100
-0.15448600
-0.17101700
-0.53857700
-0.17997000
0.06476510
-0.51268300
-0.33510900
0.73030100
0.00325476
0.90960100
0.00838087
-0.31962100
0.21580400
0.30523400
0.03076910
-0.57585200
0.73724400
-0.75012500
-0.63209900
-0.10241000
-0.54096000
-0.12966800
-0.26160800
-0.09833930
-0.71685500
0.05075470
-0.44896800
-0.30801800
-0.38869100
-0.10364100
0.08352980
-0.39775700
-0.78335200
-0.11316500
-0.53565700
-0.40124500
0.00573542
-0.19762400
-0.47271600
-0.02249120
0.20206800
-0.01976600
-0.69020000
0.41451100
-0.32401000
-0.48437800
0.14355700
-0.30743900
0.05906430
0.13807500
-0.38278300
0.17792800
-1.20229000
-0.73280000
-0.18478700
-0.94434200
0.29527300
1.33720000
0.04618410
-0.01476180
-0.26755000
0.27729500
-0.84061100
-0.09208930
0.14814900
-0.33640900
-0.44369900
-0.46666400
-0.09085230
-0.13119400
0.38153100
-0.13197600
0.36446700
0.61036700
-0.10283100
-0.44228100
-0.69860300
-0.55185400
-0.40127600
-1.03889000
-0.75757100
-0.05804930
-0.98775900
1.00218000
-0.21262200
-0.27077200
-0.24668000
-0.84978100
-0.14045400
-0.29710000
0.62802400
-0.11281000
-1.65712000
-0.13501800
0.66460100
-0.52651700
-0.07443020
0.03949930
-0.35057600
-0.15826800
-0.47907800
-0.24459200
-0.75727300
0.18858200
-0.39561300
-0.84321600
0.03606540
0.15026100
-0.08939050
0.48176200
-1.14336000
-0.24154500
0.54677200
-0.58033600
-0.64907400
0.24997200
0.02655320
-0.10465400
0.09829300
-0.10239100
-0.02050260
0.83679200
-0.11743900
-0.51993200
0.26068500
-0.44028400
-0.40188800
-0.62288300
-0.32830200
-0.60038500
-0.27242300
-0.53945400
1.19278000
-0.35557200
-0.17355600
-0.38476700
1.18263000
-0.85216600
-0.47544400
0.59067300
0.59590100
-0.03959200
0.13257800
0.05716740
0.03432410
-0.98069200
0.87424700
-0.50239900
-0.31255900
-0.95706100
0.29661000
0.09536890
-0.06779880
-0.44355000
-0.67874200
-0.11751600
-0.96387300
0.15338600
0.19737900
-0.12319800
-0.01598300
0.46409200
-0.40132200
-0.42265300
-0.43520800
-0.41849200
0.15567700
0.07382810
0.14797800
1.00528000
-0.34049900
0.57953700
-0.45903900
-0.20169800
-0.55281100
0.48344600
0.30136000
0.47837200
-0.19582100
0.95540200
-0.69509300
0.74478800
-0.03038020
-0.04750910
0.18119600
0.18203200
-0.41907500
-0.19073900
-0.15895900
-0.49183600
-0.48950900
-0.77869100
-0.26361400
-0.24712300
0.09181020
-0.53314700
-0.77683500
0.49104900
-0.32584900
-0.29709300
0.28907800
-0.95781500
0.73766700
-0.67265900
-0.25341800
-0.05558720
0.22026400
-0.66759800
-0.73097100
-0.29097700
-0.86404000
-0.62463000
-0.51538600
0.75012400
-0.60719900
0.25431000
0.36930500
-0.92954100
-0.92664300
-0.33670300
-0.37305000
0.32646400
-0.40006400
0.42929700
-1.11774000
-0.47682700
-0.36498900
-0.43731500
0.41445500
0.29936300
-0.06064340
-0.91071100
-1.02834000
0.65951200
0.09393070
-0.26274300
-0.45549700
-1.18170000
-0.42383600
-0.49550500
-0.01404270
-0.37582800
-0.56390300
2.36808000
-0.51682800
-0.04264380
-0.21701000
-0.58437600
-0.19844500
-0.03462260
-0.05595900
0.14345400
0.09496670
-0.31996500
0.42646000
-0.22358000
-0.69842100
-0.47247500
-0.40763700
-0.22948600
-0.05038660
-0.78093200
0.83262600
-0.43990000
-0.60951800
-0.29834000
-0.39880200
2.08842000
0.31718700
-0.35809800
0.60772200
0.24951400
0.19319400
-0.49292200
0.15060000
-0.37865700
-1.20020000
0.38719200
0.47466200
-0.23261900
0.01776550
-1.04354000
-1.19231000
0.77400600
-1.02167000
0.03768150
-0.10822900
-0.32088500
-0.37089900
-0.30645300
-0.03930110
-0.29969900
-0.13790300
-0.50498700
-0.68419000
-0.64571500
-0.54254000
0.15607300
0.35274000
0.38138900
-0.39487200
0.16189800
0.39963100
0.47108800
-0.37266000
-0.31108800
-0.19338800
0.08048360
-0.51753100
0.92379100
0.00066106
0.53255100
-0.99222100
0.27864000
-0.12504300
2.72994000
-0.08165530
-0.66068900
-0.42373800
-1.20178000
0.96244100
0.51845300
0.46922900
-0.72268100
0.01883910
-0.83486500
0.17531700
-0.56313500
-0.54560700
-0.24624200
-0.27032100
0.14581000
-0.24044900
0.00528142
-0.13548700
0.78365000
-0.11817500
-1.01092000
-0.56395000
0.16069400
-0.00382048
1.15359000
-0.02994570
-0.57102600
-0.80634900
-0.81950700
-0.09380310
-0.01630270
0.00221498
-0.14635600
-0.62961700
-0.58851000
-0.45512600
-1.04597000
-0.70407200
0.09262630
0.33541400
-0.39677300
0.73420800
-0.92953400
-0.53226500
-0.31466100
-0.19505900
-1.05768000
-0.60456700
-0.41479600
0.48146500
0.54391700
0.12230500
-1.11442000
0.32463800
0.26322500
-0.45350800
0.26176500
0.53108100
0.31609700
-0.02046360
0.95403300
0.42861200
0.28597600
0.06974780
0.18712800
0.03652540
-0.77132100
-0.61477400
-0.77837800
-0.39001500
-1.13353000
-0.13581900
0.26568500
-0.44781700
0.29131800
-0.01476180
-0.19841700
0.23779500
-0.35924300
0.05243390
-0.25996700
-0.14162500
-0.42564400
0.00847633
0.48296700
-0.43313700
-0.18770300
0.57630200
-0.64938100
-0.07202380
0.42014000
-0.16723600
-0.11163200
-0.77134400
-0.74806500
1.14707000
-0.59904900
0.45690100
1.06685000
-0.04973020
0.28466100
0.73902100
1.04775000
0.44683200
-0.37663500
-0.59797300
-0.27066600
0.03470320
-0.30041900
-0.02017610
0.08250600
-0.41360600
-1.23734000
-1.07628000
0.28394700
-0.62467300
0.03470320
-0.71009900
-0.15449400
-0.60793700
-0.17391200
1.31423000
0.39046800
-0.37516200
-0.83153100
-0.83702000
-0.15021200
-0.29261300
0.16695300
-0.62871600
-0.02832270
-0.17406000
-0.37596200
-0.37823700
-0.40459900
0.18508500
-0.09894110
-0.83490100
0.33299600
-0.61681300
-0.53097900
0.22916900
-0.56114100
1.56636000
-0.12240600
-0.00082377
0.00346629
0.16780300
1.39392000
-0.33880900
-0.55118300
-0.58841000
-0.07223170
0.24526800
-0.50380500
-0.08323770
0.01681390
0.40410100
-0.68932000
0.09272170
-0.24226700
-0.37472400
-0.23957300
-0.21619500
-0.48061700
0.60825800
-0.12934700
0.54242000
-1.04711000
-0.23284700
-0.38001700
0.27496000
0.01636270
-0.41019900
-0.24692800
0.10760400
-0.35399300
-0.25042800
-0.05066180
-0.55890200
0.35821700
-0.01604890
-0.01604890
-0.37269900
-0.54529600
-0.93929700
0.24154300
-0.17137100
-0.42240400
0.02911390
-0.80507300
0.10036000
-0.96939200
-0.49219900
-0.24458900
0.03402350
-0.45244400
-0.31937600
-0.59008700
0.34672000
0.41361700
-0.48431500
0.32163300
-0.27585900
-0.33475500
-0.18844700
-0.25831000
1.95604000
0.18087800
0.11911100
0.29086400
0.40770900
-0.47262000
-0.38835300
0.64774400
-0.05016870
0.31220500
0.04633630
-0.08690950
0.06283300
-0.53105300
-1.05868000
-0.21532700
-0.80063200
0.10330700
-0.88792100
-0.44123300
0.72967000
-0.34958600
-0.20911800
-0.31443100
1.40990000
-1.12016000
-0.94272400
-0.09184520
0.76483600
0.43353700
0.28301400
1.28897000
0.39945800
-0.15367500
-0.45710700
-0.65159900
0.19714500
-0.28059200
0.00714973
-1.10661000
-0.45962300
-0.97847500
0.18757200
0.72122600
-0.74651200
-0.29506200
-0.36657500
-0.83490100
-0.18345400
-0.40462900
0.25213600
0.21525600
-0.52063600
-0.62825800
-0.71183300
-0.54431100
0.20537100
0.03393690
0.03845310
-0.10578800
-0.97997200
-0.50739000
-0.21373300
-0.35281200
-0.64655400
0.73071400
-0.10906000
-0.18027700
-0.39083400
-0.04053650
-0.34286400
-0.07988560
-0.26874100
-0.91116000
-0.17487100
-0.49743300
-0.49743300
0.00819063
0.16138600
0.68140100
-0.08770020
-0.21044300
0.12538300
-0.90322200
0.09849040
0.15038300
0.05018970
-0.28839600
-0.08206920
-0.64103200
-0.25751600
0.12806100
-0.99564800
-0.40172600
-0.53044700
0.33705800
-0.52110300
0.42200800
0.50386300
-0.57383400
0.24489300
1.46930000
-1.15605000
0.07667600
-0.62349600
-1.17542000
-0.61592500
-1.05224000
0.43650500
0.43158500
-0.57064100
-0.56182400
-0.51820800
-0.45616100
0.82942200
0.18020500
-1.08058000
0.33431800
1.89278000
-1.15197000
0.68959000
-0.73045400
0.22408600
0.01049090
-0.54546000
-0.41034500
-0.35010200
-0.36932500
-0.19041200
-0.20867600
-0.50719800
-0.52064500
0.14552200
-0.73371600
0.56787900
-0.98686500
0.16214600
-0.22589000
-0.04093940
-0.06877720
0.92084100
-0.23517100
0.15875000
0.27611700
0.26095000
-0.87630300
-0.23320300
0.85488800
0.76553000
0.24957000
-0.13641100
0.07252040
-0.65253600
0.34316500
-0.67970200
-0.09652520
-0.15486900
-0.12474900
0.01059150
-0.13361500
-0.27889900
-0.23771400
-0.29620900
-0.33015200
-0.57247100
-0.05284880
0.08301090
0.37001700
-0.63095100
-0.55052600
-0.08470570
-0.61067700
-1.03542000
0.27051200
-0.66171900
-0.02592670
-0.23504100
-0.65958000
-0.40406500
-0.65181800
-0.61837400
-0.42499700
0.00671881
0.02520060
1.18210000
0.21235600
0.98817700
-0.15840900
0.08799180
-0.92267800
-0.15676700
-1.14617000
0.34889800
0.08104710
-0.30341600
-0.23467900
0.83860700
0.23466700
0.41107600
0.97514600
0.16608300
-0.28522500
-0.74659700
-0.16187800
-0.34193900
-0.49444800
0.42458300
-0.36366900
-0.42336100
-0.26191900
0.28336900
-0.72921000
-0.30262700
-0.90335700
-0.05165600
-0.23011600
-0.96669000
-0.30933800
-0.43023100
-0.47266200
0.03723960
0.57264900
1.02309000
-1.03278000
-0.37975400
-0.92300200
-0.54137000
-0.58346500
0.13570400
-0.97151300
-0.24892100
-0.07262300
-0.72782800
-0.57755600
-0.53807200
0.02329410
-0.10508100
-0.29727500
-0.29848300
-0.39581700
-0.33160900
0.26022600
0.17385700
-0.02261990
0.37965100
-0.68712800
-0.62630300
-0.73441400
-0.62463100
-0.40281000
0.04331130
0.05855170
-0.34061900
0.18502400
-0.44418000
0.22600600
-0.10910600
-0.44679200
0.54693400
-0.67198000
-0.29286700
0.30048900
-0.16803700
0.21956300
-0.27745100
-0.21772700
-0.07479910
-0.27047500
-0.80775900
-0.01817560
0.19855100
-0.31011500
-0.02859430
1.56122000
1.15326000
0.53611600
-0.45952000
-0.03146500
0.10391500
-0.31768800
-0.57764000
-0.05103270
-0.51128800
-0.17059200
-0.80869400
-0.45039700
-0.11776800
0.32737300
-0.52786200
-0.78002000
-0.40023800
-0.07809410
-0.78156200
0.03575130
0.30858800
-0.64043500
-0.70281000
-0.85788500
-0.25833900
-0.61914300
-0.26866900
-0.45186300
-0.53644400
-0.00233649
0.39121900
0.18390900
-0.43593600
0.14140500
-0.05674660
-0.33741800
-0.35623600
-0.15657300
-0.40358100
-0.19989900
-0.65778300
0.00860921
-0.16692400
0.23640400
-0.29085300
-0.02066490
0.21985600
-0.17124200
0.17087100
-0.47154800
-0.80142800
-1.12301000
-0.33965600
-0.03239300
-0.29968800
1.33598000
-0.07059920
-0.13606300
-0.42510700
-0.22613100
-0.55438700
-0.46029600
0.38298500
-0.42485900
-0.30188200
-0.57655500
0.14250700
-0.84111600
-0.02178820
0.36324000
-0.68988700
-0.15601300
-0.22173600
-0.32456400
-0.14801100
-0.95827600
-0.41657600
0.02979150
-0.35631700
-0.18947600
-0.73253400
-0.46049200
-1.00606000
0.23635300
-0.16567400
0.04833700
0.23963000
-0.56974400
-0.49614200
-0.35157900
-0.21309000
0.28652900
-0.05997270
-1.06880000
-0.50834500
0.59993300
-0.48725800
-0.07328940
-0.09671900
-0.73598700
-0.38662900
-1.21749000
0.29296500
0.06167980
0.11573900
-0.68026800
0.52857700
-0.04231800
-0.06262620
-0.91953200
0.72829100
1.38402000
-0.15978200
-1.29257000
0.28399400
0.33807300
-0.34246100
0.13458700
-0.94966700
0.21668200
0.06681700
-0.32524200
-0.45824600
-0.21392800
-0.48773000
0.83707000
-0.44582100
-0.06491240
0.40356200
-0.09299250
-0.87276200
-0.15620900
-0.84870300
0.33243600
-0.77323400
-0.20754300
-0.58183200
-0.25819800
-0.40056400
-0.57442200
-0.31255900
0.10093000
0.38920200
-0.24168300
-0.73178800
-0.67816900
-0.65918400
-0.88149600
0.27361400
-0.33870400
0.41191000
-0.25355800
0.14498400
-0.64992700
-0.44613400
-0.18713100
0.31244600
-0.12635500
-0.71543000
-0.25552500
0.55564400
-0.65978600
-0.35039000
-0.23947600
-0.39981500
-0.13874600
-0.23339000
-0.15022000
-0.73600300
-0.49178800
-0.64461700
-0.45930100
-0.17989300
0.22942100
-0.72599800
-0.23059600
-0.91100800
2.15429000
-0.25694500
0.09969750
-0.17997000
-0.05984550
-0.78447600
0.62800500
0.20130600
0.43052600
0.49138200
-1.10285000
-0.62790300
-1.03551000
-0.33287900
0.60186000
0.46013300
-0.20677700
-1.02258000
-0.32050500
0.45807000
-0.52399300
0.06152230
1.50191000
-0.52437700
-0.62634600
1.01285000
0.28683600
0.43526500
0.76926500
0.48710000
0.54462000
0.34809700
-0.76430600
-0.60785000
-1.69929000
1.59431000
1.23948000
0.37160700
0.61231800
0.55383500
0.86719900
1.19905000
0.07419170
0.12990300
-0.07429810
-0.67553100
-1.02482000
-0.29123200
-0.74425300
-0.10395300
-0.34029200
-0.35666700
-0.72111100
-0.30122400
0.06755340
0.33070200
0.23438900
0.65622900
0.38872900
0.22220300
-0.01070670
0.55137300
0.05043230
0.99562000
0.53706600
0.95597300
0.68829500
-0.61113900
-0.53712400
-0.09744550
0.08232500
0.43941300
0.15978400
-0.34412300
-0.83673100
0.20220500
0.16095500
0.76124000
-1.48483000
-0.75505100
-0.82860900
0.03255780
-0.04597690
-0.16972000
-0.36856000
-0.32798900
0.39849900
-0.01069050
-0.47681500
-0.36014400
-0.95777800
0.02648760
-0.03578160
0.33503400
-0.15246200
0.33318700
-0.62433300
0.53689400
1.00609000
0.09470190
0.04804860
-0.74473100
0.34207100
1.12540000
1.40317000
0.00802208
-0.16014400
-0.93566800
0.23953200
-0.48926800
-1.04136000
-0.41419700
-0.77729100
0.40623500
-0.65288100
-0.42310200
-0.91352100
-0.19158800
-0.12112200
0.07990190
-0.40221200
-0.31959000
-0.04065130
-0.42482200
-0.34773100
1.09799000
0.33905800
-0.59562200
-0.12076600
-0.75377200
-0.34443500
-0.42956400
-0.70196100
-0.62113300
-0.43908100
-0.19860700
-0.43855400
0.04017460
-0.26752900
-0.16401300
-0.66471100
-0.67296000
-0.42947300
-0.12079600
-0.63170500
-0.59924100
0.09011480
-0.70865700
-0.69095500
-0.91895700
0.58750400
-0.48204700
-0.26355500
-0.14618100
-0.65343400
-0.71012500
-0.06740710
-0.54226900
-0.53436600
-0.45831500
0.39940600
-0.05127090
-0.03929560
-0.53289500
0.09059730
-0.52638100
-0.08636850
-0.69535400
-0.76090000
-0.14972100
-1.38033000
-0.16827200
-0.37572000
-0.18106600
0.26704800
0.15330600
-0.48856600
3.05137000
0.41172400
-0.59984300
-0.17483200
0.66006000
-0.17047200
-0.52682700
-0.30114400
0.45456700
0.01968440
-0.20624000
0.68403500
0.06158360
0.00778756
-0.10503500
-0.15076500
0.82528100
-0.35047700
-0.26169800
0.23125100
-0.26002500
-0.57625600
0.25863800
0.04282840
-0.22175900
-0.01934520
-0.20670900
0.10978400
-0.05414640
-0.42238000
-0.20504100
-0.45105500
-0.06406910
0.03905300
-0.60500100
-0.01801910
-0.63196400
-0.83592300
-0.37159700
-0.57568300
0.21187800
-0.17868700
-0.40862900
-0.29669700
0.64752600
-0.45990100
0.46958800
-0.53493700
-0.56442600
-0.09921890
