-0.48895600
0.30348800
0.70983600
1.37469000
-0.17498600
-0.63440100
-0.36078800
-1.18204000
-0.73603800
0.12417800
-0.19970200
1.66331000
-0.58096600
-0.46222800
-0.03408550
1.35008000
0.48326700
0.58502100
5.54100000
0.77692600
0.89441600
-0.10942700
-0.20356500
0.42334200
0.64346200
5.91110000
-0.28589300
0.75668000
0.58950600
5.69644000
0.30722000
5.48657000
5.67023000
0.63629600
0.17252100
0.78674700
1.84338000
5.74722000
5.69654000
5.66859000
1.48633000
0.12517100
0.79888200
0.83713100
0.55387600
-0.13012300
1.58269000
0.25602100
-0.35266200
-0.01150790
-0.59265600
-0.27463700
-0.20395500
-0.49032600
-0.10564200
-0.47023700
-0.19656600
-0.43643600
-0.24366200
-0.00763820
0.15448600
-0.04082210
-0.44087400
-0.36348400
-0.98869800
0.36090000
-0.61269700
-0.24277400
-0.00973979
0.07090200
-0.20428600
-0.44991100
-0.15589600
0.41686500
-0.68156900
-0.68320600
-0.44450400
-0.52622300
-0.44871300
-0.26100200
-0.26000500
-0.50615600
0.00123575
0.37168000
-0.43715000
-0.19642000
-0.04957930
-0.48047700
-0.51078300
0.12529000
-0.26511900
-0.32127700
-0.52302300
-0.09972180
-0.50668900
-0.25502000
-0.14179800
-0.19599900
-0.57971300
-0.37171300
-0.30710100
0.09992150
-0.19238600
-0.23313700
-0.38344900
-0.96443800
0.88487500
0.14740600
-0.91633200
0.72352800
-0.72437800
0.74394000
-0.56976100
-0.58438800
-0.53643000
-0.21159500
-0.19238900
-0.30216200
-0.30274900
-0.20985000
-0.26054300
-0.52199400
-0.63528700
-0.51186600
-0.76914700
-0.25846500
-0.35612900
-0.75586200
-0.10860800
-0.49022700
-0.26481400
-0.10509100
-0.86521700
-0.51740800
-0.02692260
-0.15612500
0.02446450
-0.07510800
-0.61200200
-0.16663400
-0.31317500
0.53808400
-0.31935900
-0.01496660
-0.30364100
-0.13457500
0.45430800
0.65624300
0.25650700
-0.15206700
0.09726840
-0.36114500
-0.25351600
-0.37475900
0.03777460
-0.43285200
-0.14150300
-0.27444700
-0.38537100
-0.30841600
-0.39760200
-0.30672400
-0.30829400
-1.17648000
-1.16184000
-0.13030800
-0.38159100
-0.69641900
-1.09193000
-0.28165600
1.12472000
-0.51556800
0.08590800
-0.42878200
-0.10178200
-0.29281400
0.10160000
0.33899500
-0.23433900
-0.17815400
-0.46517100
-0.33217900
-0.42519100
-0.46137800
-0.40411200
0.33989500
0.98817400
-0.40173200
-0.18889700
-0.47261500
-0.39117300
-0.16312700
-0.14452700
0.02067430
-0.42399900
-0.34427300
-0.26857800
-0.01759180
-0.29605500
-0.13670100
-0.28782300
-0.14828700
-0.26800500
-0.51843200
-0.63984200
-0.42051600
-0.00224385
-0.42951900
-0.40090800
-0.66902800
-0.62242500
-0.16202400
-0.56726400
-0.66683900
-0.27387200
0.39625700
-0.72182200
-0.37113000
-0.52627200
0.38905600
-0.33319500
-0.39881400
-0.10926800
-0.25135400
-0.38420300
-0.08067000
-0.19153800
-0.20691500
-0.78436900
-0.46515400
-0.14577000
-0.20530700
-0.14992800
-0.93820400
-0.23785300
-0.74246800
-0.31510400
-0.65633200
-0.19450000
-0.25895600
-0.17352800
-0.24104700
-0.01493030
-0.45894500
-0.08227400
-0.11088400
0.08273510
1.31522000
0.53326000
-0.52713900
-0.23144800
-0.84384200
-0.26387600
-0.18450100
-0.35325100
-0.40882600
-0.66109100
-0.36599300
-0.09572850
0.76236000
-0.05868150
-0.27300500
-0.13611900
-0.44624800
-0.55345800
0.33966500
-0.70399300
0.77122900
-0.31797500
-0.36450900
-0.18716300
0.36789900
0.48513500
-0.08896540
-0.79150600
-0.23232300
-0.54122200
-0.73438500
0.33690200
-0.54296900
-0.12571600
-0.79407100
-0.39902000
-0.58367200
-0.16120300
0.60519600
0.83357900
0.10320700
-0.34016400
-0.07648180
-0.35808600
-0.37586800
-0.27012000
-0.11331300
-0.06816150
-0.14399100
-0.27000400
-0.39791500
-0.31270300
-0.71843900
0.12775900
-0.03391100
1.07579000
-0.35339100
-0.08363360
-0.25444100
-0.59733300
-0.47876500
-0.12723700
-0.79801700
-0.52074000
-0.21525300
-0.53430000
0.35633600
-0.14604600
0.49398000
0.35204400
-0.13728300
-0.61856600
-0.28057200
-0.49115800
-0.51486800
0.28764100
-0.14523800
-0.22071500
-0.02659200
-0.60210000
-0.20340100
0.16829500
-0.23516400
-0.05280760
-0.36924700
-0.43404500
-0.12092500
0.12004700
0.05471560
0.06626640
0.29215900
-0.60877600
-0.12153900
-0.08329530
-0.21472600
-0.62727000
-0.16838400
-0.28172300
0.29776700
-0.62648400
-0.48316500
0.32589700
-0.72738600
0.87386100
-0.20427400
-0.33463700
0.14638000
-0.77502600
-0.53926300
-0.36093800
-0.41271200
-0.65569100
-0.19854400
-0.06756690
0.10710300
-0.21335700
-0.20051600
-0.26565700
-0.09261060
-0.73340500
-0.55887100
-0.21475200
-0.11720100
-0.10196100
-0.00643528
-0.07659640
-0.59271900
-0.45337600
-0.15648500
0.04181920
0.04374670
0.03974060
-0.17053900
-0.24632800
-0.27422300
-0.46578100
-0.24068500
0.39706100
-0.36149300
-0.19600400
-0.28037300
-0.47654500
-0.45627500
0.10923400
0.09558440
-0.47230700
-0.34262800
-0.04224770
-0.23678100
0.08960700
-0.54105400
0.86933500
-0.29750400
0.73172100
0.13806900
-0.21516700
-0.34970400
-0.28305700
-0.04843570
-0.35111200
-0.35191800
0.92808700
-0.09244400
-0.44165300
0.23594300
-0.28509100
-0.71466700
-0.40660100
-0.46513600
-0.69737400
-0.28388700
-0.61503200
0.21040700
-0.27801200
-0.25838600
-0.79789700
-0.71983600
-0.61091900
0.19130200
-0.46612300
-0.22121500
-0.18640900
-0.38583900
-0.24700000
-0.10482000
-0.23718100
-0.14823800
-0.66416500
-0.36603900
-1.16832000
-0.65224000
-0.63770500
-0.15867500
-0.27417900
-0.61976500
-0.67546400
0.12123200
-0.59342100
-1.08092000
1.80743000
-0.55396900
-0.59084800
-0.53051700
-0.04178610
-0.19801000
-0.14904300
-0.85356600
0.44400200
-0.53359300
-0.18249100
-0.45135700
0.81006300
-0.23894700
-0.42181400
-0.31455800
-0.94712400
0.42578200
-0.38081900
-0.08084440
-0.70006500
-0.32521400
1.47892000
0.26376800
-0.96499500
-0.56663000
-0.59839900
-0.32350100
-0.19184900
0.02699550
0.01051450
-0.70461700
-0.50868900
-0.17628800
-0.58426900
-0.54061600
-1.00194000
-0.54124600
-0.02081530
0.00623272
-0.31492100
0.07767730
0.92582500
0.35196800
-0.54379700
-0.16471600
-0.34966800
-0.23250000
-0.20798000
0.17724100
-0.05302230
0.11349600
-0.03454370
-0.11811300
-0.75094900
-0.53929600
0.13927900
-0.43956200
0.00475989
-0.34797900
-0.28703100
-0.53595000
-0.04242490
-0.25727000
-0.67400000
-0.61850800
0.06229810
0.01305540
0.14018500
-0.41510900
0.10010500
-0.15841800
-0.14053600
-0.32960800
-0.45655700
-1.07399000
-0.21984800
-0.46665000
-0.46128900
-0.19959700
-0.52042100
-0.36264300
-0.24772600
-0.20293500
-0.02763930
-0.34722900
-0.07897690
0.08496650
-0.50150600
-0.08310330
-0.06033740
-0.32400600
-0.44048200
0.09883240
-0.67317200
-0.93732000
-0.66386200
-0.93656100
-0.40997100
-0.43186600
0.03110280
-0.97118700
-0.19329700
-0.24936200
-0.70350400
-0.15901100
0.12679100
-0.45285800
-0.37771700
1.13967000
-0.88937900
0.18411400
-0.30076400
-0.20863500
-0.35887800
-0.40788800
-0.06500090
-0.68120000
-0.95625400
0.00130108
-0.44457200
-0.50161600
-1.13420000
0.02056770
-0.19540300
-0.15365300
0.19615900
-0.93886000
-0.46743000
-0.39930900
-0.18252400
0.01449080
1.25050000
0.19181900
0.40158800
-0.64287100
-0.40256300
0.18886700
-0.56754700
0.03209750
-0.14017000
0.04314050
-0.38962800
-0.84635700
-0.42005100
-0.43870000
-0.26113100
-0.32906900
-0.35561300
-0.52603800
-0.06502360
-0.20348700
-0.19597400
0.00712426
-0.46032800
-0.42101700
0.30793600
-0.32920900
-0.41585000
-0.53024500
-0.47633700
-0.40269300
-0.17974000
-0.85686900
0.57039700
-0.42593400
-0.55417200
-0.37995800
-0.35431700
-0.70086700
-0.22478000
0.57523500
-0.62393000
-0.40856200
-0.29962000
-0.54645500
-0.02276630
-0.14204700
0.37758100
-0.37634000
-0.87449600
0.09214510
1.00890000
-0.66396800
-0.05973600
-0.06315460
-0.40565100
-0.37229000
-0.39385800
-0.03054430
-0.27279400
-0.25467000
-0.38828800
-0.57605200
-0.23508700
0.41317300
0.53957000
-0.91711500
0.19364400
-0.02017320
0.44924800
-0.62701300
-0.83086700
-0.15606100
-0.36788000
-0.00101540
-0.64778400
0.07611610
-0.35245200
-0.70928200
-0.29589600
0.03400120
-0.32331100
0.14168300
-0.16142700
-0.46932800
-0.39212400
1.47345000
0.21624300
-0.10739600
-0.33315200
-0.30730800
-0.43225700
-0.03803290
0.05854390
-0.14358600
-0.85973000
-0.34812500
-0.02035150
-0.78697800
-0.41535800
-0.14232700
-0.04417460
-0.19994300
-0.28989600
-0.13768400
-0.35846300
-0.31341200
0.02202660
-0.00579819
-0.56388400
-0.24379100
-0.54002800
0.00212959
-0.14374300
-0.52460300
-0.26855600
-0.10266100
-0.29077800
-0.62030800
-0.24008900
-0.18337000
-0.48470700
-0.46393600
-0.27562200
-0.19678000
-0.62389400
-0.20008000
-0.19803500
-0.28033000
-0.47068200
-0.86665600
0.19327400
-0.37970500
-0.16752900
-0.58455500
-0.14498800
-0.18585400
-0.58042100
-0.25051300
-0.47036200
-0.00651358
-1.03667000
-0.12939800
-0.40459600
-0.07457070
-0.63236200
-0.23717100
0.01192450
-0.63367800
-0.25318500
-0.07122860
0.54098000
0.11193600
-0.19802800
0.68387900
-0.15771700
-0.12658100
-0.62771000
-0.27904000
-0.20808800
-0.49061200
-0.31050900
-0.01094850
-0.19707200
-0.82754800
-0.20273800
-0.03020740
-0.31262300
-0.11879400
0.13492500
0.33098400
-0.28443200
0.23350300
-0.41259900
-0.20054000
0.25570900
-0.34421700
0.07101580
-0.41127800
0.67282600
-0.70387200
-0.48611000
-0.75640500
-0.60691900
-0.14086100
-0.37744600
-1.10479000
-0.27848300
-0.32294000
-0.29304900
-0.27247400
-0.16806200
0.31641300
-0.37580300
-0.55035100
-0.24604200
-0.41255900
-0.01036600
-0.44260000
-0.62997100
-0.30037600
0.09348060
-0.05987390
-0.03114690
-0.36841100
-0.15501300
0.05016160
-0.60547600
-0.23895500
-0.29110100
-0.10179100
-0.32235900
-0.24971800
0.04931180
-0.31598400
0.30366900
-0.33077900
-0.11193000
-0.16531600
-0.77234200
-0.70900300
-0.59281800
-0.70935800
0.06225100
-0.22149100
0.05964540
-0.30197800
0.21701700
-0.25005800
0.28657700
-0.01252430
-0.21916200
-0.11130200
-0.09338400
-0.17835200
0.09605280
-0.29098800
-0.23565700
-0.00519155
0.18837400
0.08660830
-0.64837200
-0.00191074
-0.16265400
-0.08062400
-0.35211000
0.15417700
-0.15658100
-0.42151900
-0.21510700
-0.94748200
-0.38506800
-0.36841100
-0.83193800
0.18381800
-0.20880600
-0.42722300
-0.63521300
-0.73511300
-0.41057200
-0.63335700
-0.17254200
0.14413800
-0.26061000
-0.29012300
0.34264100
0.73561700
-0.12608100
-0.07321730
-0.86013400
0.53101400
-0.66671600
0.49845200
-0.13321200
0.02506640
-0.09474940
-0.50041000
-0.25246100
-0.96367700
0.00435740
-0.36097300
0.18497500
0.09695660
-0.85305500
-0.32410200
-0.29973500
-0.01937570
-0.48141400
-0.12690700
-0.59433700
0.01218510
-0.18006500
-0.21068800
-0.46062800
-0.62156300
-0.66467600
-0.02983520
0.35750700
-0.28459700
-0.34529800
-0.10512500
-0.25722500
-0.27565900
-0.09798550
-0.27700200
0.75193300
-0.30563800
-0.50365800
-0.70454800
0.56244700
-0.47612300
-0.00301604
0.77923000
-0.39472300
-0.63662400
0.00048807
-0.23898600
-0.04046320
-0.38066700
-0.41736000
-0.22768000
-0.49963200
-0.40319500
-0.88868500
-0.00222883
0.39166700
-0.40450300
-0.11736500
-0.59685300
-0.37276700
-0.73604400
-0.18526800
-0.21218700
-0.92261000
0.17084800
-0.86094400
-0.30917200
0.03828150
-0.14302000
-0.39799700
-0.24269600
-0.18785900
-0.19397600
-0.33892800
-0.15022100
-0.17604800
-1.16044000
0.82942200
-0.01179300
0.09071370
-0.09454680
-0.47098600
-0.56262900
-0.54544900
-0.28901400
0.28446900
0.06882800
-0.31240400
0.65658900
-0.23972000
0.18659400
-0.83453200
-0.60500000
-0.34562700
-0.03824860
-0.68312300
-0.61330800
0.07969960
-0.61312900
0.66452200
-0.04222170
-0.56627700
0.15851300
0.65545700
-0.16837700
0.29231900
-0.15556800
-0.48069600
-0.30701700
-0.05172350
-0.49022600
-0.27692700
0.06038230
-0.40285500
-0.09963710
-0.21875700
-0.21241900
-0.18885200
-0.32283000
0.86174400
0.13529800
0.04758560
0.00860309
-0.42066200
-0.21891100
0.01129230
-0.56954200
-0.40357500
-0.36560500
-0.40791800
-0.24475700
0.16140800
0.37650500
-0.38794100
-0.35157100
-0.23965300
-0.78709600
-0.18711800
-0.53273200
-0.51087600
-0.12041500
-0.13464000
-0.12084700
-0.48020800
-0.47974200
-0.42967700
0.29917300
-0.50838800
-0.10235200
-0.25035000
-0.17207400
-0.43170000
-0.00567103
-0.61909200
-0.01105950
-0.52153600
0.07058000
-0.54415900
0.61954200
0.48467600
-0.77626300
0.17757000
-0.47414500
-0.09534450
-0.33383900
0.24675500
-0.25189100
-0.03172670
-0.44188300
-0.40000300
-0.32154200
0.11379400
-0.32339700
-0.44386800
-0.49120200
-0.95712800
-0.57851200
-0.35255600
0.03820870
-0.32019000
-0.60803500
-0.07006510
-0.47071300
-0.70061100
0.04082410
-0.17296200
-0.34738400
-0.22900500
-0.21088500
-0.14662300
0.50491800
-0.09308600
-0.12369800
-0.62912800
-0.35979800
0.07675990
0.35733400
0.18304300
-0.22116700
0.08576510
-0.24007200
0.09870680
-0.07938920
-0.12996800
-0.14979600
-0.56914300
-0.69780400
-0.59865700
-0.43294600
-0.62679400
0.39798800
-0.17798400
0.07999300
-0.82240100
-0.25029500
0.07725600
-0.41013200
-0.35513000
-0.30992100
-0.27997100
-0.19950300
-0.47294600
-0.28918600
-0.53540800
0.13325900
-0.57100400
-0.10628600
-0.47032900
0.65545700
-0.14350500
-0.14906600
-0.60519600
-0.21886700
-0.33190600
-0.16997800
-0.44668900
-0.26533500
-0.80366900
-0.30392200
-0.49597500
-0.21413900
-0.08931410
-0.22061200
-0.57771600
-0.36664400
-0.13291100
-0.68448400
-0.77850200
-0.74432500
-0.76580900
-0.76757600
-0.61322700
-0.56983400
0.43553700
-1.01413000
-0.34035000
-0.07160890
-0.37899300
0.11074300
-0.73236200
-0.10636300
-0.39641100
-0.34641100
-0.24461600
-0.46460200
-0.54203600
-0.06679080
-0.34196000
0.30116700
-0.14524100
-0.25108200
-0.08495030
-0.64420200
-0.43807300
-0.57742300
-0.16950700
0.72151700
-1.06184000
0.31403900
-0.13155600
1.23617000
-0.49729100
-0.15646100
0.21554500
-0.14474600
-0.09840450
0.27862700
-0.19796800
-0.18885000
0.23930600
0.22247100
-0.09894020
-0.32515600
-0.55918300
-0.21209000
-0.09499960
-0.23649500
-0.34954800
-0.07162850
-0.26844200
-0.25920900
-0.15151600
-0.54437100
0.05837420
-0.22128400
-0.10565400
-0.67062000
-0.05948350
0.02074200
-0.27652600
-0.71649700
-0.42649300
-0.60424900
-0.56337400
0.49971700
-0.50670700
-0.14769900
-0.14877800
-0.15109100
-0.13984900
0.26079400
0.03197020
-0.16335600
-0.45314100
-0.88433800
-0.07669380
-0.43173000
-0.38022100
-0.51550800
-0.32709600
-0.10571700
-0.16663800
-0.48215800
-0.62838000
-0.06064070
0.22549800
-0.43493900
-0.45956600
-0.75094600
-0.18749500
-0.74415800
-0.08775410
0.02228440
-0.10576900
0.08576740
-0.25705300
-0.21416200
-0.15227400
-0.58983200
0.09502650
-0.33672700
-0.67032800
0.05290980
0.36638700
-0.66366200
-0.05873500
-0.04669540
0.13916900
0.46756600
-0.00765301
-0.08216900
-0.48506100
-0.32566000
-0.07795040
0.44905100
0.25649100
-0.39862400
-0.83365700
-0.37474900
-0.02740090
-0.51062500
0.22245100
-0.16503400
-0.06266890
-0.43252600
-0.35111900
-1.00898000
-0.54262900
0.61294500
1.02471000
-0.13651700
-0.89129400
-0.31907200
-0.27289500
-0.17516900
-0.32349400
-0.66624000
-0.34796900
-0.44448000
-0.24231600
-0.18595600
-0.50446700
-0.39275100
-0.31218500
-0.54916100
-0.08931530
-0.57337700
-0.45597400
-0.21837100
-0.32274500
-0.05957150
-0.13424100
-0.18131100
-0.14322000
0.37906100
0.22829100
-0.51095700
-0.41304400
-0.37440900
-0.39347100
-0.39013000
-0.07223130
-0.37381100
-0.47903100
-0.25996000
-0.42042100
-0.04419430
0.30555200
-0.17367500
-0.65301900
0.51799200
-0.74667500
-0.65232800
-0.41636500
-0.38948500
-0.36246800
-0.97723000
-0.42609900
-0.48760100
0.03140690
-0.57271600
-0.43041500
-0.29396700
-0.47269200
-0.20566700
-0.15386600
-0.85324300
-0.50628900
0.65144500
-0.75640600
0.06549320
-1.19405000
-0.19755200
-0.31325100
-0.15223100
-0.68534200
-0.07221760
0.36957100
-0.18068500
0.58314500
-0.31900900
-0.03419940
1.57838000
1.31346000
0.52800500
-0.19487300
-0.27689400
0.06912470
-0.03296600
-0.07329610
0.55885700
-0.27525600
-0.71915400
0.03189910
0.57993000
-0.16848000
0.40020500
0.72444500
-0.24860400
0.73612100
-0.63592700
-0.40983400
-0.11457700
0.24171200
0.33971300
-0.06227550
-0.36943500
0.10294300
0.71284100
-0.22811500
-0.66900000
-0.64326700
-0.38055700
0.55050100
-0.21303800
-0.60567100
-0.73602200
-0.38254800
-0.11484200
-0.27183200
-0.00971468
0.04496790
0.35274400
-0.25200400
-0.29623100
0.14393900
0.21018200
0.23658900
-0.23302300
-0.15735600
-0.17362400
0.16850100
-0.73204700
-0.17785300
-0.21513200
-0.44301000
-0.64993000
-0.17499900
-0.17164500
-0.24190500
0.05678770
0.08886290
-0.43773700
-0.09312780
-0.19928900
-0.08453010
-0.59364000
-0.59641900
-0.82051200
-0.22823000
0.08204940
-0.29394200
0.41519200
-0.31665800
-0.32876800
-0.71003700
0.65988700
-0.73368200
-0.19709600
-0.50368300
-1.08365000
0.02997770
-0.03891850
-0.12998500
-0.79790300
-0.29257000
-0.49914100
0.18018100
-0.47818100
-0.80749700
-0.01518440
-0.36264600
-0.46929200
-0.13850800
-0.46476300
-0.14266200
-0.31702300
-0.42902300
-0.52349300
-0.21055700
-0.74143100
-0.35474100
-0.32435600
-0.05450870
-0.57594600
-0.44051800
0.00112436
-0.32220000
-0.43738600
-0.04918600
-0.59218100
-0.41258800
0.76988500
-0.50447900
-0.13086400
-0.14135400
-0.49159400
-0.60767000
-0.20455600
0.04296930
0.20322500
-0.24391400
-0.35462800
-0.35617400
-0.38694800
0.08014300
-0.21409700
-0.07611490
-0.52860300
-0.10967800
-0.15374900
-0.16704000
-0.30650800
-0.66981800
-0.41618600
-0.45043600
-0.01783250
-0.67877100
-0.21945700
-0.24772600
0.46242100
-0.54702600
0.33846600
-0.39866200
-0.15160000
-0.20613500
-0.10518400
0.13740400
-0.39318300
-0.36984800
0.25049400
0.16387200
-0.46961200
1.10092000
-1.21282000
0.43013900
-0.49928000
-0.40252700
0.73190000
-0.34356200
-0.42204600
0.00291249
-0.61501500
0.43690500
0.17753800
-0.36673300
-0.58144200
-0.38173800
0.12078700
-0.25939700
-0.02998710
-0.20637100
-0.15736100
-1.01294000
-0.45282100
0.21254900
-0.37462200
-0.06181970
-0.00342803
-0.27353100
-0.29716900
0.22088300
-0.82107900
-0.79068000
-0.24395000
0.26413600
-0.41976000
-0.12066400
-0.35114100
-0.39900900
0.32319400
0.03084910
0.24324600
-0.31024300
-0.72947200
-0.56881600
0.13480200
-0.46553900
0.10371900
-0.71012000
-0.02459690
-0.49876200
-1.00264000
-0.50854800
-0.63921300
0.03204430
-0.05167470
-0.26538900
-0.07606340
-0.23436400
-0.27562000
0.26539700
-0.76122900
-0.88189200
-0.77334300
-0.21571200
-0.14586700
-0.13124600
-0.21544100
-0.94265300
-0.19418100
-0.18733500
0.38133000
-0.01972450
0.17588100
0.01942990
-0.43946900
-0.50650100
0.23273600
-0.27318900
-0.13238300
-0.45906500
-0.06476030
-0.55675900
0.22730200
-0.03062700
-0.17066100
-0.32582500
-0.46532600
-0.70270400
-0.25050100
-0.70409700
-0.07810990
-0.21736900
-0.66366600
-0.12404400
-0.04813030
-0.37839300
-0.40494000
-0.33628100
-0.86271800
-0.46199200
-0.78804400
0.05805650
-0.42387400
-0.26609400
-0.38014900
-0.12993000
-0.37620700
-0.47525600
-0.58061900
0.46308500
-0.46316100
0.09925730
-0.46725500
-0.37819300
0.41619500
-0.56172300
0.22992100
-0.27927000
-0.20679900
-0.31153800
-0.17307100
-0.69920600
-0.28650300
-0.70159300
0.38308400
0.39574700
0.63369400
-0.68704200
-0.43479700
-0.30842000
-0.65340200
-0.65443700
-0.64065700
-0.25050100
-0.27044700
-0.37836000
-0.56035000
-0.28382700
-0.27562300
-0.29251800
-0.53448000
-0.43861300
-0.19138300
0.66362200
-0.55826200
0.39898000
-0.12207400
-0.25384800
-0.44808000
-0.52071800
-0.37169000
-0.12227200
-0.33025100
-0.15621100
-0.09928090
1.12435000
-0.82868800
-0.33711300
-0.41715700
-0.33552500
-0.49080900
-0.12870000
-0.21182100
-0.38206000
-0.13336500
-0.41520400
-0.58286700
-0.52610900
-0.18754600
-0.15217200
-0.37691600
-0.43903300
-0.05531970
-0.28981200
-0.13515700
-0.00078378
-0.16360200
-0.35119800
-0.42172900
0.36693100
-0.09156400
-0.23672500
-0.31842900
-0.35062600
0.33809900
-0.19685900
0.00471730
0.32658200
-0.52323400
-0.05266100
0.35671900
-0.26759700
-0.51055700
-0.06239680
-0.39002200
-0.47075900
-0.14121600
-0.48781700
0.76167100
-0.22754800
-0.38352900
-0.00542354
-0.32620600
-0.55646200
-0.24152600
-0.47895900
-0.21078100
-0.06211460
-0.50728200
-0.69772500
-0.05350290
-0.55188500
-0.14689300
-0.90047700
-0.52602700
0.08999210
-0.05043310
-0.58083500
-0.21307700
0.33915300
1.32518000
-1.07355000
-0.03970250
0.41955000
-0.65352100
-0.40318800
-0.12085900
-0.17918900
-0.04808310
-0.94910200
-1.11352000
-0.09885780
-0.59855800
0.27602700
-0.11832800
0.08857040
1.58887000
0.03147050
0.01730090
-0.01879500
-0.03637160
-0.32845800
-0.57136500
-0.22843000
-0.49364500
-0.18884700
-0.38368800
0.05076190
0.15734400
-0.37848300
-0.49658700
-0.32800700
-0.62879000
0.00022853
-0.00821773
-0.53044000
-0.36655600
-0.16860000
-0.55278300
-0.74544700
-0.13669500
-0.25842700
-0.54707100
0.83554400
0.40476500
0.15202600
-0.83248100
-0.03128550
-0.19176900
0.49357900
0.37811500
-0.51408300
-0.35407800
-1.13909000
0.15507200
-0.03954390
-0.13061600
-0.42770600
-0.76005500
-0.04181050
-0.62264900
-0.55605300
-0.55596500
0.98533400
-0.06337280
-0.27729100
0.00303008
1.34827000
0.47034000
-0.48349000
0.21399800
-0.51711900
-0.35646100
-0.61937100
-0.28381800
-0.13784000
-0.16488900
-0.00016163
-0.26717700
-0.33252400
-0.03267880
-0.18166500
0.11485300
-0.87607200
-0.38803000
-0.16769600
-0.26122100
-0.18954200
-0.32423700
0.08671440
-0.08326470
-0.30472000
-0.37280400
-0.45711500
-0.24966800
0.16069800
-0.59240400
-0.58506200
-0.56106400
-0.74504800
0.60003200
-0.17300500
-0.10373500
-1.16972000
-0.32696100
-0.17499700
0.48968700
-0.69521500
-0.77917200
-0.66464400
-0.64623600
-0.23634700
-0.16597400
0.05008040
-0.10594900
-0.23724600
0.76316000
0.15921400
0.38207900
-0.33917800
-0.10022400
-0.11312500
0.32310900
-1.19562000
0.60173100
0.66186300
0.32505700
-1.10463000
-0.33906300
-0.41777000
-0.75929600
-0.56425700
0.04017770
-0.31156300
-0.06535640
0.18410100
-0.35692800
-0.75714700
0.06587410
-0.50606200
0.62970500
-0.00329012
0.21587400
-0.12532700
0.54045800
-0.37050400
-0.51198400
-0.78881000
-0.75187500
0.18304600
-0.30353000
-0.25610400
-0.67612100
-0.31155600
-0.33832200
-0.72761200
-0.21780600
0.02890630
0.43376800
-0.17403700
0.24045000
-0.14073800
0.25058100
-0.38611200
-0.77481300
-0.37184000
0.13994600
-0.73224700
0.02925660
-0.08271610
-0.48746300
-0.47131400
-0.56228700
-0.27155300
-0.56268000
-0.26658200
-0.10788500
-0.00606685
-0.48523800
-0.23140900
-0.17275000
-0.52497700
0.03158410
0.19424400
-0.52322000
-0.43763400
0.02589230
0.00812883
-0.04709800
0.13594800
-0.73833100
-0.12931000
-0.38349100
-0.29727400
0.02459230
-0.25935600
-0.36146800
-0.28460300
-0.09892600
-0.20120200
-0.76314500
-0.55208900
-0.04556820
-0.64599800
0.83250500
-0.35976000
-0.13213000
1.01360000
-0.32100100
-0.20007300
-0.34140400
-0.22187900
-0.19566200
0.36611500
-0.09700780
-0.70370600
-0.50321400
-0.27616700
-0.12663000
-0.23671400
0.06093480
0.24169800
-0.01537400
-0.20464200
-0.50924500
-0.24556600
-0.45747300
-0.19080600
-0.54404000
0.37122200
-0.73488500
-0.19896400
-0.25851100
-0.47699000
-0.17249900
0.26950700
0.26950700
-0.48810500
0.16915200
-0.32256000
-0.22273300
-0.11982100
-0.71806800
-0.28246100
0.02134130
-0.48502600
-0.33946200
-0.01692340
0.09498880
-0.15303600
-0.19872900
-0.34804800
-0.32251300
-0.17679200
-0.39357900
-0.69091900
-0.32998800
-0.51223100
0.43704300
-0.27834800
0.60283500
0.01733800
-0.28602400
0.19372700
-0.24689800
-0.28963000
-0.89046300
-0.23047100
-0.17764800
-0.47163400
-0.70952600
-0.11453600
-0.17822300
-0.26636400
-0.70669500
-0.41120700
-0.32502200
-0.43828600
0.42563600
-0.74604200
-0.04342610
0.09789360
-0.32965100
-0.06558610
0.19575300
0.03504570
0.15436500
-0.27774100
-0.48613400
-0.28061400
-0.00319940
0.07208370
-0.41334600
-0.62702100
-0.30819600
-0.72470600
-0.84947100
-0.21591300
0.08324060
-0.40020500
-0.66230100
-0.36237900
-0.23045200
-0.04995060
0.06070340
-0.23712700
-0.36789400
-0.14951100
0.13264400
-0.96015200
0.23750900
-0.38359800
-0.42310100
-0.15112700
0.41696300
-0.48495000
-0.14395000
-0.11719400
0.25874500
0.63026400
-0.81429800
-0.20921000
0.16296100
-0.35621500
-0.39372500
-0.21446400
0.65440100
-1.10803000
-0.36276700
-0.00381364
-0.17696700
0.16745300
0.17306200
-0.67525800
-0.30866600
0.88190000
-0.54774000
-0.63748100
-0.27286700
0.34240900
-0.50244600
-0.04913630
-0.44085100
-0.26166400
0.05930620
-0.72091000
-0.30109100
-0.59942300
-0.35057500
0.08864310
-0.85266900
-0.26849000
-0.18935500
-0.19323500
-0.24325100
-0.37528700
-0.66139600
-0.48576600
-0.38435100
-0.04752860
-0.01780480
0.09908760
-0.32333700
-0.31137200
-0.13592200
-0.02682030
-0.33410100
0.33511000
-0.48581500
-0.24532400
-0.31601700
-0.35398100
0.09192010
-0.22880900
-0.16069600
-0.20299500
-0.31827700
-0.46635200
-0.30553700
-0.05602480
-0.20449200
-0.53579200
0.20765100
-0.42860600
-0.30674700
-0.02906730
-0.10694000
-0.68685900
-0.54601500
-0.30852400
0.40739700
-0.38515800
-0.23260000
-0.94610100
-0.70479300
0.19715100
-0.83534200
-0.12801400
-0.42834800
0.16271000
-0.47345500
-0.09906270
0.28037900
-0.83699500
0.82570900
-0.08967830
0.01764040
-0.01044750
-0.40954300
-0.62382200
-0.38111500
0.28107600
-0.20015900
-0.13019100
-0.39605500
-0.36525800
0.06852070
-0.27759800
-0.76473400
0.47995600
-0.04193200
-0.09785100
-0.51591000
-0.43000800
-0.27769200
-0.45500900
0.17758900
-0.40075400
-0.54897200
-0.90168500
-0.43686900
-0.51650100
-0.10950300
-0.49601600
-0.27255200
-0.59761000
-0.26488200
-0.50514300
-0.79768500
0.11765600
-0.00716243
-0.39525300
-0.44576900
-0.67182100
-0.58752400
-0.50067600
-0.38847400
-0.54965300
-0.42526300
-0.18396200
0.22751800
-0.43110100
-0.13687700
-0.59671500
-0.65446200
-0.60474900
0.36977600
0.26587300
-0.28508700
-0.27762400
-0.34482100
-0.81471700
0.06480210
-0.46226700
-0.27673100
-0.17787100
-0.43842400
-0.54754300
-0.06911410
-0.39232000
0.22413400
-0.24351500
-0.25676400
0.09519090
0.19580300
-0.17054800
-0.02165660
-0.86119700
-0.69860100
-0.38920400
0.47426200
-0.15307800
-0.09583090
0.29888000
-0.13200800
-0.28671000
-0.34049100
-0.53463800
-0.30218600
-0.41596700
0.61024300
-0.58652100
-0.50217400
-0.08029030
-0.28907700
-0.35463600
-0.96730800
0.88859900
-0.75034100
0.59962600
-0.26646800
-0.26104000
-0.67793400
0.00660762
-0.46918800
-0.44421200
-0.13064500
-0.72977300
-0.66739700
-0.65844400
-0.30053100
-0.54610900
0.17783200
-0.39516200
0.14415700
-0.48357700
-0.26714000
-0.19150100
-0.41124900
0.31644400
-0.68257800
-0.58652300
-0.47521500
-0.04238970
-0.02203470
0.19916300
-0.12820400
-0.19318700
-0.41186700
0.02504610
-0.56517700
0.02706490
-0.32933800
-0.28204400
-0.19251400
-0.05175960
-0.22682500
-0.43158200
-0.09926590
-0.40110100
-0.30986000
0.15540700
-0.24771100
-0.21027600
-0.21251800
0.17663000
0.11570200
-0.43719900
-0.49710400
-0.79572100
-0.16118100
-0.43734000
0.03472790
-0.34822400
-0.33163100
-0.59467700
-0.11130900
-0.31334200
-0.43797500
-0.05811440
0.02119530
0.29688800
0.84002800
-0.64322000
-0.38187400
0.75723000
-0.10736900
-0.32766800
-0.79992700
-0.31712400
-0.72116900
-0.15440300
0.02837910
-0.42289400
-0.03355380
0.01014850
-0.51102400
0.02656030
-0.52828000
-0.28015100
-0.16166400
-0.12936600
-0.63218700
-0.22311200
-0.44808800
0.05304160
-0.46914200
-0.57922900
-0.63406400
-0.25227400
-0.04189930
-0.06616730
0.10173800
-0.69847000
-0.25849200
-0.38567400
-0.23938700
-0.09316140
-0.39558200
0.22289300
0.29682100
-0.09143460
0.75723000
-0.52909800
-0.45704500
-0.21258600
-0.49237700
0.27535600
0.50808800
0.73992900
-0.76886400
-0.31422200
0.33113900
-0.14308100
-0.58084300
0.20019200
0.06393020
-0.38932300
-0.73484800
-0.32834300
0.42151900
0.76885500
-0.27985800
-0.15761100
0.73944000
-0.55597600
-0.44631500
0.45773100
-0.66625300
-0.27929400
-0.30927600
0.26556600
0.90998300
1.01022000
0.24441300
-0.10829900
-0.03293360
0.50517500
0.10570300
-0.22230700
-0.41614700
0.55033900
-0.70609400
-0.50988500
-0.01799220
-0.56829500
-0.43086000
-0.45850400
-0.63037900
0.51157800
0.35631900
0.99253800
-0.30436600
-0.61024600
-0.44242000
0.52592300
-0.14943300
-0.77039700
-0.56384400
-0.04929590
-0.16259400
-0.61013600
0.64840500
-0.41830500
-0.27626800
-0.48425300
0.50036900
-0.32948300
-0.56068400
-0.27208500
0.06074250
0.00763091
0.14378100
-0.33545300
-0.44473400
-0.94550500
-0.21915300
0.00810483
-0.27034900
-0.80777100
-0.39681100
0.48496400
-0.53257600
-0.57874800
-0.03382690
-0.21806000
-0.32765000
-0.04444550
-0.23660600
0.11405800
0.03223710
-0.23167900
-0.62033100
-0.07166200
-0.79005100
-0.58943200
-0.21830600
-0.27859900
-0.77178200
-0.57559500
0.04097270
-0.51969400
-0.20313500
-0.01701760
-0.44127900
-0.57368400
0.07062320
-0.16412900
-0.57497700
-0.50932000
-0.38778500
0.08529910
-0.20574700
0.14309700
-0.46547500
-0.27128300
-0.10107400
0.06540930
-0.08383130
-0.46341600
-0.40432900
-0.26604400
-0.10877600
-0.16846100
0.12682300
-0.38737700
-0.36979900
-0.05001380
-0.41464600
0.02516160
-0.34152600
-0.45992700
-0.24243000
-0.24161300
-0.23626900
0.04442200
-0.25924000
-0.54400700
-0.05945330
-0.32592900
-0.32667100
-0.30667700
-0.35519800
0.60781500
-0.59853400
-0.49519300
-0.15498900
0.02085580
-0.16272200
-0.17756500
0.11301500
-0.13700900
-0.35895500
-0.18788300
-0.99025300
0.54452900
-0.03930560
-0.60571600
0.59087400
-0.25446200
-0.92509000
0.27733000
0.12002600
-0.17748600
-0.39618300
-1.21806000
0.53785600
-0.41911900
-0.05036780
-0.54964200
0.56374500
0.10956900
1.42226000
-0.29378000
-0.17685900
-0.36910500
-0.16306100
-0.30274600
-0.25488500
-0.47383100
-0.46619600
-0.14687600
-0.63398200
-0.60647600
-0.35143500
-0.17263000
-0.38382000
-0.65572200
-0.11349900
0.47867200
-0.81710800
-0.31937900
-0.27348300
0.00545097
-0.08226180
-0.59352700
-0.09157630
-0.32603700
-0.67226400
-0.64030900
-0.81728100
-0.31754200
0.76567000
-0.37812300
-0.75308000
0.21028200
-0.02492680
-0.41258000
-0.17359300
-0.60149000
0.07448280
0.43616700
-0.63639800
-0.77077600
0.07473690
-0.12224100
0.03823900
-0.71846500
-0.68221900
-0.52722300
-0.15788300
-0.02352060
-0.26578000
-0.02865890
-0.05533910
-0.69617100
-0.16037400
-0.66352600
0.10448200
-0.37767400
0.42148800
0.30908900
-0.73578100
-0.17578600
0.07246050
-0.23668900
-0.66927300
0.01122320
-0.02106590
-0.31385000
-0.33739400
0.23263600
0.02556420
-0.34778300
0.05202990
-0.37491600
-0.24561000
-0.30555400
-0.86054400
0.44146700
0.20865500
0.55826500
0.00514456
-0.34305600
-0.59934100
0.39395200
-0.28292300
-0.33566900
-0.32120100
0.03482610
-0.27615400
-0.51522400
-0.33166000
0.64783700
-0.01498440
-0.63556000
-0.16877600
-0.23994700
-0.20971500
-0.31967400
-0.21452400
-0.41771900
-0.17498700
0.07322780
0.02503920
-0.16567900
-0.13259300
0.18042900
-0.70909700
-0.73766700
-0.26840600
-0.93187100
-0.26087800
0.49597500
-0.25071600
0.47058700
0.63482500
0.13494200
-0.59783100
-0.49307100
0.38140300
-0.39412800
-0.70993600
-0.28308700
-0.38719800
0.45057900
-1.06320000
-0.42293000
-0.14639600
-0.41277300
-0.47333400
-0.28777300
0.55724200
0.18657000
-0.28303300
0.38270700
-0.16026300
-0.44504600
-0.16579600
-0.16901600
-0.30232400
-0.07400240
-0.21801900
-1.12052000
-0.02700290
0.90515500
-1.03528000
0.02816180
-0.17537900
0.20184200
0.15405200
0.37184900
-0.63577800
0.33737200
-0.27242300
-0.44435000
-0.53647600
-0.08947020
-0.06101510
-0.64384400
-0.44930500
-0.19521800
0.02216570
-0.05458640
0.21276200
-1.07094000
-0.06831580
-0.03280830
0.07704020
-0.32339400
0.21560900
-0.16495300
-0.16197000
-0.55288000
0.75750700
0.35408300
0.31835000
-0.31786200
0.04359930
0.04542150
-0.55214100
0.09418370
0.06499850
-0.22910700
0.02456860
0.01445740
-0.53125300
0.10416800
-0.25827700
0.12223800
-0.83948500
-0.35398400
-0.78966800
-0.23152300
-0.23436700
0.09462270
-0.34684400
-0.05830390
-0.49246300
-0.36133900
-0.33737500
-0.83758000
-0.07755060
-0.27176800
-0.21545300
0.18994200
-0.14325500
-0.50536900
0.07777820
0.29192400
-0.00618681
-0.36964700
-0.39387400
0.44991300
-0.30494700
0.53857200
-0.30525400
-0.35996900
-0.23368500
-0.44668200
-0.19061300
0.04279530
-0.13763500
-0.16870400
-0.55542100
-0.20637500
0.16364900
-0.44708600
-0.38519800
-0.28356600
-0.56156100
-0.23313000
0.14117600
-0.10893300
-0.37835000
-0.19975600
-0.26137500
-0.71265900
-0.01765920
0.68775200
0.91550400
0.00462595
0.25295400
-0.43633000
0.12679200
-1.14657000
-0.33748100
0.11911200
-0.52920700
-0.21732900
-0.26693100
-0.37120800
-0.42859800
-0.48885100
-0.34995000
-0.20776400
-0.17723400
0.14431900
-0.25419500
-0.22215800
-0.53603900
-0.45402800
-0.09145490
-0.25395300
0.15740600
-0.11865100
-0.45955700
-0.46892100
-0.17969900
-0.06606190
-0.01776240
-0.07600680
-0.18239200
0.00078622
-0.22942900
-0.30483800
-0.69892400
-0.91982800
-0.21510800
-0.25595000
-0.35455400
-0.32600900
-0.12189000
-0.57757600
-0.59206400
-0.23204200
-1.04251000
0.28052300
-0.43792400
-0.54225400
-0.60979400
-0.42698300
-0.43527200
0.36437000
-0.21232900
-0.28158900
-0.35328500
-0.45108600
-0.47259400
0.09821090
-0.47239600
-0.20063400
-0.14734200
-0.11577900
-0.72620300
-0.54296700
-0.60417400
0.26416500
-0.53690200
0.32830300
-0.17855100
-0.24122500
0.74709700
-0.26769500
0.02805790
-0.37009600
-0.63909900
-0.78268300
-0.32492800
-0.12773200
-0.27333500
-0.00982158
-0.36001000
0.01453690
-0.20584100
-0.18497700
-0.39391300
-0.12965100
-0.05531210
0.19288300
0.24259100
-0.22181800
-0.55278700
-0.18433600
-0.44760600
-0.24102000
-0.28582800
-1.31934000
-0.41885800
-0.40439800
-0.00027726
0.23233200
0.01479960
-0.39572400
-0.28935400
-0.33504800
-0.04190020
-0.84867900
-0.11064600
1.43698000
-0.12981000
-0.23869300
0.88636900
0.36107300
-0.77441600
0.20312400
-0.78269300
-0.25383100
-0.31839000
-0.25933700
-0.33895900
-0.95065500
-0.31015500
-0.15398100
0.56975600
0.02464060
-0.08695520
-0.68870700
-0.60855600
-0.40820400
-0.86334100
-0.69619900
-0.26848600
-0.67279700
-0.01702220
0.44482300
0.09998550
0.14981500
0.05493340
-0.30571900
0.09935470
-0.04795260
0.80515700
0.11523500
0.47596600
-0.29686800
1.31612000
-0.30075700
-0.52879100
0.19334300
-0.16996900
-0.46196800
0.36170300
0.79990900
-0.05774300
-0.20811200
-0.35932600
-0.68521700
-0.49049100
-0.19040900
-0.25811300
0.49744200
0.02160990
-0.19232900
-0.27541500
-0.28072100
-0.87075900
0.05310040
-0.08287200
0.14980600
-0.92587900
-0.44624400
-0.23653300
-0.44483900
-0.41820200
-0.26743800
-0.21930900
-0.10012000
0.22573900
0.56699600
0.02247940
0.76169200
0.39907400
1.06999000
-0.31085000
-0.19714200
-0.18067200
-0.22023000
-0.34255200
-0.48069900
-0.41885700
0.25115700
-0.15121600
-0.15524800
-0.27089800
0.08397070
-0.23381600
-0.07404680
-0.63901800
0.20184600
-0.20087800
-0.56463800
-0.38925000
-0.40246400
0.50653400
-0.60328500
-0.15806800
0.32086100
-0.61851100
-0.32610900
-0.62696600
-0.45414600
-0.51835300
-0.39228500
-0.28800900
-0.55880800
-0.62712300
0.38778600
-0.38100400
0.45528900
-0.21453200
-0.47995700
-0.46745100
-0.04722060
0.19718500
-0.29989700
-0.23139300
-0.17732500
-0.43309800
-0.08038840
0.03134370
-0.45111400
-0.20592900
-0.48267200
-0.62003100
-0.24885400
-0.10916900
-0.63303600
-0.25044600
-0.40442400
-0.26681400
-0.41393100
-0.29551700
-0.25501500
-0.40482400
-0.16148800
0.09748300
-0.14145000
0.78293000
-0.82319800
-0.34287000
-0.26003300
-0.37799200
-0.16306200
-0.33649000
0.11834300
-0.47634200
-0.31375800
0.48617400
-0.41521300
-0.54158200
-0.02061780
0.05715000
-0.30852400
0.01251790
0.00406444
-1.05875000
-0.45847400
-0.50761300
-0.36478600
-0.17678000
-0.26511000
0.12499900
-0.35894800
0.10467900
-1.19699000
0.71631900
-0.54722300
0.72942500
0.10715100
-0.82705000
0.45789700
-0.31421600
-0.23424900
0.18031400
0.22170600
-0.46719200
-0.31656800
0.08794780
-0.15647600
-0.10630600
0.29804300
-0.16732800
-0.09464490
-0.38701100
-0.53947400
-0.12942400
-0.22004500
0.11306000
-0.04101340
-0.15926300
-0.81145500
-0.36398000
-0.58929300
-0.60469800
-0.11392100
-0.43217800
-0.36742700
-0.29917700
0.36016800
-0.52714900
-0.36667000
-0.26747100
-0.15595300
-0.32608400
0.13063900
-0.59071500
0.55139400
-0.37225900
-0.24015200
0.02389480
0.09697230
-0.28922400
-0.03304610
-0.56273500
-0.80417100
-0.26390900
-0.43951600
-0.06537450
0.05040040
-0.06107130
-0.32843500
-0.23402800
-0.60767000
-0.57632700
-0.28099200
-0.34027600
-0.06238670
0.48946100
-0.03745600
-0.26886300
-0.20945900
-0.17876300
-0.47624000
-0.69523900
-0.42662700
-0.13438200
-0.37445200
-0.11591300
-0.30387300
-0.40430500
-0.33192400
-0.59374500
-0.30693100
-0.31397000
-0.36035000
-0.64920600
-0.13149300
-0.51406000
-0.10095600
0.31395400
-0.32145300
-0.44334600
-0.34777300
-0.03523990
0.03098550
-0.64227400
-0.30968700
-0.45495500
-0.40535500
-1.07360000
-0.00045211
0.18515800
0.20277700
-0.20933400
-0.19553000
0.11393400
-0.27089800
-0.58171100
-0.76550200
-0.32370700
-0.37098500
0.34166600
-0.08716080
-0.36430500
-0.23405800
-0.43072600
-0.54889200
-0.08274950
-0.40277300
-0.00298772
-0.00344105
-0.86799600
-0.18097800
-0.30550200
0.31534400
-0.21971500
-0.34029800
-0.43094200
0.09451370
-0.31504500
-0.06874220
-0.46008000
-0.09863960
-0.21563300
-0.16577700
-0.62318700
-0.26514600
-0.44207700
-0.34414200
0.12728100
-0.38329800
-0.32870900
-0.37224600
-0.17231600
0.01767930
-0.38369000
-0.09772700
-0.40505000
-0.14347300
-0.12798800
-0.45158600
0.83613000
-0.53679800
0.05525420
-0.43315600
0.26407800
-0.43043500
0.26875400
0.17571000
0.66595500
0.82911600
-0.73931600
-0.11967900
-0.51146900
0.34439000
-0.03571860
-0.46890600
-0.03851000
-0.20903100
-0.01065520
0.05865000
0.08467600
-0.08884530
-0.29963500
-0.36713900
-0.34452400
-0.40005900
-0.04850480
-0.35376200
0.07160340
-0.35345700
-0.59612100
0.06464140
-0.22962300
-0.32755000
-0.66879900
-0.24951400
0.90315800
0.26222100
-0.14400300
-0.41104800
-0.28713500
-0.32253800
0.07965240
-0.54673300
-0.37314700
-0.59227300
-0.25994500
0.15950200
-0.79252600
-0.07729300
-0.15873900
-0.87516300
-0.60710600
-0.43513300
-0.35413600
-0.03375600
-0.12575100
0.11448200
-0.27473700
-0.25992100
-0.65658400
-0.27041900
-0.41397100
-0.09429590
-0.66738700
0.18159200
0.36954800
-0.14535100
-0.10450400
-0.10032000
0.87689900
0.31399900
-0.10825300
-0.95190200
0.37517100
-0.49472100
-0.35309900
-1.06794000
0.06199400
-0.29422900
-0.12054200
-0.68525100
-0.22744800
-0.59635400
-0.70572500
-0.34954600
0.13212300
-0.31303200
-0.48474200
-0.67895700
0.10364600
-0.36440700
-0.60561500
0.02276430
0.26504700
0.34547100
-0.59470100
-0.47045500
-0.25975100
-0.60751000
-0.39725500
-0.48658300
-0.10565600
0.65969400
0.49124800
-0.37607800
-0.12956000
-0.81545700
-0.42315200
-0.22972700
-0.49099600
0.65723200
0.31893000
-0.89313900
-0.56670400
-0.43448500
-0.83865100
-0.89220500
-0.10437300
-0.03125060
-0.23383300
-0.39071000
-0.25506100
-1.12005000
-0.37263200
-0.17819100
-0.27874500
-0.32560400
-0.36899100
0.63256000
-0.16584900
0.04790790
0.15953400
-0.01565110
-0.40356300
0.01682840
0.02931340
-0.22993000
-0.59505700
-0.31341700
0.08066390
-0.37735700
-0.35763600
-0.10940200
-0.35474000
-0.33747200
0.01563780
0.39870500
-0.37985900
-0.08587080
-0.44680800
0.44542200
-0.26277600
0.11939400
-0.11647600
-0.51805100
-0.43908500
0.02974230
0.74400700
-0.04352610
-0.45324400
-0.42694000
-0.44561800
-0.48513900
-0.47124000
-0.20111700
-0.39719500
-0.28332000
-0.51391100
-0.27312400
-0.32258900
0.46841800
-0.46429400
0.21007400
-1.38064000
-0.64379700
-0.27516700
-0.58556300
-0.46668700
0.35031500
-0.62221400
-0.18496100
-0.49054600
-0.32118200
-0.74268400
-0.33217800
0.03344030
0.04215460
-0.31136100
-0.44010000
0.15592200
0.02924320
-0.21090500
-0.23729200
0.09070700
-0.00918185
0.39631200
0.28426800
0.02943320
-0.31703600
-0.14394300
-0.49130300
-0.53806900
1.01128000
0.12582600
-0.54858600
0.34462100
-0.81020700
0.10484600
-0.69378200
-0.61861800
-0.02411540
-0.30904000
0.44527100
-0.39094000
-0.57854600
-0.17481200
-0.41807700
-0.43560300
-0.13790400
-0.67309600
-0.59869600
-0.37725600
-0.17686000
-0.41752100
1.02156000
0.26911200
-0.08138950
-0.56275300
-0.21071800
0.14531800
0.57102700
-0.16796700
-0.38898500
-0.30403600
-1.09471000
0.00093882
-0.16118500
0.18740900
-0.17463100
-0.71792400
0.40642100
0.08667560
0.08140380
-0.07502970
-0.32337200
0.04963610
-0.50675600
-0.45320000
0.10110000
-0.90138200
-0.65720400
-0.66608000
-0.02716230
0.25117700
-1.21621000
0.03158630
0.04701620
0.01274250
-0.04792800
-0.25067300
-0.27782700
-0.51875000
0.05955990
0.74331900
0.17233400
-0.19178100
-0.16190100
-0.67075800
-0.36735800
-0.47938200
-0.53299200
-0.15331600
-0.74897500
-0.27231700
-0.22395800
-0.20279800
0.16982500
-1.13091000
0.26846900
-0.42819500
-0.29003100
-0.75424500
-0.66111300
0.19433000
-0.56339800
-0.58345300
0.01780720
0.63589400
-0.52944600
0.41998500
-0.28087900
0.19575500
0.23147500
-0.33105700
-0.52659300
-0.11481700
-0.33438700
-0.63007200
-0.60636400
0.22490200
-0.48723200
-0.27502200
-0.86809700
-0.15874800
-0.54000600
-0.26967800
-0.48897400
-0.47943500
-0.18648400
-0.31991000
-0.46025600
0.02991150
-0.47246700
-0.49503000
0.03855740
0.71097000
0.05846330
-0.37033700
-0.63956000
0.13039100
-0.01777820
0.00236304
-0.52104100
-0.38715300
-0.04350400
0.30085100
-0.21036000
-0.49616900
-0.12174300
0.40853200
-0.06683490
-0.24549500
0.43643500
-0.75835600
-0.29630900
0.00301211
0.72076900
-0.45037000
-0.58845500
-0.02224750
0.23874900
0.43567000
-0.99836100
0.46832700
0.07077350
-0.39917800
-0.72097200
-0.62746300
-0.74288100
0.94391400
-0.49765700
0.36150900
0.14725600
-0.41701500
-0.53874900
0.25280300
0.44047100
-0.10011500
-0.35697000
-0.38131000
-0.18058700
-0.40028300
-0.29001700
-0.20985900
-0.33786500
0.08709640
0.12435000
-0.05113320
-0.27694400
-0.31405000
-0.39924400
-0.13676000
-0.16126100
-0.38931800
-0.29140200
-0.05296960
-0.49027100
-0.13241800
-0.17166300
-0.29733200
-0.42816000
-0.43616500
-0.18544300
-0.38089900
0.67459800
-0.56925200
-0.42492000
-0.31128200
-0.80410600
-0.60418700
-0.16212900
-0.36813700
-0.05623100
2.98521000
1.49509000
-0.35984100
-0.58522300
-0.22473900
-0.05551760
-0.75452400
-0.76333200
-0.74505600
-0.00109248
-0.41146900
-0.30538700
0.35985500
0.17044000
-0.77928600
-0.49083700
-0.21872700
0.28656100
-0.41494300
-0.37044300
-0.48156400
-0.52961800
-0.73030200
0.06808580
0.37852000
-0.41133100
0.18647100
-0.32226000
-1.08463000
-0.12584600
-0.33663000
0.24161000
-1.09258000
-0.26600100
-0.59820700
0.69427300
0.99615400
0.02963240
0.22661400
-0.23376700
-0.29087500
-0.52809800
-0.76192900
-0.24580000
-0.63593700
-0.37116600
-0.31481100
-0.26540900
-0.18008900
-0.70374100
-0.45315800
-0.53746200
-0.70122300
-0.85741900
-0.09767390
0.59776500
-0.09652070
-0.36987400
-0.62502400
-0.28002600
-0.46483900
0.28202600
-1.04244000
-1.00549000
-0.14024500
0.32498900
-0.82776900
-0.41295500
-1.54266000
-0.66213800
-1.07866000
-0.09853220
-0.58601700
-0.04605100
-0.44286300
-0.16805000
0.69055100
-0.43036800
-0.36226600
-0.15621900
-0.05659730
0.14969900
1.39022000
-0.02280940
1.13305000
-0.67062100
-0.44718200
-0.00792368
-0.81764100
-0.49939500
0.05877680
-0.37317700
-0.28668600
-0.02519440
-0.09719020
-0.19773600
-0.17084300
-0.55971300
-0.75238100
-0.03299530
-1.16706000
0.49798200
0.13512500
-0.38467000
-0.00047530
-0.45584200
0.00980905
0.06780120
-0.32214900
-0.60344100
-0.38216100
-0.25189400
-0.66548700
-0.35822600
-0.04679320
-0.24570600
-0.74345200
-0.22026200
0.49951900
0.08579250
-0.56504600
-0.01327410
-0.45199500
-0.19293000
-0.37847400
-0.12786500
-0.03842860
-0.23171300
-0.26646900
-0.47539700
-0.51216000
-0.27640200
0.24655900
-0.25838100
-0.34926900
-0.53937400
-0.06694110
-0.04203050
0.48836600
-0.34298400
-0.31137200
-0.48369200
-0.23329200
-0.20713700
-0.65457800
-0.15384800
-0.13038900
0.18238100
-0.26151800
-0.00276392
-0.37513700
-0.24077600
0.47615100
0.49813000
-0.22470100
-0.33699100
0.93241700
-0.12950500
-0.57247600
-0.53055900
-0.23181100
-0.56069200
0.31759800
0.49349800
1.56228000
-0.00061244
0.02144840
-0.22243200
-0.15785800
-0.04004170
-1.07109000
-0.35420000
0.13131300
1.07372000
1.25274000
0.72788100
-0.50264500
-0.35395400
0.72007600
-0.26288100
-0.11339000
0.10689300
-0.49852300
0.04734350
0.87860100
1.30990000
-0.16187200
-0.47710200
0.06766450
-0.18647700
-0.73288600
0.20905200
-0.28337400
-0.44242700
0.21446400
-0.17912300
-0.46396500
-0.39485300
-0.14868800
-0.80724600
-0.17869500
-0.99396200
-0.92031600
-0.22668100
-0.40310100
-0.21926900
-0.09993640
-0.47152800
-0.42423700
0.07196590
-0.21587800
-0.53613300
-0.14527900
-0.21870100
-0.59651200
-0.16239900
-0.19049700
-0.49212300
-0.43945200
-0.70395900
-0.16573900
-0.02946570
-0.42715400
-0.07268710
-0.60134600
-0.11833100
0.10808400
-0.46270100
0.20147000
-0.19341400
-0.42659500
-0.31231700
-0.05044200
-0.09257640
0.01604520
0.11554300
-0.13186900
-1.02860000
-0.03521700
0.78205800
0.45600300
-0.51217800
-0.19891800
1.72471000
-0.07200030
-0.34074900
-0.23260000
-0.16032400
2.22191000
-0.08994800
-0.27073100
-0.08310690
-0.14246500
-0.20513500
-0.23906400
-0.28693400
-0.55113500
0.08503160
-0.18089900
0.05876940
-0.37516100
0.04470550
-0.26114600
-0.37489900
-0.26576000
-0.65812800
-0.83534200
-0.15163700
-0.21569800
-0.83117100
-0.05895950
-0.58377700
-0.27691100
-0.45199600
0.20180200
-0.52213500
-0.37325200
-0.21526700
0.01836490
-0.64068200
0.07433720
-1.30354000
0.42614200
0.09807400
-0.00270949
-0.53250800
-0.07835370
-0.41446500
-0.02132610
-0.36330400
0.04047430
-0.24629800
-0.15031800
-0.15685300
0.00434709
-0.17658200
-0.28922900
-0.29804800
-0.10696800
0.00295562
-0.19374100
-0.06743310
-0.17952700
-0.36336700
1.14143000
0.50725800
-0.32739300
-0.01675040
-0.44410200
-0.00597787
-0.29622500
-0.50703300
0.54186200
-0.56313800
-0.71562600
-0.17934400
0.22279200
-0.75803400
-0.83759800
-0.48896900
-0.23369000
0.34670400
-0.34495600
-0.64654300
-0.30439900
0.39001500
-0.12251800
0.30787300
-0.39741000
-0.06164700
-0.48155400
-0.44659700
0.03037370
-0.29740800
0.14511500
-0.20676600
-0.59656700
0.26471400
-0.77742300
-0.68181700
0.41962500
-0.57393000
-0.24941900
-0.23152700
-0.34685000
0.15029200
-0.19018000
-0.33969600
-0.42027700
-0.72185100
-0.06722110
-0.70023900
0.01065680
-0.51639700
-0.12561600
-0.27335200
-0.27060400
-0.93608300
-0.33401900
0.18254700
-0.09122630
0.01859590
-0.21754200
0.21944600
0.11724900
0.06583170
-0.05148310
0.06593340
-0.47142200
-0.54765000
-0.06872380
-0.02559590
-0.10791300
0.37333900
-0.56896000
0.02405160
-0.53833300
-0.38288900
-0.45719800
-0.30571900
-0.24760200
-0.50788100
-0.19799700
0.20140200
-0.48988400
0.07237170
-0.11146200
-0.75736500
-0.24255400
-0.42972800
-0.34670200
-0.31034500
-0.50183600
-0.30697400
-0.40453800
-0.22312700
0.07556660
-0.51014000
-0.04584970
0.06022870
0.22981400
-0.12538400
0.07595180
-0.43175000
-0.40957700
-0.33142400
-0.55653300
-0.10976600
-0.04426080
-0.02528240
-0.47583900
1.00589000
-0.38203500
-0.62587300
0.85451400
-0.16589900
-0.31980200
-0.01117400
-0.15692100
0.32988400
-0.14789300
0.28855800
-0.20974700
-0.09269500
0.04434350
0.11180400
-0.33998600
-0.07177450
-0.48216800
-0.26851100
-0.09529520
-0.13037100
0.30363300
-0.13206200
-0.42826200
-0.79240700
-0.59337900
-0.09962320
-0.13329700
-0.31219500
-0.22675600
0.20628700
-0.17763300
-0.34424800
-0.49470300
-0.50693400
-0.22611300
-0.75657000
-0.27483900
-0.14145000
0.12686400
-0.77534400
-0.07907200
-0.39031100
-0.15516800
-0.61109300
-0.59458300
-0.24732300
0.26566700
-0.18445900
-0.10679700
-0.25595100
-0.02628790
-0.27522800
-0.06294290
-0.45851600
-0.38862600
-0.12507400
-0.41982600
-1.37159000
0.06226380
-0.44615700
-0.43672300
-0.54756300
-0.37333900
-0.66117200
-0.29107400
-0.21856600
-0.37367600
-0.30699500
-0.24395400
0.22427000
-0.14668600
-0.18707600
-0.21489800
-0.23540800
0.19477200
-0.81442800
-0.47587600
-0.72882400
0.16789100
-0.30643400
-0.57733700
0.02637280
-0.16500700
-0.05956780
-0.93822700
-0.17275800
0.56606600
-0.27557900
-0.08171620
-0.59296000
-0.52039800
-0.28449900
-0.29362200
-0.49816100
-0.03273830
0.87727200
-0.30727300
-0.24445700
0.60612300
-0.16712900
-0.10220800
1.43896000
-0.08420130
-0.53448600
-0.72866400
-0.26373500
-0.34441100
-0.47752200
-0.14609800
-0.58544100
0.07565030
-0.30873900
-0.40684100
-0.36665200
0.16845400
0.01033490
-0.46285000
-0.43977500
-0.14817500
-0.49130500
0.14058400
-0.31102700
-0.47503500
-0.20903600
-0.88540400
0.46188700
-0.48485000
-0.56068800
0.77139100
1.42763000
-0.34406200
-0.61023000
-0.18424500
-0.07097370
-0.41336600
0.11955700
-0.53129000
0.10709300
0.05327890
-0.91245400
-0.16106300
-0.09218090
-0.48553300
-0.15571800
-0.51509800
-0.39431900
-0.42259900
-0.60670700
0.81795000
-0.72325100
0.12724900
-0.10371600
-0.44127300
-0.49202000
-0.17106400
-0.47625700
-0.57637300
0.10786800
-0.13799300
-0.48748400
-0.12452300
0.21940900
-0.18832600
-0.29047800
0.33955900
-0.29367100
-0.36116900
1.36263000
-0.15783300
0.21664800
-0.67511100
1.11790000
-0.51281400
-0.08984550
0.56850700
-0.35666500
-0.11248100
0.02771330
0.14347300
-0.46076700
-0.36255300
-0.11482400
-0.37899800
0.22788300
0.38796700
1.21635000
-0.32250200
-0.48754100
-0.14448900
-0.32774300
-0.24333900
-0.61208900
-0.37971700
-0.06873870
-0.74196400
0.11217000
1.15321000
1.02459000
0.28735200
-0.20326500
-0.10382800
0.20035900
0.58371600
-0.56000600
-0.20330700
-0.17140900
-0.45575900
-0.24175200
-0.57682000
-0.07103990
0.09431020
0.03159970
-0.29225200
0.02593130
-0.36611300
-0.14945100
-0.26646100
-0.57758800
-0.18993000
-0.56576300
-0.02029730
-0.10397700
-0.82007300
0.12590400
-0.18634300
-0.34870700
-0.25180800
-0.02569410
-0.81722900
0.10583000
-0.61300500
-0.00879882
-0.39843300
-0.59251600
-0.82073800
-0.49401100
-0.64364000
0.28387700
0.06177220
0.67314100
-0.16445700
0.08985470
-0.53189100
0.09344280
-0.96752700
-0.30216700
-0.70725400
-0.40233900
0.33172900
-0.47938500
-0.28049800
-0.47423300
0.57601600
-0.17906300
-0.87398300
1.01865000
-0.23309500
-0.92038600
-0.43547000
0.67427700
-0.51054800
-0.54171200
0.12404900
-0.86284800
-0.38508400
-0.53434500
-0.71056600
0.00869240
-0.07944190
-0.40139000
-0.01875810
-0.40704200
-0.44965200
0.55110400
-0.22728400
-0.11984000
-0.40508300
-0.03748300
-0.50301600
-0.57667200
0.55591500
-0.41208500
0.56702800
-0.08944210
-0.45618200
-0.34936700
-0.14004600
-0.01443380
-0.02283280
-0.28363000
-0.05676500
-0.31206400
-0.22993900
0.05484920
0.03514990
-0.20673600
0.88998500
-0.20992100
-0.02683960
-0.32686500
-0.38403300
-0.74201700
-0.57138300
0.09933030
-0.19983200
-0.32094900
-0.20527900
-0.34440000
-0.21671600
-0.17638400
-0.52248900
-0.38172900
0.04088020
-0.15120300
-0.28460400
-0.52400300
-0.11249500
-0.33082300
-0.63115400
0.33104400
0.41621600
-0.12583400
-0.36030800
-0.26389900
-0.17823700
-0.19960300
-0.38593800
-0.36758600
-0.65873600
-0.42861800
0.30811300
-0.21468400
-0.14688900
-0.44282900
-0.24254700
-0.59194900
-0.47766700
-0.23542000
0.02973440
-0.09251280
-0.31084200
0.30121500
0.53144000
1.39721000
-0.20177000
-0.36120200
0.36182900
-0.16551100
-0.21759800
-0.33177800
-0.33535900
0.07584000
-0.57437200
1.29715000
-0.13401500
-0.18843700
-0.54661200
-0.83467100
-0.42934000
-0.13345800
0.81620300
0.14873500
-0.25475000
-0.29004200
-0.27166000
0.05885650
-0.34437700
-0.51035800
-0.47403800
-0.14449000
-0.28325300
-0.65676900
-0.20963800
-0.48868400
-0.24573000
-0.38036200
-0.32491300
-0.16514900
-0.15625400
-0.27921700
-0.48941400
-0.32521000
-0.03527170
-0.43510100
0.41227600
-0.21564300
0.83575200
-0.22158100
0.37046700
0.50446700
-0.94664800
0.67163600
-0.06700320
-0.46077900
0.64309000
-0.19954000
-0.52375300
-0.27022500
-0.02897690
0.14343900
-0.46065600
-0.63727700
-0.39485800
-0.33140100
0.04564230
-0.28813400
0.81736100
-0.66066900
0.07345300
-0.11857200
-0.05191830
-0.32913500
-0.31549600
-0.44177800
-0.06022730
-0.16502800
-0.58375200
0.00626885
-0.40528500
-0.15645000
-0.09000150
0.19929900
-0.18558500
-0.02169440
-0.40540800
0.14666100
-0.46303700
-0.28306900
-0.64758100
-0.60034700
-0.18436800
-0.22606600
-0.25333600
-0.67327000
0.01690540
-0.13437700
-0.22710000
-0.32727400
-0.56681600
-0.21815600
-0.18810100
0.17782000
-0.40578900
-0.90228700
-0.41648600
-0.47759400
-0.69209300
-0.06954340
-0.05692910
-0.65900500
0.30132600
-0.03183620
-0.34588700
-0.03633130
-0.69985100
-0.03661150
0.45682800
-0.37665600
0.39438500
1.27118000
-0.77800500
0.33807200
-0.42903500
-0.26886800
-0.46147800
-0.31379100
-0.60397300
-0.27207300
-0.11226300
-0.63269600
-0.17351300
-0.41580200
-0.40347800
-0.46531700
0.03414140
-0.26222100
-0.09454320
-0.43226900
-0.70479600
-0.28165200
-0.25775400
-0.29235600
-0.44678800
0.28628200
0.17597600
0.33203400
-0.17176200
-0.46179900
0.44432800
-0.31929900
-0.01202220
0.02692540
0.22716400
-0.43145400
0.61029000
-0.19438500
-0.55645700
-0.14923400
0.19561900
-0.31833300
-0.49981000
-0.54619200
-0.11808200
-0.01635110
-0.24572400
0.02477720
0.15934500
0.03121490
-0.48719600
0.18030300
-0.55451000
1.01614000
-0.36637000
-0.28923200
-0.17662000
-0.13702400
-0.30069900
0.00387100
-0.47735700
-0.24987900
-0.41053700
-0.47991500
-0.59632400
-0.68360500
-0.16682500
-0.48568800
-0.09490710
-0.31760200
-0.05230880
-0.38323500
0.42042700
-0.06601040
0.40255000
-0.47205000
-0.12683300
-0.39085100
0.35095600
1.05336000
-0.49975800
-0.54109900
-0.47204700
-0.37064100
-0.35730300
-0.26698500
-0.77965900
-0.52060400
-0.61603800
-0.51471500
0.04399360
-0.26184100
-0.18658400
-0.32827200
-0.14588100
0.56229900
0.45160900
-0.19520400
-0.39819800
0.10260200
-0.59336700
-0.42285700
-0.55367000
-0.43203400
-0.66068800
-0.39892900
-0.93149600
0.27751100
-0.77389600
0.38546900
-0.20723000
-0.06336670
0.06736110
-0.10184700
-0.27128800
-0.59601800
-0.28441600
-0.30668100
-0.25350800
0.09944650
-0.10009700
-0.60722800
-0.23525200
-0.34514100
-0.63401400
-0.70672100
-0.30863700
-0.31680400
-0.57071000
-0.12768000
-0.41974900
-0.26945200
0.15305400
-0.25246700
-0.68282600
-0.35791500
-0.05292020
-0.20028800
-0.32267800
0.03677910
-0.05274960
-0.03580430
-0.41188200
-0.24832200
-0.48460500
-0.06934320
-0.62215100
-0.24089900
-0.09094320
-0.04338640
-0.08883650
-0.11761200
-0.50722100
-0.12037200
0.37548100
-0.45329400
0.40569400
-0.06007240
-0.11125000
-0.27445000
-0.78687100
-0.14277100
0.13155900
-0.94730300
-0.45191500
0.45216200
-0.71973100
-0.66013500
-0.29087600
-0.01520960
-0.53166900
-0.42513400
-0.09417850
-0.34809500
-0.19244800
0.13608800
-0.23968200
-0.30290800
-0.07751770
-0.30902700
0.23545800
-0.37685900
-0.24482700
-0.29799500
-0.55071800
-0.19153500
-0.56525400
-0.19829200
0.27091400
0.86928100
0.39012200
-0.42590700
-0.27610900
-0.29894700
-0.63700300
-0.27950000
-0.43121800
-0.35513800
0.14904200
-1.03723000
0.01956230
-0.22907400
-0.36724100
-0.58696700
-0.19434400
-0.51352400
-0.56926600
-0.36314300
0.35294800
-0.31990500
-0.25501300
0.46869000
-0.74716200
0.57714700
-0.07982120
-0.12511100
-0.12765300
0.48898000
-0.53776100
-0.54142800
-0.35300400
-0.28393700
0.56923600
-0.23092700
0.73785600
-0.04746260
1.19055000
-0.22989300
0.09879100
0.19004600
-0.11441800
0.56382300
-0.60408900
-0.11648000
0.55032600
-0.60332100
-0.40745300
-0.12655100
-0.18512500
-0.42929100
0.33142700
-0.12257600
-0.51600000
-0.10130200
-0.08197810
-0.18233500
-0.10166800
1.18579000
0.95708700
0.19020000
-0.03700450
0.98843800
0.04181180
-0.06167540
-0.37758000
-0.62194300
0.14906700
0.12173700
-0.22759800
-0.05858400
-0.36005100
-0.12163400
-0.42743800
0.03495660
0.19361600
-0.23864500
-0.12997000
0.01360010
0.26298000
0.09456080
-1.02062000
-0.09841920
-0.47751900
0.84239100
-0.65177100
-0.26617000
-0.40735200
-0.27131700
-0.61923300
0.42605200
-0.15103500
-0.04662900
0.00727080
-0.12900100
-0.10378000
-0.26969100
-0.02494440
-0.14653900
-0.51873800
-0.33004200
-0.61914200
-0.19532300
0.13376500
-0.12683000
0.09238460
-0.58797500
-0.92987600
-0.19401400
-0.46273800
0.48639600
0.15128900
-0.67801400
0.18576500
-0.74635400
0.74610300
-0.19443000
-0.24412100
-0.18243400
0.42218300
-0.08507740
-0.43145100
-0.10205800
-0.06829300
-0.35437900
-0.11385100
-0.32456100
0.11507200
0.01362130
0.06395090
0.06881210
-0.29289400
-0.29084300
-0.06928290
0.04857860
-0.26550000
-0.59547100
-0.55241300
0.07905700
-0.51630100
-0.58641700
-0.00608285
0.38379800
-0.44526000
-0.44332000
-0.02572490
1.56176000
-1.11008000
-0.46509400
0.71368700
-0.27521300
0.59994400
-0.31697300
-0.24528900
0.29939700
-0.59575600
-0.43536300
-0.15912200
-0.07395080
0.47373800
-0.40646400
-0.06024010
0.87655200
-0.64389500
-0.77277600
-0.45257900
-0.93803900
-0.07761810
-0.42811000
-0.43842600
-0.17121500
-0.10766900
-0.16275700
-0.43560300
-0.83717900
-0.17867300
-0.10371500
-0.38404500
-0.12785500
-0.60738600
1.05827000
-0.42687600
-0.25186300
-0.56434200
-0.24951600
-0.17611100
-0.20986900
-0.30190800
-0.50566100
-0.34845600
-0.16121300
-0.27559700
-0.39356400
-0.11608800
-0.22167600
-1.11500000
-0.32391100
-0.51691100
-0.89585600
-0.48756000
0.57097600
-0.16167400
0.06568250
-0.61083900
0.91418300
-0.13300300
-0.57354300
-0.83767600
-0.07681240
-0.44009600
-0.14837500
-0.27239300
-0.78580000
-0.29892400
0.56350200
-0.36474200
-0.35714500
-0.57306600
-0.46914700
-0.02865880
0.22544300
0.45391500
-0.52066300
-0.12659100
-0.30716000
-0.18286900
-0.10651200
-0.54544700
-0.36530100
-0.45971500
-0.28598200
-0.03512110
0.12932400
-0.67357200
0.33662900
-0.36315200
0.09648140
-0.53542200
-0.03883380
-0.47531900
-0.50494300
-0.10259600
-0.69400100
0.58040300
0.04423980
-0.30031600
-0.41832800
-0.11202800
0.40229000
-0.15752000
-0.39434800
0.06310240
-0.23413800
0.11072300
-0.28878700
-0.40843300
-0.21003000
0.12211000
-0.10770000
-0.26080900
1.58340000
-0.12917100
-0.36363800
0.04471390
-0.27092100
0.04373300
-0.22693300
-0.20025400
-0.45852100
-0.08618290
-0.45321500
0.00700982
-0.37879900
0.15772500
-0.29206900
0.10898100
-0.30108400
-0.37980400
-0.30676400
-0.55567200
-0.05467490
-0.43081100
0.22742600
0.28892600
0.00553907
0.11728600
-0.16952000
0.86923700
-0.10346100
-0.37200400
0.28962500
-0.04341120
0.25398100
-0.46527200
-0.57305500
-0.06131710
-0.74942500
-0.34255600
-0.00045277
-0.28484800
-0.13053800
0.25600100
0.66177400
0.07834080
-0.36779100
0.22671500
-0.42002900
-0.20942600
-0.27898700
-0.05641240
-0.39110100
-0.40873800
-0.18430200
-0.39348900
-0.14801700
-0.14278300
-0.50764200
1.24513000
-0.24651000
-0.17017600
-0.44910100
-0.38479300
-0.22214700
-0.70241300
-0.45891800
0.24823100
-0.78162200
-0.26543800
0.01846080
-0.38739100
-0.04011460
-0.75503100
-0.43628000
0.00217012
0.28321200
-0.30045900
-0.91575200
-0.57230500
-0.32976300
-0.48253000
-0.13161100
0.24954200
-0.06982140
-0.41856100
-0.16583900
-0.79783100
-0.74004800
0.16881900
-0.40954600
-0.38146700
-0.09738230
0.14955200
-0.15985900
0.03555360
-0.47746000
0.07517660
0.08368530
-0.10900700
-0.34619800
-0.21736100
-0.10473900
-0.31116500
-0.04834360
-0.11220500
-0.37420200
-0.20156300
-0.10485900
-0.40659800
-0.17664200
-0.48141900
-0.38167400
-0.01170470
-0.30869100
-0.35970500
-0.13140100
-0.27788300
0.84217100
-0.48162800
-0.23065300
-0.64590600
-0.01487900
-0.95327500
-0.33801300
0.02726430
0.16039300
-0.22585700
0.24852000
0.09963120
-0.32152100
-0.96121900
-0.52356200
-0.27949100
-0.40127800
-0.34288200
0.22814300
-0.23657700
-0.28713600
-0.14015200
-0.27059300
-0.62095400
-0.27243000
0.13859200
-0.13059000
0.02987170
0.06997710
0.36668900
-0.13824100
-0.51422300
-0.30078300
0.01457280
-0.28774100
0.17899300
-0.03094460
1.05983000
-0.23107800
-0.14235300
-0.31329000
0.10910200
-0.81624900
0.32645200
0.04477880
-0.37916200
-0.73142300
0.63566300
-0.22719900
0.46510200
-0.05567730
-0.11894800
-0.23389100
0.16406300
-0.13860300
-0.16209500
-0.48170900
-0.23289700
0.11982100
-0.71225000
-0.07510110
-0.18883200
-0.32571600
-0.29817100
-0.70129700
-0.27686000
0.16647800
-0.19991000
-0.08092730
-0.41604200
0.52060800
-0.06895080
-0.23081800
-0.63586600
0.21169600
-0.29989800
-0.27248800
-0.63336900
-0.56815000
-0.27585400
-0.33868200
0.17155900
-0.33513300
-0.00637627
-0.02522610
-0.71023800
-0.40857200
0.09729630
-0.25306100
-0.63043900
-0.25742400
-0.28541100
-0.66733400
-0.30771700
-0.27773500
-0.21875700
0.05364280
-0.28729200
0.17454200
-0.24696700
-0.62318600
-0.18084100
0.04182880
-0.46130800
-0.17391200
-0.59831300
-0.43786000
-0.37202400
-0.11412400
-0.76582700
-0.02209550
0.98351900
-0.33535300
0.18795100
-0.35851000
-0.72565900
-0.46401600
-0.26933200
-0.76047900
0.01043060
-0.36689700
-0.23242700
0.13540600
-0.69982500
-0.36556200
-0.37067300
-0.23813400
0.03441600
-0.12805200
-0.02210110
0.78752000
-0.28093000
-0.17844100
-0.61419200
-0.34555400
1.23237000
0.08395990
0.34750600
0.38130500
0.77115700
0.03841700
-0.73154500
-0.20120200
-0.08489210
-1.17257000
-0.68092500
-0.02925870
0.00799774
-0.44631000
-0.51843600
-0.59147600
-0.13755300
-0.49654400
-0.35564700
-0.06249220
-0.21464400
-0.20893500
-0.05163620
-0.90755400
-0.14161900
-0.10553700
-0.27069200
-0.39319600
-0.49648300
-0.20805900
-0.66630900
0.15981400
-0.27492000
-0.45735700
-0.23490400
-0.37347900
0.20169800
-0.37158000
-0.12055300
-0.18120200
-0.60421300
0.17975000
0.63757700
-0.17262000
-0.00050940
-0.54207200
0.05559160
0.12693500
1.68970000
0.03350340
-0.41103300
-0.49141400
-1.24437000
0.73831000
0.00439961
0.05631760
-1.19664000
0.33026900
-0.64574000
0.21700400
0.07820840
-0.37976600
-0.48793100
-0.32458300
0.51240600
-0.56491800
-0.05923620
-0.11169800
1.27776000
-0.02737730
-0.62917300
-0.37651600
-0.30060700
0.27775300
0.49754000
0.27272700
-0.44157700
-0.31857100
-0.57755600
-0.08449730
0.04698820
0.03782360
-0.16100900
-0.49715400
-0.54743000
-0.24996100
-0.42156000
-0.20773200
-0.16955600
0.17581300
-0.69916100
-0.08105290
-0.86352700
-0.15528800
-0.47403600
-0.04545560
-0.37587500
0.07661280
-0.09065790
-0.39144700
0.37244900
0.61579600
-0.81855300
0.29153900
-0.15289100
0.03101620
0.27713900
0.42181700
0.38084900
0.02709010
-0.19149000
0.14851700
0.54802300
0.74667600
-0.08203080
0.12441000
-0.35693900
-0.27610800
-0.23764600
-0.24755000
-0.76804300
-0.16821200
0.60380000
-0.52592500
-0.10579700
0.07834080
-0.32608000
-0.19448700
-0.07982250
-0.04778920
-0.38577700
-0.21009800
-0.27017400
0.09426570
-0.09503850
-0.28671600
-0.28481300
0.02023600
-0.52804200
-0.37404700
-0.26899500
-0.24012100
0.02329450
-0.68383400
-0.61288500
0.78327900
-0.19443400
0.64468700
0.91756700
-0.20709200
0.73106900
0.53959900
-0.56335400
0.27524300
-0.52873700
-0.27985800
-0.53046000
-0.27386200
0.09073450
-0.71952000
-0.59920500
-0.16117300
-0.69834800
-0.49195400
-0.14241300
-0.38638700
-0.27386200
-0.35469200
-0.21752500
-0.20632500
-0.24591300
0.22508100
0.35271500
-0.51235200
-0.48032000
-0.85635500
-0.08975910
-0.41474400
-0.40597800
-0.14484700
0.05449730
-0.05407940
0.10883300
-0.04586640
-0.14249500
0.13583400
-0.05513150
-0.35868700
-0.27401200
-0.40002100
-0.57378100
-0.13034400
-0.51205600
0.56618900
-0.22914600
0.32234700
-0.23704500
-0.45984200
-0.61809700
-0.66030300
0.32408100
-0.28984500
-0.50383500
0.16276600
-0.44970000
0.02514940
0.26585100
-0.03330380
-0.60467200
-0.38050000
-0.31485800
0.62328800
-0.36598900
-0.26903700
-0.54044800
0.65429300
-0.06974950
-0.41229700
-0.84541000
-0.02445180
-0.41058100
0.33562700
-0.28921500
-0.41056800
-0.19149300
0.23328300
-0.30124900
0.15414400
0.22981000
-0.46525700
-0.01209620
-0.06033090
-0.06033090
0.27983300
-0.49587300
0.36462300
0.45280800
-0.63573400
0.07671670
-0.25598100
-0.20160800
0.20927800
-0.49543300
-0.01986890
0.22050000
-0.47008900
-0.46562700
-0.34404600
-0.04670620
0.25800000
-0.48208100
-0.40192700
0.08872120
-0.29640800
0.07519650
-0.78852800
-0.43215400
0.20764700
-0.21267700
0.01105030
-0.03144780
0.19913100
-0.30998300
-0.49033200
0.62483100
-0.35806900
0.42580600
0.44089200
-0.23902900
-0.31712000
-0.34947600
-0.77385000
-0.23072900
-0.59758400
0.24476700
-0.74289300
-0.50845300
0.73749700
-0.14623300
-0.26718200
-0.03394500
0.19279900
-0.60250300
-0.52274900
-0.23947600
0.29859300
-0.49389000
-0.03783080
0.62085800
-0.07110270
-0.06020880
-0.35865700
-0.19573500
-0.39506200
-0.11777800
0.22093500
-0.25099000
-0.34888500
-0.80926700
-0.39614100
0.54274300
-0.25139700
-0.07218180
-0.11575100
-0.35868700
-0.14474500
0.08092950
-0.07929380
-0.24346500
-0.02985370
-0.08686710
-0.94601700
-1.12981000
1.19052000
0.00635980
-0.56442400
0.28861100
-0.64777300
-0.24726000
-0.35172900
-0.32943500
-0.29949400
-1.16785000
-0.18354200
-0.27533300
-0.39045500
0.05923220
-0.06370570
-0.15224200
-0.19713700
-0.82473700
-0.07191070
-0.35463700
-0.35463700
0.11249700
-0.21852100
0.29282300
-0.31338700
-0.51748900
-0.42087700
-0.81637900
0.00642968
-0.15271600
0.05639340
-0.25873700
0.10984700
-0.34479200
0.02180580
0.37719400
-0.43748100
-0.48021000
-0.45149200
0.65024800
-0.26118400
0.47439700
0.36140300
-0.12507100
0.05706820
0.94673900
-0.74290000
0.13402500
-0.62713500
-0.11045500
-0.48646000
-0.96554700
0.00943434
-0.21725100
-0.34520300
-0.33223500
-0.52555400
-0.59980300
1.30799000
-0.37314500
-0.36409800
-0.00029352
0.99072900
-0.74486100
0.05228700
-0.61330400
0.05476540
-0.35927400
-0.58716100
-0.21685800
-0.45278500
-0.42457300
-0.47502200
-0.66119800
-0.28116000
0.48460100
-0.62317500
-0.39056700
0.14727700
-0.63180500
0.22298900
-0.34705400
0.10204800
-0.24457700
0.01289930
-0.32576900
0.00677908
0.03455580
0.09770690
-0.38215600
-0.20331200
0.78269900
0.98174000
0.84152800
-0.02916950
-0.02907200
-0.39074300
-0.09631210
-0.36131500
-0.16696300
-0.06174690
-0.03971380
0.22975900
-0.09865750
-0.56030500
0.13155800
-0.03978110
-0.52106100
-0.49831300
-0.33322600
-0.16081400
0.11037000
-0.47007600
-0.52250800
-0.19626100
-0.36867000
-0.52053300
-0.34625500
-0.39377000
0.36151000
-0.33836000
-0.28476900
-0.43238600
-0.57093200
-0.25383300
-0.40962900
0.20293700
-0.40225400
0.67568700
-0.08082180
0.31303000
-0.30574100
-0.46539300
-0.39936100
-0.08925110
-0.76471500
0.06678230
-0.11181500
-0.20795000
-0.34404200
0.49310700
-0.12109600
0.52756900
0.49651000
0.10905600
-0.03030930
-0.29825800
-0.02115500
-0.26835900
-0.49315400
-0.57867400
-0.00904654
-0.54735500
0.02267850
0.04627390
-0.02573430
-0.28038600
-0.61811900
-0.44741500
-0.47242500
-0.48030200
-0.09813030
-0.21615100
-0.60163400
-0.09883670
0.09934850
-0.23895800
-0.54734500
-0.61979100
-0.76316300
-0.32277800
-0.32865600
-0.23693700
-0.67462000
0.03047980
0.25354000
-0.51759100
-0.19835800
0.08178860
-0.37121300
-0.35243000
-0.21257400
-0.33121300
-0.41748800
-0.86984500
-0.27450700
0.17723400
-0.78777000
-0.56374900
0.05168160
0.15247300
-0.45516300
-0.45353000
-0.49732800
-0.04603380
-0.35750900
-0.37191800
-0.15977100
0.13710300
0.34714400
0.02200770
-0.82153700
-0.24035800
-0.28580800
-0.29154300
0.13097200
-0.48886000
-0.55369300
-0.29981400
-0.07116970
-0.24464200
-0.28745300
-0.64989700
-0.02392060
0.27622300
-0.28750700
-0.08373850
-0.26663300
1.26726000
0.27108400
-0.59131300
-0.05431280
-0.23584600
0.07918020
-0.41668100
-0.50195900
-0.19130700
-0.08477860
-0.42380300
-0.40947100
-0.10609500
-0.12784900
-0.36782500
-0.45016800
0.02780140
-0.09024050
-0.28622000
0.33153700
-0.41860700
-0.51192700
-0.65525600
-0.55155100
-0.44842900
-0.06821620
-0.22769000
-0.40429200
-0.56444600
0.31224200
-0.03376540
-0.29638500
-0.43663900
-0.06341210
-0.16961400
-0.27938200
-0.26533300
-0.11087800
-0.09604510
-0.56225500
0.11090000
0.09150370
-0.07520100
-0.13055600
-0.59347300
-0.10313600
-0.02117290
-0.11275100
0.18638300
-0.25095400
-0.07543630
-0.65817400
-0.17548500
-0.45538700
0.43301300
0.02549810
1.56133000
-0.36598100
-0.38024600
-0.51149700
-0.45370100
-0.49477900
0.46285900
-0.35206400
-0.85013000
-0.53908300
-0.03859990
-0.71445300
-0.29810100
-0.34824600
-0.17163900
0.04239420
-0.39873400
-0.13510100
-0.43879700
-0.45976900
-0.28767600
-0.43375700
-0.32661100
-0.75447700
-0.68843300
-0.26535700
-0.42931900
-0.18596600
-0.09471340
-0.29874200
0.81234900
-0.44115100
-0.38503500
-0.24539800
-0.33235200
0.17376500
0.04229450
-0.36539100
-0.06819530
0.33616800
-0.44111500
-0.02159650
-0.74335900
-0.17322000
-0.27011000
-0.37566500
-0.52215900
-0.42665700
0.01387520
-0.13569600
0.30210900
-0.29893000
-0.21552700
-0.17678300
0.37481000
0.09616360
-0.14461400
-1.10550000
0.23141500
0.64838500
-0.30245700
-0.32184700
-0.36233400
0.22915200
-0.34151100
-0.26823600
-0.28087500
-0.18699000
-0.84947700
0.71513500
-0.65566900
-0.43450900
0.31191300
-0.16348700
-0.92246000
-0.11621300
-0.18951700
-0.03183260
-0.53910400
-0.55421800
-0.60591700
-0.32553200
-0.06089710
-0.22513800
-0.40127800
0.07987540
-0.20406800
-0.25733400
-0.46651900
-0.66299600
-0.74720200
-0.51209400
-0.09284980
-0.42972800
-0.06967480
-0.46573400
-0.51937700
-0.41093700
-0.61185300
-0.10705900
-0.10794600
-0.16553000
-0.89946400
-0.35122400
-0.31153900
-0.24159200
-0.70773400
-0.38141300
-0.30947200
-0.07982190
-0.20760000
-0.37447200
-0.38944200
-0.21930800
-0.71343600
-0.33892500
-0.27257900
-0.33674700
-0.26134200
-0.40250200
-0.24539500
0.32093800
-0.43155100
0.06594650
-0.35944500
-0.16935700
-0.41487200
0.80477000
0.91253000
0.27770900
-0.00241357
-0.61081000
-0.66133400
0.00403070
-0.24177300
-0.47943600
0.37623100
-0.32085700
-0.36988900
-0.24057000
-0.21980200
-0.27064400
0.15431900
0.22395600
-0.36777800
-0.26110200
-0.15344100
0.25475000
0.57402000
1.01671000
0.26383700
-0.25443600
0.05507160
-0.27299800
-0.25776300
-0.98709600
1.32818000
1.24298000
0.00153247
0.18632100
0.19173600
1.29440000
0.21911000
-0.31881700
0.37448500
-0.21887700
-0.41067100
-0.78211600
-0.69016100
-1.00091000
-0.09597190
0.07970950
-0.61509800
-0.18495100
0.06865730
0.18825200
-0.24975600
0.15855900
-0.17923100
0.15841800
-0.33491700
0.21800700
0.53592200
0.17802300
0.88191500
1.59214000
0.74767100
0.12543300
-0.64550300
-0.31042800
-0.02638100
-0.40423300
0.89111400
-0.40257000
-0.09388510
0.19610600
0.00986009
-0.26189300
0.47969100
-0.59044500
-0.64504500
-0.79052300
0.06262070
0.11843200
0.50999900
-0.23113900
-0.33933300
-0.05894770
-0.01174940
-0.39642100
-0.43168400
-0.33941400
-0.23913500
0.14177700
0.08762440
-0.02147890
0.13046900
-0.32027300
1.14648000
0.31017600
0.31966800
-0.27064700
-0.43586700
0.95941800
0.20088900
0.99969700
-0.05959160
-0.65286900
-0.61240900
-0.23021700
-0.32611800
-0.33723200
-0.07664930
-0.55839000
-0.09749010
-0.22965800
-0.17086100
-0.28546900
-0.39499700
-0.02792530
-0.22488300
-0.42978000
-0.27354900
-0.17730700
-0.12240700
0.05501920
0.70203800
-0.00422494
-0.62592100
-0.40972900
-0.81033500
-0.21069900
-0.46298200
-0.68207600
-0.45910900
-0.43311000
-0.75876600
-0.65920800
-0.17920600
-0.16100300
-0.67291700
-0.01687470
-0.68714000
-0.18060500
-0.47778900
-0.58193700
-0.52496200
0.05939290
-0.39530900
-0.22353100
-0.85594500
-0.65332000
-0.26248100
-0.53047800
-0.29582000
-0.14838800
-0.21834200
0.17118100
-0.35303800
-0.36413100
-0.18855900
-0.21896800
-0.01738700
0.06194740
-0.23845700
0.16292400
-0.00707748
-0.08444630
-0.51223800
-0.48669700
-0.31817800
-1.22325000
-0.02172610
-0.10969100
-0.46004100
-0.19168500
-0.04272700
-0.66300000
1.56520000
0.85361400
-0.32011600
-0.00124611
-0.07460870
-0.15727600
-0.26917700
-0.52091200
0.48999000
0.31200500
0.06122060
0.99925600
0.23532700
-0.46052800
-0.18034200
-0.39462200
0.55559300
-0.34665700
-0.16014700
-0.07165150
-0.27679300
-0.35801600
-0.19470000
-0.54323300
-0.28570000
-0.06999000
-0.27188800
-0.29837600
-0.04529850
-0.27925000
-0.07923230
-0.11331500
-0.12912500
-0.18373100
-0.46606600
0.24674600
-0.53417000
-0.47142800
-0.23951000
-0.31761900
-0.12228500
-0.71128800
-0.32625200
-0.44248900
-0.44768700
-0.20327100
-0.41949500
-0.29997600
-0.47277200
-0.10991700
