4.69369000
6.69913000
5.29064000
5.00198000
6.02369000
5.40657000
4.91449000
5.06850000
4.87926000
4.82521000
-0.45323900
4.78215000
5.04351000
5.08379000
5.03646000
1.01909000
5.58429000
0.22311900
4.88664000
5.52716000
5.47913000
0.92793200
5.86275000
5.22692000
5.73518000
5.19632000
4.76857000
5.15858000
1.12768000
5.11429000
5.42487000
4.86677000
5.09076000
5.63247000
0.42301500
5.43804000
5.72957000
5.26200000
5.08565000
4.69223000
5.30291000
1.66219000
4.80331000
5.16199000
0.63525000
5.19423000
5.46784000
5.07124000
-0.37509800
0.24780500
-0.79126300
-0.26862400
-0.32473700
-0.18104500
-0.33986700
0.21405900
-0.42609200
0.08929640
0.46614900
0.57007200
0.20730100
-0.19147100
-0.29365700
-0.07604160
0.20922100
0.19700700
-0.46788400
0.41071500
-0.18641400
0.03388630
-0.02786750
0.63467500
-0.07583590
0.85886100
-0.75287100
-0.20662000
-0.16963700
0.12598900
-0.13847200
0.01460800
0.23071200
0.09156320
-0.06860680
0.25421800
-0.15716200
-0.16755600
-0.30138600
-0.53623400
-0.82069700
0.01744620
-0.40932000
-0.04844470
-0.63199600
-0.49486900
-0.23887700
-0.12476700
-0.40419100
0.17078200
-0.11770400
0.09954990
0.87554400
0.18791400
0.14607800
-0.58205600
-0.18062000
-0.21006700
1.43066000
0.30762400
0.34818800
0.64300500
-0.84206300
1.49859000
0.93275100
-0.78950800
-0.81312300
-0.19551400
-0.29023100
-0.10334200
-0.09654350
0.07149540
-0.53599900
0.15719800
-0.02613060
0.47002000
-0.61200400
-0.33249900
-0.40633000
-0.27840700
0.03673850
-0.34320000
0.56952300
-0.00678825
0.06024060
-0.38909600
0.06795870
0.96592700
-0.47748400
-0.49659500
1.08667000
0.68852100
-0.25585600
0.56230600
-0.07676160
-0.05020230
-0.02118680
0.04164680
-0.19387700
1.83270000
0.44646500
0.06486610
0.84111800
-0.42368800
0.32838500
0.22798600
0.00140994
-0.05726470
0.29318800
-0.01279420
-0.08187520
0.18369700
-0.37723300
0.08974840
-0.25992100
-0.42860200
-1.10457000
0.23194500
-0.34982600
0.27049800
-0.62980800
0.16508800
0.55004100
-0.30535700
0.33989600
0.30143500
-0.37012600
-0.04274690
0.04498400
0.40690700
-0.32676700
0.18792900
-0.29636700
-0.09144010
-0.09304290
-0.23784200
-0.45606700
0.19463600
0.68450200
-0.00896962
0.19914400
0.66493300
0.12111900
0.14595400
-0.41686900
0.38636200
0.05421190
-0.35852500
-0.14647900
0.49961200
0.53483200
-0.21787200
0.34160700
-0.02300870
-0.31491400
-0.51666000
-0.67993500
-0.56894200
-0.41042300
-0.06433210
-1.04489000
-0.10106800
-0.25544900
0.16280700
-0.47097000
0.11359900
-0.62316900
0.29836500
-0.67867100
-0.13702100
-0.10245400
0.56888300
-0.36225000
-0.41069800
0.43377200
0.06440000
0.11498700
-0.28487800
-0.08403720
0.26251100
-0.45344900
-0.49043200
-0.42129800
0.00393355
0.03402970
-1.01039000
-0.14183200
0.29562600
0.15903100
-0.27018400
-0.00110477
0.31961300
-0.59897700
0.31869700
-0.14062600
0.38874300
0.39633000
0.55644900
0.14340500
1.13434000
-0.36289800
0.28822600
-0.46422500
-0.07439610
-0.21604100
-0.28240600
-0.42139100
0.01302370
-1.03063000
-0.63328300
0.25491800
1.29040000
0.30805800
0.17713700
0.34410200
-1.45703000
-0.44476900
0.17718600
0.57033600
0.90692800
-0.11623600
-0.24776100
-0.04490130
1.44766000
0.00766234
-0.50153500
-0.32744000
-0.30155800
0.44949700
0.41121500
1.08863000
0.02258040
1.42204000
-0.31476400
-0.26225500
-0.32190800
-0.43201900
0.19708300
1.07278000
0.35669600
0.25383600
-0.34834300
-0.54593400
0.31128600
-0.12651600
0.01632440
0.28642000
-0.90265300
-0.43091500
-0.06593910
-0.69947400
0.08262780
-0.03233610
0.61254900
1.60113000
0.00837393
0.11906900
-0.40067500
-0.42767700
-0.19297300
0.40845300
-0.50886700
-0.70877400
0.02379140
-0.12053700
1.10159000
-0.06095320
1.02928000
0.37563800
-0.23356400
-0.42995600
-0.20673300
0.23872500
-0.17602500
0.50944200
-0.31028300
-0.13414500
-0.03711690
-0.74491600
0.51787800
-0.40871800
-0.41269900
0.07832550
-0.67320200
-0.24674300
0.02915670
0.27513200
-0.19029000
0.35556800
0.07238930
-0.64137400
-0.05736920
0.01467000
-0.13856100
-0.36879500
-0.08578590
0.42906200
0.19315200
-0.60394900
-0.28040300
0.08718780
0.30093700
0.79738600
0.47397700
0.13630800
-0.57676400
-0.40539200
-0.84596200
-0.90999100
0.12684400
-0.11147000
-0.48045100
0.39408100
0.05492370
0.04965130
-0.10921300
0.15782100
0.26501300
-0.03263030
0.08839390
0.45429400
-0.24844100
-0.04530300
0.38167700
-0.14440400
0.36382700
0.06352860
0.08472900
0.25037200
-0.40984900
0.13989500
-0.15854000
0.34578200
-0.38791700
0.13141400
-0.29583600
0.52824800
-0.05359090
-0.16840800
-0.47706100
-0.61806100
0.10729100
0.45677300
0.44127000
-0.51901900
0.56281700
-0.12441600
-0.58737100
0.27319700
-0.96776800
0.62623200
-0.28665500
1.47908000
1.40554000
-0.11944300
0.31698600
-0.23078700
-0.10722200
-0.24314200
-0.50923900
0.34812800
0.24816300
-0.09051710
0.32820600
-0.26213700
-0.61111500
-0.30769600
-0.30769000
-0.09888060
0.09344500
-0.01036500
0.53327200
-0.53439500
0.02653680
-0.62734800
-0.40376300
-0.28993800
-0.24736200
-0.02174980
0.20592100
0.09795860
-0.20840900
-0.35021500
0.25281800
1.09272000
-0.11719400
-0.46666200
0.10163600
-0.49098400
-0.44112500
-0.78413200
0.55442300
-0.38580600
-0.64284300
-1.09790000
-0.33498500
-0.70161600
-0.11203000
0.44674800
-0.66251900
0.29914300
-0.42804000
-0.14760800
-0.07664670
-0.15029900
-1.10649000
1.16158000
-0.57725900
-0.18649400
-0.67663900
0.61298300
0.08353470
-0.55040400
0.20651400
-0.24874300
0.37887600
-0.69879300
0.36021300
-0.32121900
-0.17406700
0.99168300
0.26609800
-0.55009100
-0.43820000
-0.50171800
-0.29281900
0.35541700
-0.24272100
-0.40179500
-0.34769300
-1.04483000
2.31191000
-0.14575100
0.04442700
-0.22479600
-0.94294200
-0.15517300
0.15363600
-0.01822780
0.48005500
1.03114000
0.34592500
-1.08646000
-0.19655700
-0.41891900
0.44555100
0.00870121
-0.03682060
0.26468900
-0.02932070
-0.41374000
0.00562237
-0.13404800
-0.90047700
0.10227300
0.17722900
0.03680890
-0.33048700
-0.21207500
-0.75712900
-0.29212400
-0.53958200
-0.49642700
-0.53409800
0.46378900
-0.01986340
0.58677000
0.00276212
-0.18779900
0.18270400
-0.49178300
-0.32896300
-0.09700790
-1.57576000
0.31577800
-0.09614330
-0.71492500
-0.39132200
-0.09945660
0.51631400
-0.99407000
-0.13160400
0.63855500
-0.20776500
-0.77155300
0.33405600
0.06088280
-0.14522400
0.34097300
-0.44509900
-0.17003300
0.98166900
0.45382800
-0.86378500
-0.37336700
-1.22022000
-0.06401220
1.03595000
0.37091300
-0.86433700
0.06746560
-0.45929400
-1.19928000
-0.29900000
0.31609800
-0.22076700
-0.31497700
1.03869000
-0.89974700
1.85906000
0.06756910
0.06389020
0.18868300
-0.03239220
-0.24491900
-0.44047500
-0.57088000
-0.38919600
-0.40606300
0.10240300
-0.62722400
-0.09588010
-0.42335800
0.57300400
0.52659500
-0.26390000
-0.69148600
-0.60544700
-0.31350800
-0.08052850
0.57036200
0.01057100
0.36223600
-0.32412900
0.29042300
-0.71775100
-1.08540000
0.24654800
0.17354300
0.73406900
-0.38418400
1.07283000
-0.07030800
0.56724900
-0.36828800
0.18729900
-0.46744800
0.37198700
0.44971600
-0.08832260
3.20250000
0.04533140
0.17994600
-0.85270300
1.20945000
-0.02032230
-0.19634200
-0.36970700
0.08004190
0.19322400
0.43486900
0.30955700
-0.05622880
-0.01012890
-0.11179500
-0.03477070
-0.69176700
-0.20174900
-0.05239690
0.03319890
-0.68317600
-0.31764000
-0.09351630
0.56658000
-0.16749200
0.18328400
-0.21413000
0.55607400
-0.56808200
-0.60887600
1.21001000
-0.30311700
0.33352000
0.02120590
-0.04229490
-1.07260000
0.14357500
0.05994190
0.23912000
1.55476000
-0.47474000
-0.95358700
-0.53748600
0.42870100
0.94206600
-0.76137400
0.29308900
0.25128300
0.86938400
-0.55219200
0.40069700
-0.11280300
0.28819000
0.02995720
-1.00553000
0.04427580
-0.35924900
-1.15220000
-0.19400300
-0.72645400
-0.33034900
-0.19137400
0.11127200
-0.52054500
-0.28313300
1.07914000
-0.14702800
-0.15231600
-0.33618700
-0.69213500
-0.82112100
-0.55641300
-0.71878500
0.41050500
-0.82314700
-0.87166500
-0.01440870
-0.56262900
1.27635000
-0.32762400
-0.03915420
0.46238100
-0.66929900
-0.16810300
-0.19632500
-0.20373200
0.66773400
0.09404430
-0.37354100
0.12553600
-0.85890000
-0.36183900
0.15447200
-0.54378300
-0.10116900
-0.86050100
-0.34277800
0.10847900
-0.95421100
0.08092350
0.38082700
-0.47404900
-0.01204020
-0.39629900
-0.19980400
0.47310600
0.42865300
0.05105190
0.02813260
-0.26327100
0.23856000
0.22020900
-0.21316200
-0.30883300
-0.16135900
-0.49803600
0.13916800
-0.32939200
0.32479900
-0.30198600
-0.40820900
0.50050300
0.62563600
0.04375260
-0.71527400
0.71080500
-0.33098100
-0.27941000
-0.07524110
0.38484600
0.54823900
-0.19627000
0.02025370
0.53562600
-0.45803400
-0.11379200
-0.58223500
0.28023200
-0.45921700
-0.22030400
-0.53578900
0.17719000
-0.16190900
-0.14922000
-0.54980600
1.05141000
-0.24716300
-0.41477700
0.30448000
0.41066900
-0.52040200
-0.65749900
0.01786450
-0.47477000
1.22302000
-0.08179320
-0.09019190
0.07982310
0.93064500
-0.33188000
-0.28452500
-0.27722200
-0.24257000
-0.00751945
-0.29530600
-0.61175400
-0.38727000
-0.06827110
0.31450100
0.16106100
0.06982450
0.93742700
0.00973761
-0.47827800
0.17950500
0.80870400
-0.66245700
-0.44057200
-0.91419700
0.00887740
0.48743000
0.37683200
-0.12254600
0.40718100
0.04447730
-0.66737700
0.08624570
0.00850383
-0.46718700
0.02738000
-0.51746500
0.11966600
-0.31373400
-0.09341160
-0.14511000
-0.49229200
-0.00384274
-0.40093900
-0.19820700
-0.10786700
0.27745400
0.33367900
-0.84453000
0.02674430
0.57557200
-0.47127700
0.55721600
-0.30902700
-0.20416800
-0.38793100
-0.03617770
0.30767500
0.51335700
0.47745200
0.46042100
0.11922500
-0.74310100
0.00024957
0.26350200
-0.39515900
-0.23295400
0.22312200
0.15112500
0.44611500
-0.06331860
0.59904800
-0.45369000
0.32589700
-0.08299350
-0.96248300
-0.05945310
0.40718100
-0.10878800
0.37648500
1.58491000
0.22874500
-0.97390300
-0.14436400
-0.59632500
-0.61054400
-0.15796200
0.30730200
-0.65896300
0.05768510
1.03364000
0.57876600
0.11557900
-0.14212200
-0.31904800
0.45768200
-0.58848800
0.62819300
-0.35277800
-0.53810800
0.14338100
-1.30618000
0.24616000
0.34234900
0.23646600
-1.07581000
0.41148600
-0.21990200
-0.25671000
0.64602000
-0.43149900
-0.24710600
-0.47349300
0.41426200
-0.25300600
-0.45968800
-0.27065100
-0.82273400
-0.37610600
0.07692830
-0.29715900
-0.24294000
0.75082200
-0.46264700
-0.48739600
0.04760890
-0.24329200
0.25416300
-0.32919600
-0.12054300
0.62716200
0.75620100
-0.27441900
-0.34246700
0.46092400
0.36787400
-0.35601800
0.41703800
-0.64286300
0.17968900
-0.46487200
0.36133500
0.68303400
-0.00126319
-0.63272400
0.13071900
-0.33328500
0.03454350
0.10773800
0.70602200
0.30576100
-0.62273500
0.11424300
0.42550600
-0.79775400
-0.56973700
-0.16248400
0.21621600
-0.40999100
0.39453100
-0.28450500
-0.29424300
-0.39306700
0.00006564
-0.43083500
0.50475800
-0.11813900
-0.24671700
0.27858500
-0.24542500
0.09955770
-1.37386000
1.33870000
0.55140200
0.51358900
-0.14845600
0.06705260
0.27878400
0.74397800
-0.22522800
0.03499750
0.72230400
0.04796890
0.67468600
0.14296300
-0.01540950
-0.39257900
-0.26888500
0.32472400
0.53545000
-0.10263100
-0.52749800
1.18870000
-0.50741400
0.85802000
-0.40417300
-0.09579550
-0.11006200
0.47385000
0.17699700
0.38019000
0.25126800
0.12013300
-0.03813900
0.37629700
-0.65178000
-0.01135410
0.47998100
0.28407600
-0.60598700
0.40642400
0.12424700
0.10443900
-0.00640035
0.73892400
0.42665600
-0.59442400
0.37167700
0.01038170
0.36175900
-0.12495300
-0.73669200
-0.10359100
0.31884200
-0.31391600
-0.90624200
-0.01853360
0.12231400
-0.43035800
-0.46984400
0.14909500
-0.41783000
0.65262300
0.75092500
-0.00636975
-0.23874300
-0.29233200
0.44355600
-0.57531400
-0.10457700
-0.25998400
0.07419550
-0.01335600
0.13639400
0.33722500
0.38748700
-0.17378100
0.75292800
0.17266400
-0.63058800
-0.27214800
0.27505500
1.40660000
-0.19321800
1.17953000
0.98257700
-0.28212300
-0.18610600
-0.31650200
-0.18387100
0.39613500
-0.07949480
0.51198800
-0.29161200
-0.18631000
-0.05083130
0.07040430
-0.16028100
0.28197300
-0.71815600
-1.19494000
-1.21032000
-0.36766000
-0.44884800
-0.32701000
-0.02285470
-0.15158700
-0.55071400
-0.42551100
0.19610300
0.22220000
-0.19621600
0.10327400
-0.28496600
0.12659700
0.90535100
-0.16523500
0.42136800
0.10413100
-0.38387800
0.06595720
0.00325395
0.89223900
0.55541800
0.61481400
-0.26929000
-0.05007790
-0.15760700
0.25031300
-1.11521000
-0.66738900
-0.24827400
-0.46951200
-0.47014300
-0.89463900
1.75039000
-0.31670200
0.09573550
-0.60035000
-0.25541500
-0.02358910
-0.77355300
-0.29626200
0.18136900
-0.57619100
0.59479600
-0.32849900
0.83188500
-0.14782800
0.17783900
0.02865150
0.16769200
-0.29640000
0.47385000
-0.14121500
0.42774600
-0.38642800
-0.07162310
0.03992930
-0.27933300
-0.57934800
0.23675800
1.37636000
-0.48306500
-0.75227500
-0.44310800
0.15462600
0.08671330
-0.36568700
-0.53981100
-0.06472780
1.79371000
0.51423500
0.17305500
-0.20608200
-0.16212300
-0.38075500
-0.71921500
0.52380500
0.28673000
-0.29735300
-0.02591770
-0.37624900
0.44079600
-0.29167300
0.45333700
-0.70971300
-0.06442040
-0.52670800
0.20955000
-0.71324300
-0.28374700
-0.08093060
0.53901100
0.19771000
0.44333500
0.37798600
-0.52312200
-0.25775300
-1.10594000
0.26442800
1.13435000
0.46769700
1.23112000
-0.13726000
1.56629000
-0.26587900
0.75248500
-0.45925700
-0.18081700
-0.15172300
0.11802600
-0.13019200
0.19308700
0.65727300
0.73379900
-0.01181770
-0.28836200
0.14055000
0.02725660
0.53520800
-0.22389900
-0.75052900
0.95881700
0.23920600
-0.30533200
-0.02512960
0.10943200
0.09722220
-0.31517100
1.57305000
-0.21682700
0.62012300
0.34862400
0.02314290
-0.22615000
-0.36335600
-0.60134100
-0.37909600
0.44909400
0.14433800
0.46557600
1.07355000
0.44817100
0.08912730
0.35503400
0.55835000
-0.29509400
-0.50894700
-0.96405700
0.28050300
0.28258900
0.06872300
-1.19677000
-0.26251300
0.03950900
-0.17046500
-0.50317500
-0.17579400
-0.25874000
0.01266860
-0.66316500
0.59282300
-0.15531600
0.79526100
-1.02343000
-0.19055600
0.71670100
1.99988000
1.19416000
0.49049900
-0.04107030
-0.13870300
-0.26065900
0.77912100
-0.03442810
-0.19306700
0.53755200
0.33999500
-0.71292500
0.60355400
-0.45313400
0.03569960
-0.06366360
0.13261600
-0.25785000
-0.13007200
-0.48233700
0.09884740
0.00268709
0.23852600
-0.18270900
-0.26553400
0.20460000
-0.03226770
-0.42221800
2.03019000
-0.19806800
-0.40769200
0.03555950
-0.11016700
-0.92604600
-1.13335000
0.25839100
1.15067000
0.12984600
0.09834840
0.16450400
0.21448000
0.63361000
0.12730700
-0.08452180
-0.26364100
0.22014000
-0.57220800
-0.12306800
0.50990300
-0.29687200
-0.02524310
0.47136200
-0.24003800
-0.17340100
0.60090700
0.06222540
0.29866500
-0.24629600
-0.22336200
0.02253970
-0.21416700
0.65459500
-0.18601800
-0.38599000
-0.27768200
-0.31146300
-0.08103240
-0.05006430
-0.11010000
-0.17853000
-0.53287800
-0.43169600
-0.15455100
-0.28286000
1.02731000
0.10355100
1.44743000
0.99438800
-1.28517000
-0.59074300
-0.66455600
-0.15574600
-0.35105000
-1.36172000
-0.31932300
-0.59058100
0.06380110
-0.69376600
-0.45986700
-0.22542000
-0.29812600
-0.59077900
-0.08904380
-0.57007100
-0.39790500
0.27599800
-0.94570900
0.56337000
-0.55989500
-0.02820830
-0.39194600
-0.06700370
-0.13853300
0.32634400
0.67689800
0.17338400
1.93890000
0.97142700
0.98442400
1.23050000
1.00568000
1.45531000
-0.22938000
-0.00292343
0.41176300
0.38317400
-0.12234700
0.93595200
0.37333000
1.60136000
0.27484100
0.20521400
1.71055000
0.79638500
0.28028000
0.00059304
0.46826300
0.04292190
0.48863700
0.37521800
0.06703230
0.30776800
1.27475000
-0.27024500
0.05539150
-0.22518000
-0.29930700
-0.41129900
-0.81602400
-0.24479700
1.32717000
-0.44288500
-0.76039000
-0.43825000
-0.31017000
-0.11431500
-0.37608400
-0.09623450
-0.08252610
0.04677760
-0.11269900
0.28833900
0.37288900
0.28855700
-0.47435600
-0.32264600
0.44658900
-0.22607500
-0.07520930
0.00022985
0.06210850
-0.57519700
-0.74921400
-0.36076500
-0.40300300
0.03170230
-0.44579200
1.66263000
0.15317700
-0.38848100
-0.15877800
-0.51669600
0.42303400
-0.75996600
-0.61545400
-0.26100800
-0.16169400
0.19623800
-0.46770200
-0.11303300
-0.08980530
-0.34796500
-0.38443400
0.93210600
-0.51287700
-0.99506200
-0.76441000
0.89813600
0.47787300
1.13344000
0.35897700
-0.99732100
0.10470400
-0.37588700
0.43734500
-0.91050100
0.01666560
-0.28816300
-0.00140045
-0.88373000
-0.47908400
-0.26742600
-0.34278300
-0.28182500
-0.49152400
-0.43424500
0.08754610
-0.90907900
0.17832300
0.21473600
-0.13192200
0.16142400
0.05984070
0.18903500
-0.30251900
-1.08079000
-0.40978500
0.38578900
-0.16173000
1.11305000
-0.69829600
1.05742000
-0.41611900
-0.28955700
0.07125420
0.94036300
0.40068000
0.26604800
-0.45159800
0.08329410
-0.53766600
-0.01140190
-0.05778300
-0.21383100
-0.04499810
-0.16286500
-0.03095280
0.08916260
-0.28514600
0.75171100
-0.15980600
-0.50665600
1.43412000
0.50075700
-0.32338000
0.00957666
0.54876200
0.44034700
0.06630220
0.20176100
-0.05063570
-0.17550200
-0.26932100
0.05131440
0.26668900
-0.42144200
-0.34291300
-0.12838100
0.13126900
0.25073300
1.41901000
0.92498000
-0.11219700
-0.51214800
0.14484400
0.51109900
-0.68002700
-0.13915900
1.44295000
-0.48217000
0.30306800
0.64484600
-0.05441810
-0.75510000
-0.28349100
0.46987400
-0.46371200
-0.18392500
0.09115950
-0.44556000
0.41893400
-0.50363200
1.99736000
-0.27453000
0.28918100
-0.36465400
0.25789700
-0.10039900
0.24592600
0.57882500
-0.07762890
-0.64599100
1.80842000
-0.32829100
-0.24647300
-0.44067900
-0.47541800
0.84312100
0.59850000
0.47576300
-0.20777600
-0.56070400
-0.88471800
0.34348500
-0.45910900
0.92567100
-0.29730800
-0.57217700
-0.15604800
0.04650310
1.48957000
0.66002100
-0.62819400
0.42314700
-0.71954900
0.01872700
0.44490500
-0.09523770
0.00307465
-0.25452300
-0.27171400
0.01374960
-0.21310700
0.09051230
-0.50203100
1.15495000
0.47823500
0.03924990
-0.63552000
0.20092500
0.09573310
-0.29602000
-0.23162100
-0.39254300
-0.13990700
0.03429050
-0.19607200
0.07270550
-1.16605000
-0.19293500
-0.80898900
-0.03551970
-0.58022000
1.75698000
-0.08459340
-0.46022800
-0.34933900
0.18732800
-0.48585900
0.02538420
-0.06743890
-0.17338300
-0.04942520
-0.24283300
-0.01613360
-0.87587200
0.02939130
-0.53598100
-0.46207800
0.35426200
0.10428600
-0.08535660
-0.65175300
0.21097900
0.33136500
-0.62237700
-0.03986060
1.18243000
1.19450000
-1.09599000
-0.01583770
0.07086660
0.01649270
0.85619900
-0.91137200
0.48650100
-0.42762000
-0.05412370
0.14295800
-0.45284100
-0.41281200
-0.08782900
-1.03442000
0.45199000
0.21213000
0.61748300
-0.88357000
-0.51402800
-0.32002800
0.25117100
-0.22180200
-0.19893600
0.18732800
0.22493900
0.05158350
-0.66255600
-0.07997520
-0.19039800
-0.51590700
-0.11655400
-0.15342500
-0.53462700
1.39759000
0.14699800
0.27639000
0.92233100
-0.14422200
-0.62525700
-0.24271600
-0.44388800
0.07047370
-0.28116300
-0.73675500
-0.19704700
1.77000000
-1.06984000
-0.21022200
-0.44383900
0.04788930
-0.19085100
0.08777320
-0.81817700
-0.34580000
0.23673200
-0.14876200
0.49104300
-0.20001900
-0.27829300
0.07821760
-0.33011300
0.04769970
-0.72142900
-0.85127900
-0.49253100
-0.27018300
0.03857880
-0.14900600
-0.38820300
0.50795400
0.11954000
-0.03597570
0.15909800
-0.62820200
0.82646300
-0.31443300
0.49498600
0.04499790
-0.59188300
0.29505600
1.39812000
-0.21153100
-0.25560000
0.09784430
-0.08350880
0.44145400
0.64274000
-0.02083880
0.69262800
0.27742000
0.14128800
0.06232600
-0.40746900
0.48186200
-0.06383090
-0.70842500
-0.30237400
0.32921500
2.83784000
-0.81816200
-0.09415890
-0.46082200
0.71197400
0.98052800
0.58418200
1.20455000
-0.25760900
2.30866000
1.62181000
0.22320900
0.72188600
-0.11673100
0.11390100
0.91521400
-0.99264100
0.33764600
-0.24863100
-0.04611540
-0.19384200
2.92723000
-0.27018800
-0.70968000
0.42019300
0.06131610
0.04151100
0.52363200
1.67236000
-0.42048600
0.09189640
1.37976000
-0.10502600
-0.39474400
0.13465500
-0.70162700
-0.09701350
-0.80747100
-0.49050600
0.32769100
-0.06364930
-0.16436200
0.50944000
0.55796600
-0.67214600
-0.24882500
0.53455800
-0.46115300
-0.97852900
0.09611890
-0.88650900
-0.45574600
0.22953300
-0.14689000
-0.68741000
0.81304300
1.27259000
0.35100900
-0.33654000
-0.47376200
0.60754300
0.22804200
-0.18482900
0.47889000
0.04162760
-1.00967000
0.39624000
-0.48465300
-0.29276800
-0.16058300
-0.07357430
0.03640660
-0.67041900
-0.44366400
-0.73607800
0.82438400
-0.26222200
-0.30529700
0.27203600
1.09743000
0.46473400
0.28905900
-0.28088200
-0.62459900
-0.37028100
-0.47402100
-0.28739600
-0.45867800
0.04013940
0.10743600
-0.52396700
-0.17918400
-0.38435800
-0.05992080
1.27161000
-0.18478200
-1.02817000
-0.32823800
0.07628200
0.39003400
-0.07870480
-0.13260200
-0.22609300
-0.53584000
-0.48994500
-0.89032800
-0.16623000
2.10082000
-0.35547500
0.18093100
-0.91808400
-0.27188600
0.84217500
-0.76891700
0.12875700
-0.35212800
-0.23311600
-0.03543040
2.03207000
-0.22196100
-0.43714100
0.54701800
0.28313100
-0.78166300
-0.60456900
-0.07922330
-0.08478030
0.13967000
0.98297800
0.40575800
0.78452100
0.09758510
1.49315000
0.77237100
0.87759300
-0.11978600
1.04780000
0.02753180
1.07715000
-0.13914600
-0.23386000
-0.39049100
-0.68314500
0.38691200
-0.34817100
0.36214000
0.38046400
0.02292030
0.11531400
-0.74440600
0.15718300
-0.57396200
0.75670600
-0.04190520
0.37373600
-0.31920400
1.09298000
1.33250000
-0.46247700
-0.78237600
-0.43356800
0.13832500
-0.13607600
0.47719800
-0.62075500
-0.07101210
0.17571000
-0.62806700
-0.35986300
-0.08651280
0.02961610
0.24967400
0.83106100
0.19065300
0.30310600
1.04977000
-0.26161200
-0.22412600
-0.30127000
0.19910100
0.16181600
0.07363200
0.15919400
-0.60086800
-0.85013800
-0.44520200
-0.73941000
-0.40831800
-0.54316500
0.00182431
0.23305200
-0.40948900
-0.47035000
-0.13718900
-0.15281900
0.38702500
0.22133200
-0.20453600
0.22301100
-0.09917150
0.03465650
0.56323400
-0.71053800
0.05655300
0.09291800
-0.33585300
0.74695100
0.51107200
-0.18482700
-0.14065000
-0.14519800
0.25145700
-0.36687800
0.07839940
0.46690700
0.05118360
0.59093000
0.28662400
0.98695400
1.04489000
-0.31634100
-0.28576600
0.59405800
-0.50839900
0.17265900
0.60039600
-0.40634700
-0.62181600
-0.46153100
-0.23744700
-0.04538840
-0.69739700
0.56681800
0.80046100
1.07314000
-0.58092800
0.78978400
-0.52999000
0.07547280
0.27391200
-0.04315510
-0.02541800
-0.00775434
0.47910400
-0.46056000
0.06415110
0.15875100
0.56958300
0.56958300
-0.29287100
0.05430160
-0.45060600
-0.56749000
-0.18017900
-0.23262500
0.16928800
0.68930500
-0.79804300
-0.08180450
0.37572500
-0.10854800
-0.24334100
-0.30416000
-0.38486900
-0.16313600
-0.68130700
1.65545000
0.38411200
-0.05131580
-0.65068800
0.26671600
0.18719200
0.24228100
-0.36402400
0.49176100
0.22444000
-0.34953700
-0.12854600
-0.77815100
-0.24979000
-0.50070700
-0.06441610
-0.56279200
-0.18724100
-0.60179000
-0.19734000
0.30920800
0.22660500
-0.31771300
0.91061500
1.22404000
-0.54258500
-0.06144890
0.03753380
0.12681800
0.31415300
-0.67319200
-0.10740300
-0.65564100
0.10015700
-0.63435000
-0.03040690
-0.18768800
0.27186900
1.06185000
0.00990821
0.17261900
-0.17773300
-0.64533900
-0.38640300
0.41106800
-0.15996000
-0.23850000
-0.47956500
-0.18118000
-0.02990420
-0.27397800
0.46791200
0.07208520
-0.25034500
0.34346700
1.22801000
0.03592930
-0.33295600
-0.53789400
-0.21219000
0.29729000
-0.74098000
2.18000000
-0.37145300
0.42822300
0.12820300
-0.96602700
0.07305510
0.70486700
0.50333500
0.35475400
-0.14579700
0.95930800
-0.47947100
0.32489500
-0.04030130
-0.28235400
-0.11659600
0.15171700
0.19556400
0.87514600
1.13977000
2.55192000
-0.66197500
-0.28912500
0.08385810
0.67676800
0.12823000
-0.03471780
-0.13864300
0.41268100
0.00990112
-0.55494600
-0.20649400
-0.20769100
-0.39544700
-0.28687200
0.28322600
-0.83224700
0.17718400
0.07765050
0.05567530
0.17362800
0.15662700
-0.52928600
0.35753800
0.08479230
0.53093300
-0.26966600
-0.48351100
-0.33305000
-0.15831100
-0.11918400
0.02423840
-0.77932000
-0.41043500
-0.00710766
-0.05477830
0.26820200
0.39790500
-0.18932700
-0.04942100
-1.10467000
-0.22006300
-0.64218900
-0.11540700
0.48190600
-0.07427410
0.08691940
-0.67220600
-0.44099700
0.41168700
0.99004600
-0.35568500
-0.77323100
0.41231700
0.08455080
-0.30146100
-0.26005100
-0.35776800
-1.32091000
0.10329200
-0.58969200
-0.00078719
0.07998250
0.11281400
0.24222400
0.19026400
0.61906900
0.07110440
1.66467000
0.72828100
-0.25954200
-0.22593900
-0.15182200
-0.57270800
-0.00421237
0.50731000
-0.07790710
-0.46184900
1.33136000
-0.32405500
0.65239800
-0.11820600
-0.30568600
1.43757000
0.43890700
0.51410200
-0.06320070
-0.34293600
-0.48084300
-0.49100600
0.55524000
0.22219300
-0.41326500
-0.63250700
-0.10903400
-0.49586600
1.89337000
-0.03983980
-0.18491700
-0.13053000
0.25773400
-0.65944200
1.58097000
0.44672200
-0.62557300
-0.22788600
-0.37389400
-0.38176300
-0.22429200
-0.41845100
-0.66577600
-0.38404800
-1.18396000
-0.15342800
0.83188400
-0.73930500
-0.50085200
0.05017890
-0.86440000
-0.73161400
0.83603500
0.96698100
0.06637450
-0.08030240
0.12358300
-0.70038300
0.11939200
-1.01378000
-0.60408100
-0.43750900
-0.67979100
-0.51117100
0.65576900
-0.27541900
-0.28910100
-0.33847200
0.22895400
0.30132700
-0.02143610
-0.03563530
0.37913500
-0.51034300
-0.32553600
-0.10337000
1.21449000
-0.55303900
0.52809700
0.29499000
0.49524200
0.35987200
-0.08148430
-1.09468000
-0.63909700
-0.24448200
-0.40879000
-0.64185500
0.65089500
-0.09366420
-0.06611830
-0.23826100
-0.90715800
0.78145900
0.07970550
0.51647000
-0.55972400
0.72290700
-1.08452000
0.25521500
-0.59952600
-0.28819200
-0.10806500
-0.26869900
-0.18888300
-0.51533600
-0.31910500
-0.37774800
0.13736700
0.07917980
0.79375100
0.15523100
0.20686000
-0.01336360
-0.79546500
0.36666000
-0.21789800
-0.64185600
-0.86793200
0.06572080
-0.18195200
0.41305400
-0.10122400
0.36776200
-0.64786800
0.04642120
-0.14444800
-0.31070300
-0.48901800
-0.11539100
-0.43200100
-0.31495200
0.01644020
0.14296600
0.12887200
-0.52225100
-0.12737300
0.39404000
-0.42648400
0.20563700
-0.21444500
0.18522900
0.19380400
-1.02588000
0.42316200
-0.28609400
-0.19524200
-0.46155900
0.03633460
-0.43287400
0.06258690
-0.38721300
0.41166700
-1.07244000
0.43861100
-0.34864300
0.22581300
0.46572600
0.33374900
-0.44192900
0.24947200
0.41176600
-0.29937800
-0.40265500
0.36594200
1.11768000
-0.45219000
0.42589900
-0.23306400
-0.56851500
-0.13713300
-0.35054000
-0.45207500
0.17039900
0.13022000
-0.27465000
0.37354800
0.02621730
-0.26697900
0.59814900
-0.44905700
-0.11997300
0.34207400
-0.61715900
-0.58768200
-0.22774900
-0.18243900
0.56047600
2.39818000
-0.74777500
0.05234750
-0.80657400
-0.29534600
-0.03878760
-0.91080500
1.07922000
0.71569300
-0.17162300
0.41176600
0.05076180
-0.26819700
-0.04083860
1.20890000
0.33557000
0.13393200
1.60763000
0.60920200
-0.88975900
0.16284600
0.07717690
1.11391000
0.40190600
0.52822000
-0.35697000
-0.50176600
-0.26308000
0.77927100
0.67332900
-0.60545100
-0.24840200
0.25861400
-0.43585000
-0.66005500
0.00824692
1.25876000
1.29167000
1.09674000
1.42631000
0.83152300
1.09787000
0.84089500
0.35180900
1.57708000
0.75157900
0.35623700
0.60013000
0.84951900
2.21415000
-0.10292000
0.35137500
-0.08386350
-0.04021190
-0.56754100
0.17984000
0.04296920
0.40647100
-0.03005100
0.85175000
-0.49435100
-0.39773200
-0.26277700
1.84993000
-0.00882248
-0.59636500
-0.61696600
0.12532300
-0.29882900
-0.61254300
0.05508120
-0.23103000
-0.39299900
-0.35242800
-0.17378100
-0.04616880
-0.03725670
-0.10591300
-0.57352100
-0.10860900
0.62390700
-0.60820400
-0.94743000
-0.21877300
-0.45862100
0.06843550
0.16608100
0.11678500
-0.06902740
0.62550000
0.61294200
-1.20079000
0.54176700
0.40215600
-0.07646330
-0.24013500
0.27996800
-0.21515200
-0.19372500
-0.16705300
-0.43826500
-0.21269300
-0.91194900
-1.24125000
0.08482500
-0.52200500
-1.06784000
-0.59829600
-0.17916000
-0.46553500
0.08777340
0.28942500
0.35297000
-0.32825500
-0.27685500
0.19982600
-0.85145200
0.03945750
-0.73784400
0.27032100
-0.62774200
0.07227690
-0.06805640
0.05906930
-0.79399600
1.39287000
0.17060100
-0.70076700
-0.16802200
-0.21597800
0.03204510
0.17729000
0.01977290
-0.46160900
-0.26139200
-0.37041700
-0.13190200
0.16524600
-0.16861900
-0.34006000
0.21828500
-0.29048500
-0.69676500
-0.53830200
0.37494500
-0.35979800
0.11849300
0.05061500
0.05774780
-0.56313500
-0.35008400
0.67046600
-0.31320300
-0.45391100
-0.06679760
-0.42466600
0.23299900
-0.49936000
0.47703700
0.00841788
-0.07763350
-0.50263800
0.57904900
0.57817300
-0.12332100
-0.22469300
0.15587000
-0.07765400
-0.13941900
0.11494500
0.30133400
-0.19507800
-0.17574300
-1.20363000
0.82708400
-0.21297700
0.37657100
-0.96117400
0.38022100
-0.89367200
0.77215300
-0.42403800
0.08486530
-0.14642700
-0.40663800
-0.54728200
-0.11708700
-0.31079200
-0.63119400
0.00999470
-0.03526170
-0.83241000
-0.32720800
0.09566510
-0.73317300
-0.49659400
-0.17960300
-0.32362200
-1.03540000
0.06920020
-0.06352410
-0.43220500
0.42515700
-0.19010400
0.10513400
-0.68880300
-0.50746900
-0.78745500
-0.13440400
0.00804634
0.69436700
-0.72147600
-0.42545700
-0.06035550
-0.05881340
-0.65894100
-0.02018100
1.23563000
1.97008000
2.90672000
0.49834500
0.40925200
0.53261800
-0.51146900
0.06202800
-0.08977320
0.47086300
0.04432000
0.30472500
0.27167100
-0.42029900
0.14063400
-0.15997900
-0.11547900
0.14040400
-0.11084900
-0.00660171
-0.50438900
0.45404900
0.48495100
-0.58565700
-0.35015800
-0.26373800
0.14109100
-0.85521100
-0.16009000
0.47835500
-0.14510400
1.44986000
0.46683700
0.03134090
-0.38095600
0.29715500
-0.24721100
-0.57303300
0.00942110
-0.60929100
0.96529600
0.33461300
0.80135000
-0.62500300
0.23155900
0.28370200
0.73352000
0.68995700
-0.16747500
-0.22440300
-0.15401100
-0.43595200
-0.63964500
-0.20270100
0.63216900
-0.38382700
0.31197100
0.08596150
-0.23249800
-0.11766400
-0.05138810
0.09503070
-0.04339900
-0.38702900
-0.09482470
0.07382180
0.11905200
0.20326900
2.09968000
-0.95722500
-0.81981200
-0.66781900
0.35240700
-0.41291500
0.98741300
0.31804000
0.44521900
1.07665000
0.64427700
-0.44944600
-0.07838760
0.20834400
0.09317090
0.13202000
-0.14257500
2.44643000
0.69687600
-0.65460200
0.49644400
-0.61290600
-0.45185200
-0.43972000
0.57518300
0.76827900
0.34707400
-0.26972600
0.55895200
-0.52898300
0.43429400
0.58631200
0.17685600
-0.20267600
0.29539700
-0.04868450
-0.13423200
-0.26935000
1.23822000
0.73437200
-0.06108940
-0.15609600
0.12472300
1.23476000
0.74346300
-0.27957100
1.09058000
0.28701700
-0.32982900
-0.47821200
-0.46210600
-0.13091300
-0.36480700
-0.27187200
-0.32860200
0.17900800
0.38789500
-0.29256000
-0.78575900
-0.04540470
0.88822500
-0.19701700
0.19200500
0.80622100
0.12854800
0.50463500
-0.46381600
3.09218000
1.02394000
0.24724700
-0.26068300
-0.09542740
-0.23408500
-0.49103400
0.22000700
-0.07525990
-0.11420500
-0.42114100
-0.46849000
-0.48060700
0.70260300
-0.26520900
0.39538100
-0.92938600
-0.54388900
-0.54490600
-0.13975700
-0.32290600
0.10298400
0.26352000
0.09019890
0.06531700
-0.00987156
0.04421810
0.04970600
-0.20346600
-0.04876360
-0.01348760
-0.13024100
0.93506800
0.08512700
0.05991650
-0.35195500
-0.47260400
-0.52015400
-0.01917890
0.10552200
0.05091620
0.22103800
-0.36567700
-0.40855600
0.04342150
-0.34646400
-0.21772500
0.03518300
0.23244000
-0.16881400
-0.53624100
-0.17111300
-0.22292100
-0.07628190
0.03610980
-0.05096570
-0.55073700
0.06526340
0.30379700
-0.47030900
-0.19226700
0.34562000
-0.85135500
-0.75347100
0.37968200
1.02211000
0.62646100
0.11610200
0.18174200
-0.82594500
0.21902200
2.36496000
-0.05074710
0.13407700
0.01132610
0.23027300
0.14396500
-0.25092600
0.37328800
-0.45736600
0.01911550
-0.40132300
0.05078230
0.22580800
0.28904500
0.29888900
-0.04978800
0.27821900
0.49778700
-0.87465100
0.23868800
-0.78607200
0.29734700
-0.66170200
0.37915800
-0.42897100
0.10652700
0.11322100
-0.13744500
0.55078200
0.13994300
-0.14858500
0.26810300
-0.44325800
-0.14169700
-0.34223900
-0.16163400
-0.47938400
-0.28338300
-0.74043600
-0.08624180
0.18360500
-0.52904000
0.03994440
-0.05941720
-0.47150700
-0.42273800
-0.52338700
-0.07179470
0.68437800
-0.35197600
-0.30789800
0.19989000
-0.45740500
-0.43933600
-0.02871990
-0.23416700
-0.26997500
-0.20884300
-0.38758300
-0.26995300
-0.54526200
0.10688800
2.48514000
-0.30042200
0.95638200
-0.24370400
-0.14905000
1.18859000
1.43196000
-0.11276300
-0.69061600
-0.91043300
-0.87303100
-0.14470000
-0.04507510
-0.48579300
-0.50418800
0.32911400
-0.01046780
-0.03491890
-0.13594600
-0.60881300
-0.16522800
-0.07242470
1.98366000
0.89780200
-1.11240000
-0.21147800
0.24767700
-0.09253790
-0.29834300
-0.05418320
-0.49696800
-0.51667300
-0.02877280
0.39028600
0.37316900
0.37858400
0.23309300
-0.56461600
0.46933300
-0.20337600
-0.52251600
-0.23844800
0.99908800
-0.12743500
0.55231500
1.54943000
1.08914000
-0.04958610
0.04157580
-0.81735100
-0.67430100
0.04049390
0.63841200
-0.82992200
-0.57035000
0.81419600
3.72057000
1.02262000
0.67589600
0.22240400
-0.21151900
0.02008350
0.29940100
-0.58494300
-0.65540100
0.02423080
-0.27145800
0.47591000
0.27437600
-0.39015800
0.46181500
0.55376800
0.01024700
-0.08626960
-0.47593200
0.15227500
0.27047700
0.54708100
-0.03220970
0.41122000
-0.00186418
0.06299810
-0.26091100
-0.00048743
-0.11976700
0.55177200
1.83315000
-0.09415210
-0.52900100
-0.69721300
-0.86566100
-0.09014580
-0.26626800
-0.67319500
0.72214500
0.48440700
0.46042700
-0.19956100
0.09213380
-0.81472200
0.45032400
-0.62179800
-0.06666890
0.00361331
0.40290300
-0.20696700
0.07835650
0.11218000
-0.06970340
-0.65955400
-0.20227400
0.78333100
0.83524700
0.28827800
1.64319000
0.52460200
1.71539000
0.60215600
-0.23312600
-0.31682400
-0.17834300
-0.34615700
-0.12030500
-0.33878900
0.06190050
-0.18674100
-0.03634990
-0.37693700
0.13196000
-0.65743200
-0.08191190
-0.84684800
0.11151300
-0.51410200
-0.94545400
1.02429000
-0.82903400
0.54391000
-0.11043200
0.45946800
1.18793000
0.14463800
-0.30569300
-0.49503800
-1.00838000
0.06176490
-0.56445600
0.25279000
0.04172690
-0.56485500
0.52988200
-0.65251400
0.67661500
-0.30303700
-0.54711400
-0.23577400
-0.32641500
0.97122800
-0.73942500
0.43863000
-0.94769900
-0.07021080
-0.44355000
-0.04948740
-0.22036200
-0.18497400
-0.38759500
-1.57888000
0.23684400
0.18447700
-0.80672400
-0.12818400
-0.21118700
-0.10467900
-0.42653100
0.21608200
-0.17971200
-0.21252700
-0.38307800
-0.29176800
-0.37803300
0.75806900
-0.53960100
-0.75078700
-0.12212500
-0.58350400
-0.43667400
-0.63441300
-0.31758500
-0.50477200
-0.26986700
-0.57617500
-0.42182000
-0.43752900
-0.05858570
0.67443700
-0.12188100
-0.17591500
0.14885700
-0.01441380
-0.31007500
-0.44389200
0.00259726
0.01673190
-0.58864300
0.13772800
0.32819600
0.39077600
-0.96361000
1.18083000
0.23604600
0.72927900
-0.48640100
-0.73305700
1.34986000
-0.33956600
-0.28192600
0.38867300
-0.28757300
-0.34974200
0.33733000
0.29919200
-0.41427800
0.04818800
0.38563200
-0.38655800
-0.57488700
-0.44035600
-0.47919200
-0.04315020
0.47831500
0.29784100
-0.26536500
-0.59897100
-1.36394000
-0.37345600
-0.30603800
-0.19742200
0.29316200
-0.32009000
0.23026400
-0.34756700
1.07675000
0.10582500
-0.38112000
-0.33874100
0.24216800
0.25221700
0.02424920
-0.51571700
0.91042800
-0.22630500
-0.09062780
-0.11955900
-0.02990390
-0.75799000
0.33445000
-0.21002000
-0.46784200
0.18830100
-0.48851000
0.60529700
-0.10486800
0.00428501
-0.47217100
-0.15138500
-0.42513800
-0.55959100
0.40887600
-0.57866200
-0.10274700
0.96731700
-0.05395470
-0.28326300
-0.07723540
0.46198500
-0.47556100
-0.04913230
-0.65560300
-0.00674998
-0.81565600
0.33910100
0.05452040
-0.31972900
-1.31280000
-0.03691070
1.62269000
1.04401000
-0.61732200
-0.13192100
0.22573600
-0.19951900
0.63415700
0.13176000
-0.42264500
-0.64721600
-0.45549200
-0.50418900
-0.60596400
0.05258270
0.06696330
0.16565500
0.14969500
-0.00690373
0.06237650
0.37811900
-0.41962800
-0.37935000
-0.30410900
0.32370600
-0.37693700
-0.96132900
-0.55143200
-0.74626100
-0.14984200
1.24006000
-0.49917700
-0.81431900
-0.04922210
-0.55849200
-0.05625790
-0.60914400
-0.24669700
0.40659100
-0.05606540
-0.70117300
-0.36020800
-0.03969020
0.76328300
-0.60539100
-0.84859200
-0.40955200
0.18934900
0.38026300
0.54128800
-0.70032000
-0.49012000
0.00565884
-0.33356200
-0.55710500
-0.55365400
-0.32714700
0.00340004
-0.25326500
-0.37066400
-0.24760300
0.55819200
0.28707800
0.17984600
-0.30680500
0.01187120
-0.65506800
0.04424440
-0.02730150
-0.28589300
2.33775000
-0.47140500
0.02047990
0.21118200
0.04766060
-0.37075100
0.75606800
-0.21438900
0.13300300
0.21505900
-0.97802000
-0.67159400
-0.43197900
0.36392400
0.18923600
-0.40800300
-0.55806400
-0.19189400
0.15409100
0.00422633
-0.06969410
-0.25583700
-0.23490300
-0.34780300
-0.32732600
-0.12241200
0.02032880
0.57938300
0.52104500
-0.26448600
-0.36020400
0.02580250
-0.29805900
-0.04938840
-0.03699460
-0.23641800
1.41183000
-0.07245870
-0.11591500
-0.77139400
1.53158000
-0.96822700
0.60659200
-0.20622400
0.25893200
-0.74048300
-0.21507600
-0.36170300
-0.55564500
-0.31932800
-0.77136800
-0.51042600
1.54553000
0.30434600
0.16429900
-0.19617600
-0.51867800
-0.05851550
-0.16772900
-1.00812000
-0.64276300
-0.31710300
0.56592100
0.49165600
0.13843000
4.13849000
0.76688900
0.84609200
-0.17033500
0.06065800
0.69859000
0.48196600
0.55595700
0.16885400
1.42668000
-0.82309500
0.12118400
0.12838800
0.10611200
-0.58989400
0.09858990
-0.55191900
-0.03561650
-0.36389400
-0.48580200
-0.45785000
0.00361982
-0.42500200
-0.43152000
-0.04870890
0.90222900
-0.23439800
-0.51567400
0.06680930
0.24981900
1.41504000
0.31539800
-0.40424500
-0.16462200
-0.09487150
-0.20513800
-0.13952200
0.26475100
0.29057200
0.57015000
-0.22176900
-0.19797400
-1.19612000
-0.15756100
-0.31486400
0.06392260
1.16083000
0.88869800
1.09661000
0.68159300
-0.73582500
-0.27785000
-0.99405700
0.48215200
-0.50185900
-0.30496800
-1.06194000
-0.50807400
-0.96326500
-0.36673200
0.12505700
-0.26888600
0.47255800
0.27865600
0.81748200
-0.18676000
0.70403200
-0.24931800
-0.22610300
-0.50475800
0.10413800
0.25321900
-0.21776100
-0.48098300
-0.71361100
-0.17490100
-0.19346000
-0.37589100
0.57957700
0.21079000
-0.16921500
-0.58983900
0.30425000
-0.48711100
0.00798012
0.05481770
0.46493600
0.07810040
-0.01529000
0.18273500
-0.74108400
-0.46416600
-0.11983300
0.31882200
0.08911050
-0.27928800
-0.12993000
-1.16352000
0.09534880
-0.54801100
0.77285400
-0.12631900
0.15038900
-0.13486500
-0.99605800
0.43285500
0.94663800
-0.51378000
-0.37932400
-0.12357000
-0.34954300
-0.41620500
-0.57102300
-0.05374670
0.32400100
-0.59352400
-0.25919300
-0.56624600
-0.23577000
-0.80367400
-0.08717230
-0.65930200
0.49101600
-0.38307800
-0.33399500
-0.36277800
-0.05682650
0.03895620
-0.14017000
0.59930300
0.33342600
1.06129000
0.07942240
-0.68794400
-0.62939100
-0.18248400
0.09006950
-0.64629300
0.57994900
0.29951900
-0.59687100
0.31691800
-0.63597500
-0.15391800
-0.25451600
-0.23358700
-0.57810000
-0.14014900
-0.04544630
-0.48588600
-0.37806800
-0.58774200
-0.62277800
-0.29285800
-0.28170300
-0.72827700
-0.32298900
-0.55375900
-0.09539450
-0.08024940
0.59511400
-0.15832700
-0.34606600
0.36682200
-0.36471800
0.29330200
1.24529000
-0.24102200
-0.16506700
-0.40948000
-0.48452000
-0.20273300
-0.70533800
0.22737700
0.21948500
-0.71217600
0.33146000
0.17588400
0.55121700
-0.17532600
-0.38451600
0.20397000
1.43582000
-0.47265600
0.72260700
0.59947300
-0.38237500
-0.49073900
-0.15211600
0.66600900
-0.98703400
0.67317800
1.55233000
0.43593000
0.48860300
-0.41115500
-0.44215900
-0.65403000
0.22514500
0.48184800
1.16571000
0.04180610
-0.08213650
0.13963500
-0.50903000
-0.50313800
-0.55804900
0.37298300
0.19222000
-0.13407400
-0.24888900
-0.68066200
0.96952300
-0.68695200
0.48787900
-0.08422720
-1.02436000
-1.02590000
-0.55776200
-0.05127590
-0.63915500
-0.88781900
2.10419000
1.31790000
-0.55326500
0.31865600
-0.40202000
0.61412100
0.16761200
-0.76098600
-0.09717250
-0.19580400
-0.85955800
-0.51503800
-0.67085700
0.11001300
-0.61061200
-0.64090400
-1.29280000
-0.06881370
-0.24262200
-0.12598100
-0.66742300
-0.16500100
-0.55696400
-0.80662800
-0.66095600
0.22706500
-0.50033300
-0.83317900
0.59836900
0.60639700
-0.06372520
-0.92625400
-0.99317600
0.07211120
0.06032710
-0.17384300
-0.72726700
-0.97171600
-0.93629200
0.30773800
-0.28024900
0.42867400
-0.06340080
1.22494000
-0.08838250
-0.27227300
1.27654000
-0.56806800
-0.42936000
-0.47654000
0.65034200
-0.42390600
-0.45636000
-0.11802500
1.72005000
0.68676600
-0.34302900
0.08839500
0.27978700
-0.04467180
-0.00229282
-0.49665000
1.35945000
0.78615100
0.27039600
2.85654000
0.50380800
-0.82458700
0.33201300
1.40760000
0.12590100
-0.43574800
-0.21104900
-0.46506500
-0.32375000
-0.26351700
0.21218500
0.09858760
0.16199200
-0.63830700
-0.90479600
-0.12915600
-0.12313100
1.00639000
-0.29081500
-0.37407000
-0.65550700
0.31315400
-0.12696600
0.16372200
-0.69095600
-0.11159800
-0.03983480
-0.28161500
-0.32593900
-0.31747300
0.13859000
-0.33973700
0.72871000
-0.32623200
0.11669000
0.07660620
0.01494760
-1.05121000
-0.33119700
-1.01058000
0.03817830
2.60266000
1.65672000
-0.73523400
-0.32658600
1.11414000
0.06112400
-0.97700500
-0.62712100
0.64418800
0.61158900
0.26430100
0.08686350
-0.49502400
-0.10128200
-0.99884300
-0.54073600
-0.59999500
0.48519600
0.14315300
-0.56181400
-0.45541200
-0.37530100
0.24600000
0.30298600
1.44704000
-0.17233300
0.00210933
-0.52487100
-1.25318000
-0.02718370
-0.11622400
0.03056380
-0.55438200
-0.15659400
-0.32975400
1.43125000
1.10891000
-0.18797800
-0.26909900
-0.60524300
-0.06311940
0.18997300
-0.86334100
-0.61948300
-0.71607100
0.03395940
-0.16219800
-0.06154040
-0.18533200
-0.70629300
-0.32772900
-0.42494900
-0.69959300
-0.52744200
-0.06897640
1.24461000
-0.55956000
-0.48699200
-0.59078400
0.15672900
1.41216000
1.36282000
0.15970400
-0.40156400
-0.03360630
0.60949200
-0.89201200
-0.03105770
-0.35424600
-0.30934900
-0.14460200
0.40259800
0.13503400
1.36280000
0.83819200
-0.72304500
0.78511400
0.42469200
-0.32308000
-0.61507100
0.64547200
0.46505500
1.29227000
0.67225400
0.98475200
0.16529900
0.45017000
0.35600800
0.58788900
-0.07772990
0.60881700
-0.36181300
-0.03415200
0.21428200
0.87418800
-0.36391600
0.53006000
-0.43660700
-0.89018900
-0.22990400
-0.97158100
-0.05168310
0.07399550
-0.51515500
0.15620000
0.03680120
0.50933600
-0.29081900
0.08871660
0.11173900
-0.26895700
-0.11801700
-0.08766990
0.18860100
0.10929800
1.24286000
-0.45281500
0.72915100
0.54942300
0.06490730
0.17153600
0.27491400
-1.10226000
-0.39429200
-0.19213900
0.65842600
0.77344200
-0.67356500
-0.44103600
-0.14403800
-0.21071500
-0.77703600
0.02300140
-0.17680900
0.41913200
-0.34798300
0.19096600
0.02402550
-0.41001300
-0.51714000
-0.44140300
-0.20522800
1.45359000
0.76857800
-0.24559800
1.13378000
0.24808600
-0.25345100
-0.21824700
-0.25129400
-0.66336400
0.23164200
0.38466300
0.24325900
0.47647100
0.59435300
0.34904400
0.36483300
1.59227000
-0.82758900
0.20790300
0.11252900
0.13889200
0.69841500
1.11491000
0.33148000
0.08690490
-0.18056800
-0.29381400
0.04718620
-0.61734700
0.14974100
0.90336000
0.39385400
1.42927000
1.91239000
0.52960700
-0.20287500
-0.02200570
-0.25724100
-0.01659980
0.02304760
0.17194600
0.68949400
0.35263400
1.38390000
0.14670900
-0.51063200
-0.12540800
-0.09958670
-0.67221000
0.09625900
-0.81273600
-0.44885700
0.31167000
-0.33580400
-1.05104000
-0.28699300
-0.04938880
-0.72176100
-0.54252800
-0.79744600
-0.40901100
-0.43705500
-0.48416800
-0.98101600
-0.58879400
-0.74304700
-0.63592400
-0.09693680
-0.11032600
-0.69407800
0.63060800
3.26756000
-0.17964600
-0.56930800
-1.12721000
-0.37493700
-0.34654900
-0.25302000
-0.18090300
0.30461100
-0.43406900
0.08269250
-0.97951900
-0.08233040
0.37367600
0.02388040
0.65279900
-0.33801000
-0.17436300
0.16075600
0.30165500
-0.09412740
-0.42625700
0.16244600
0.01969980
-0.30736500
-0.42649800
0.21151000
0.24455000
-0.56927600
0.00481526
2.39590000
-0.38468600
0.04931850
-0.14407800
0.18027800
0.83546900
-0.09287190
-0.38531700
-0.04643270
-0.27817800
-0.58539500
0.04224470
-0.45088500
0.25369000
-0.07112810
0.16943500
0.19170000
-0.46073300
-0.02725470
-0.19974300
-0.27770700
-0.18669700
-0.34118300
-0.42372800
0.09265390
-0.22498300
0.10157500
0.17070900
0.15275000
0.09880980
-0.04683680
-0.10095300
-0.26823600
-0.26378000
0.21328000
-0.02750610
-0.80471300
-0.03115080
-0.06796940
1.21396000
-0.19961900
-0.52611800
0.09916910
-0.30909000
-0.63904600
-0.06654980
-0.16602600
-0.37206200
-0.31437900
0.40767200
0.50881000
-0.16307700
-0.57216100
-0.15178400
-0.44185900
0.39661000
0.12208000
-0.33388300
0.03913530
0.37748100
-0.16460800
1.18846000
0.27654900
-0.30279500
0.42858200
-0.30025200
0.27862400
-0.54036100
-0.20077400
1.46507000
-0.71409200
-0.29520300
0.00050998
-0.45647600
-0.42004300
-0.37219000
-0.09608450
0.35366200
0.24243500
-0.16004500
-0.82940000
-0.34934100
0.31982100
0.11695800
0.34769500
-0.57530200
0.03081500
-0.73856400
0.30081000
-0.04009700
0.39871200
-0.24235500
0.30443900
-0.57313700
0.00217847
-0.22588900
0.39403100
1.46466000
-0.19339100
-0.64003500
-0.14702300
-0.25888700
0.78187300
0.27118000
0.33574400
-0.54913900
-0.68657400
-0.18327000
-0.11012100
-0.05992040
-0.81398000
0.05519250
-0.10278500
1.18025000
1.06887000
-0.46097100
0.64746000
2.04339000
-0.24594300
-0.26553400
0.35909200
-0.39034700
-0.34165800
-0.19083000
0.15005200
-0.34244500
-0.28795400
-0.02567390
-0.40453700
-0.66249400
0.16399200
-0.11454100
0.07246840
-0.81566000
0.17925800
-0.27904900
-0.72546600
-0.04823610
-0.48025600
-0.57369200
-0.32673400
-0.84747600
0.31852800
0.47159200
-0.58617900
-0.60052900
-0.79748100
-0.03498120
-0.69691000
0.02377350
-0.21410000
-0.31449500
-0.36121400
0.48076300
0.03140850
-0.07880350
0.47364000
0.54240600
0.02625820
-0.06987550
-0.46157800
-0.28582600
-0.23017900
-0.77575700
0.24298200
0.27604200
-0.53111400
-0.25716200
0.60339700
-0.47319700
-0.25995400
0.75216300
-0.11806000
0.20901800
-0.68575100
-0.25266300
0.39218500
-0.86916800
0.61099200
-0.38575300
0.12910700
-0.14989900
0.16697000
0.05118450
-0.10388200
0.13285300
0.10435000
2.76722000
-0.34070700
0.87795300
-0.58300100
-0.43535600
-0.51507700
0.00910070
-0.17201900
-0.31365800
-0.10016800
-0.41356300
0.59386800
-0.22714600
-0.44009100
-0.07099840
-0.75589600
0.57438600
-0.61677000
-0.18759400
-0.53349100
-0.18979200
-0.33901500
0.55808600
-0.26076200
0.80578200
-0.47703600
-1.08982000
-0.20575900
-0.20328100
0.19842100
-0.17981100
-0.25059800
-0.04860850
-0.42002700
0.39881200
-0.32758800
-0.52780900
-0.57967500
-0.10654100
-0.79124200
-0.06276240
-0.25685400
-1.19598000
-0.51975400
-0.38583900
-1.21407000
0.10967000
0.23596300
-0.36070600
-0.35165100
-0.17651700
3.04110000
-0.58952300
-0.02898130
-0.24896100
0.15946100
0.14339400
0.52665800
-0.19167000
-0.60346100
0.03046980
0.14328500
0.23825200
0.41383200
-0.32713100
0.07347220
-0.72027500
-0.23552000
-0.06844080
0.06941690
0.17356200
-0.50229200
-0.33666600
-0.19748600
0.33657900
-1.09447000
0.02053660
0.96277500
-0.18417300
-0.12401800
0.50001800
0.51039200
-0.03131370
0.97588900
0.53981900
-0.66938300
-0.93014400
-0.17679300
0.32531000
-0.41925200
-0.28338400
-0.13798300
0.22874100
-0.02079480
-0.56160900
-0.18867700
-0.27672400
0.15402400
-0.35134700
-0.87406200
-0.50686200
-0.50543200
-0.04810430
-0.66943200
-0.38351000
-0.33350100
-0.88149900
0.33903000
0.83983700
0.45324500
1.20216000
2.01911000
0.68217600
-0.29529100
-0.06569150
-0.14694500
-0.23169100
-0.48801500
-0.68709500
0.56307800
-0.14844700
-0.98472400
-0.56948000
0.61932600
-0.49258400
-0.75207900
0.05794180
-0.69973600
-0.24253100
-0.82155800
0.32157100
-1.09911000
0.18761800
-0.13213500
-0.66319700
-0.08340380
-0.44573600
-0.12349800
-0.31406600
0.11197400
0.27523600
-0.07734100
0.09220440
0.26378400
0.10403600
-0.22073200
0.07237140
0.02377290
0.32454600
0.88020300
-0.03105630
0.35772600
-0.52773500
1.85287000
-0.33663900
-0.33266600
1.35396000
-0.49221100
-0.24324900
-0.05791110
0.18444000
-0.39499900
-0.27761500
-0.59155800
-0.61210600
-0.29013600
0.81385300
0.81580000
-0.44691900
1.05960000
-0.29082400
-0.21991500
0.23490600
-1.10147000
-0.29814200
-0.19029100
0.28874100
-0.52745900
0.73833300
0.65514000
0.88197700
0.58910700
0.44274400
0.59290100
0.26073200
-1.05035000
-0.46480400
0.55852500
-0.64015200
-0.57495800
-0.30413800
-0.77163800
0.38654900
-0.22315100
-0.22415800
0.01859210
-0.29686600
-0.57560700
-0.56447200
-0.69440100
-0.33959900
-0.63732300
-0.27380700
-0.06422090
-0.29611000
0.84655700
0.52473800
0.58294800
1.15584000
0.15899100
0.11642600
-0.36315600
-0.54561600
0.12081000
-0.56718400
0.39760200
-0.14220400
-0.19085800
-1.17128000
-0.83367000
-0.09710330
0.85835400
0.17985300
0.42153600
-0.67894600
-0.37154300
-0.93378600
-0.42481000
-0.84308000
-0.62816200
0.04903620
-0.50834100
0.19884100
-0.55067100
0.82821500
1.65736000
0.57988900
0.19911200
0.24844300
-1.02663000
-0.73299800
0.46112500
-0.21832600
-0.52593600
-0.06303570
-1.60246000
0.39143500
-0.19928400
-1.16264000
-0.05771270
-0.06284830
-0.45908100
-0.20468500
0.47230500
-0.41104300
0.18973400
-0.24288500
0.02077520
-0.07694610
-0.25944700
-0.75431400
-1.40958000
-0.00154349
-0.65063100
1.00233000
-0.30760500
0.02572650
-0.57773800
-0.10633900
-0.03818400
-0.20463100
-0.40409900
0.02969150
0.25789200
-0.19765100
0.02003620
-0.26441300
0.40829600
1.61092000
0.18449400
-0.48923600
-0.12239400
-0.27950400
-0.79076600
-1.10669000
0.51763700
0.49078700
-0.32041800
-0.15519800
-0.29773100
-0.02820020
-0.07013910
-0.37350800
0.01648270
-0.35618200
-0.14063300
-0.38602800
-0.59937900
-0.25865500
-0.74363800
0.18319400
0.55763300
0.62514000
0.06202700
-1.16538000
0.21613700
-0.41924400
-0.00053200
-0.03890510
-0.69052400
-0.75007400
-0.49623100
-0.15103600
0.14197000
-0.12233200
-0.57422200
0.13545000
0.10297400
0.28649800
-0.34093300
0.40206100
-0.52641000
-0.29274700
1.17553000
0.95684300
0.45659900
0.31090700
-0.11923800
0.61178300
0.11719000
-0.18063500
-0.67938700
-0.84821900
0.88206800
-0.22967700
1.58754000
-0.48981400
0.09872400
-0.70670200
0.06848940
-0.60607100
0.19296600
0.98833800
0.44947700
-0.14769700
-0.12860100
0.06754160
-0.32997400
-0.77391200
-0.69866900
-0.17948800
0.36432800
-0.53208000
-0.63449600
-0.17168400
-0.37810000
-0.54106400
-0.47689900
-0.56585700
0.06092980
0.04612130
0.00312811
-0.11728600
-0.88493100
1.43166000
-0.55439900
1.21026000
-0.40843900
0.53304400
0.10737100
0.09978770
0.97832900
0.23004600
0.77058000
-0.13471100
-0.75682800
0.98649400
0.18993300
-0.09845180
-0.69540000
0.42133300
-0.17746500
-0.07654630
-0.33911600
-0.69296300
-0.54070000
-0.15216000
0.38714800
0.55580100
-0.41884700
-0.41967500
-0.11592100
-0.68679000
-0.11397000
0.06493760
-0.36859200
-0.07266260
-0.13385300
0.45191700
0.02940140
-0.18812700
0.57645400
1.57607000
0.32610500
0.06209190
0.15816800
0.21137700
-0.67485900
-0.25027900
-0.20812900
0.29619700
-0.44786700
0.08866310
-0.02752780
-0.00117306
0.44162500
0.36611700
0.39195800
0.06964320
-0.34708000
-0.48513500
-0.38067600
-0.08363920
0.61865800
-0.23706300
-0.60520800
-0.35451500
-0.52581400
-0.42834800
-0.15737000
-0.42736600
0.86156700
0.05555680
-0.16420500
-0.20395300
-0.11445800
0.14689200
0.01838270
1.04640000
-0.04044580
0.39352800
1.50670000
-0.00349182
0.51462200
-0.38270400
-0.28261800
-0.17575800
-0.39712000
0.78162000
-0.18027300
-0.01503850
-0.54238100
-0.34491400
-0.76388000
-0.28567800
-0.32314100
-0.13740500
-0.24138600
-0.18523700
-0.10908100
-0.94681500
-0.44711100
-0.34646700
-0.48662800
-0.48910900
1.64593000
1.21759000
0.40393000
-0.27244300
-0.15099600
0.83565500
-0.30142500
-0.24272300
-0.02636440
0.46034600
-0.75657800
0.43101400
-0.10967000
-0.97697100
0.19608200
0.57409700
-0.54693000
0.07541380
-0.73193100
0.01639290
-0.46521500
-0.93272500
-0.43386100
-0.06841190
0.22090900
-0.55288100
-0.00626297
-0.33193300
1.22036000
-0.58500600
0.39201900
-0.03396400
-0.43098000
0.17823600
-0.06507130
0.80596600
-0.95236500
-0.58371100
-0.10730700
-0.76869000
-0.73792600
-0.04255700
0.22151200
-0.44107300
-0.64347500
0.56311200
-0.15855900
0.43426300
-0.34918500
0.25820400
-0.47122400
-0.28175700
-0.60679600
0.16902100
1.73478000
-0.01111110
-0.78618700
-0.44431800
-0.06737910
0.45379200
-0.55822600
-0.22676600
0.00087613
-0.56236800
-0.09658380
-0.39843000
-0.30679600
0.19175500
-0.04900740
-0.10623300
0.06980370
0.05603190
-0.09940210
-0.29036200
0.71783600
-0.71591600
-0.75462400
-0.69569700
-0.66201400
-0.92535600
-0.63703500
0.57799600
-0.25447700
-0.74173200
-0.59450600
-0.74390200
0.36324500
0.77117700
-0.38055600
0.19388600
-0.10199700
-0.72415200
-0.36406300
0.34737700
-0.05233030
-0.30698500
-0.51198700
-0.07154610
2.43770000
-1.10153000
-0.31092900
-0.07822360
-0.40756700
0.68796400
-0.12808500
-0.19288900
-0.09088460
0.52998500
0.86402500
0.36697200
0.08211060
0.05141800
-0.20677800
0.03371530
-0.08251560
0.18891700
-0.45645300
-0.46205100
-0.85042000
0.83296400
-0.24807600
-0.54476100
-0.04475860
0.04160130
-0.56406900
0.30166600
-0.15057600
-0.63412800
-0.74630100
-0.07934640
0.14959600
0.82851700
0.33477200
-0.25264300
0.39057700
-0.84349000
0.12233100
1.47796000
-0.77310000
-0.42418500
0.12936900
-0.41056200
-0.81091400
-0.38534300
-0.08277460
-0.30410300
-0.36911400
-0.03022170
-0.28541200
-0.07271610
0.42689700
0.23425400
-0.50085400
0.00187681
-0.22750500
0.23473900
0.08532150
-0.31982700
0.09092080
-0.19353800
-1.21217000
-0.19048700
-0.17762800
0.66277100
-0.04216550
0.20614400
-0.75556100
-0.65736400
-0.38500200
-0.64821800
-0.45445400
-0.92019600
-0.29530900
-0.12290100
-1.37429000
0.50422200
0.13074300
-0.42951300
-0.76054500
-0.23646100
-0.23164400
-0.75798600
-0.02220780
-0.06347680
-0.73160400
-0.34203600
1.04124000
-1.01998000
1.36856000
0.11210300
0.37504600
0.12870900
1.25849000
-0.29957400
-0.84849500
-0.24400500
-0.54299800
0.60986900
-0.23040100
2.12088000
0.87821900
0.99200700
2.56834000
0.33147800
1.65018000
-0.12465200
0.45459900
-1.01778000
0.31332700
0.19788000
-0.20297200
-0.59939100
-0.03531310
0.47668400
0.68464500
0.87002000
-0.32416400
0.14598100
0.17865100
-0.09441870
-0.30426800
0.27346500
1.69479000
0.77661400
0.85996800
0.44163900
1.24668000
0.62369300
0.24534500
-0.71345500
-0.05865220
0.09478710
0.59913700
0.22837900
-0.67128700
0.20686800
-0.47127600
-0.74703800
-0.04951250
0.19547100
-0.39081800
0.05891050
0.06641060
0.57261600
0.04383890
-0.20947500
-0.75854800
-0.01725190
0.45517700
-0.49575200
0.17790100
-0.68193000
1.48795000
-0.34265200
-0.13381600
-0.17722200
-0.49582400
-0.57640300
-0.35483800
-0.13787000
-0.24522100
0.12393000
-0.27814600
-0.14251900
-0.52586100
-0.61575000
0.31407900
-0.08427390
0.54193300
-0.19576900
-0.47666900
-1.12184000
-0.06586270
-0.65661500
-0.47793100
0.36126500
-1.03437000
-0.41550200
0.16924200
1.77971000
-0.19681300
-0.44012200
-0.66523600
1.10902000
0.16111900
0.15949000
0.22284300
0.19597500
-0.20105900
0.23853600
-0.29833400
0.07372850
0.45472300
0.27031700
0.83670400
-0.92455300
-0.79050500
-0.19457000
0.17624400
-0.45823200
-0.88125900
-0.28472500
0.05480840
-0.70312100
1.05792000
-0.13916600
0.22656100
-1.00313000
-0.29708000
0.15144300
0.56807100
-0.00526728
-0.66858300
1.26041000
0.63134100
1.12240000
0.04028820
0.26515600
0.07054720
-0.74521600
-0.55486400
0.13350700
-0.37671900
0.16967200
0.13125200
2.60586000
1.03157000
0.16575400
-0.11902100
0.03687790
-0.48449900
-0.50495100
-0.72819700
-0.45609700
-0.03922280
0.12248500
-0.69194300
-0.36958500
-0.16774300
0.14388900
0.99207100
0.38735900
-0.86742900
-0.80645100
0.53805200
-0.29030500
0.07381600
-0.20459500
-0.46720400
-0.54319100
-0.64857800
0.08580280
-0.62020800
-0.28527500
0.15024900
0.47862300
-0.30062300
-0.51067800
-0.10029400
-1.06318000
-0.03306240
-0.18101000
-0.86522700
-0.50824100
0.11263500
0.12543800
-0.28090300
-0.25410300
0.81529000
0.53596300
-0.24854100
-0.90915700
0.15636600
-0.11741700
0.00022681
-0.27202300
0.44882700
-0.64859200
-0.52037800
-0.03825880
0.05797560
-0.08404440
-0.77400700
-0.86942200
0.38654200
0.10213900
-0.90070400
-0.18031600
-0.69450000
-0.38155900
-0.78881800
-0.84592100
-0.21126500
-0.74233100
-0.22433000
0.20646100
0.10451800
-0.61837700
0.42394400
-0.25052900
-0.06801570
0.08718880
0.64479900
-0.96863000
-0.43955000
-0.22959900
-1.11628000
0.29214700
0.10079200
-0.45449500
-0.56034200
-0.05238260
0.11316800
-0.43277300
-0.11109800
0.61701500
-0.24722400
1.02806000
0.29431900
-0.31058300
-0.06836400
0.80098800
0.02127930
-0.71227400
0.90064600
-0.39256600
-0.51789700
-0.01310970
-0.41951500
-0.06904120
-0.25067800
0.15247200
-0.36769600
-0.08119710
-0.69297500
-0.16096600
-0.33317400
-0.10759600
0.11897500
-0.71112000
-0.56553700
-0.15088100
-0.21737900
-0.39344600
-0.27617600
-0.07837370
-0.33103700
0.13505900
-0.05600890
-0.01944910
-0.75201100
0.16691400
-0.09385160
-0.44122600
1.31365000
-0.04638320
-0.01698530
0.33305200
-0.25182700
0.30990600
-0.87087400
-0.57941300
-0.12972400
-0.52515500
0.10973900
1.69192000
0.19527200
0.07906900
-0.28693300
-0.00114443
-1.03466000
0.08319200
-0.10058800
-0.07446050
-0.59111200
0.02514170
-0.37162500
0.02972070
0.21742100
-0.14107000
0.28081600
0.75734900
-0.11972000
-0.49877800
-0.71049300
-0.71480900
-0.44241600
-0.19563400
-0.79386300
0.20863000
-0.78134700
1.04288000
0.05464300
-0.41920700
-0.23393600
-0.49048000
0.02416270
-0.26179600
0.71529300
-0.26063700
-1.21635000
0.05141470
0.44301100
-0.54521700
-0.33019600
0.07306040
-0.05718370
-0.16901200
-0.37684000
-0.39610600
-0.27917000
0.00739155
-0.37041700
-0.69659400
0.16888800
0.23942600
-0.00967473
0.62733100
-0.52660200
-0.02904030
0.45279400
-0.48303100
-0.65612400
0.01429750
-0.09736080
-0.16019500
0.20227500
-0.29138700
-0.12403500
0.20682800
-0.21439700
-0.56093500
0.07046580
-0.52381700
-0.07125810
-1.00507000
-0.09469490
-0.82652400
-0.10001900
-0.26701800
0.70222900
-0.33902500
-0.23329700
-0.43459400
1.64356000
-0.21492500
-0.27889700
0.90270400
1.66967000
0.37384200
0.33987500
0.62177100
0.25485100
-1.19649000
0.51958900
0.00460241
-0.10912600
-0.46862000
0.16650900
0.13932700
-0.22891500
-0.03601860
-0.25761500
0.15801700
-0.98447500
0.33841100
0.02295430
0.30330800
-0.05130030
0.24444300
-0.29132300
-0.29803400
-0.02867270
-0.07190240
0.09286670
0.21764000
0.28189900
1.56499000
-0.14458800
0.34689800
-0.35907200
0.24363500
-0.37166300
0.70572700
0.70056400
0.24564400
-0.05923280
1.49798000
-0.83741300
0.66152200
0.09149700
0.04470010
0.38447300
1.02274000
-0.45041700
-0.01610890
-0.13186400
-0.36800600
-0.24033200
-0.55742600
-0.66863700
-0.20547000
0.01515760
-0.61307000
-0.79316300
0.45812300
-0.26635400
-0.16253700
0.30013600
0.17348300
0.71058500
-0.80852900
-0.53816800
-0.10790900
0.22382300
-0.69051600
-0.31061400
-0.26308100
-0.50437100
-0.52561700
-0.21670200
0.48802400
-0.65359200
0.32628500
0.70427700
-0.68822800
-0.98604800
-0.35414500
-0.31223600
0.23210500
-0.04757040
0.39749100
-0.88562600
-0.42587400
-0.28838100
0.00482430
0.26084600
0.40194000
0.42497400
-0.54663300
-0.89932700
0.29608400
0.26462000
-0.10704900
-0.32035400
-1.02103000
-0.26875800
-0.43945800
0.11591000
-0.57161500
-0.43796000
3.01398000
-0.45740200
0.44383300
-0.01370330
-0.73212300
0.05511190
-0.11414600
0.38698000
0.11236500
0.26913300
-0.06408520
0.29324500
-0.33689300
-0.70949700
-0.42502900
-0.38729600
-0.18397300
0.24276600
-0.77320700
1.20703000
-0.43276900
-0.59481900
-0.45674300
-0.51618900
1.85683000
0.39197700
-0.43090000
0.63172600
0.39474400
0.19518900
-0.79432200
0.46490800
-0.26078900
-1.22296000
0.85772500
0.10953100
0.06997190
-0.13087300
-0.89910700
-0.80829600
0.48021200
-0.66331300
-0.04236800
-0.02698770
-0.28156000
-0.64406900
-0.32692000
0.06698520
-0.42052700
-0.17757200
-0.37355900
-0.44534400
-0.28887800
-0.31806100
0.33466500
0.36903000
0.47944800
-0.41667200
0.25238500
0.35033300
0.64753300
-0.38748000
-0.28846900
0.14608800
0.19728600
0.08408800
0.53181500
0.31379400
0.56966600
-0.37090400
0.37668100
-0.25089200
2.95840000
-0.37231300
-0.58580600
-0.49642200
-1.09935000
0.41280400
0.35461100
0.84341200
-0.98448100
0.38446900
-0.46032100
0.15617600
-0.67017600
-0.26132900
-0.41107400
-0.33420600
0.86325400
0.11618300
0.33947100
-0.19607900
1.04604000
-0.11799700
-1.18335000
-0.72078600
0.13812900
0.14789100
1.54336000
0.00794602
-0.26738000
-0.30625700
-0.70411500
0.13246100
-0.03854880
0.38840500
-0.16308200
-0.63330800
-0.52358400
-0.35929700
-1.06408000
-0.12579700
0.15481500
0.08059920
-0.41881400
0.59309500
-0.98673800
-0.57015600
0.13268500
0.36194800
-0.64497500
-0.17994000
-0.41192200
0.61413600
0.95151600
0.46136700
-0.76204900
0.12042800
-0.05544380
-0.47767500
0.34520900
1.08897000
0.34078000
-0.05415970
1.06020000
0.57866800
0.58715200
-0.26363300
0.23030300
0.19867400
-0.44013700
-0.65367900
-0.77629900
-0.25543900
-0.96833000
-0.06669300
0.99726900
-0.17244800
0.25050400
0.07906900
-0.10251100
0.32407900
-0.27103700
-0.01516140
-0.33626200
0.13583800
-0.29690700
0.45110100
0.30633900
-0.42307400
-0.30245100
0.56636400
-0.48291000
-0.07952680
0.72117100
0.20444600
0.18800500
-0.56734700
-0.61351800
1.73223000
-0.25387800
1.15538000
1.43851000
0.84222600
0.75181000
1.07749000
1.13873000
0.37013800
-0.29547900
-0.56767900
-0.32437300
0.14883400
-0.09801480
-0.00775633
-0.07035100
-0.44079700
-0.91786700
-0.97340400
-0.08295710
-0.54025500
0.14883400
-0.31551000
-0.07874500
-0.76435700
-0.13949700
1.58766000
0.04117910
-0.57145600
-0.67806400
-0.47847600
-0.10682600
-0.19432800
0.03907450
-0.41971700
-0.01215510
-0.06448360
-0.39282800
-0.52076400
-0.27833400
0.14890400
-0.11437600
-0.75162500
0.31237400
-0.27617100
-0.38132200
0.03939970
0.15545100
1.85197000
-0.30346600
0.14472900
-0.16175700
0.36930400
1.73110000
-0.37610600
-0.31464900
-0.35920100
-0.28858700
0.03121110
-0.26224500
-0.11018400
0.64355500
0.09776310
-0.59135600
0.03865050
-0.35490800
-0.08627250
-0.66314600
-0.23250500
-0.43082200
0.72566100
-0.29843000
1.01634000
-0.54457700
-0.29580100
-0.18627400
0.34758900
-0.11638000
-0.18605900
-0.05993950
0.34265100
-0.29142000
-0.16164600
0.14463900
-0.75335100
0.46836000
0.15737300
0.15737300
0.05655750
-0.70514300
-0.14302500
0.35803500
0.06040340
-0.18433200
0.59133800
-0.43848700
-0.06309890
-1.11732000
-0.15901300
-0.26610300
-0.06231420
-0.37240300
-0.20351400
-0.62616600
0.38184400
-0.16267600
-0.51261500
0.19103600
-0.34548800
-0.17244700
-0.14931100
-0.23956800
2.21086000
0.21215800
-0.06151890
0.91808200
1.10973000
-0.29173300
-0.38845500
1.18470000
0.17756100
0.21462600
0.14336200
-0.51808000
0.09807920
-0.59996600
-1.19180000
0.50017100
-0.89900200
0.15867400
-0.89492900
-0.56711600
1.46110000
-0.12299400
-0.39464300
-0.10786100
1.56953000
-1.13057000
-0.60150100
-0.27730200
0.54015600
0.82744200
0.18853500
1.58543000
0.53150000
-0.20636100
-0.56463100
-0.07415970
0.11988600
-0.23656700
0.48750600
-0.69921600
-0.58753200
-1.00355000
0.04086880
0.18933800
-0.66953900
-0.29247100
-0.77879700
-0.75162500
-0.01325240
0.21156700
0.09856600
0.22500100
-0.39030900
-0.69170500
-0.25144100
-0.34862800
0.31704200
-0.00923822
-0.11568000
-0.00555368
-1.13224000
-0.64627100
0.21678000
-0.30990500
-0.82561500
0.85720500
0.02565460
-0.32893300
-0.12617600
-0.26819300
-0.36830500
-0.02966890
-0.11488700
-0.63472000
0.15262800
-0.57811700
-0.57811700
0.10068100
0.18340600
0.78657000
0.24246600
-0.24646300
0.00474606
-0.94603100
0.24768100
0.13798100
-0.08934790
-0.22536100
0.01099010
-0.40933600
-0.21967500
-0.07816900
-0.46221400
-0.41473300
-0.05191440
0.66685000
-0.40584200
0.79858500
0.74805800
-0.00723498
0.85256000
1.92918000
0.19873300
0.00789352
-0.25607700
-1.10314000
-0.74619800
-1.11438000
0.39214500
0.17931300
-0.43753700
-0.44039400
-0.62338200
-0.48347600
1.37720000
0.13892400
-0.70386600
0.28326100
2.58046000
-1.30547000
0.59267700
-0.81068600
0.09329540
-0.26073500
-0.94648900
0.01229660
-0.08127250
-0.46345800
-0.05671960
0.06407520
-0.56742800
-0.03365620
0.18065700
-0.59925600
0.70867800
-0.64414300
0.28145900
-0.29943500
-0.10849000
0.01400670
0.85122800
-0.09667650
0.30265900
0.50940400
0.71909000
-0.66586900
0.24881900
1.10111000
0.88884900
0.18673700
-0.27467300
0.32910600
-0.72456900
0.44571600
-0.39566200
0.03827450
-0.19185500
0.14498800
0.39751600
0.01372360
-0.39818400
0.18539600
-0.20735100
-0.12653200
-0.36995900
-0.30066300
0.05288170
0.30084300
-0.53963000
0.08960610
-0.17313200
-0.38241000
-0.92490100
0.31755000
-0.74939400
0.16933200
-0.37352400
-0.54858300
-0.25056500
-0.30930800
-0.33092700
-0.40764300
-0.13067800
0.25856000
1.64385000
-0.10893600
1.42865000
0.01569970
0.38147100
-1.02548000
-0.20155700
-0.66652100
0.54574400
0.17336100
-0.00892941
-0.24067900
0.92626200
0.28223500
0.55986300
1.12375000
0.14314600
-0.41414500
-0.49589100
-0.24310100
-0.48340900
-0.33993300
0.37011900
-0.55150400
-0.23714700
0.23822500
0.46306000
-0.56190500
-0.04666180
-1.04423000
0.43483700
-0.17481700
-0.64715600
-0.55109700
-0.28214000
-0.28667500
0.25640900
0.36902400
1.54594000
-0.88732600
-0.68930900
-1.04587000
-0.63365400
-0.52310900
-0.32688400
-0.85826900
0.00461388
0.27490700
-0.37684000
-0.82374400
-0.30466100
0.39640900
-0.09181870
-0.43495100
0.07488930
-0.17777100
-0.72751600
0.03216320
0.38349500
0.33346200
0.38162900
-0.50905000
0.06478990
0.27159100
-0.58518500
-0.41889800
-0.02387230
-0.20345400
-0.24777200
0.25937300
-0.35826700
0.56933800
-0.06121500
-0.58351500
0.78880000
-0.20298600
-0.37959300
0.46874500
-0.18048900
0.22139500
0.02823800
0.00058741
-0.10025800
-0.05641920
-0.63846800
0.03333430
0.32163800
-0.46914000
0.11102200
2.09926000
1.56206000
0.81931700
0.44967500
0.16402700
0.00428404
-0.22739600
-0.28117400
0.21248400
-0.70761500
-0.13788600
-0.68867100
-0.10880800
-0.22717200
0.09799060
-0.55681500
-0.85881000
-0.48896700
0.05027940
-0.77630100
0.17622200
0.32280200
-0.43033200
-0.70271300
-0.88278300
-0.57570500
-0.45214700
-0.24758200
-0.67815500
-0.52573000
0.19726000
0.28481900
0.03336390
0.05725200
0.11331800
0.24573800
0.02319800
-0.55423700
-0.25747000
-0.43362600
0.07319180
-0.79549900
0.06429520
0.34789200
0.30032200
-0.23755500
0.15721700
0.15777800
0.01841550
0.24461900
-0.40393100
-1.16047000
-1.03703000
-0.35888500
0.45133200
-0.08872110
1.37194000
0.56860400
-0.34758400
-0.35245300
0.05017470
-0.43239000
-0.25758700
0.49183800
-0.42966100
0.01472880
-0.56199200
0.15246400
-0.93440500
0.03252500
0.27418100
-0.56100300
-0.10937800
-0.22830500
-0.15014800
0.11864200
-0.69754000
-0.23182100
-0.14347100
-0.10745900
0.46113700
-0.50774100
-0.44110100
-0.94400400
1.04420000
-0.43446200
0.17907700
0.29416300
-0.11531600
-0.57998200
-0.19094400
0.03970350
0.37652000
0.01377080
-0.76249600
-0.64759900
0.73664000
-0.60833000
0.10004500
0.10914800
-0.39064000
-0.23055200
-1.05492000
0.25497400
0.18340800
0.07246810
-0.50837100
0.88303300
0.02422380
-0.21968100
-0.63283400
0.71619400
1.16437000
-0.05898040
-1.16532000
0.49398400
0.86260800
-0.19051800
0.30868400
-0.96165300
0.42205600
0.00500943
-0.33630800
-0.18361000
0.51648700
-0.18412900
1.34290000
-0.52619500
-0.11927400
1.09830000
0.48231300
-0.03799220
-0.48301200
-0.25369600
0.25992100
-0.93994900
-0.23896200
-0.59464800
-0.00471414
-0.12367700
-0.78665400
-0.10912600
0.09365700
0.51543600
-0.00786752
-0.78411200
-0.92111400
-0.68780400
-0.85053000
0.43880200
0.10738200
0.17290900
-0.08810170
0.60454500
-0.62051400
-0.24744500
-0.05165010
0.32559600
-0.19963800
-0.63073900
-0.53539900
0.41931700
-0.34083300
-0.44503000
-0.06353550
-0.43055400
0.00041434
-0.24521100
-0.11576000
-0.53239900
-0.43600800
-0.56737000
-0.34550400
-0.29728000
0.19424100
-0.46768500
0.43599900
-0.77061600
2.44008000
-0.28876100
0.24165300
-0.16949700
0.00136585
-0.30219000
1.14255000
0.52448500
0.38655100
0.84243600
-0.63392300
-0.48059800
-0.60269200
-0.29381500
0.57408400
1.08792000
-0.12389000
-1.23632000
-0.12765300
0.64956700
-0.66624700
0.10270600
1.78657000
-0.45137500
-0.49157600
1.14757000
0.41534900
0.91934400
1.49560000
1.09792000
1.05361000
0.93212400
-0.70658900
-0.70473200
-1.56265000
1.47453000
1.97542000
0.61887900
0.92445500
0.61074100
1.34888000
1.33479000
0.55037400
0.05480000
-0.05640730
-0.57184300
-1.14607000
-0.17792700
-0.21319600
-0.03169480
-0.10010900
-0.31705800
-0.74090800
-0.19076500
-0.01559740
0.31851100
0.10100100
0.77405600
0.97827600
0.14355000
0.52448600
0.21298700
0.26580000
1.10319000
1.09058000
1.35901000
1.54809000
-0.62503900
-0.43127600
-0.03274800
0.01372800
0.35781500
0.30761900
-0.18739400
-0.15635500
0.56722100
0.10036800
0.79171000
-1.40371000
-0.76502100
-0.23684800
-0.04501280
0.12040700
0.22124900
-0.35178000
-0.34425700
0.47674800
0.17602800
-0.32650800
-0.19048900
-0.59752000
0.23491500
-0.05282930
0.39398600
-0.21064900
0.94863000
-0.59393600
1.00159000
0.67636800
0.39791900
0.11219600
-0.30470800
0.43557600
1.93337000
1.72459000
0.32010400
0.37751300
-0.44452600
0.04585340
-0.20760700
-1.12077000
-0.13526900
-0.98200700
0.24528000
-0.42762200
-0.30508100
-1.00470000
-0.01897880
0.00093200
0.21678600
-0.33759200
-0.25465800
-0.19815900
-0.36236800
-0.48461500
1.46709000
0.32560500
-0.02304680
-0.09123340
-0.48931400
-0.43038400
-0.00832367
-0.68633900
-0.28621800
-0.39762200
0.03297650
-0.54158600
0.01935910
-0.11449100
-0.31619300
-0.24251100
-0.98012800
-0.57785700
0.03626680
-0.46525400
-0.72971600
0.52309500
-0.71902500
-0.23255500
-0.98013100
0.36495100
-0.08582810
0.50677400
0.22194200
-0.19769600
-0.78114900
-0.14848400
-0.38100400
-0.33683300
-0.59059000
0.46544000
0.05946720
-0.04702110
-0.31540900
-0.02729700
-0.69687300
0.18593300
-0.33292200
-1.07235000
-0.30078000
-1.39275000
0.17969200
-0.39316900
-0.20621000
0.29832700
0.07059290
-0.14719000
2.97242000
0.58729000
-0.66276100
0.07392680
1.08200000
0.03110460
-0.33789300
-0.23045900
0.51274700
0.36669200
0.17597900
0.89850600
0.31540800
0.01174300
0.27731100
-0.37466100
1.25115000
-0.45535400
-0.27693500
0.22050600
-0.25684000
-0.54042200
0.17289100
-0.08615310
-0.31810000
-0.17807200
-0.24335800
0.06440910
0.14469400
-0.48084200
-0.40014000
-0.33150400
-0.19297300
-0.18705600
-0.42986600
0.24226800
-0.63038400
-0.83021400
-0.49236300
-0.60967800
0.21803400
-0.11353400
-0.44562600
-0.13262200
1.03909000
-0.21672000
0.29789300
-0.25886400
-0.50817900
-0.01075150
