1.13738000
5.59111000
4.83045000
4.92522000
5.57907000
5.16352000
1.26394000
4.87009000
1.84118000
0.64892300
-0.47720500
4.42768000
4.88977000
4.87360000
1.39918000
0.72917500
5.34184000
-0.05162010
4.57374000
5.07065000
4.80288000
0.88566800
5.27870000
5.12614000
5.07782000
4.72240000
0.82364800
4.85531000
0.78358600
4.74570000
3.21984000
4.56785000
4.59022000
5.24097000
0.19503900
5.15090000
5.09046000
4.91342000
4.72406000
4.41094000
4.95516000
0.40747000
0.59477200
4.91581000
0.53040000
4.88460000
5.02916000
5.09253000
-0.31795700
0.27125500
-0.47561100
-0.32424800
-0.33657100
-0.24365800
-0.03570510
0.33130200
-0.20282800
0.14046300
0.15799700
0.83891900
0.24860200
-0.30336800
-0.52901300
-0.33389500
-0.22961200
0.87646900
-0.55059400
0.35413700
-0.19184400
0.00255698
0.01084750
0.26135500
-0.22143600
0.65508200
-0.79681300
-0.53849400
-0.64689500
-0.08775960
-0.36054000
-0.21669600
0.05878260
-0.22001000
0.10395300
0.42296700
-0.17102700
-0.01276000
-0.06421740
-0.62015600
-0.82110200
-0.28211400
-0.10992600
-0.26314200
-0.56676700
0.01453670
-0.48422700
0.03883240
-0.39066900
-0.18574300
-0.28580100
0.31634600
0.81598400
0.06672360
0.04802550
-0.59157400
0.05702450
-0.14448100
1.12467000
-0.08778490
-0.01436280
0.30597800
-0.78835100
1.26365000
0.82194000
-0.72483400
-0.76962300
-0.19106500
-0.16636700
-0.23193300
-0.11226500
-0.16809600
-0.42984400
0.16233800
-0.41902500
0.23780400
-0.96798400
-0.54390200
-0.54138400
-0.05002620
-0.02731490
-0.45654500
0.57548200
-0.13688200
-0.48576300
-0.27597700
-0.03441840
0.76412400
-0.35004200
-0.22590000
1.41491000
0.09046260
-0.11868500
-0.04148390
-0.59149900
-0.06519440
0.12339800
0.26876000
0.20572000
1.17853000
0.20412700
-0.17579300
0.60146700
-0.18992800
-0.22699400
0.00752985
0.02359970
-0.46644500
0.06130400
0.13849600
0.04237440
0.32762800
-0.26048000
0.00323749
-0.31974400
-0.69449700
-1.21950000
0.49797300
-0.29903300
0.69208000
-0.94493300
0.13067500
0.30311800
-0.95280700
0.06608480
0.32431800
-0.28358500
-0.76100500
-0.51699600
0.74988100
-0.08832180
0.29612100
-0.47135100
0.18966800
-0.30658600
-0.78955100
-0.36517700
0.61137800
0.33098200
-0.38822700
0.13995500
0.42606500
-0.23445900
0.00258121
-0.22533100
0.41823200
-0.03396490
-0.44023700
-0.10919000
0.60869100
0.42094300
-0.20017000
0.40319200
-0.39743700
-0.42223900
-1.00482000
-0.75845200
-0.69123400
-0.51714800
-0.58543700
-0.93388100
-0.36702300
-0.14010000
0.46884800
-1.10424000
0.14125400
-0.68747600
-0.07287580
-0.99959400
-0.25131400
-0.05579230
0.76276400
-0.28619500
-0.70407300
0.43449200
0.01844820
-0.30587100
-0.17645200
-0.30605100
0.01982850
-0.70681300
-0.56674300
-0.48917100
0.03258180
0.22219200
-1.22920000
-0.18395000
0.37497500
-0.00730800
-0.38059100
-0.11176400
0.07928350
-0.17773900
-0.10444700
-0.55854400
-0.09882380
0.12913600
0.60491900
-0.35099800
0.16697600
-0.35283800
-0.24904400
-0.41904700
-0.00555639
-0.06411460
-0.13413600
-0.56165700
-0.33580600
-0.98610600
-0.66114000
0.34951600
1.30991000
0.58845200
-0.25602400
-0.36590800
-0.92865800
-0.57406800
-0.36757900
-0.46930800
1.06368000
-0.64364100
-0.49171800
-0.11858200
1.21093000
0.76163900
-0.51059700
-0.39021100
-0.29464000
-0.13835800
-0.60915500
0.63002700
-0.24339300
0.92731700
-0.15646000
0.18118400
0.07547880
-0.27023500
0.34556200
0.72881700
-0.04761850
0.39660100
-0.20307000
-0.73438500
-0.11551400
-0.23969600
-0.02536660
0.26721700
-0.76388800
-0.36401200
-0.27909100
-0.56133000
0.05844030
0.09261990
0.62010100
1.48405000
-0.10182300
0.31967400
-0.20897700
-0.32248600
-0.26120800
0.28767600
-0.96247500
-0.63165800
-0.44307300
-0.28518400
1.17395000
-0.29504300
0.80561800
0.53291100
-0.17942500
-0.35648000
-0.38974500
-0.20486600
-0.25442400
0.60057500
-0.29974000
-0.36065900
-0.11039100
-0.93318200
0.41561400
-0.21847500
-0.41486500
0.24754100
-1.01435000
-0.07651600
-0.13678700
0.29324500
-0.24829500
0.22027900
-0.12641200
-0.28971300
0.27582800
-0.10796600
-0.12518500
-0.40956300
0.04343710
0.54887300
0.09026940
-0.83684000
-0.12336500
0.09941890
0.27730800
0.73318500
-0.57780700
0.13515600
-0.65663700
-0.88867300
-0.56902600
-0.97178600
0.14100700
-0.46466800
-0.24614200
0.28025800
-0.01779110
-0.10792600
-0.14170300
0.47827500
0.00390235
0.08933120
-0.57506800
-0.05181520
-0.43842600
-0.09396940
-0.12002700
0.06616670
0.28095900
-0.02637560
-0.22396500
0.60427800
-0.45763500
-0.03514960
-0.27631900
0.11850700
-0.50726900
0.11542400
-0.45223400
0.99313600
-0.22501800
-0.27514800
-0.74032700
-0.86594800
0.14022500
0.41944600
0.28023700
-0.88063600
0.44172000
-0.42556800
-0.34362300
0.76089300
-1.00110000
0.53759000
0.02180030
0.80981800
0.76296200
-0.42961100
0.13711700
-0.27187800
-0.69198700
-0.32246200
-0.38704600
0.50219600
-0.57154900
-0.84532600
0.72023300
-0.49301600
-0.95229300
-0.15870500
-0.18809800
-0.46503200
-0.14377700
-0.11574000
0.38177200
-0.58588000
0.15754500
-0.35630800
-0.74312300
-0.15110800
-0.35090700
-0.00072076
0.19843500
0.25436200
-0.12678400
-0.01402930
0.24735500
1.92961000
-0.18757800
-0.02444760
-0.10381100
-0.77229100
0.18879300
-0.82822300
0.10713200
-0.42328600
-0.64344700
-0.80629700
-0.15349900
-0.85539400
-0.48258100
-0.03293200
-0.49384100
-0.27104000
-0.41988900
-0.25946300
-0.76988100
-0.33338200
-1.04212000
1.02702000
-0.83150900
-0.35501500
-0.55342700
1.09161000
0.01711100
-0.75871900
-0.02893940
-0.03644360
0.12594800
-0.74585000
0.36308900
-0.18887900
-0.54253300
1.20332000
-0.43683300
-1.04041000
-0.37285200
-0.70565700
-0.21331200
0.33649900
0.07735770
-0.63037700
-0.46796900
-1.56072000
2.65611000
-0.38279800
-0.26047500
-0.84159600
-0.91049200
-0.04199380
-0.08339970
-0.10955800
0.39298300
0.61621800
0.17322000
-1.16787000
-0.06605640
-0.79086900
0.09212090
-0.18733500
-0.00686871
-0.08843870
-0.00028465
-0.38446200
-0.07141890
-0.53748600
-0.44739400
-0.10051600
-0.04939360
0.14251700
-0.36532200
-0.45654700
-0.62754700
-0.20497500
-0.55471900
-0.35428000
-0.71853400
-0.18028500
-0.04223080
-0.04845100
-0.23409300
-0.18411100
-0.00361001
-0.22420700
-0.55256200
-0.60066200
-1.68709000
0.38857000
0.05149100
-0.65011100
-0.26435400
-0.45790900
0.43114300
-0.51845800
0.22630100
0.38656300
-0.17571800
-0.85831400
0.36231000
-0.51525500
-0.43387400
0.41493800
-0.78066700
0.01920220
1.03139000
0.29101400
-0.89953600
-0.02302190
-1.27362000
0.00825151
0.20952600
0.11272500
-0.94587000
-0.10948000
-0.30007300
-1.24887000
0.06279220
0.45647000
-0.29548700
-0.50571200
0.50737900
-1.12433000
1.35919000
-0.19878000
-0.36563200
0.11499400
0.06230970
-0.23027700
-0.28428100
-0.66600900
-0.13809700
-0.40413400
0.36538000
-0.86542500
0.11738700
-0.44752200
0.25921400
0.50046700
-0.61653800
-0.85653100
-0.64886600
-0.25375600
-0.60297700
0.16874400
-0.00986478
0.11980600
-1.22075000
0.06804570
-0.63227500
-1.05382000
-0.08505380
0.24424100
0.17325700
-0.47359200
0.99497200
0.13701200
0.20838700
-0.33806100
-0.22826200
-0.41610200
0.08019060
0.15031900
-0.08870520
2.89399000
-0.06991230
0.33035700
-0.59662000
0.60146900
-0.08104020
-0.02434710
-0.47580000
0.08788400
-0.21310200
-0.15818600
0.15101000
-0.96950100
-0.45626700
-0.16345100
-0.08094300
-0.86162900
-0.83703300
-0.38660300
0.38495300
-0.83104100
-0.71344500
-0.37562600
0.11778200
-0.07736340
-0.10321700
0.37551400
0.14963000
-0.68953900
-1.19726000
1.37634000
-0.33135800
0.44409100
0.37419500
0.06696020
-0.76252600
0.69532300
0.17385300
0.26346500
1.98506000
-0.65759700
-0.65161600
-0.73766100
0.32521100
0.59491100
-0.93958500
-0.07563560
0.23791400
1.09303000
-0.57463500
0.68927600
-0.07811850
-0.26267700
-0.14665300
-0.66481900
0.24772800
-0.47470600
-1.60608000
0.09779440
-0.53470500
-0.37203400
0.09550610
0.18333800
-0.46590600
-0.08045730
1.60802000
0.07215840
-0.16184900
-0.43562400
-1.03416000
-0.63777200
-0.87150000
-0.60529600
0.44664600
-1.29125000
-0.89362500
-0.15589900
-0.65133900
1.13662000
-0.37775000
0.01672260
0.56189100
-0.62278400
-0.11359300
-0.72415700
-0.35040100
0.60263400
-0.03660340
-0.69411500
-0.12031800
-0.83933500
-0.31438700
-0.10960200
-0.46042200
0.02174520
-0.64731300
-0.38912500
0.05859500
-0.85896200
0.42926000
0.16852300
-0.42706300
-0.05224120
-0.70732200
-0.29630800
0.64582000
0.03819600
-0.31400300
-0.31417200
-0.64804400
0.16237500
0.60327900
-0.39938600
-0.41492800
-0.32214200
-0.46388400
-0.07870010
-0.08171280
-0.08677590
-0.40630000
-0.50425700
0.57338800
0.22904100
-0.35100700
-0.79499800
0.49325400
-0.51409100
-0.05052490
-0.22452400
0.08613410
0.28759500
-0.71141500
0.26631400
0.22612900
-0.40080700
-0.49773700
-0.70383500
0.11250700
-0.32579900
-0.20888800
-0.36243600
-0.00254367
-0.03754300
-0.49780900
-0.50816700
0.77591000
-0.20844300
-0.31628300
0.18653900
0.31418200
-0.66748600
-0.51729300
0.22121100
-0.29094200
0.71021600
0.04028950
0.02238350
-0.19307300
0.00032839
-1.22048000
-0.38936300
-0.48910600
-0.33410500
-0.09812200
-0.11214000
-0.75318000
-0.84990000
-0.28279700
-0.05613300
-0.02267540
0.31463700
0.57887200
-0.57177000
-0.74026900
0.37319800
0.27003000
-0.42916800
-0.42506800
-0.97915800
-0.12107800
0.64377700
-0.34208100
0.07384180
0.09308230
-0.17930800
-0.79232400
0.84213700
-0.53371800
-0.24024700
0.18037400
-0.25433900
0.04080510
-0.46307500
0.20697900
0.43153100
-0.40804700
0.01200620
-0.35190800
-0.22979100
-0.34401700
0.10322800
0.12201100
-0.74498900
0.00335049
0.56690900
-0.38667000
-0.02510030
-0.04289560
-0.12846100
-0.37146800
-0.12936300
0.33275200
0.54105700
0.48183200
0.14034100
-0.12045200
-0.94225600
0.34691900
0.23088200
-0.53471500
-0.38185800
0.07332230
-0.00666783
0.46934200
-0.00996924
0.84808600
-0.60645700
0.19779800
-0.03211080
-0.81198900
0.26650100
0.09308240
-0.69560500
0.62906000
1.64915000
0.48475600
-0.92586300
-0.48523800
-0.87336200
-0.83045900
-0.35498400
0.10766400
-0.74575400
-0.03957930
0.84359100
0.28323100
-0.49974300
-0.03542940
-0.32697700
0.82230800
-0.89154700
0.65367400
-0.39468300
-0.82938800
0.05309630
-1.32161000
0.21326900
-0.54346100
0.10011200
-1.17895000
0.48135700
-0.45980200
-0.43405300
0.16043300
-0.51994300
-0.66779000
-1.03474000
0.22691800
-0.68687600
-0.39336700
-0.19728000
-0.54858300
-0.36322600
-0.35554800
-0.60475700
-0.20170900
0.41050900
-0.26995400
-0.31608300
-0.23248100
-0.53746700
-0.20284500
-0.05815230
-0.07691590
0.59175500
0.53524100
-0.36050500
-0.36812700
0.36939800
-0.03577940
-0.48718300
0.18288000
-0.84063200
0.00079025
-0.65628900
-0.37509300
0.30055300
-0.56630300
-0.93830300
-0.02989390
-0.43786900
0.02315720
-0.09747960
0.42590600
0.37755000
-0.30013800
0.28410400
0.00886947
-0.77309500
-0.85818500
-0.23182500
0.20218400
-1.17612000
0.20578500
-0.56362700
-0.27950700
-0.50921200
-0.18871800
-0.38119900
0.12152800
-0.08470300
-0.21522300
0.31954900
-0.32340500
-0.13156300
-1.32658000
1.30812000
0.39529700
0.35951800
-0.10159900
0.09034280
0.06278370
-0.07135580
-0.19547200
0.25174400
0.56251900
0.38643700
0.40030100
0.00959364
-0.22452300
-0.53544800
-0.09131490
0.05826650
0.11970000
-0.52186900
-1.09785000
0.75410000
-0.40979900
0.85414000
-0.70893800
-0.07792490
-0.20982000
0.42313800
-0.00181245
-0.00568475
0.14690200
0.03331300
0.07490910
0.08690520
-0.53946400
-0.06302810
0.25361800
0.20340900
-0.63320500
0.20679100
-0.13537800
0.08576460
-0.46116100
0.84015200
0.95677600
-0.60586500
0.11809300
0.22794200
0.37244000
0.00265495
-0.36766500
-0.13846400
0.16226100
-0.23833100
-0.22562100
0.26594000
0.00465190
-0.56915600
-0.12017800
0.21293100
-0.78721200
0.04640900
0.77048700
-0.04797040
-0.15665800
-0.66829900
0.41114400
-0.79274800
-0.72552800
-0.40714600
0.04711680
-0.18150300
-0.11872600
0.44999600
0.21762100
-0.37144200
0.70293700
-0.62598300
0.00474911
-0.07990210
-0.17393500
1.86957000
-0.17722500
0.64676300
1.02292000
0.05176030
-0.02423320
-0.19691600
-0.09023440
0.16639500
-0.17530300
0.05626960
-0.22191600
-0.12236500
0.07410290
0.16977700
-0.14390600
0.00756037
-0.35680200
-1.33303000
-0.70855400
-0.41721400
-0.30526900
-0.34666200
-0.56784600
-0.37275200
-0.51952600
-0.62962800
0.01078700
0.28508400
-0.67725900
0.20200500
-0.48871800
-0.17206700
0.86862700
-0.32041800
0.10988900
0.00114460
-0.36800800
0.25964300
-0.11285500
0.92529000
0.67156300
0.07253650
-0.20271000
0.00738261
-0.20001400
0.03376330
-0.27199400
-0.76270300
-0.20495200
-0.66519300
-0.49417300
-0.61364700
0.92422100
-0.23539000
0.01295450
-0.84262500
-0.54101300
-0.34298200
-0.46571900
0.10171400
0.11264000
-0.38185200
0.45795300
-0.42508000
0.43194400
0.09605030
0.28984600
-0.21525100
0.13918300
-0.26698200
0.42313800
-0.06536330
0.24893800
-0.37484700
-0.76120900
-0.11919700
-0.40879600
-0.40283100
0.02253350
1.84129000
-0.23995300
-0.65756100
-0.35013100
-0.00954179
0.05999240
-0.50981900
-0.55896000
-0.01211550
1.73860000
0.29994000
0.18825900
-0.28100500
-0.28582600
-0.80190800
-0.68512500
0.35403800
0.16317400
-0.98076600
-0.17338400
-0.28169900
0.60005700
-0.49261800
0.49567000
-0.68780500
-0.05799340
-0.52150600
0.07947380
-0.70765500
-0.04051570
-0.22948500
0.70214100
-0.09958000
-0.02222280
0.34385400
-0.54047300
-0.15343800
-1.09049000
0.35504200
0.84174900
0.10667600
1.00109000
0.16587000
0.98550300
-0.31939000
0.69906100
-0.63182800
0.04445480
0.00354048
0.10085600
-0.25249600
-0.21776200
0.28975300
0.52680000
-0.21820900
-0.60517400
0.17621800
-0.20319900
0.16720900
-0.28965200
-0.85714200
0.46424000
0.25204000
-0.22800400
-0.19422600
-0.37620300
-0.09514440
-0.18359300
1.60852000
-0.87349300
0.46140100
0.09942050
-0.04186140
-0.16284700
-0.56894200
-0.47307100
-0.68763800
0.36662400
0.00463574
0.43390600
0.70140800
1.09471000
-0.24218900
-0.11850000
0.12298300
-0.08615260
-0.26441900
-1.13323000
0.36520200
0.01688350
0.06026660
-0.82979400
-0.30071800
-0.29686100
-0.46951600
-0.30353100
-0.44581000
-0.10873800
0.08992670
-0.68765200
0.38837700
-0.40513800
1.10636000
-0.99284300
-0.56169200
0.47055700
1.47381000
0.33791700
0.23659800
0.02586350
-0.16338400
-0.18987500
0.85667200
-0.17928900
0.20170300
0.02008130
0.37320200
-0.47456800
0.79617300
-0.94773200
0.15008100
-0.32093300
-0.01825260
-0.58766200
-0.47650700
-0.75232800
-0.27321500
-0.35047100
0.26346400
-0.37925300
-0.52883700
0.02183590
-0.21304200
-0.75512900
1.70728000
-0.25621900
-0.14868400
0.16236600
-0.28309300
-0.99399300
-1.29633000
0.66961300
0.72260500
-0.05186440
0.13736000
-0.00361097
0.34606200
0.44160000
0.03250330
0.23597900
-0.08004850
0.12964400
-0.69466400
-0.21026100
0.32321600
-0.35535900
0.10486600
0.49639100
-0.04502400
-0.86743600
-0.16350300
0.17815500
0.22836100
-0.11434800
0.09651280
0.12137500
-0.41358300
0.60034900
-0.53567200
-0.61389900
-0.18568600
-0.55026100
-0.11450800
0.08884930
0.23885600
-0.30602300
-0.68456400
-0.47838800
-0.07855000
-0.26054300
1.09401000
0.15401700
1.54095000
1.01006000
-1.42291000
-0.70016900
-0.53005300
-0.17509600
-0.47404200
-1.70907000
-0.22993700
-0.64190800
0.08839600
-0.59645900
-0.66411800
-0.06943270
0.03566160
-0.48651200
-0.51547400
-0.70567600
-0.59958800
0.20426100
-0.82574700
0.39965100
-0.66816600
-0.03294960
-0.28570600
-0.08189610
-0.53258900
0.20547900
0.68520300
0.43874400
1.09608000
0.26517300
0.28648300
0.50705500
0.94784700
0.59871800
0.16300700
-0.08917980
0.03385470
0.25449400
-0.19694300
1.09356000
-0.20973700
1.82315000
0.18624800
-0.14079700
1.96120000
1.16365000
0.62377700
0.03684120
0.04277560
-0.09862870
0.03900180
0.11187600
-0.18956600
0.56041400
1.68862000
-0.06078980
0.05556530
-0.16487900
-0.14454300
-0.72621300
-1.30561000
-0.16294200
1.12757000
-0.50754000
-1.07667000
-0.38935800
-0.55019100
-0.02446900
-0.44049900
-0.16338900
0.19489100
0.27793600
-0.17668000
0.31409200
0.26578500
0.12441300
-0.13627100
-0.23842700
0.19816800
-0.27055100
-0.26475400
-0.18590300
0.01524200
-0.48771300
-1.31259000
-0.51396000
-0.49691500
0.08495830
-0.58766400
1.35110000
-0.17125900
-0.70443100
-0.47530400
-0.59530500
0.29641000
-0.62590400
-0.73370500
-0.47581300
-0.13023800
0.13985200
-0.33650600
0.26923000
-0.43861100
-0.41043800
-0.31255900
0.95419500
-0.52333900
-0.94871200
-0.64698700
0.07883210
0.38806100
0.72132000
0.27871700
-0.60478500
-0.27345600
-0.64440200
0.51672400
-0.81826300
-0.17915500
-0.13222700
0.31239000
-0.95348500
-0.44655000
-0.31628300
-0.44187200
-0.18981600
-0.66672700
-0.61269200
-0.00758721
-1.08647000
0.18944500
-0.00058177
-0.22640300
-0.37722500
-0.22648400
0.48068400
-0.08272840
-0.73236100
-0.20437300
0.06810950
-0.12204400
0.36391200
-0.76626900
0.76948400
-0.56079800
-0.54416800
-0.01197930
0.55565400
0.56305600
0.21930700
-0.30603000
0.21971800
-0.42851200
-0.07126140
-0.34051400
-0.44452000
-0.28732500
-0.32825400
-0.29774200
-0.17591600
-0.52403300
0.16923400
-0.17453400
-0.67548900
1.22095000
0.25578500
-0.57628600
-0.04613750
0.25560500
0.46894800
0.03402940
0.28164000
-0.18776000
-0.07358330
-0.34867700
0.02030980
0.47666700
-0.45369100
-0.29802100
-0.44087700
0.29424900
0.24885100
0.71194300
1.07039000
0.08883100
-0.61193600
0.42849100
0.66002400
-0.55141000
-0.37049700
1.27369000
-0.40714800
-0.06815540
0.20572800
-0.25188800
-0.49882500
-0.42519600
0.32270600
-0.35938500
-0.10984500
-0.07524780
-0.11291200
-0.34680300
-0.26128000
1.13261000
-0.58320100
0.17770700
-0.44561700
0.24362300
-0.31470200
0.06655830
-0.50164400
-1.00084000
-0.55092000
0.92055800
0.01119370
0.10111400
-0.57900000
-0.73547500
0.71807100
0.00590523
-0.10304600
-0.46540100
-0.65374800
-1.07829000
0.46678700
-0.63627900
1.06146000
-0.36097000
-0.63792500
0.11991200
0.02654500
0.72316400
0.47469800
-0.50800900
0.29046100
-0.89265400
-0.24163300
-0.07524810
-0.10408600
0.34807500
-0.35714100
-0.24217000
-0.04506040
-0.14439800
0.06573280
-0.49423600
0.72289200
1.54400000
-0.06747730
-0.30225300
0.46363300
0.09913830
-0.36043800
-0.42689900
-0.54891300
-0.50783800
-0.19542700
-0.13701900
0.07645120
-0.62411400
-0.23474900
-0.82118700
0.37697100
-0.15238800
0.68918100
-0.24308000
-0.68881900
-0.14655800
-0.29263500
-0.31886400
0.07481550
-0.30964900
-0.36670200
-0.23226100
-0.16487300
-0.05999820
-0.95275900
-0.10121800
-0.27730100
-0.44578900
0.43231600
-0.04884660
-0.03997920
-0.66253900
0.00829407
-0.21034600
-0.53617800
-0.43191500
1.07865000
0.57776800
-0.70765900
-0.27451500
-0.02415380
0.16285900
0.78640100
-0.79754200
0.55893200
-0.44249500
-0.17681700
-0.14162700
-0.47957800
-0.63650000
-0.06951410
-0.65167700
0.65191100
-0.19152500
0.42977100
-0.72376400
-0.31668900
-0.25198700
0.35826000
-0.42247500
-0.69541400
-0.29263500
0.42635300
-0.20093400
-0.68078500
-0.52886200
-0.37131100
-0.60704200
-0.20114500
0.10057500
-0.88451600
0.32019900
0.19003500
-0.30989900
0.54971600
-0.19092200
-0.71062200
-0.62792900
-0.33891000
0.08809200
-0.14697100
-0.49168400
-0.00285353
1.62360000
-1.10455000
-0.45652500
-0.25566200
-0.00379374
-0.26634600
-0.01872610
-0.47580600
-0.36411100
0.38012700
-0.26872700
0.32726000
-0.14063900
-0.05038230
-0.42088800
-0.33446500
-0.02792730
-0.62888500
-0.60187800
-0.69097100
-0.47740700
0.19276900
-0.17082400
-0.68957900
0.48811600
-0.04939850
-0.33372000
0.01843100
-0.38218200
0.34784000
-0.23976500
0.25816600
-0.05991650
-0.53453900
0.22557800
1.00832000
-0.18297900
-0.60980600
-0.07541730
-0.16172300
0.35607500
0.65429100
-0.01520150
0.39769800
0.30387400
0.27731500
-0.39568400
-0.30652500
0.46585900
-0.09801780
-0.55224600
0.02719450
0.17513300
1.34697000
-0.81781300
-0.24958600
-0.46509700
0.04745650
-0.06030710
0.15887800
0.69457300
-0.12698100
0.62327000
1.06180000
-0.55988400
0.82143900
-0.58587300
0.11908100
0.59233200
-1.46995000
0.05660760
-0.30161600
-0.19456200
-0.00356103
1.88151000
-0.80911700
-0.40394400
0.13921300
-0.28578900
0.19008000
0.30047000
1.04661000
0.09083430
-0.26359800
0.59167400
0.00218867
-0.35173800
-0.06560860
-0.57306600
-0.39444000
-0.56512400
-0.66412400
0.30651800
-0.15517300
-0.11647600
0.54040700
0.38788900
-0.79014100
-0.24796500
0.79414500
-0.82286900
-0.85158900
0.23019200
-0.56318500
-0.27843200
0.14358400
-0.05976630
-0.84098700
0.67402100
0.95965800
0.15686400
-0.41230900
-0.40730800
0.36914400
0.15824100
-0.10659800
-0.06093800
0.05232050
-0.82961300
0.36091400
-0.43621400
-0.67793400
-0.16695000
-0.09844110
-0.04870790
-0.51585500
-0.22473800
-0.63336400
0.78296300
-0.16920500
-0.41871900
0.29793900
0.51159400
0.52190400
0.04709460
-0.17425100
-0.50189300
-0.30238600
-0.52445700
-0.15054900
-0.80785500
-0.14798100
0.17592400
-0.38498000
-0.40903400
-0.19819300
0.14629800
0.72718000
-0.20936300
-0.97828300
-0.08553010
-0.15002500
0.18276100
-0.20548100
-0.04856400
-0.11349200
-0.58767800
-0.85929900
-0.91442300
-0.33274100
0.74199300
-0.06777930
-0.16030900
-1.11562000
-0.89949600
0.38312700
-0.54652200
-0.18537900
-0.28839100
-0.18256000
0.09894040
1.92948000
-0.60744400
-0.11089500
0.41386400
-0.27957700
-0.47508100
-0.38717200
0.11538800
-0.03920460
-0.08834310
0.92486400
-0.15738300
0.41029700
-0.35418900
2.45026000
0.51086200
0.75591400
-0.81926500
0.65019600
-0.11388500
0.46954400
-0.26847300
-0.41893100
-0.27614500
-1.20070000
0.00760637
-0.06050580
0.05856130
0.13394100
0.32607200
0.38249100
-1.03153000
0.03550680
-0.73701000
0.43990300
-0.13112900
0.78993100
-0.26938900
0.82807400
1.02686000
-0.72201100
-1.07037000
-1.02343000
-0.29731700
-0.48431000
0.27051300
-0.59432500
0.05470420
0.27001000
-0.22232500
-0.48184800
0.03111540
-0.16388900
-0.07393180
0.73123600
0.00237743
0.53957500
0.57309500
0.04100110
-0.04663540
-0.12449100
0.07062220
0.13745700
0.23691200
-0.08606640
-0.77159800
-0.90672700
-0.19905900
-1.00002000
-0.29539800
-0.58724200
-0.12235100
0.05993430
-0.43101300
-0.46944100
-0.56987500
0.26340600
0.10517500
-0.10159100
-0.18119900
0.20165200
-0.27226300
0.14534700
0.34171300
-0.59155600
-0.10449900
-0.14990500
-0.54351700
0.32091600
0.31312700
-0.42035900
-0.38601300
-0.16516500
0.21058700
-0.58929500
-0.42280600
-0.16635100
-0.01222000
0.26848700
0.12404300
2.02150000
0.80330000
-0.21721800
-0.11617300
0.21044000
-0.60811700
0.22816200
0.44716800
-0.12518200
-0.35782500
-0.66266400
-0.39248200
-0.17985700
-0.43220400
0.63138300
0.87954200
0.95042000
-0.15572000
0.87525500
-0.89562500
-0.32061200
0.07285590
0.47318400
-0.04710900
-0.14946400
0.29413300
-0.52599400
-0.16767000
-0.18598700
0.37522200
0.37522200
-0.21081300
0.20664500
-0.11687000
-0.32615000
-0.36327500
-0.30906800
0.13006400
0.46464500
-0.42140600
-0.12108800
-0.16856900
-0.10175800
-0.13611200
-0.19464400
-0.46432900
-0.64397200
-0.75056700
1.22843000
0.05662750
-0.30172200
-1.08667000
0.14588800
0.21204200
0.34211700
-0.90211700
0.08328520
0.19022100
-0.20443500
-0.04742960
-0.39916800
-0.27637200
-0.48921600
0.02258090
-0.76195200
-0.43105800
-1.01503000
-0.29773800
0.45660500
0.31644300
-0.32469700
0.75554200
1.51481000
-1.00867000
-0.46823300
0.05579210
0.20392800
-0.08798190
-0.51966700
0.19931600
-0.47157400
0.07857980
-0.65004800
0.09374530
-0.15391400
0.51168600
0.94574700
0.12068700
-0.12319600
-0.33371800
-0.83874600
-0.33559400
0.44361000
-0.20380400
-0.52377500
-0.71716000
-0.28727100
-0.07079560
-0.29170400
0.48087900
-0.19997000
-0.35103100
0.85875900
1.01443000
0.25097300
-0.48249400
-0.37221700
-0.29541900
0.03135290
-0.49683400
2.15243000
-1.23624000
0.02258840
0.11762500
-1.05597000
-0.55177100
1.21545000
0.23484500
-0.00170661
0.45949300
0.38722400
-0.88203900
0.07917710
0.24011000
-0.14184500
-0.05876250
-0.21606500
-0.32464400
0.73582100
0.35455700
1.72449000
-1.02375000
-0.12126500
0.23513800
0.21788100
0.67623800
-0.13096100
-0.13307300
0.23810200
-0.17172200
-0.83067100
-0.09613670
-0.16646500
-0.06877810
-0.32782300
-0.10076300
-0.60208300
0.04075690
-0.00714940
-0.14566100
-0.35941200
0.16571300
-0.41387000
0.28845100
-0.11610700
0.29445100
-0.26217200
-0.47262000
-0.25674900
-0.12185900
-0.42255900
-0.04190110
-0.80725600
-0.26142800
-0.20272800
-0.24454300
-0.06426100
0.44381300
-0.80327000
0.08219110
-0.83006600
-0.18246500
-0.32782300
-0.02872080
0.51290900
-0.02534660
0.31847200
-0.74630600
-0.42289000
1.05515000
-0.14985000
-0.83497900
-0.75072900
0.46850400
0.14426200
-0.03250320
-0.17736200
-0.45284500
-1.34876000
-0.15891100
-0.44794300
0.04974490
0.13202200
0.00811612
-0.20727700
0.15546500
0.44051500
-0.36037900
1.16457000
0.55892800
-0.29973600
-0.37440700
-0.18801500
-0.59237300
0.01596940
0.24970900
0.14247300
-0.55207100
0.17820800
-0.50728300
0.31443600
-0.08907080
-0.61765200
1.33252000
0.01547360
0.72918500
-0.33751700
-0.66871100
-0.41248200
-0.61707700
0.28875600
-0.69464000
-0.32758600
-0.92401000
-0.41808000
-0.32261300
1.78393000
-0.16643600
-0.59195500
-0.19045400
0.42652600
-0.49512700
2.26798000
0.53173600
-0.97950900
-0.34121600
-0.47727200
-0.80937300
0.25258100
-0.35159200
-0.85330700
-0.69159400
-1.27370000
-0.19495100
0.70756400
-0.74135100
-0.43455700
-0.04251120
-0.89527800
-0.71872400
0.53098500
0.79530900
-0.43819700
-0.35354400
0.08076650
-0.66188200
-0.44512900
-0.47251000
-0.68855100
-0.10932300
-0.24930000
-0.34475600
0.31953600
-0.28561900
-0.25839900
-0.49364900
0.26910400
0.14354300
-0.05813630
-0.19084200
-0.20209900
-0.72167300
-0.19150600
-0.26324000
1.54269000
-0.38710300
0.51217600
0.19387500
0.49674200
0.18606600
-0.37856200
-0.84674400
-0.70899900
-0.70593500
0.27854000
-0.65757700
0.19382800
-0.00607778
-0.21713900
-0.19325300
-1.45156000
0.03418190
-0.24703800
-0.20878000
-0.24432500
0.89725600
-0.97126400
0.35542300
-0.60897300
-0.29569500
-0.11116600
-0.63246100
-0.34009500
-0.43063300
-0.34186600
-0.28644000
0.08900340
-0.08936470
0.05864040
-0.23112800
-0.19821600
0.02920710
-1.03327000
-0.47803900
-0.39309500
-0.65757800
-0.86608500
0.01611720
-0.07014220
0.27140200
0.07694230
0.19026800
-0.44095500
0.04745840
-0.18989900
-0.51839300
-0.45718500
-0.07218340
-0.54219400
-0.65129200
-0.05166400
-0.61570000
0.07929590
-0.39856800
-0.07060150
0.18035700
-0.40777600
0.08444920
-0.14078900
0.32053100
0.21857400
-0.65517000
0.12857800
-0.40913200
-0.32409200
-0.71015500
0.11428200
-0.49053100
-0.10055700
-0.50271100
0.37586700
-1.21233000
-0.28333900
-0.17140500
0.41052600
0.23969700
-0.19997200
-0.70839400
0.56812300
0.28510900
-0.03143630
-0.47830500
0.30812200
0.92726200
-0.61395700
0.37159100
-0.01111960
-0.50720800
-0.06714840
-0.23678200
-0.24024700
-0.04393720
-0.19448500
-0.24398100
0.35746700
-0.20104500
-0.36348800
0.46069800
-0.33926200
-0.22906300
0.80567200
-0.48198500
-0.84110800
-0.14231700
-0.07451820
0.23111000
2.52471000
-0.61684300
0.05306170
-0.43716700
-0.41372200
0.02677190
-0.65183100
1.19597000
0.84761900
-0.33470100
0.28510900
-0.34784100
-0.14299300
-0.32393800
0.16214900
0.29760900
-0.04614090
1.17592000
0.48593000
-0.46101200
0.06022410
0.21057300
0.78198100
0.22040100
0.35423400
-0.29018100
-0.46408300
-0.25459700
0.69012100
0.40779700
-0.54883300
-0.59491500
0.25390200
-0.35587800
-0.38270200
-0.13181300
1.15496000
1.06618000
0.64702900
0.58285900
0.27117000
0.81429800
0.93917800
-0.05613220
0.38570100
0.64178500
0.17867100
0.40281900
-0.30173800
2.26344000
-0.35530900
-0.37547800
-0.11544100
0.10538300
-0.57824700
-0.20004700
0.18360600
0.61878900
-0.37789100
0.46297400
-0.59830000
-0.62143100
-0.29005200
1.23341000
0.04809980
-0.73738900
-0.44799800
0.40148800
-0.38304200
-0.65041600
0.08789930
-0.24686100
-0.12180100
-0.37613400
-0.37279200
-0.08125660
-0.56339900
-0.14270300
-0.49269200
-0.35419900
0.25755300
-0.83975600
-0.84688800
-0.23513100
0.01381700
0.15541200
-0.26592400
0.38435700
-0.22771900
0.34306500
1.06388000
-0.95147900
0.41330700
-0.24080200
-0.07748740
-0.07804240
-0.01837530
-0.61858700
-0.18022100
-0.27981700
-0.59137500
-0.43134100
-0.73724000
-1.12596000
0.01670900
0.10661500
-0.84389100
-0.05227900
-0.13672200
-0.21814300
-0.18563100
0.13545500
0.03037720
-0.44151500
-0.23568300
0.01240230
-0.75171500
-0.30707600
-0.62148800
0.15726400
-0.76385400
0.03284080
-0.11015200
-0.12121800
-0.58022500
1.23301000
0.12111300
-0.81200600
-0.24743600
-0.22723100
-0.07209110
0.52892500
-0.00588953
-0.76157600
-0.53481900
-0.24613800
-0.25805900
-0.26371800
-0.01786610
-0.28891400
0.27037600
-0.14528000
-0.60976600
-0.38381400
0.28873900
-0.48629800
0.06773030
0.26624900
-0.07181070
-0.76705800
-0.36089400
0.06666140
-0.74034200
-0.24444900
-0.14755100
-0.59864700
0.34324100
-0.74282300
0.60924000
-0.30084700
-0.05700380
-0.31912200
0.15119900
0.76047100
0.13528000
-0.16030200
0.01352820
-0.04205220
-0.53902300
-0.03246130
0.26682400
0.06313490
-0.47786700
-1.13034000
0.88717900
-0.39364500
0.48319700
-0.57794500
0.27624400
-0.78953100
0.82464700
-0.49923200
-0.12514900
-0.40238300
-0.62826100
-0.78120600
-0.81797200
-0.33494400
-0.74830100
-0.31979600
-0.16816500
-0.81381100
-0.62306600
-0.02544070
-0.50519300
-0.51987600
-0.31885300
-0.31438400
-1.50986000
0.16955300
0.03651920
-0.47330900
0.20793200
-0.43120700
0.15971500
-0.76310000
-0.70011800
-0.74812300
0.08270940
-0.00795563
0.16643400
-0.82267000
-0.55848700
0.03670680
0.17988900
-0.83932200
-0.12308000
2.02400000
1.91635000
2.04479000
0.45278800
-0.24840100
0.24786500
-0.30692100
0.10617100
-0.25292700
0.37168500
-0.45326900
-0.35927900
0.20256400
-0.17031100
-0.24558900
-0.30009700
-0.13422700
-0.31074200
-0.57345600
-0.01213390
-0.66001400
0.31282400
0.42103100
-0.65658800
-0.31078800
-0.36089600
-0.48624700
-0.93194600
-0.33304200
-0.09874210
-0.46727000
0.90667700
0.14143100
-0.09859700
-0.16077900
0.29453000
-0.09830730
-0.65429900
-0.02538680
-0.74501000
0.35628100
-0.52050800
0.88538800
0.02049520
0.19184100
0.20898800
0.35339000
-0.18219300
-0.30701200
-0.14063300
-0.13732100
-0.50258000
-0.80360600
-0.34845100
0.13516300
-0.70389700
0.27266900
-0.04444560
-0.23304900
-0.22243400
0.02452630
0.13766600
-0.29164400
-0.47803400
0.31102400
-0.13066400
-0.00016949
0.12868200
2.34833000
-1.00655000
-0.70115100
-0.49686900
0.88281800
-0.34530600
0.93642800
-0.12595500
0.44631200
1.10031000
0.52520000
-0.30205600
-0.41036300
-0.01188420
-0.08714460
0.03451320
0.05377410
1.61923000
0.22909400
-0.70118100
-0.26357600
-0.53864500
-0.32064600
-0.54802600
0.51491400
0.03217910
0.62785900
-0.51501000
0.59690800
-0.45013700
0.54467900
0.15536800
0.00407468
-0.33993300
0.04264020
-0.13224800
-0.59600000
-0.27827600
0.53241500
0.88967800
0.03386580
-0.13804100
0.04565090
1.46069000
0.78686200
-0.44773800
0.95954700
0.36745600
-0.22222900
-0.43608100
-0.36019800
-0.00187530
-0.19956900
-0.02172310
-0.19931600
0.04971480
0.11993900
-0.20111900
-1.05037000
-0.69763200
0.87658800
-0.04964350
0.14066400
0.25524500
0.45930900
0.27709800
-0.80281100
3.31425000
0.64038700
0.10929200
-0.22852800
-0.17634700
-0.14877100
-0.41591700
-0.12765300
-0.15350500
-0.32730900
-0.39145300
0.05074000
-0.39321600
0.18855700
-0.31702900
0.13417200
-0.81183900
-0.57886700
-0.57362200
-0.29027900
-0.65821800
0.32144800
-0.03924640
0.11097700
0.16047600
-0.23931700
-0.30109600
-0.33094300
-0.26629400
-0.31377700
-0.06978230
-0.28226500
1.49078000
0.08086000
0.04297460
0.03097160
-0.33241600
-0.43893900
-0.03118890
0.17530500
-0.21439100
0.33013100
-0.34217400
-0.54403500
-0.16782100
-0.44880000
-0.58297200
0.12322200
-0.01526870
0.02351670
-0.58507900
-0.32087600
-0.01242710
0.27818600
-0.01488550
-0.30995500
-0.29202700
0.09891180
0.49149600
-0.57498700
-0.41752600
0.06901380
-0.90740000
-0.66625600
-0.05053620
0.97670200
1.17560000
0.38564400
0.39873300
-0.56399300
0.09970320
1.90860000
0.00015687
0.16967700
-0.02964660
0.52599700
-0.06041410
-0.43236900
0.53470500
-0.66542100
-0.13465200
-0.39202600
0.19671200
0.25240800
0.27483500
0.30358900
-0.31004800
-0.06896130
0.48975700
-0.69323600
0.09042950
-0.54248400
0.32504200
-0.55044400
0.57013500
-0.21985600
0.11701900
0.00354559
-0.00428056
0.33370500
-0.27998300
-0.14966100
0.22436000
-0.47462300
-0.43564700
-0.69574600
-0.21259300
-0.41322100
-0.15500200
-0.45237900
-0.21923400
0.00802535
-0.79264600
0.14983500
-0.51746200
-0.19783100
-0.61446800
-0.60409900
-0.26215000
0.45771300
-0.28794800
-0.26411100
-0.12928000
-0.43322600
-0.50652800
0.12576700
-0.29719200
-0.33331900
-0.34709300
-0.41079400
-0.73121100
-0.35063800
-0.30851800
1.94917000
-0.16545300
0.32107800
-0.36886700
-0.12201200
0.50313000
0.93710600
0.01220810
-0.69151400
-0.87314200
-0.96651600
0.16748900
-0.15662800
-0.59133000
-0.28469000
0.05332350
-0.11457200
0.07366740
-0.22406900
-0.67896300
-0.31139600
0.18183000
1.82251000
0.59630300
-0.92061100
-0.11265200
-0.27923800
-0.43280900
-0.40826900
0.20342700
-0.73742800
-0.61692800
-0.07348630
0.30339000
-0.03340120
0.41980300
0.05531490
-0.70430500
0.10050600
-0.10955400
-0.38420700
-0.11364200
0.89808500
-0.11870600
0.74628200
1.39516000
0.73589000
-0.44096500
-0.27595800
-1.03907000
-0.72473500
0.16020800
0.02368610
-0.82463700
-0.72186000
0.32360300
2.73838000
0.88154500
0.58493800
0.49253900
-0.24498700
0.01606250
0.04728450
-0.67285200
-0.83367700
-0.13278000
-0.20289300
0.56855200
0.01640940
-0.05947020
0.38768400
0.29854800
-0.30840900
0.01468670
-0.40272200
0.45926400
-0.23767400
0.15177100
-0.32606700
0.23799200
-0.17131900
-0.11285100
-0.47519700
-0.21499900
-0.17956900
0.39379500
1.50983000
-0.48435100
-0.50940200
-0.56621800
-0.58177200
-0.20412100
-0.14173300
-0.26525300
0.62769200
0.20300100
0.36593000
-0.21433400
-0.51523700
-0.64217700
0.53251700
-0.18395600
-0.46912300
-0.42687300
0.93780900
-0.08278930
0.07308500
-0.20959900
-0.47998300
-0.57963100
-0.20314900
0.47641600
0.66342300
0.18808000
0.86444200
0.44013000
0.99625100
0.17479000
0.00881027
-0.37455000
-0.06368730
-0.37419200
-0.26326900
-0.44855300
0.16647700
-0.31777200
0.01976660
-0.58577900
-0.10493800
-0.54706400
0.11389400
-0.91286600
0.18020400
-0.53256400
-0.85551000
0.61875900
-1.06217000
0.50190000
-0.30914400
0.69240200
1.12262000
0.01602470
-0.43300100
-0.64166600
-1.19075000
0.67847800
-0.26902300
-0.02296520
-0.03870030
0.18756200
0.08088140
-0.10789200
0.63972800
-0.29775600
-0.32569900
-0.67845700
-0.09934330
1.11721000
-0.76794100
0.23593100
-0.95933200
0.08823680
-0.05895590
-0.32301800
-0.40266000
-0.36914300
-0.30008200
-1.68626000
0.12627300
0.01700340
-0.81281300
-0.24816600
-0.10714400
-0.08325460
-0.09220480
0.35605500
-0.44157500
-0.45349100
-0.40303800
-0.06373140
-0.30389900
0.63691300
-0.40493200
-0.55240000
0.18247000
-0.44678400
-0.77605800
-0.60410000
-0.09011230
-0.47437400
-0.50242500
-0.63371400
-0.24341000
-0.42453700
-0.13394900
0.43406300
-0.25599700
-0.26718700
-0.04759680
-0.31107000
-0.16502200
-0.31899700
-0.24058300
-0.04121560
-0.10511800
0.18380400
0.34971700
0.04221060
-0.66252600
0.79592100
-0.25252300
0.35347600
-0.54387400
-0.95316500
2.52536000
-0.55834100
-0.44192000
0.59636800
-0.16381800
-0.30737300
0.11028700
0.29656500
-0.23464500
0.17641100
0.50813500
-0.27132000
-0.25683000
-0.25326100
-0.59976700
-0.28032200
0.14974900
0.31995900
-0.79186000
-0.48427000
-1.18864000
-0.24752100
-0.09753720
-0.54526600
-0.18401600
-0.41011500
0.39118700
-0.32292500
0.83621700
0.23725400
-0.56811900
-0.15400900
-0.11285700
-0.31041900
0.03026010
-0.84887600
0.55179800
-0.17267400
-0.17860700
-0.05902570
-0.21411200
-0.30325900
-0.45839800
-0.52486300
-0.41612100
0.94164300
-0.40237400
0.13182600
-0.10239500
-0.18681900
-0.34908200
-0.31579500
-0.04518880
-0.64595300
-0.04709330
-0.23293600
-0.55663800
0.97358800
-0.11045100
0.19338100
-0.37968500
-0.08611840
-0.71120400
-0.17339700
-0.65445200
-0.22410200
-0.76325700
0.23254300
-0.09773130
-0.25306300
-0.93856600
-0.54286100
1.34593000
0.84158500
-0.50851100
-0.22758800
0.10878400
0.00151061
0.58278000
-0.00170183
-0.46699600
-0.63237900
-0.46507700
-0.30171700
-0.19210000
0.02106200
0.09377350
0.14747200
0.28692000
-0.66467700
-0.21860900
0.19226800
-0.31499700
-0.52973000
-0.39524900
0.01193010
-0.58577900
-0.79315600
-0.47899100
-0.88578800
-0.32025200
0.67557600
-0.41394500
-1.45881000
-0.18986500
-0.32464000
-0.46373400
-0.34771600
-0.18400100
0.40470900
0.05916370
-0.73913000
-0.57501200
0.06893280
0.76563600
-0.55047800
-0.79707500
-0.50702200
-0.01040040
0.07884680
0.54504700
-0.74661800
-0.52153800
-0.17906200
-0.46665900
-0.55428500
-0.62955500
-0.10807700
-0.22864200
-0.39704200
-0.03176170
-0.74290700
0.39353100
0.20329100
0.05744870
-0.13321800
-0.69201000
-0.48245600
-0.09843750
0.10354700
-0.23408600
1.95641000
-0.15166900
0.16277300
-0.29676300
-0.02251070
-0.25800900
0.38329500
0.20474200
0.42164300
0.39725100
-0.76141000
-0.19619100
-0.85697700
0.38012500
-0.19730100
-0.31108700
-0.61102700
-0.21110100
0.02450420
0.02246770
-0.20509300
-0.40997800
-0.37880600
-0.33796200
-0.04768290
-0.12279700
-0.53484800
0.70927000
0.35206800
-0.66946100
-0.12050900
-0.07050210
-0.34677300
0.07228100
-0.35332900
-0.17347000
1.49564000
-0.03802530
-0.27299000
-0.54947700
0.80649900
-0.88161300
0.25466100
-0.30301500
0.11161800
-0.39590700
-0.05986740
-0.17193100
-0.38088300
0.00294144
-0.63775200
-0.89983900
0.46704300
0.16282100
-0.04859370
-0.36897600
-0.76248900
-0.00089815
-0.35694600
-0.56085700
-0.94239700
-0.30321500
0.40524000
0.28033000
0.57751400
3.42835000
0.82395000
1.70041000
-0.43774800
-0.38128600
0.50813300
0.52853500
0.29277300
-0.31223000
1.08096000
-1.07823000
0.24785700
-0.49685700
0.33935700
-0.46716700
-0.13666900
-0.40502300
0.07039760
-0.45823700
-0.86913500
-0.42998700
-0.09102300
0.02685780
-0.56421100
0.17182400
0.12625500
-0.29936600
-0.58758500
-0.05995860
-0.02139380
0.67986100
-0.36457500
-0.35392700
-0.30011900
-0.30211700
-0.25640300
0.21107700
0.74647200
-0.21323600
0.35197400
-0.23905100
-0.33523800
-0.96104600
-0.23886000
0.10955300
0.34449800
0.69519600
1.00512000
0.57111200
0.56718700
-0.42572800
-0.04681570
-1.03088000
0.05960740
-0.27052900
-0.51257400
-1.47326000
-0.62346800
-1.05055000
-0.42344700
-0.23052400
-0.67076100
0.12034200
0.01260260
0.62254000
-0.19978800
0.47835100
-0.00692599
-0.04280600
-0.88013500
0.03174740
-0.15967700
-0.36668000
-0.78494300
-0.93677500
-0.18587300
-0.23742300
-0.79594300
0.57172100
0.28965700
-0.17545300
-0.89632600
0.24615400
-0.50753400
-0.15474200
-0.22077100
0.26561500
-0.18910600
-0.24604300
0.14997700
-0.61560500
-0.48404300
-0.42449100
0.50301300
0.26647000
0.02173990
-0.23265200
-0.90605400
-0.48588300
-0.50183400
0.02664120
-0.68221800
0.08087710
-0.45775200
-0.71582600
0.07453890
0.36047800
-0.46688000
-0.13340100
-0.48888600
-0.33509500
-0.48184900
-0.39244200
-0.23599600
0.59419300
-0.49412400
-0.25319100
-0.59855400
-0.51348200
-1.01994000
0.09373110
-0.47871400
0.05899050
-0.28016400
-0.38230700
-0.38582000
-0.06196640
0.03858000
-0.12173700
0.27786800
0.79115300
1.11947000
0.03432140
-0.12648400
-0.31019400
-0.23938100
-0.22985500
-0.36538500
0.63489800
0.00561774
-0.64897600
0.66159200
-0.47696300
-0.20086100
-0.76669800
-0.14039300
-0.46517300
-0.01192520
0.15365300
-0.88411600
-0.30562500
-0.27199200
-0.43458700
-0.25510400
-0.27794400
-0.40506500
-0.49587300
-0.36145200
-0.16356400
0.20481800
0.68668800
-0.39623200
-0.35833500
0.10978900
-0.24348700
0.55501300
0.78953600
-0.22894400
-0.18635800
-0.38188100
-0.90857200
-0.49687100
-0.48831400
0.62866500
0.19729800
-0.78256700
0.74451000
-0.01320430
0.54399600
0.11155700
-0.20891900
-0.12538500
1.00692000
-0.81588100
0.50717600
-0.18284300
-0.43415100
-0.94525500
0.13144200
0.30045300
-0.96394500
0.94191100
1.78739000
0.57153200
0.16555600
-0.40432600
-0.44787100
-0.86093500
0.35166700
0.39648400
0.93282700
-0.10543100
-0.16126800
-0.07295530
-0.68713200
-0.18752800
-1.10307000
0.49893600
0.23192500
-0.16585800
-0.30177000
-0.85160300
0.22786900
-0.98436000
-0.06279660
0.03853020
-0.61902800
-0.78933000
-0.84912000
0.25158700
-0.60414100
-0.43049800
2.68697000
1.81678000
-0.28524800
0.31637100
-0.10962700
0.14261000
0.10614600
-0.53640900
-0.35666000
-0.06866650
-0.49784900
-0.36994600
-0.51463600
-0.12029400
-0.85669300
-0.66870900
-1.22498000
-0.30328600
-0.06575900
-0.18919800
-0.51984100
-0.11494300
-0.86064400
-0.77549000
-0.54863500
0.26751300
-0.53518700
-0.84626900
0.43348700
0.45054400
0.16260100
-1.07212000
-0.94897500
-0.02001700
-0.06372070
-0.33408500
-0.52073100
-0.71076500
-0.77271900
0.08939560
-0.41147000
-0.09265480
0.04291120
1.14609000
-0.15347500
-0.16835100
0.83070500
-0.51080300
-0.20624100
-0.08028340
0.13350600
-0.40288300
-0.50787100
-0.41557600
1.63970000
0.41651600
0.03995900
0.00106530
0.00734095
-0.07395380
-0.55039500
-0.62327000
0.90144300
0.72797200
-0.09414570
2.15430000
0.59145000
-0.67932200
0.00019002
1.02042000
0.23470700
-0.40124200
-0.23726500
-0.79786000
-0.61068600
-0.52402800
-0.02522920
-0.07133010
-0.17524000
-0.53508200
-0.35060200
0.11447600
-0.40505600
0.07061460
0.04870350
-0.37322700
-0.75645300
-0.20817700
-0.04994050
0.02977840
-0.13033400
-0.33202400
-0.10094700
-0.40856300
-0.39077600
-0.39749300
0.32266400
-0.31296900
0.73625300
-0.47546100
-0.35187400
-0.25144400
-0.15208000
-0.73016800
-0.20369700
-0.86896400
0.24751000
2.06410000
1.53465000
-0.78381300
-0.15060000
0.85236200
-0.09115490
-1.02522000
-0.72095800
0.27653200
0.52215700
0.09305530
-0.27834100
-0.18183000
0.07285690
-1.06252000
-0.97404600
-0.19608200
0.36327700
-0.16477900
-0.29489200
-0.53557200
-0.68487600
0.35667600
0.06252220
0.45421300
-0.49796600
0.03447970
-0.68225300
-1.32803000
-0.24013300
-0.07989660
-0.08077990
-0.23392600
-0.17989100
-0.57861500
1.22713000
0.86424500
-0.13901200
-0.45459500
-0.93769200
-0.43563300
-0.01667360
-1.18797000
-0.45456400
-0.18416200
0.01988610
-0.59729000
-0.62516500
0.04555090
-0.76077600
-0.20078200
-0.35729700
-0.80200500
-0.67932500
0.29117400
0.99653900
-0.63136700
-0.42041400
-0.50431600
-0.12246400
1.07985000
0.99754400
0.15183300
-0.39827800
-0.24907300
0.43631900
-0.99041200
0.00209649
-0.39546700
-0.36907700
-0.88094700
0.26668600
-0.04721510
1.47194000
1.15653000
-0.23732200
1.25521000
0.33030600
-0.43390800
-0.82798600
0.22585900
-0.02225490
1.29375000
0.30844900
0.26737600
-0.17032000
0.70240900
0.11481800
0.70640600
-0.61534000
-0.14109700
-0.29630800
0.12854600
0.38066000
1.82673000
-0.37811900
0.18028600
-0.50601300
-1.00823000
-0.13290600
-0.77558600
0.04486840
0.09181310
-0.68785400
-0.25350500
0.22916700
0.26952300
-0.36329100
-0.16248100
-0.12655700
-0.23629200
0.01283090
-0.74316500
0.14778300
0.26583100
0.99513300
-0.58258000
0.48950500
0.82214700
-0.39267000
-0.06880660
0.02891830
-0.92882900
-0.24593800
-0.34592800
0.15251700
0.17773900
-0.54135900
-0.85313500
-0.19985800
-0.34963300
-0.45204100
0.23088800
-0.25659400
0.18245400
-0.19041600
0.00963446
0.02771400
-0.39326100
-0.25632200
-0.29096800
-0.13534200
1.36205000
0.22256600
-0.64434100
1.04460000
-0.01259280
0.01839680
-0.12677600
0.15547600
-0.58980800
0.20310700
0.74192700
0.52917000
0.26178900
0.34755600
0.06513400
0.38594400
1.31604000
-0.39558300
-0.11234200
-0.31385700
0.27726400
0.50656500
0.29432200
0.37865600
-0.05366890
-0.27043300
0.16010300
0.05918420
-0.89851900
0.18809600
0.43357800
-0.02198480
1.67099000
1.27875000
0.29167200
0.00887768
-0.04743980
-0.72017000
-0.03074640
-0.08868650
-0.31657500
-0.15635400
0.70856700
1.06304000
-0.31427300
-0.60577700
-0.02173100
-0.18992900
-0.77838100
0.02019570
-0.77413700
-0.63475900
0.25743000
-0.55292900
-0.86950600
-0.19733500
-0.16762300
-0.95631300
-0.87328400
-0.77528800
-0.53815700
-0.47310700
-0.71116000
-0.61170200
-0.40042100
-0.51191700
-0.66797500
-0.02757810
0.24909900
-0.55684400
0.28042000
3.18536000
-0.86248500
-0.26272900
-0.80325300
-0.19680300
-0.19160000
-0.50715500
-0.39808000
0.03794910
-0.50061700
-0.11559200
-0.96747300
-0.05495770
-0.06223110
0.13148600
0.63985100
-0.18827600
-0.16748400
0.01391880
-0.08508430
-0.08118490
-0.42437100
0.37438800
-0.31080600
-0.41261200
-0.41253500
0.87648000
0.06595290
-0.39684900
-0.23298500
2.16932000
-0.44537200
-0.24357500
0.10918300
0.41765500
0.31325000
0.23425400
-0.29958500
-0.43330100
-0.49888600
-0.40496100
0.00061186
-0.56366000
-0.28938600
0.01471910
0.12513300
0.22494500
-0.52650500
-0.10753300
-0.18895500
-0.40663300
-0.30146700
-0.55718000
-0.64590600
-0.13513100
-0.25505600
-0.10312000
0.12249300
-0.28495200
-0.15997300
0.19718200
-0.12665400
-0.07990950
-0.45108600
0.32717000
-0.12564300
-0.76024700
-0.25350400
-0.55383000
0.61448100
-0.10504300
-0.34573600
-0.06475820
-0.36470600
-0.63795100
-0.26623000
-0.16844500
-0.33659600
-0.44287200
0.06308950
0.69101600
-0.29897500
-0.63341000
-0.14793800
-0.45761500
-0.03455910
0.14123800
-0.69435300
0.06178480
-0.00617416
-0.33856600
0.55528700
0.14177800
-0.39658700
0.30535000
-0.26184100
0.04658160
-0.39489600
-0.24892300
0.92253600
-0.58379900
-0.21780700
0.03693940
0.06897160
-0.47078800
-0.42375600
-0.06734410
0.33061900
0.42920500
-0.02871920
-0.99478400
-0.08942050
0.46416200
-0.02183140
0.46576500
-0.63654200
-0.12809000
-0.74458700
0.33129000
-0.26027200
-0.07632650
0.02851270
0.02513230
-0.59760100
-0.12686300
-0.28384400
-0.08471010
0.57893700
-0.22526200
-0.75238900
-0.15567600
-0.28343100
0.88706100
0.06901110
0.53065100
-0.35519100
-0.60617400
-0.48008000
-0.52415200
-0.41091400
-0.86806000
-0.13631700
-0.37391800
0.51448900
1.01480000
-0.10556800
1.37339000
0.81014500
-0.37585600
-0.43228900
0.74983800
-0.10673800
-0.31861800
-0.24496100
0.55435300
-0.37371900
-0.10900500
-0.22071200
-0.56792800
-0.64348400
-0.01114410
-0.69454700
0.06309830
-0.99370700
-0.15321100
-0.20248600
-0.62731900
-0.12600100
-0.77008600
-0.87036100
-0.13260300
-0.75861100
-0.09561810
0.06550890
-0.20617200
-0.90418900
-0.81711200
-0.07671370
-0.82161900
-0.13544700
-0.12587700
-0.32552700
-0.18123600
0.45015500
-0.28487200
-0.23141000
0.22956800
0.89870300
0.07616270
-0.38696900
-0.71721500
-0.45655600
0.12577600
-0.60779600
-0.00673407
0.48706800
-0.23277700
-0.28221700
1.12537000
-0.74716600
-0.50551900
0.30136900
-0.24908300
0.31996000
-0.76911800
-0.13637100
0.32882200
-0.57096400
0.35706300
-0.17769700
0.16138500
-0.14143300
0.11372700
-0.05848100
-0.25501800
0.25885100
-0.01394680
2.13820000
-0.26439600
0.61916200
-0.64876900
-0.40158600
-0.76642000
0.19228700
-0.25411000
-0.71234600
0.15681200
-0.57623600
0.32139800
-0.37633500
-0.27759900
-0.28613100
-0.40651900
0.60294500
-0.77485300
-0.43484000
-0.20282600
-0.07305440
-0.15144700
0.14248200
-0.35884100
0.50836500
-0.45462700
-1.23491000
-0.30712100
-0.15569700
0.33170100
-0.12518900
-0.45732700
0.02056090
-0.46140400
0.32267200
-0.40705400
-0.50086600
-0.95767600
-0.33143200
-0.82251900
0.05693090
-0.44137200
-1.25749000
-0.57188100
-0.18697000
-1.26725000
-0.51894700
-0.17853900
-0.02719430
-0.28231400
-0.03898390
2.65085000
-0.41759400
-0.25412700
-0.20871300
0.09502430
0.23609300
0.36020100
-0.45183400
-0.73377200
0.10575900
-0.12396200
-0.08639250
0.80642100
-0.29914500
-0.41411200
-0.71451000
-0.13641200
0.29263200
-0.07747730
-0.30193600
-0.71450100
-0.40560900
-0.61658900
-0.01806640
-0.75562100
0.17842400
0.65596300
0.25854700
-0.36403000
0.51451400
0.16586500
0.03323960
0.64165300
0.03559790
-0.65519700
-0.81956900
-0.45227000
0.13725600
-0.23162800
-0.28430700
0.01859180
0.20061500
-0.00880147
-0.70853800
-0.18324100
0.20810600
0.04618740
-0.44719400
-0.93055500
-0.55063700
-0.74810000
-0.03641910
-0.97300100
-0.56662100
-0.08913940
-1.10030000
0.73136100
0.72625900
0.55648400
0.48804500
0.81454800
0.53643300
-0.43433500
-0.22578800
-0.11844400
-0.39008000
-0.34054000
-0.56373500
0.06117510
-0.25025400
-0.80253000
-0.70264300
0.37814300
-0.57974900
-0.35634300
-0.17208100
-0.30382800
-0.67775600
-0.94745900
0.25559000
-1.17235000
0.11020100
-0.27916700
-0.80020400
-0.07309000
-0.39242200
-0.09798610
-0.56512200
0.25268800
0.08564650
-0.32085200
0.23704200
0.20129900
0.13646900
-0.42989300
0.02083490
-0.02993340
0.06838620
0.50308800
-0.24562900
-0.24784700
-0.96688400
1.28932000
-0.28754300
0.03411980
0.76378400
-0.52243100
-0.25439000
-0.18756200
0.34800200
-0.46683600
-0.10755900
-0.49411300
-0.56607400
-0.22106200
0.16663900
0.47105100
-0.59570200
0.77468100
-0.56515200
-0.12520500
0.22796800
-1.10436000
-0.36692700
-0.18687600
-0.75848200
-0.10545000
1.37332000
0.47695800
1.38238000
-0.10315600
-0.21312400
0.86632400
0.11798800
-1.00085000
-0.65629100
0.02349220
-0.83874800
-0.40359100
-0.57975900
-0.46985700
0.17827400
-0.19231000
-0.33815800
-0.19137300
-0.45443500
-0.50166300
-0.26220300
-0.87027000
-0.35665600
-0.60073000
-0.22131800
-0.26748500
-0.80674100
0.43387600
0.72599900
0.35606400
0.18052000
0.11807600
0.38732700
-0.25196700
-0.22857600
-0.04772330
-0.38754300
0.29127600
-0.26479100
-0.53037000
-1.31605000
-0.67835900
-0.18342300
0.08315910
0.09835630
0.06736480
-0.47299700
-0.04216570
-1.08265000
-0.27805300
-0.51365100
-0.63236000
0.46290800
-0.49370100
-0.15343800
-0.65266500
0.80865400
2.10803000
0.84798300
0.06598250
0.33744600
-0.97957700
-1.10753000
0.42128300
-0.55989500
-0.34862500
-0.15128900
-1.52762000
0.06145230
-0.27788200
-1.31584000
-0.17412700
0.12278600
-0.40569800
-0.25907200
0.33210400
-0.56706600
0.12550100
-0.35862100
0.06602100
-0.15942700
-0.43229900
-0.57792800
-1.60779000
-0.18259900
-0.56803700
0.37063400
-0.48306200
-0.45146800
-0.36498700
-0.00966606
0.02595460
-0.05903890
-0.57220900
-0.04044510
-0.01016890
-0.24205800
-0.00904939
-0.23401400
0.37564800
1.39296000
0.19763300
-0.84816200
-0.27634600
-0.06543470
-0.48208300
-0.78411800
0.44146900
0.12206500
0.55914000
-0.04674310
-0.31701300
0.16726900
-0.14764200
-0.53894400
0.00987903
-0.47978400
0.06042980
-0.29647800
-0.67931700
-0.33318400
-0.46982900
0.06194010
0.09332600
0.40618700
-0.15382800
-0.82040600
0.09428730
-0.60016500
-0.32252300
-0.17792200
-0.73210200
-0.74612500
-0.06684900
-0.16035500
0.23018600
0.14063100
-0.59080900
-0.23416100
-0.02264840
-0.49445700
-0.14251700
0.22198200
-0.16250900
-0.42910200
0.25704600
0.90069300
-0.10127500
0.11307100
-0.21233600
0.32247300
0.05201340
-0.22234400
-1.07654000
-0.63175300
0.68345100
-0.21368200
1.53187000
-0.26864400
0.46672500
-0.74467500
0.39174500
-0.94880600
0.09060520
0.92237200
0.19920400
-0.31429900
-0.11545300
-0.32388100
0.02245970
-0.64093300
-0.71814400
-0.18805900
0.35332000
-0.24962100
-0.39218400
0.05040710
-0.27037200
-0.54795800
-0.51881300
-0.64921500
-0.01584850
0.08355880
-0.16634200
-0.16175800
-0.77018400
1.14196000
-0.46420100
0.11537500
-0.29785300
1.01986000
0.18871400
0.10994700
0.82414400
0.02728750
0.50391600
0.00264102
-0.57035200
0.55689900
-0.47862700
-0.20272300
-0.55701900
0.38792600
-0.20361500
-0.21203600
-0.15638000
-0.49855800
-0.46155800
-0.10358200
0.61516300
0.30740900
-0.45791000
-0.66308400
-0.27794900
-0.63745900
-0.37021900
0.26843200
-0.30729500
0.30180800
-0.18324100
0.32174700
-0.19473900
-0.42906500
-0.18058700
1.54506000
0.29760900
-0.56039600
-0.02983240
-0.20951500
-0.65285900
-0.29615900
-0.50068500
-0.04222410
-0.59798600
-0.19362000
-0.38866600
0.14241200
0.35512800
0.48169800
0.45853800
-0.26119000
-0.94472500
-0.87391400
-0.18942700
-0.09131790
0.06311240
-0.04613040
-0.67114500
-0.44393800
-0.47065600
-0.72990300
-0.26120600
-0.30400600
0.26459900
0.20203300
-0.28417100
-0.28557200
-0.37627300
0.01174840
0.05425690
0.09310510
-0.33497600
0.59965000
1.15271000
-0.38624900
0.53431400
-0.72506200
-0.13785200
0.00796471
-0.14978800
0.00049529
-0.57725500
0.63532300
-0.52084100
-0.57958300
-0.60467400
-0.66625900
-0.93009500
-0.12542200
-0.05639190
-0.17575900
-0.32513800
-0.85294200
-0.64259200
-0.47887600
-0.63175600
-0.63662300
1.21562000
1.10201000
0.46986300
-0.53197400
-0.45770300
0.53387800
-0.20776300
-0.06114170
0.03445710
0.13547400
-0.56477800
0.05217080
-0.12665600
-0.53542000
-0.27858100
0.90587400
-0.53317900
-0.26268000
-0.89229500
0.03809080
-0.45525600
-0.52027000
-0.33371300
-0.13049100
0.20349100
-0.36451500
0.01740630
-0.94527600
0.50954900
-0.07194080
0.18448800
-0.40686500
-0.48997700
0.03466130
-0.02132350
0.22437100
-0.20224800
-0.69891900
-0.27980600
-0.94020800
-0.60397800
-0.21699700
-0.45845400
-0.49043400
-0.14549200
0.26184500
0.03115270
-0.31650000
0.11825100
0.15873500
-0.46588600
-0.41938900
-0.16623000
-0.36851000
1.27935000
-0.33608600
-0.78388000
-0.40709700
0.00379237
-0.18919900
-0.23474200
-0.02538970
-0.06509680
-0.86947400
-0.14624300
-0.41747000
0.01543620
0.14162200
-0.09506340
-0.18005000
0.31196900
0.20929600
-0.25445600
-0.09073040
0.00668622
-0.75510500
-0.55297100
-0.62106100
-0.47857700
-0.87108900
-0.64876900
0.35447000
-0.14237200
-0.55270600
-0.45049400
-0.43903600
0.49548900
0.79591500
-0.27965000
0.02018010
0.03251050
-0.57769000
-0.42555500
0.05616650
0.79360900
-0.59205200
-0.44131800
-0.21072900
2.93744000
-1.01007000
-0.28455100
0.08472600
-0.33731600
0.49043500
-0.25746100
0.06535320
-0.07183510
1.23947000
0.14916800
0.30429300
0.21457100
-0.01938200
-0.22856900
-0.21664100
0.12163400
-0.29703500
-0.47600000
-0.58938000
-0.72312200
0.90421300
0.09889650
-0.63875000
0.06593250
0.30778300
-0.31063100
0.07196270
-0.44255700
-0.26303200
-0.71202800
0.23046000
0.27355200
0.46528200
0.13188200
0.21021500
0.29880200
-0.90604200
0.34776700
1.05118000
-1.02940000
-0.14828300
-0.58649400
-0.65975200
-0.61044200
-0.64550100
0.06326660
-0.15655200
-0.60234100
-0.18564100
-0.21577700
-0.42253900
-0.18408200
0.23021700
-0.51146300
-0.19366400
-0.18195200
0.40170200
-0.22021200
-0.43897000
0.06763160
-0.37571800
-1.04654000
-0.41719900
-0.19833100
0.35631300
-0.38250200
-0.21160500
-0.61457400
-0.74583800
-0.58189900
-0.89729100
-0.63425200
-0.82895000
0.11630000
-0.18092800
-1.36082000
0.46010700
0.01343920
-0.70460400
-1.04131000
0.01669760
-0.64048800
-0.79121900
-0.15038600
0.06754210
-0.62184400
-0.38947000
0.20402000
-0.74450100
1.27583000
0.15357600
0.49993800
-0.11208900
1.15321000
-0.07327720
-0.95717000
-0.22549700
-0.54468500
0.35926900
-0.36716800
1.63724000
0.62971900
1.27838000
1.66589000
0.38622900
0.62790700
-0.02186190
0.13518300
-1.13756000
0.18492800
0.35316900
-0.02837470
-0.76832200
-0.37858900
0.77595400
0.55539100
0.33458600
-0.56552200
-0.21681800
-0.50085600
-0.57780100
0.05234430
0.32008800
0.59849100
0.53583300
0.42424900
0.59832400
0.57792300
0.28477400
-0.06439800
-0.54928800
-0.65677200
0.40872500
0.76208600
-0.52729800
-0.47945900
0.11270000
-0.41337300
-0.82846800
-0.18017200
0.07467490
-0.49933300
0.31338300
0.06416490
0.03227090
0.06105110
-0.56760900
-0.84420600
-0.12299800
0.56441300
-0.22923800
0.02763140
-0.56284200
0.65922800
-0.46991900
-0.42806400
-0.61748100
-0.48260700
-0.82476900
-0.24569600
-0.49114100
0.05033170
-0.03837950
-0.32875200
-0.68349800
-0.64903000
-0.55582400
0.06650690
0.04970120
0.23440500
-0.30915100
-0.15781500
-1.37103000
-0.21421300
-0.07256880
-0.36269800
-0.11469800
-0.97870500
-0.11433300
0.22809200
0.93007900
-0.44415700
-0.76575200
-0.31427500
0.97395600
-0.13349400
-0.39763500
0.25494000
-0.06948970
0.19844300
-0.08134260
-0.39955600
0.20773900
0.65342900
0.19587400
0.44462000
-0.58831500
-0.83518800
-0.31400000
0.25177400
-0.46047200
-1.37516000
-0.24573700
0.13909500
-0.60237400
0.61928800
-0.07573330
0.22822300
-1.11910000
-0.39573700
0.63988900
-0.14909900
-0.70728900
-0.75621700
0.66026900
-0.01820820
0.41977200
-0.19304000
1.60343000
-0.19469600
-0.97994300
-0.16434400
0.03028430
-0.77964000
0.20992600
0.09500640
2.02053000
0.99100200
0.04986790
-0.35459700
-0.29753300
-0.74195200
-0.32683300
-1.20353000
-0.58019500
-0.25303600
-0.02787410
-0.47811500
-0.40005600
-0.26867600
0.06358510
0.53964900
0.11622400
-0.95701800
-0.68859200
0.38828200
-0.70899800
-0.73914700
0.15608800
0.06853210
-0.60332300
-0.75319700
-0.27329900
-0.54258900
-0.55022200
-0.24157000
0.65798900
-0.51753400
-0.35172600
-0.33350900
-1.35664000
0.01999910
-0.35694500
-0.85592200
-0.61518000
-0.47582700
-0.15716100
0.07674950
-0.53659400
1.13243000
-0.00597283
-0.57041800
-0.37233300
0.46900000
-0.82946000
-0.12647300
-0.32863400
0.17826800
-0.35460900
-0.40043600
0.46490400
0.12155400
-0.11779000
-0.66167600
-0.93136600
0.61071100
-0.12044000
-0.86461400
-0.69975500
-0.46264900
-0.45821100
-0.55813500
-0.65411900
-0.24600000
-0.49374500
0.38880100
-0.19340900
0.08840400
-0.70895700
0.22327400
-0.33098500
-0.27870400
-0.39519900
0.22716600
-1.13594000
-0.31304000
-0.21026300
-1.17281000
0.47366200
-0.06280910
-0.13985100
-0.40672300
-0.18766500
0.12445400
-0.40939500
-0.19526000
0.70984700
0.04785580
1.10822000
0.18781600
-0.22469100
0.32853800
0.32629500
0.22751000
-0.60911500
0.83816600
-0.68547000
-0.36051600
0.00862592
-0.47351900
-0.12814900
-0.35639400
-0.11996200
-0.44455400
0.09534080
-0.22408600
-0.30119600
-0.46454100
0.21493900
0.23512400
-0.33719300
-0.83225300
-0.15033800
-0.48608400
-0.38583900
-0.00573303
-0.37715300
-0.24461300
-0.08355620
0.11284000
0.14060400
-0.68456200
0.37474100
-0.43195500
-0.39844500
0.31747700
-0.18422500
0.27438800
0.19076600
-0.36339100
0.03842760
-1.03948000
-0.55391100
-0.24981600
-0.71234200
0.21892200
1.07741000
-0.32622400
-0.11839300
-0.30426300
0.34061900
-0.78955100
-0.02350960
0.00533639
-0.44551000
-0.37358700
-0.60074300
-0.18830300
-0.23501900
0.21139000
-0.09291380
0.10584500
0.27262400
-0.27724200
-0.37235000
-0.53775900
-0.62238600
-0.45164800
-1.21950000
-0.72928300
0.02179260
-1.03940000
0.84158700
-0.01225470
-0.27524100
-0.25064300
-0.64660500
-0.23182200
0.04630060
0.76173300
-0.14535000
-1.55116000
0.01957070
0.56038400
-0.64842000
-0.11114300
0.40621000
-0.48231100
-0.05018040
-0.59350200
-0.31694100
-0.72725600
0.42825700
-0.45859600
-0.77746900
0.09941840
0.21884100
-0.20247600
0.37501500
-0.99829600
-0.42478700
0.49017700
-0.64409200
-0.62018500
0.28177100
0.09584650
-0.03489360
0.19502100
-0.14457000
0.06968480
0.73034000
-0.21333800
-0.59107100
0.03295780
-0.51803000
-0.45539500
-0.48779600
-0.24143700
-0.61454400
-0.24130200
-0.58684500
1.20930000
-0.38131700
-0.26686100
-0.11757500
1.25989000
-0.87838900
-0.36004900
0.34260200
0.13342600
-0.05777820
0.08394440
0.18548700
-0.09105490
-0.72166200
0.69858400
-0.41986100
-0.43048600
-0.70466900
0.34379500
0.07908370
-0.02534770
-0.15483300
-0.53986200
-0.08146720
-0.62516200
0.32317600
0.26492000
-0.04762630
-0.10666000
0.56099500
-0.55146200
-0.54040900
-0.36861600
-0.15605100
0.26149500
-0.06749660
0.04411100
0.76453200
-0.51334300
0.60352300
-0.33724900
-0.24886400
-0.50173300
0.30975500
0.16140700
0.33196100
-0.09265580
0.88988700
-0.48592700
0.41747700
-0.10406600
0.04750820
0.16491900
0.69973800
-0.62276800
-0.17029500
-0.00675112
-0.38035400
-0.34322200
-0.51459800
-0.31935500
-0.33002100
0.31218400
-0.27690900
-0.90160100
0.40935800
-0.15142600
-0.29124600
0.12791500
-0.75374800
0.33738700
-0.76922600
-0.35361900
-0.33205100
0.15174600
-0.26453500
-0.55232400
-0.38636200
-0.80978500
-0.66340000
-0.64546800
0.71104200
-0.61363600
0.23098400
0.36534400
-0.67267600
-0.73060100
-0.34956400
0.03640920
0.24627300
-0.23094700
0.15017200
-1.20344000
-0.42306700
-0.39673700
-0.45147700
0.32318500
0.26666100
-0.07942670
-0.50577300
-0.88997700
0.93152300
0.18359200
-0.23091000
-0.62134500
-1.28182000
-0.34236300
-0.53109300
-0.14253100
-0.29356000
-0.32393700
2.18492000
-0.60351800
0.16351700
-0.09976940
-0.67733900
-0.18099200
-0.01342970
-0.18188500
0.10647500
0.09531970
-0.17677600
0.51375500
-0.16236200
-0.64174600
-0.33807000
-0.39754200
-0.32077700
-0.02873710
-0.75197800
0.41323200
-0.43625600
-0.64330400
-0.13717600
-0.53666900
2.13985000
0.08602020
-0.38206700
0.50096700
-0.24343700
0.13282900
-0.72880200
0.07529590
-0.36875900
-1.04008000
0.43623000
0.54463900
-0.13595000
0.06860520
-1.01520000
-1.08846000
0.73144800
-0.97764300
-0.33779000
-0.05327710
-0.15093700
-0.51974700
-0.30419200
-0.00452174
-0.29230300
-0.16100700
-0.50739500
-0.58165800
-0.35991500
-0.38131700
0.07335980
0.22542100
0.19465700
-0.37676400
0.04691210
0.56542500
0.29218400
-0.53155700
-0.38353100
-0.27377000
0.01896150
-0.28772300
1.07729000
0.11257200
0.43954200
-0.52738300
0.04971730
0.01467700
2.48390000
-0.33944300
-0.58167800
-0.46169400
-1.22988000
0.78000000
0.45975200
1.57109000
-0.95922400
-0.15362600
-0.50311300
0.18767900
-0.65441100
-0.38107700
-0.12288600
-0.13554900
0.38002900
-0.47078400
-0.21019800
-0.18032400
0.72192900
0.03788140
-1.11914000
-0.37479000
0.00926963
-0.00835487
1.04621000
-0.34863100
-0.70238600
-0.76360700
-0.73097800
-0.14142400
-0.04033360
-0.09227380
0.03719730
-0.57322600
-0.70766400
-0.40994500
-0.83507900
-0.57535400
0.21602000
0.37804500
-0.62391100
0.92833300
-1.05846000
-0.54686400
-0.18867800
-0.26094400
-0.96485800
-0.27688000
-0.50319300
0.47189200
0.40568400
0.07346440
-1.34021000
0.37568800
0.08892140
-0.42422500
0.08186470
0.26242000
0.47786100
-0.07503940
0.71979100
0.38909200
0.06296560
0.14105100
0.23737300
0.23061600
-0.79512100
-0.25241200
-0.43231800
-0.15089200
-1.28110000
-0.24830300
0.40584600
-0.59907200
0.41952300
-0.11839300
-0.24101500
0.27139800
-0.36397500
0.02767800
-0.28091800
-0.01910490
-0.33599900
-0.11204600
0.51597400
-0.68232400
-0.08554800
0.58460400
-0.53015300
-0.05740130
0.19480900
-0.02452540
0.20264600
-0.77575000
-0.90959900
1.18449000
-0.53013500
0.63013400
1.03430000
-0.14622700
0.10658000
0.71120700
0.91905600
0.31343800
-0.34725200
-0.52775500
-0.26264900
-0.21462800
-0.08997690
-0.41309900
0.15310400
-0.28623700
-1.12485000
-0.86740000
-0.11469600
-0.58234500
-0.21462800
-0.68913500
-0.18637000
-0.61907500
-0.29244400
1.51071000
0.29543600
-0.44986400
-0.78611300
-0.82191800
-0.14873500
-0.21583700
-0.16205100
-0.02066170
0.13144000
0.06754840
-0.16212300
-0.41445200
-0.39435500
0.22125900
-0.06376040
-0.07464340
0.18160000
-0.49790800
-0.64701700
0.46493200
-0.73690000
1.33807000
-0.18651800
-0.40303100
0.03177330
-0.19073800
1.24984000
-0.47726400
-0.53737200
-0.39118000
-0.05031270
0.17733900
-0.44215200
-0.00514559
-0.16721600
0.40830800
-0.53496000
-0.04564840
-0.04239390
-0.46406900
0.11559300
-0.24842300
-0.53234000
0.49547600
-0.10711000
0.16183800
-0.77413700
-0.28191800
-0.70591300
0.24328200
0.03435490
-0.49105100
-0.20754300
0.11880300
-0.36046200
-0.29928400
-0.02621430
-0.65283400
0.62861600
0.02348100
0.02348100
-0.40693300
-0.32376000
-0.67585700
0.53060400
0.06565000
-0.61951600
-0.11478200
-0.77411400
0.14894300
-0.56366800
-0.55401900
-0.41248600
0.01182160
-0.67543200
-0.27717000
-0.56421200
0.26696900
0.33407900
-0.34436500
0.25648500
-0.21644100
-0.41305300
-0.15606100
-0.27612200
2.00066000
0.25584800
0.11289000
0.38154300
0.42402200
-0.55732500
-0.45654200
0.49464700
0.12591600
0.32295900
0.01681600
-0.14690800
-0.21848400
-0.23124300
-1.03975000
-0.17166600
-0.66722100
-0.25692300
-0.66342600
-0.45165800
0.66357100
-0.19007700
-0.18493200
-0.11484100
1.29258000
-1.14053000
-0.88615900
-0.06434190
0.67010600
0.16593900
0.18159400
1.59774000
0.15465200
-0.23857300
-0.50803900
-0.57577400
0.06869030
-0.27347300
0.08068520
-0.49804200
-0.56295200
-0.76195800
0.25641700
0.66667000
-0.66868500
-0.40528400
-0.00977331
-0.07464340
-0.27708800
-0.21073900
-0.06132110
0.16720700
0.24716500
-0.44242100
-0.81505000
-0.35763900
0.23459000
0.00125229
-0.17357700
-0.38461300
-0.86097700
-0.50833200
0.01386690
-0.30186500
-0.52249300
0.97886100
-0.00576076
-0.18460400
-0.37481000
-0.03799080
-0.23605000
-0.04342350
-0.17041400
-0.84892800
-0.02610670
-0.41335700
-0.41335700
0.13990500
0.14361000
0.31544300
-0.09250410
-0.37236700
0.11934800
-0.69339400
0.01811360
0.22882900
0.03987820
-0.31141500
-0.15762800
-0.59997700
-0.23683000
0.17961300
-0.99410200
-0.15013600
-0.27703600
0.37815300
-0.62735500
0.12879000
0.56329800
-0.39812400
0.11909800
1.34869000
-1.31621000
0.10721200
-0.31962200
-0.79607100
-0.54913400
-0.92085100
0.20099100
0.20452100
-0.43516800
-0.57116600
-0.57759800
-0.43079100
0.58743700
-0.15990200
-1.13938000
0.35309900
1.77355000
-1.15195000
0.71544500
-0.56082400
0.12016600
0.06868840
-0.71223800
-0.40368100
-0.33254500
-0.45642500
-0.22488400
-0.26769000
-0.56860900
-0.91214700
-0.02309350
-0.76170300
0.36014400
-0.88057200
0.12336900
-0.41733100
-0.03977320
-0.11246400
0.79505300
-0.47684800
0.13504400
0.17751500
0.25914000
-0.96462900
-0.16896800
0.55086100
0.78341600
0.46383500
0.05546060
0.05686860
-0.75114600
0.35808500
-0.84276300
-0.08791200
-0.24607300
-0.01027630
-0.22982800
-0.25640800
-0.33045900
-0.36726500
-0.32034000
-0.40652400
-0.55709700
-0.34499000
0.07370540
0.23347300
-0.54549400
-0.55806300
-0.07707260
-0.43036100
-1.08917000
0.31649700
-0.43921000
-0.18192400
-0.21489700
-0.44053900
-0.50861000
-0.72360900
-0.44847200
-0.47826700
0.07322780
0.03677830
0.81279100
0.41600500
0.86981200
-0.43468800
-0.08190760
-0.86856800
-0.13504400
-0.73620200
0.30350600
0.07311460
-0.23131100
-0.22287800
0.73496600
0.19132300
0.65032200
1.23170000
0.16170500
-0.35778000
-0.59226600
-0.20845700
-0.37896300
-0.47970400
0.21221200
-0.27383500
-0.36463400
-0.23134700
0.36224400
-0.77851600
-0.05165160
-0.83329300
-0.02927360
-0.35293100
-1.06372000
-0.26664900
-0.57430700
-0.34228000
-0.34236900
0.68145600
1.46022000
-1.14022000
-0.15932400
-0.86771300
-0.50765300
-0.66406400
0.32117000
-0.80935200
-0.13591700
-0.04980060
-0.40557900
-0.45558400
-0.24876100
-0.16252700
-0.19899100
-0.16397200
-0.25759900
-0.51855400
-0.57226400
0.16546700
0.06484130
0.04788010
0.24679400
-0.87060300
-0.85246600
-0.54603500
-0.48362300
-0.00220375
0.14264500
0.04055610
-0.22411600
0.32828600
-0.14911300
0.11623200
0.10694200
-0.50002700
0.34098400
-0.85136000
-0.19198800
0.42409900
-0.05900100
0.14391700
-0.46207500
-0.13754300
-0.21985800
-0.26809800
-0.88731400
0.02398640
0.29108600
-0.20269900
-0.16031600
1.61584000
1.32071000
0.10532800
-0.58353700
-0.01961200
0.16273300
-0.50905800
-0.56800700
-0.08192560
-0.51548000
-0.18768900
-0.73889400
-0.53095200
-0.20414800
0.35989200
-0.53226500
-0.78677200
-0.53673700
-0.00517196
-0.61369500
0.10118400
0.18749100
-0.65775100
-0.63051100
-0.84982700
-0.34832000
-0.49772200
0.17150000
-0.38830100
-0.47787000
0.06542900
0.22003500
-0.15658100
-0.49846000
0.30017500
-0.06678540
-0.43583200
-0.34492300
-0.16382100
-0.61242800
-0.43055600
-0.69018400
-0.14624200
0.00498374
0.24565700
-0.14164800
-0.19231100
0.07017100
-0.23403000
0.07188450
-0.34213800
-0.60359100
-1.20045000
-0.18057300
0.19510500
-0.01840430
1.33467000
-0.14803200
-0.11910000
-0.50128700
-0.42938700
-0.49191600
-0.26712500
0.46496800
-0.58509300
-0.37085400
-0.53808700
0.10120300
-0.99036800
-0.02994970
0.05934060
-0.38972100
-0.37487800
-0.28573800
-0.32244700
-0.21598300
-1.03538000
-0.55341000
-0.08009570
-0.30201200
-0.50618400
-0.84036800
-0.39955500
-0.74400200
0.33918300
-0.22913400
0.03954090
0.11313100
-0.71598900
-0.46514800
-0.26338500
-0.23832700
0.40837200
0.19922800
-0.93947600
-0.46532600
0.62175700
-0.68526800
0.08949900
0.01423180
-0.86068300
-0.30795100
-1.07207000
0.39206000
-0.17706300
0.10994900
-0.53702800
0.39048000
-0.15570600
-0.10157200
-0.59966700
0.73328100
1.60907000
-0.12839800
-1.10859000
0.25976700
0.05359570
-0.38392100
0.07586450
-0.61625800
0.53970100
0.03659910
-0.39405600
-0.40215500
-0.31718800
-0.55912400
0.68512400
-0.29074400
-0.09367170
0.20169700
-0.20618100
-0.88037200
-0.10664800
-0.95575800
0.38059800
-0.68758000
-0.03671290
-0.76576900
-0.51425200
-0.31008600
-0.67169900
-0.43048600
0.23064200
0.17181800
-0.42596000
-0.57952900
-0.47218400
-0.42924100
-0.81802600
0.28531800
-0.41153800
0.45709600
-0.20619500
0.11365400
-0.67408700
-0.38351400
-0.18121000
0.13431700
-0.29931000
-0.79109700
-0.54401600
0.58732500
-0.75215700
-0.35984300
-0.39833500
-0.37724400
-0.45600700
-0.18703000
-0.28826600
-0.70266500
-0.32760200
-0.68865400
-0.59802400
-0.07476610
0.13700800
-0.65010800
-0.10184700
-0.92624300
1.96545000
-0.35271800
0.05413040
-0.16003100
-0.19291600
-0.82047700
0.43037400
0.06930610
0.13054400
0.57119600
-1.33214000
-0.62730300
-0.77781700
-0.26094100
0.64184000
0.20344200
-0.15455600
-0.86940300
-0.21480600
0.46634400
-0.26590300
0.05509670
1.42675000
-0.36369900
-0.90194300
1.15595000
0.23621000
0.23604000
0.54753400
0.27892200
2.01849000
0.20436600
-0.49742700
-0.55462300
-1.80888000
1.05785000
0.93046600
-0.08587150
0.30341100
0.33871700
0.94820300
1.22630000
-0.07706340
0.16823700
0.04229590
-0.86697700
-1.02006000
-0.64632200
-0.78731900
-0.18105800
-0.44290900
-0.41680700
-0.64887300
-0.22487200
0.02370850
0.34265300
0.53777200
0.50652300
0.20123500
0.28632500
-0.37726200
0.41699100
-0.06483040
1.13026000
0.33382300
0.63299800
0.87271700
-0.57410900
-0.49183400
-0.25909300
0.14552800
0.64277900
0.16825700
-0.38401300
-0.49244400
0.18636300
0.15596400
0.86367000
-1.57240000
-0.79064500
-0.69200900
0.08795750
0.19666800
-0.27567200
-0.17736400
0.35848300
0.22856700
-0.07422110
-0.51793400
-0.26216300
-0.89531000
-0.04471910
-0.11929100
0.46802000
-0.10315000
0.08772820
-0.47831300
0.36075700
0.81503600
0.06536380
0.11079100
-0.33506800
0.14806100
0.90104100
1.23541000
0.08694620
-0.32643900
-1.06516000
0.06989460
-0.23027400
-0.72397500
-0.26327400
-0.44681600
0.26020500
-0.58713000
-0.42789900
-0.77560900
-0.18819600
-0.13351100
-0.19921800
-0.30639400
-0.37017700
-0.11419600
-0.43326500
-0.22251900
1.14759000
0.15296000
-0.53822900
-0.11603000
-0.88356500
-0.23985100
-0.30735300
-0.58069400
-0.46606600
-0.51007100
-0.18365300
-0.43812300
0.09863850
-0.14406000
-0.17550400
-0.45674000
-0.68527600
-0.67628800
-0.08317140
-0.56583300
-0.72186500
-0.02361020
-0.42533500
-0.69751400
-1.02500000
0.01346720
-0.35045000
-0.25230700
-0.35885500
-0.65107500
-0.56991800
-0.08070040
-0.70288600
-0.37328700
-0.23462100
0.24116000
-0.09119520
-0.00288740
-0.33643800
0.10359800
-0.69197600
-0.21650600
-0.13235200
-0.84681800
0.04403430
-1.15988000
-0.01375780
-0.25248000
-0.13967600
0.15301700
0.01558590
-0.65782200
2.62263000
0.76955000
-0.65066500
-0.38045600
0.46554200
-0.03258780
-0.37107400
-0.36374100
0.45921700
-0.08908120
-0.09342290
0.34042900
-0.06585950
0.04715120
-0.30596700
-0.08348940
0.74077800
-0.32311800
-0.21010300
0.37792000
-0.38987700
-0.59437500
0.12410600
-0.19603100
-0.27507600
-0.09585010
-0.22238600
0.25086500
-0.02759090
-0.31158300
-0.10304500
-0.34350600
0.08448940
-0.06044340
-0.62251400
0.22092100
-0.37541600
-0.73269000
-0.41499300
-0.48966300
0.22695300
-0.10857100
-0.43109400
-0.33093500
0.61759900
-0.42950700
0.31294900
-0.60007800
-0.59887500
-0.17441900
