4.71886000
6.71971000
5.28979000
4.99449000
6.05625000
5.43209000
4.93530000
5.06881000
4.85014000
4.83717000
-0.42804800
4.78213000
5.03936000
5.09857000
5.04301000
1.04406000
5.61493000
0.20857600
4.89371000
5.53192000
5.48797000
0.93451600
5.86366000
5.19521000
5.75874000
5.23355000
4.75462000
5.21272000
1.17402000
5.13490000
5.42849000
4.86732000
5.13716000
5.66478000
0.43240900
5.45454000
5.73075000
5.25032000
5.10325000
4.76918000
5.31977000
1.66929000
4.81745000
5.10942000
0.62447700
5.20022000
5.47026000
5.04210000
-0.37988600
0.26022300
-0.77829200
-0.24607800
-0.31310600
-0.22000700
-0.33624100
0.22756400
-0.44003100
0.11723000
0.43579700
0.57049300
0.19447900
-0.18463400
-0.29364100
-0.05606830
0.22366500
0.18598500
-0.44315400
0.40426800
-0.18746000
0.05765660
-0.05314100
0.62682300
-0.07074780
0.87700900
-0.76283100
-0.21162800
-0.15813400
0.12437400
-0.11557700
-0.00338059
0.18491700
0.08210710
-0.06317150
0.27956700
-0.15806200
-0.19124500
-0.29515700
-0.53154300
-0.83969600
0.02745660
-0.40329500
-0.04655140
-0.63102200
-0.48500400
-0.25307600
-0.13680900
-0.41041700
0.16927100
-0.12276500
0.10353200
0.84533000
0.20104100
0.14340300
-0.60149600
-0.18492400
-0.23321000
1.42059000
0.33809100
0.36737400
0.65922500
-0.81009200
1.45148000
0.91177100
-0.78400800
-0.81275400
-0.17941100
-0.33294200
-0.09046870
-0.08577230
0.09207670
-0.57816100
0.15608600
0.00049999
0.39068100
-0.58538400
-0.27278000
-0.40779300
-0.28103800
0.05376170
-0.35640000
0.56771000
-0.00122383
0.04514780
-0.38839500
0.08024640
0.96767100
-0.45064200
-0.51566700
1.07576000
0.64348500
-0.22634000
0.54905400
-0.03869010
-0.04614880
-0.03945180
0.02592010
-0.18096200
1.84349000
0.45041500
0.02442690
0.87015500
-0.43878000
0.30664200
0.22222200
-0.02475670
-0.05341430
0.28542800
-0.00214643
-0.12137100
0.20144700
-0.36561000
0.08032900
-0.25308600
-0.44917300
-1.08554000
0.25941200
-0.36182500
0.28261800
-0.65006300
0.13796500
0.54998100
-0.31071500
0.34721200
0.28920300
-0.34861200
-0.06063870
0.04193230
0.41018900
-0.33124100
0.15359900
-0.30387900
-0.11394500
-0.07947190
-0.28799000
-0.47682300
0.20860200
0.67636100
-0.01776330
0.21435300
0.63802900
0.10350400
0.14715800
-0.39679400
0.37272500
0.06117550
-0.37531000
-0.09312010
0.47427100
0.52238000
-0.24062800
0.35928100
-0.02526360
-0.33419200
-0.50204600
-0.67497700
-0.55996700
-0.38555800
-0.06605630
-1.06967000
-0.11703700
-0.23620600
0.15042300
-0.48705000
0.12107800
-0.63966600
0.29374800
-0.66418200
-0.16491100
-0.09352710
0.56671700
-0.36820600
-0.42086000
0.43046500
0.07724620
0.12683500
-0.27936300
-0.11507700
0.23289200
-0.46857400
-0.43945500
-0.37999200
0.01813990
0.03812400
-1.00605000
-0.16694000
0.30071600
0.17280400
-0.25740700
-0.04085720
0.32301600
-0.58797400
0.33569600
-0.12848400
0.37757000
0.41041400
0.52145600
0.12808900
1.12571000
-0.33127300
0.29764300
-0.45979600
-0.06414830
-0.22049000
-0.26774400
-0.41987400
0.03683090
-1.01878000
-0.64351400
0.22072800
1.30294000
0.31968700
0.15887500
0.36750900
-1.51260000
-0.46890000
0.18295300
0.56648500
0.88846600
-0.12562300
-0.23175200
-0.03549380
1.44111000
0.02122520
-0.48788400
-0.35782900
-0.33496600
0.47203300
0.41115200
1.09158000
0.00158804
1.36758000
-0.33431500
-0.22386700
-0.34986800
-0.41972100
0.16955000
1.07663000
0.36809300
0.28283800
-0.33377400
-0.53754700
0.31446400
-0.11025400
-0.00219349
0.27082100
-0.92941500
-0.40483900
-0.05216700
-0.68458600
0.08373540
-0.01578100
0.60441700
1.60821000
0.04338120
0.14915500
-0.39475500
-0.44235400
-0.19878200
0.38758600
-0.52755800
-0.75359400
0.03904120
-0.13242400
1.07553000
-0.07609830
1.01336000
0.43054100
-0.19295700
-0.41975100
-0.17670800
0.20010600
-0.12674800
0.50476400
-0.32711100
-0.10869100
-0.02507890
-0.79405200
0.48163700
-0.37403400
-0.39781500
0.04544050
-0.61654900
-0.24715400
-0.00555395
0.28063800
-0.19462100
0.36239800
0.12504000
-0.62358500
-0.03397910
0.00955289
-0.12533300
-0.37996000
-0.07550650
0.43057700
0.19906200
-0.59280400
-0.31950000
0.06339360
0.30200500
0.80152800
0.42658600
0.13771400
-0.57432600
-0.40955500
-0.85048100
-0.90154100
0.13768500
-0.11275500
-0.45148100
0.39095000
0.06804040
0.05366730
-0.11034500
0.14797100
0.26456800
-0.01974230
0.09654490
0.41192600
-0.24535600
-0.02784740
0.37789200
-0.13507600
0.37012400
0.08547430
0.11051200
0.25596600
-0.39284100
0.12992400
-0.13878700
0.35458700
-0.37943000
0.15657700
-0.31301600
0.56300100
-0.06133760
-0.20113900
-0.44751900
-0.67389500
0.12792500
0.47763500
0.38980500
-0.49534500
0.58046300
-0.08491330
-0.57532700
0.28528200
-0.98543400
0.62414200
-0.24948700
1.46786000
1.37295000
-0.10706700
0.31483200
-0.20923400
-0.08325160
-0.24418900
-0.50488300
0.35120200
0.21873600
-0.12811100
0.26648000
-0.26895300
-0.63603500
-0.28733800
-0.29364600
-0.09702650
0.09847800
-0.02947100
0.51975700
-0.52918100
0.01713800
-0.67191900
-0.45243300
-0.29758100
-0.26302400
-0.02120060
0.20944300
0.10291000
-0.19470600
-0.36339100
0.24397000
1.11862000
-0.11038100
-0.41651200
0.10127600
-0.49189500
-0.45339700
-0.76513700
0.53955100
-0.36107700
-0.64517100
-1.13465000
-0.32780400
-0.72497100
-0.10375800
0.45313800
-0.63499400
0.31613600
-0.39332800
-0.15410400
-0.19044900
-0.15368300
-1.05918000
1.18395000
-0.59486700
-0.21292200
-0.68225400
0.63700300
0.07552570
-0.55160600
0.20278200
-0.24552300
0.34493200
-0.70795900
0.39228900
-0.29682700
-0.13753600
0.95093600
0.28917400
-0.56805600
-0.44068200
-0.51797100
-0.31172800
0.34415000
-0.21361900
-0.32261400
-0.36496900
-0.99390200
2.31860000
-0.13590200
0.03345680
-0.24805200
-0.91590300
-0.13759000
0.12464400
-0.02307290
0.50299100
1.03158000
0.33363900
-1.09861000
-0.19023900
-0.40494000
0.45934600
0.00184000
-0.00585296
0.28041100
-0.03102790
-0.42022000
0.01614390
-0.15453200
-0.87714200
0.09365380
0.15727700
0.01444050
-0.32230500
-0.20035200
-0.75616000
-0.26598700
-0.53162900
-0.49363600
-0.50943600
0.38422800
-0.02509010
0.51062700
-0.03561600
-0.17352200
0.14039700
-0.48335400
-0.38462800
-0.15733200
-1.61904000
0.31355300
-0.06665800
-0.74048500
-0.39354100
-0.13138900
0.52880200
-0.99042600
-0.14094700
0.64074100
-0.22371100
-0.75538400
0.22308100
0.04177570
-0.14236500
0.32817800
-0.43136000
-0.17968500
0.96972500
0.40981000
-0.82474800
-0.34363000
-1.22552000
-0.06646240
1.05218000
0.37820600
-0.85248000
0.07902800
-0.44936400
-1.21213000
-0.27693900
0.27644500
-0.18567200
-0.36441800
1.03597000
-0.90003600
1.87282000
0.03815780
0.00657455
0.23645000
-0.04670530
-0.27646600
-0.42861600
-0.55524500
-0.37100000
-0.42101300
0.12983200
-0.63331400
-0.13002700
-0.42462000
0.57556700
0.55579800
-0.27857800
-0.73310400
-0.61254900
-0.31807300
-0.09971030
0.59447400
-0.00354578
0.34018600
-0.34352600
0.28154900
-0.67366800
-1.12231000
0.24363800
0.20457600
0.70972900
-0.35981200
1.06559000
-0.07760980
0.56173800
-0.38360800
0.15097000
-0.46250300
0.38263300
0.40093300
-0.06612110
3.20719000
0.06696600
0.16555200
-0.85934400
1.24478000
-0.01771670
-0.17206700
-0.35048900
0.09654680
0.20509500
0.45956000
0.30487300
-0.03815140
0.03242530
-0.11016300
-0.01730760
-0.67852500
-0.19602600
-0.06604090
0.05438700
-0.68226700
-0.30197800
-0.04574530
0.56350000
-0.14782300
0.19644800
0.08431920
0.55289700
-0.59336800
-0.60572800
1.22707000
-0.31816500
0.34384400
0.00758323
-0.06309870
-1.09197000
0.15431100
0.05458210
0.26053900
1.57604000
-0.47652900
-0.94367500
-0.51993700
0.43580900
0.89672200
-0.78352600
0.32674800
0.24160100
0.89009300
-0.54556000
0.39383300
-0.09864070
0.29583700
0.02838110
-1.04464000
0.05154520
-0.35814400
-1.12332000
-0.16274200
-0.73181600
-0.33456900
-0.17187100
0.08998880
-0.51125900
-0.25092600
1.09713000
-0.12294800
-0.14910300
-0.37772400
-0.68693700
-0.83205700
-0.54917400
-0.73550500
0.38072700
-0.81015800
-0.85312900
-0.00887937
-0.56626300
1.29058000
-0.32071400
-0.03016750
0.47895000
-0.67495700
-0.18107900
-0.21564600
-0.22904600
0.65112800
0.05411910
-0.38516600
0.14764900
-0.84987900
-0.37592800
0.15179800
-0.52634900
-0.09328290
-0.86879100
-0.33567200
0.08660530
-0.97289300
0.06626880
0.40556500
-0.49210200
-0.00090942
-0.41951000
-0.20966500
0.43086000
0.44230600
0.04899460
0.01062680
-0.24581700
0.22521700
0.17926600
-0.22551300
-0.33392300
-0.14299400
-0.51579400
0.12751000
-0.35192700
0.30166000
-0.29926700
-0.36845000
0.49087800
0.66212300
0.02904840
-0.70972900
0.69320800
-0.33053400
-0.29669800
-0.08685800
0.36854900
0.54663200
-0.21601700
-0.00058042
0.47076300
-0.46151200
-0.09075160
-0.58317200
0.29089400
-0.48031300
-0.18750100
-0.51379900
0.16465900
-0.13673300
-0.18773900
-0.55997100
1.03101000
-0.28658700
-0.39829600
0.29569800
0.35782400
-0.50177500
-0.67124800
0.01617290
-0.45344400
1.22035000
-0.06915700
-0.03380370
0.07530270
0.90923100
-0.33097400
-0.29290900
-0.30729700
-0.22989500
0.01120400
-0.29733500
-0.61968800
-0.37653400
-0.06444660
0.28876100
0.15915500
0.06722960
0.93521100
-0.00924331
-0.46415400
0.18989400
0.80736300
-0.71140100
-0.43468400
-0.96377400
-0.02766850
0.47376000
0.37302400
-0.13336000
0.39805400
0.06358790
-0.65304000
0.11076600
0.03461370
-0.44589300
0.06675140
-0.53216500
0.09511250
-0.33504900
-0.14569100
-0.11815800
-0.51572500
0.00159758
-0.41547000
-0.17415900
-0.13838600
0.30124100
0.32645100
-0.85231900
0.00869459
0.53995400
-0.45068800
0.53725500
-0.30787200
-0.22733100
-0.35935300
-0.05069670
0.30947400
0.51302800
0.47536100
0.46177700
0.11928100
-0.77296200
0.02186540
0.29542400
-0.39862100
-0.24144000
0.22405500
0.13921600
0.44636500
-0.07889260
0.62503000
-0.45461700
0.34979500
-0.09677980
-0.97335100
-0.03870800
0.39805400
-0.13642500
0.38090200
1.61176000
0.19765100
-0.94286300
-0.09822710
-0.57910300
-0.61944400
-0.16112600
0.28003600
-0.65675600
0.02859490
0.97724600
0.56161100
0.11989700
-0.13122300
-0.30725000
0.44939100
-0.59332700
0.62936400
-0.35440900
-0.53597200
0.12486300
-1.29865000
0.24572800
0.32228300
0.22212400
-1.04206000
0.41002900
-0.21301400
-0.25280700
0.67334100
-0.44145000
-0.21752200
-0.48534100
0.40862600
-0.28854300
-0.45709800
-0.22861900
-0.80097700
-0.36568800
0.05931460
-0.30181400
-0.23897000
0.74805000
-0.47735700
-0.49915900
-0.02387920
-0.30162300
0.24931500
-0.31164400
-0.10560300
0.61462000
0.74709800
-0.28395300
-0.33164000
0.46608900
0.39121000
-0.33662000
0.40551000
-0.64552900
0.23628200
-0.44663200
0.37089100
0.63976500
-0.02108980
-0.67907900
0.13075000
-0.32964700
0.06282810
0.15138100
0.71168300
0.31358000
-0.62299700
0.14355900
0.41792500
-0.79311700
-0.59521400
-0.15339300
0.24966600
-0.40801500
0.39751600
-0.25911900
-0.30202700
-0.41055100
0.02391950
-0.45731500
0.51138000
-0.12012600
-0.22967400
0.23940700
-0.23656900
0.08723010
-1.37914000
1.34152000
0.51827800
0.53573300
-0.15726200
0.09413220
0.23080400
0.73615400
-0.24024600
0.01787810
0.72490400
0.07452060
0.67772800
0.16475900
-0.04689170
-0.38236500
-0.27589500
0.33755900
0.55077900
-0.11802900
-0.56008500
1.21168000
-0.47799300
0.84403700
-0.43229300
-0.13111600
-0.11268300
0.48977200
0.12510100
0.36062900
0.23855200
0.11823200
-0.02524660
0.34953000
-0.65786700
-0.01127210
0.52744700
0.30161700
-0.60767600
0.40132700
0.09506860
0.09395710
-0.03133760
0.74778300
0.43966800
-0.59449800
0.33747200
0.00754585
0.34709200
-0.17275600
-0.74419100
-0.13059800
0.35707200
-0.26206600
-0.91047600
-0.03210580
0.13006100
-0.44619900
-0.23701100
0.14304400
-0.41868500
0.65925600
0.76112200
-0.00132142
-0.23871600
-0.27592500
0.43734700
-0.60435900
-0.16239400
-0.24566900
0.07335380
-0.02565720
0.16734600
0.37188000
0.38211000
-0.16327900
0.75488100
0.13723500
-0.65830100
-0.27208400
0.28544000
1.43875000
-0.22393300
1.13878000
0.96336300
-0.31432700
-0.20152400
-0.30056800
-0.17903100
0.37176100
-0.08581700
0.56206200
-0.34020900
-0.16491600
-0.06613740
0.07662620
-0.15506800
0.29553600
-0.68983100
-1.20486000
-1.20042000
-0.36589000
-0.43577400
-0.32581700
0.00584048
-0.12383800
-0.54913500
-0.41762300
0.17786600
0.22550300
-0.22726000
0.10580700
-0.27528400
0.12012700
0.85625700
-0.20537800
0.43711300
0.11734400
-0.39149200
0.05146870
0.02809460
0.89809600
0.55914000
0.59432700
-0.25644800
-0.06789900
-0.14689400
0.19943900
-1.09871000
-0.63805300
-0.26154400
-0.47992100
-0.48341800
-0.88142600
1.75798000
-0.30253500
0.07776390
-0.60319200
-0.24556600
-0.00932245
-0.75189300
-0.28045300
0.16997700
-0.55696200
0.60027400
-0.35823400
0.83610300
-0.14863100
0.19849000
0.00994997
0.14904700
-0.33417300
0.48977200
-0.10493900
0.38328300
-0.39786500
-0.13098200
0.05933960
-0.30404000
-0.58967700
0.22882800
1.39594000
-0.53192800
-0.75870900
-0.42209200
0.15029800
0.15257500
-0.35923300
-0.59328200
-0.06621900
1.79241000
0.53119700
0.17694900
-0.20620700
-0.15399400
-0.41262400
-0.69970300
0.54549100
0.27305700
-0.29531100
-0.00804413
-0.38479100
0.40848800
-0.35295800
0.44616100
-0.71688000
-0.13088400
-0.57390300
0.20147600
-0.71126300
-0.31719900
-0.10540000
0.52207800
0.17230700
0.40010800
0.35572800
-0.50135200
-0.27376400
-1.10172000
0.25094800
1.10355000
0.47429400
1.25660000
-0.17073900
1.53674000
-0.30399100
0.73945200
-0.46620800
-0.18071900
-0.15520800
0.10078900
-0.15438300
0.17882000
0.69164900
0.73101000
-0.01827050
-0.26531500
0.18686400
0.02529710
0.55403200
-0.28995300
-0.72085000
0.98749400
0.24693800
-0.31159400
-0.02660160
0.09477040
0.08681730
-0.35743100
1.60566000
-0.27848400
0.60148700
0.36270800
0.01153250
-0.22630000
-0.36206600
-0.58886200
-0.42762900
0.44806000
0.16916900
0.46374700
1.01536000
0.49118600
0.08046340
0.31875500
0.53868500
-0.27253000
-0.52481300
-0.97926700
0.26132600
0.24915500
0.04515670
-1.12014000
-0.27971800
0.03300700
-0.17645400
-0.51164100
-0.20883900
-0.25779000
0.01118880
-0.65015400
0.58072900
-0.18192500
0.77048100
-1.02427000
-0.18227600
0.72626700
2.02795000
1.22513000
0.48801300
-0.01810930
-0.12791300
-0.25282700
0.80294200
-0.02990900
-0.16428600
0.54275700
0.35136000
-0.75384600
0.58818800
-0.51315200
0.00165322
-0.02738030
0.13696900
-0.28296300
-0.10989900
-0.46741200
0.08037450
-0.01716540
0.25359000
-0.18663800
-0.28187400
0.20742200
-0.04207590
-0.46235100
2.02390000
-0.17613000
-0.41335200
0.01713090
-0.10385100
-0.96575000
-1.13684000
0.22579900
1.16316000
0.12100300
0.19404600
0.16819300
0.25826900
0.64665600
0.11763900
-0.09394220
-0.27381300
0.23564100
-0.58057400
-0.14619200
0.48989500
-0.30635100
-0.02160320
0.49137600
-0.24421500
-0.23817500
0.58627000
0.00064450
0.30219700
-0.24845700
-0.20066800
0.04675310
-0.21868400
0.62997600
-0.18674000
-0.41821000
-0.29458000
-0.28315200
-0.10293100
-0.04344220
-0.07024840
-0.22765900
-0.55068400
-0.43764100
-0.17605200
-0.30324200
1.03132000
0.08426290
1.43592000
0.98443600
-1.31030000
-0.59035000
-0.67689200
-0.14528300
-0.32746400
-1.34554000
-0.36656100
-0.58204500
0.06267600
-0.68672000
-0.49060900
-0.23529000
-0.25847400
-0.60228100
-0.11170900
-0.59444100
-0.40153600
0.24391100
-0.97961900
0.52962500
-0.55578400
-0.00870871
-0.40106400
-0.05375720
-0.14273300
0.32557300
0.70335000
0.19046800
1.97408000
0.94202700
1.01501000
1.26901000
0.98679000
1.42960000
-0.22203100
0.00734587
0.39857500
0.37320400
-0.09783180
0.93635800
0.38556600
1.58183000
0.28479700
0.24768800
1.69566000
0.83601600
0.30904300
0.04708970
0.49396300
0.06584340
0.46005600
0.33924900
0.07569890
0.33067900
1.20256000
-0.28322700
0.07758980
-0.21639500
-0.28933200
-0.39680800
-0.79601800
-0.24144500
1.33500000
-0.45698000
-0.84577600
-0.40718100
-0.29341600
-0.16426700
-0.36848700
-0.12527700
-0.09721670
0.04232980
-0.11591900
0.30077100
0.37447500
0.29796600
-0.46173500
-0.32165800
0.44478600
-0.22462000
-0.06860440
-0.04858240
0.07828550
-0.58757500
-0.73614100
-0.36950600
-0.38875300
0.02880030
-0.44984500
1.67872000
0.16550100
-0.37984200
-0.17372500
-0.50517300
0.41728600
-0.77022200
-0.64748300
-0.25787400
-0.15721000
0.20585200
-0.44754900
-0.13911000
-0.08468670
-0.34947100
-0.39400600
0.91669500
-0.49754700
-0.97745200
-0.74294500
0.91566600
0.50697300
1.12048000
0.39597200
-1.00598000
0.09253600
-0.37688000
0.42931500
-0.94396000
-0.00271506
-0.27569100
0.00779413
-0.89055000
-0.48541100
-0.26060900
-0.36895100
-0.33777400
-0.51227300
-0.42178000
0.08324500
-0.95843800
0.19553500
0.18940300
-0.17266000
0.15911400
0.06366560
0.16073800
-0.29266200
-1.06280000
-0.39891500
0.37519000
-0.16336200
1.09369000
-0.72317600
1.08450000
-0.42315300
-0.30495500
0.05495560
0.97126300
0.39945000
0.22987000
-0.48320100
0.09511670
-0.57183600
0.02078640
-0.07806870
-0.18825300
-0.07032380
-0.17503200
-0.05221230
0.05373380
-0.29261100
0.75837500
-0.15450000
-0.51104000
1.44891000
0.53568700
-0.29405400
0.01527040
0.56566300
0.45415200
0.06472630
0.13477900
-0.01308180
-0.17405100
-0.26310800
0.04050230
0.26770300
-0.41066800
-0.32596200
-0.14944400
0.12525100
0.19954800
1.39493000
0.97681600
-0.07142670
-0.49139900
0.16520900
0.52038400
-0.65256300
-0.13964400
1.40617000
-0.43837500
0.29638800
0.67064000
-0.04865380
-0.75312400
-0.27579300
0.47060600
-0.44624800
-0.21594800
0.08721080
-0.43616300
0.42890000
-0.50949700
1.97384000
-0.27886500
0.29432600
-0.36114100
0.25048800
-0.08605090
0.24318800
0.53029900
-0.10423600
-0.66992900
1.76383000
-0.34692200
-0.27395400
-0.42793700
-0.45007800
0.84350100
0.60415900
0.50562700
-0.19132000
-0.58102700
-0.91571600
0.33145600
-0.50308100
0.95430700
-0.24282100
-0.55040800
-0.44057800
0.05426950
1.53407000
0.70657200
-0.63927800
0.46355700
-0.69404100
0.02553180
0.43352200
-0.12155600
-0.02421480
-0.25052500
-0.28561200
0.00978475
-0.22610700
0.08653730
-0.54121300
1.15287000
0.51404000
0.02863010
-0.63191700
0.21275300
0.11185400
-0.28748200
-0.21215600
-0.38070900
-0.14514700
0.04102700
-0.18437300
0.08170520
-1.16333000
-0.19742300
-0.83694700
-0.07295100
-0.60554700
1.78409000
-0.14752100
-0.71679400
-0.32386600
0.18785800
-0.44894600
0.01481730
-0.05959690
-0.16900900
-0.06523790
-0.21485900
-0.03953120
-0.75361000
0.04722750
-0.53800000
-0.43769000
0.34022700
0.12666200
-0.04740090
-0.62732700
0.21335700
0.35205400
-0.61259500
-0.07670500
1.19175000
1.19791000
-1.07563000
-0.04984370
0.04333160
-0.00077421
0.85160000
-0.91250200
0.43603100
-0.41529900
-0.05975980
0.14416700
-0.42565300
-0.41807400
-0.12441500
-1.01613000
0.46960000
0.18586900
0.63222300
-0.89311800
-0.53573900
-0.31078000
0.26460400
-0.32897300
-0.17413300
0.18785800
0.24068600
0.05908780
-0.64624800
-0.09955850
-0.19209100
-0.48917800
-0.14747400
-0.15271200
-0.53350500
1.36951000
0.11712700
0.29681800
0.94490800
-0.13892800
-0.63221700
-0.30897200
-0.45281000
0.05820290
-0.27855900
-0.71032800
-0.17787300
1.77594000
-1.06218000
-0.20117400
-0.43453600
0.05941340
-0.18061400
0.06120580
-0.76561500
-0.30875500
0.19978800
-0.13910600
0.49814600
-0.18732200
-0.23419100
0.10929000
-0.32620400
0.06351490
-0.72722200
-0.89722600
-0.46010000
-0.25257500
0.04661280
-0.16452400
-0.39170200
0.51410700
0.09354530
-0.05000110
0.14019000
-0.60085600
0.80635900
-0.30912200
0.49294800
0.04497510
-0.61799100
0.28226600
1.39649000
-0.23649300
-0.23168500
0.09475870
-0.07681350
0.41532600
0.63666900
-0.15273800
0.70132600
0.28489100
0.15975200
0.03825640
-0.40228300
0.45193900
-0.10220200
-0.71425500
-0.29244100
0.33650400
2.86947000
-0.81475400
-0.13538400
-0.49914500
0.68722500
0.97208300
0.61377900
1.21365000
-0.24828800
2.33344000
1.59916000
0.21014700
0.74897000
-0.12213300
0.10761300
0.92567500
-0.97402300
0.37016500
-0.29027700
-0.05537730
-0.20329300
2.95752000
-0.24608200
-0.70597100
0.38432800
0.06012300
0.04072120
0.50748200
1.70069000
-0.37357100
0.10226800
1.38541000
-0.10935800
-0.38778800
0.06071250
-0.68033200
-0.06948790
-0.79499500
-0.45688300
0.31877000
-0.04543880
-0.15143400
0.49986500
0.56934900
-0.66614800
-0.24947400
0.50805300
-0.42919700
-0.97136300
0.08419300
-0.90428300
-0.43544800
0.20663900
-0.16870700
-0.68895400
0.79247900
1.28067000
0.35586200
-0.35482000
-0.49615800
0.63201400
0.24583800
-0.18764100
0.48697200
0.04684820
-0.98684800
0.42153200
-0.45824700
-0.24631900
-0.13376500
-0.09979140
0.03913730
-0.66456900
-0.52868200
-0.75747900
0.82151600
-0.29300900
-0.29890200
0.28791500
1.06524000
0.47860700
0.27197100
-0.26662300
-0.62127800
-0.37659500
-0.45458700
-0.33164100
-0.44691100
0.04841140
0.09591340
-0.53865500
-0.17322700
-0.38638200
-0.05322510
1.24273000
-0.27502000
-1.05684000
-0.33667500
0.07192380
0.38654800
-0.07180730
-0.12684800
-0.22247900
-0.51363900
-0.49352900
-0.92825100
-0.16523500
2.09005000
-0.37937300
0.17371700
-0.90593200
-0.26338100
0.82590400
-0.76088900
0.10342500
-0.34803500
-0.22504900
-0.04931150
2.05547000
-0.23292500
-0.38385500
0.54827300
0.27904200
-0.75266600
-0.63366300
-0.07084120
-0.05778690
0.07858520
0.95335600
0.38646100
0.74441200
0.11725800
1.49526000
0.77197700
0.89673500
-0.09754410
1.03115000
0.06199760
1.07044000
-0.12475900
-0.22893500
-0.39108000
-0.78940900
-0.00994248
-0.34733500
0.36884100
0.41007200
0.03745820
0.04180610
-0.78094700
0.19676800
-0.63265000
0.73066300
-0.08056990
0.37770100
-0.29918600
1.06995000
1.29366000
-0.48025000
-0.77056700
-0.43052900
0.11800000
-0.17170600
0.44587900
-0.67625500
-0.10652700
0.18226100
-0.60714400
-0.39250900
-0.08985800
-0.01289130
0.25331200
0.83561700
0.20522500
0.32510200
1.06869000
-0.27253800
-0.21406000
-0.31128900
0.18009600
0.19479500
0.05181150
0.12904000
-0.60422700
-0.87574500
-0.42027600
-0.74344100
-0.40765900
-0.49987000
0.02047900
0.24942100
-0.43464300
-0.46501700
-0.12895800
-0.20427300
0.38876400
0.24465200
-0.24058200
0.22587400
-0.13409300
0.05009840
0.56818200
-0.70635400
-0.01924300
0.07481080
-0.35556500
0.69247100
0.52348300
-0.22017400
-0.15853800
-0.16874400
0.24378700
-0.37246000
0.07166340
0.48996800
-0.00516526
0.59072300
0.29643400
1.01350000
1.05047000
-0.29350200
-0.32414600
0.56514700
-0.51213300
0.07783820
0.60318000
-0.41628800
-0.59116400
-0.47856200
-0.23115900
-0.03545060
-0.69166400
0.59943300
0.77388000
0.99421000
-0.39869800
0.80216900
-0.49917800
0.06741610
0.33202200
-0.02477530
-0.05608090
0.02904780
0.47861800
-0.47370800
0.08003320
0.14546100
0.57456500
0.57456500
-0.28612300
0.02841210
-0.45748000
-0.54040100
-0.19936000
-0.20993000
0.18623000
0.74087300
-0.83610500
-0.09292700
0.37013100
-0.10416200
-0.24883800
-0.30340100
-0.39768900
-0.15689200
-0.66963100
1.67128000
0.39062300
-0.03887340
-0.65578100
0.25369900
0.17997300
0.21488200
-0.32509300
0.48607500
0.21152800
-0.33460000
-0.12626100
-0.72758400
-0.26580400
-0.47927200
-0.05945510
-0.56689200
-0.19561600
-0.58329600
-0.19883000
0.27709300
0.22300800
-0.31211200
0.92194700
1.21623000
-0.52901800
-0.03391350
0.04171830
0.13799400
0.33723500
-0.68491300
-0.12902000
-0.62144200
0.10236200
-0.65109400
-0.02572360
-0.18449200
0.30086300
1.08586000
0.02250580
0.16758400
-0.20946200
-0.66256900
-0.36764100
0.43020300
-0.18139000
-0.26451400
-0.59617000
-0.17627000
-0.00737644
-0.33548300
0.35044800
0.09024400
-0.27064400
0.35989300
1.23070000
0.02523920
-0.34905100
-0.52330600
-0.20647700
0.28878500
-0.71412900
2.19121000
-0.36472700
0.35342800
0.12693200
-0.96729800
0.12318500
0.67240500
0.47100200
0.36647300
-0.18802000
0.98417400
-0.46343800
0.21740800
-0.14132500
-0.28096000
-0.12611300
0.13540600
0.17417600
0.86506200
1.12795000
2.53374000
-0.65320000
-0.29798600
0.06451590
0.69234100
0.15428400
-0.01323900
-0.16725600
0.40614500
0.01190530
-0.53976100
-0.21195100
-0.20681800
-0.36840600
-0.30040400
0.29995500
-0.84375900
0.18882200
0.08689000
0.05560150
0.14002000
0.17014400
-0.50105100
0.41155000
0.14893700
0.53349300
-0.25146000
-0.50249300
-0.37517800
-0.16127700
-0.13686000
0.01196270
-0.78546700
-0.39063300
0.01992470
-0.03748570
0.25577000
0.39930000
-0.17136500
-0.04633860
-1.09356000
-0.21771200
-0.63768300
-0.05950130
0.49976100
-0.06784970
0.08204150
-0.68898100
-0.44816000
0.42534800
0.97088500
-0.35451100
-0.77612400
0.40808900
0.06953970
-0.29182600
-0.28260700
-0.37655200
-1.31109000
0.11803900
-0.55140900
-0.03471590
0.08871580
0.14744900
0.21648500
0.16856600
0.61715200
0.01879820
1.63328000
0.70900500
-0.27263600
-0.20091700
-0.14091300
-0.62064700
0.01600400
0.48590100
-0.06803670
-0.41484500
1.32340000
-0.29420300
0.65878200
-0.16313300
-0.29931500
1.42506000
0.44053600
0.46666700
-0.03968070
-0.37063900
-0.47462700
-0.50025200
0.48177700
0.17209400
-0.40264400
-0.61897100
-0.22192000
-0.51111800
1.90575000
-0.04106100
-0.19294200
-0.13665800
0.25672100
-0.65843700
1.61464000
0.43263100
-0.63088500
-0.23842700
-0.37460200
-0.40965600
-0.24617200
-0.41789100
-0.67237800
-0.38194200
-1.19423000
-0.15470500
0.83719300
-0.70234200
-0.55395800
0.08341880
-0.85018900
-0.71076300
0.85698700
0.95769600
0.04546640
-0.10059500
0.14504300
-0.66938500
0.15296700
-1.01341000
-0.59561000
-0.43181700
-0.69385700
-0.49386600
0.65814000
-0.24445900
-0.31354100
-0.38696600
0.19552200
0.29365300
-0.07777280
-0.01765280
0.37255800
-0.51830000
-0.33383000
-0.06925530
1.25120000
-0.54595300
0.52709900
0.30410300
0.49196300
0.34139000
-0.10400600
-1.10839000
-0.63574600
-0.30497100
-0.37659800
-0.62608900
0.66608800
-0.07560540
-0.08894390
-0.21443000
-1.02456000
0.76478300
0.06148320
0.51230700
-0.59160700
0.72925500
-1.12095000
0.26482400
-0.61724200
-0.29008800
-0.09103980
-0.26780600
-0.14976800
-0.51360100
-0.32567200
-0.42647000
0.16310600
0.08712540
0.79445900
0.15473900
0.16508100
-0.06726620
-0.81724000
0.34399500
-0.21187400
-0.62609000
-0.90725000
0.05589570
-0.17669000
0.29575500
-0.10275000
0.32469800
-0.68262500
0.08497010
-0.12547000
-0.32900100
-0.55630500
-0.09198700
-0.45023300
-0.32042900
-0.04345010
0.15446700
0.12747400
-0.50457000
-0.11458900
0.36742800
-0.43346600
0.14354200
-0.23911400
0.21574900
0.20546800
-1.06955000
0.40990200
-0.25263700
-0.21891700
-0.45016100
0.03444270
-0.45427200
0.06316540
-0.36273300
0.39811900
-1.06887000
0.40765800
-0.32323700
0.23748500
0.42910500
0.34651500
-0.48026900
0.26500000
0.41421900
-0.29045500
-0.42360300
0.40156100
1.11123000
-0.46804700
0.43104100
-0.23532100
-0.54479200
-0.15008000
-0.36030100
-0.47849300
0.16459200
0.12831100
-0.28249900
0.37984800
0.04079480
-0.25978400
0.59120500
-0.45267500
-0.13344100
0.34646800
-0.61717200
-0.56552300
-0.20670600
-0.17049300
0.50429300
2.40530000
-0.73821000
0.06802930
-0.80285800
-0.30750100
-0.05581770
-0.91075800
1.06907000
0.75015900
-0.18037000
0.41421900
0.02560720
-0.28596100
-0.07463720
1.21693000
0.34521200
0.10676200
1.61405000
0.59947500
-0.92072700
0.19711000
0.05679700
1.17657000
0.36395800
0.47844900
-0.37027800
-0.53692100
-0.25512600
0.76833700
0.69038000
-0.58727600
-0.24854000
0.26991800
-0.45621800
-0.64617300
-0.04576620
1.27391000
1.29110000
1.07730000
1.38843000
0.82800700
1.08473000
0.81345800
0.33254300
1.57009000
0.74380100
0.31356400
0.58414800
0.80624000
2.23982000
-0.12778900
0.29206100
-0.11942100
-0.08166220
-0.56850200
0.18081000
0.08457650
0.43026500
-0.02933260
0.83137600
-0.51477900
-0.39437800
-0.28128900
1.83127000
0.01082020
-0.62341600
-0.58767200
0.13874900
-0.31215000
-0.61432500
0.01164580
-0.24124800
-0.37541000
-0.31602000
-0.14923300
-0.03785250
-0.04917130
-0.09221580
-0.52576900
-0.11254800
0.59506600
-0.63132000
-0.98107400
-0.18786700
-0.45507400
0.07364600
0.15363000
0.12454900
-0.06729790
0.65105000
0.56562900
-1.20583000
0.54942100
0.40865500
-0.08443300
-0.24968000
0.24963800
-0.24180400
-0.21698300
-0.17498000
-0.44956800
-0.19062100
-0.90304500
-1.24702000
0.09134550
-0.49387700
-1.05271000
-0.63793500
-0.17556600
-0.46230500
0.08479970
0.31018000
0.33237200
-0.31828000
-0.26867700
0.18673000
-0.83935900
0.02739450
-0.70671300
0.26302600
-0.62381500
0.06510430
-0.08060840
0.03308010
-0.84874400
1.39869000
0.17493800
-0.71245000
-0.16175600
-0.20951700
-0.02086550
0.19288500
0.04183070
-0.49325000
-0.25057900
-0.36565800
-0.13835000
0.15670600
-0.15280800
-0.32321400
0.18215100
-0.28586200
-0.73013400
-0.50388800
0.36195200
-0.33314200
0.14090400
0.04302850
0.08172820
-0.58347800
-0.34867700
0.71547100
-0.28072500
-0.48069100
-0.08847510
-0.38289600
0.23737300
-0.49016800
0.48772100
0.00634084
-0.11924500
-0.54607500
0.54558500
0.58664700
-0.08879710
-0.21064300
0.20901400
-0.04736560
-0.14049600
0.11556400
0.23045800
-0.20260000
-0.21580400
-1.17951000
0.80729000
-0.22590100
0.36727500
-0.97611400
0.38166200
-0.88459000
0.79008200
-0.46512800
0.05832920
-0.15887500
-0.39654100
-0.55264600
-0.14998200
-0.29669700
-0.61161200
0.01849540
-0.01906470
-0.86704500
-0.31133800
0.07614740
-0.76937000
-0.46880300
-0.20419800
-0.28905200
-1.02961000
0.05696610
-0.05079010
-0.41709200
0.39447200
-0.23295100
0.09264580
-0.68258400
-0.55348500
-0.79587800
-0.11298700
-0.00227942
0.72396800
-0.78861900
-0.45722200
-0.08519480
-0.06672140
-0.63381200
-0.01918560
1.23682000
1.99594000
2.91410000
0.50985700
0.41580200
0.55142000
-0.51601800
-0.04054720
-0.07763730
0.50871400
0.09797450
0.33384800
0.22947300
-0.40292200
0.12979700
-0.17369900
-0.11644000
0.14743000
-0.10359200
0.01118930
-0.52220000
0.41902400
0.46212600
-0.55704600
-0.34728800
-0.24624900
0.12490800
-0.79515500
-0.16128300
0.48315000
-0.13682000
1.44925000
0.50588600
0.02284330
-0.37809700
0.33584200
-0.21442100
-0.58421000
-0.01639580
-0.63413900
0.98127600
0.28160200
0.81247600
-0.62348300
0.24900700
0.27956100
0.69574000
0.67355500
-0.17394300
-0.21030400
-0.20100300
-0.41591400
-0.63982400
-0.23635500
0.60458100
-0.38415200
0.30793600
0.09329740
-0.21482700
-0.12856600
-0.02777210
0.05635980
-0.03421500
-0.40873900
-0.10950100
0.08299130
0.09675860
0.20452800
2.07392000
-0.96193700
-0.80190300
-0.65173500
0.36130500
-0.42753400
0.97384200
0.33711000
0.43513100
1.08579000
0.66120200
-0.47066800
-0.06659120
0.18568500
0.06505570
0.15668000
-0.10977200
2.40974000
0.71627100
-0.64313500
0.51702300
-0.62703900
-0.45964800
-0.47335000
0.60538900
0.74287500
0.37087400
-0.25009900
0.55164800
-0.52786100
0.43683900
0.59155000
0.16525400
-0.23181500
0.27494900
-0.08816160
-0.13298500
-0.32184200
1.22297000
0.76059700
-0.07502750
-0.14779000
0.14144200
1.22988000
0.77548300
-0.31253600
1.07099000
0.30502500
-0.33038700
-0.52027600
-0.44856200
-0.14106600
-0.37484300
-0.26489700
-0.31409200
0.15401400
0.39707400
-0.31506200
-0.78451900
-0.06168480
0.87420900
-0.17140400
0.22750700
0.80905600
0.13286300
0.53752300
-0.44541500
3.06570000
1.02661000
0.23329000
-0.23322900
-0.07652680
-0.23031300
-0.49436000
0.20757500
-0.06527800
-0.12589100
-0.41117400
-0.45010700
-0.51001700
0.69613400
-0.26779700
0.38666800
-0.97085900
-0.56583900
-0.52501900
-0.15428700
-0.36549900
0.10766700
0.26620000
0.08516130
0.04823260
-0.04369180
0.03538110
0.05168090
-0.23116100
-0.06082350
0.00815686
-0.14763100
0.87813300
0.10383400
0.04526590
-0.34148300
-0.47876000
-0.54239000
-0.01063260
0.11122600
-0.00251387
0.24323400
-0.34892400
-0.39268100
0.05019130
-0.34038500
-0.22748100
0.04479550
0.24826600
-0.17377600
-0.52824300
-0.17377400
-0.21574500
-0.05071900
0.03399610
-0.00024756
-0.53436700
0.05645130
0.23324100
-0.46976700
-0.18637300
0.35565600
-0.85170500
-0.72579200
0.38904200
1.03522000
0.63474900
0.06246070
0.19883100
-0.81782300
0.23059300
2.39883000
-0.03509030
0.16655600
-0.02712240
0.25120500
0.16407800
-0.29529000
0.37789100
-0.47883900
0.03806460
-0.41263900
0.04874200
0.23964000
0.28798800
0.29751600
-0.05617110
0.27420000
0.50108700
-0.89421200
0.26080200
-0.84634300
0.26190900
-0.64763600
0.36463100
-0.42871600
0.13030900
-0.02689070
-0.16746200
0.52663300
0.12531200
-0.15906900
0.22924700
-0.45099600
-0.11857300
-0.36453200
-0.19807800
-0.46587900
-0.27105100
-0.77327600
-0.04117670
0.19849500
-0.54621700
0.00043828
-0.06192950
-0.43256700
-0.42051900
-0.53046000
-0.06246180
0.68397400
-0.34724200
-0.31473200
0.21798000
-0.44986800
-0.39263600
-0.04730000
-0.24166100
-0.27082900
-0.18701900
-0.40090600
-0.28830200
-0.51510600
0.12700800
2.53125000
-0.33328600
0.97449500
-0.22337600
-0.15243100
1.17724000
1.43482000
-0.09171350
-0.68013100
-0.94983800
-0.89254500
-0.12417100
-0.03381490
-0.48282600
-0.51806400
0.35116600
0.04416020
-0.04426730
-0.12898600
-0.58630700
-0.13180300
-0.01877430
1.98523000
0.87407100
-1.12369000
-0.25218700
0.23098900
-0.13975200
-0.28593900
-0.07083470
-0.47340300
-0.52276800
-0.06342590
0.37994100
0.01292670
0.35006200
0.22289900
-0.59291600
0.41578200
-0.26226800
-0.50626000
-0.21242800
1.02762000
-0.13293900
0.54899500
1.52972000
1.05743000
-0.10815200
0.06262050
-0.84849000
-0.67491400
0.03771130
0.66877800
-0.80694300
-0.54164200
0.79740900
3.75779000
1.00968000
0.71678000
0.24520100
-0.23716000
0.02996510
0.23932300
-0.56605700
-0.68468600
0.01920910
-0.26678800
0.45184400
0.25732600
-0.41259400
0.46643500
0.51562400
0.02287010
-0.08902390
-0.45060100
0.11645600
0.24198700
0.52052600
-0.00535676
0.41317600
0.00293424
0.06566390
-0.26480800
-0.03028060
-0.10751900
0.55124100
1.87967000
-0.09955000
-0.50585500
-0.68706900
-0.85509700
-0.08874150
-0.26666100
-0.67789200
0.73845800
0.40658300
0.45762900
-0.22893500
0.09961710
-0.77006400
0.41750300
-0.62842500
-0.06165750
-0.04692160
0.41702400
-0.19514200
0.08666480
0.11370000
-0.05218890
-0.65810700
-0.15681300
0.75166800
0.84335500
0.29029100
1.67901000
0.54184000
1.72730000
0.60359100
-0.20330400
-0.34486600
-0.17973900
-0.35958200
-0.09380410
-0.33446800
0.02741040
-0.18425300
-0.05421260
-0.35124300
0.14625000
-0.63801000
-0.06850450
-0.87207300
0.11576200
-0.53551600
-0.94741800
1.01276000
-0.82633100
0.49974900
-0.08844380
0.46876500
1.18289000
0.15014200
-0.36653200
-0.49428700
-0.99346600
0.04700690
-0.55210100
0.23576200
0.04826310
-0.59404900
0.55337400
-0.66633900
0.65321800
-0.33678800
-0.55808200
-0.23565800
-0.33239400
0.96571500
-0.73529900
0.47101100
-0.95338200
-0.07986520
-0.44375000
-0.03870310
-0.23332000
-0.19695300
-0.40981700
-1.56705000
0.20615100
0.18475000
-0.86987200
-0.19009900
-0.24975500
-0.09401730
-0.44244400
0.22241200
-0.18793900
-0.21176300
-0.36561500
-0.30298400
-0.37373300
0.79483700
-0.53098400
-0.76742400
-0.13888000
-0.56291400
-0.44245800
-0.60820000
-0.31254000
-0.48720300
-0.26743600
-0.57804800
-0.39051700
-0.40362700
-0.04696010
0.67635900
-0.14263200
-0.20065900
0.17823500
-0.01725270
-0.30245500
-0.46429700
-0.01609280
0.03126950
-0.64483200
0.17808000
0.35768000
0.34253700
-0.95445300
1.14751000
0.22995400
0.74107400
-0.48108600
-0.70923200
1.36506000
-0.34862700
-0.28929100
0.35986800
-0.28997900
-0.37293300
0.30693300
0.29508300
-0.39801900
0.01194390
0.41929800
-0.38493000
-0.61865000
-0.46796700
-0.50477700
-0.09585800
0.45439900
0.29998800
-0.28381000
-0.58566900
-1.35749000
-0.35969500
-0.30430600
-0.19734200
0.26391700
-0.31641500
0.23682700
-0.31934000
1.06416000
0.07252170
-0.36713800
-0.31135300
0.22322000
0.26840200
-0.02296750
-0.52273900
0.92388100
-0.23132900
-0.10871900
-0.13856600
-0.03712090
-0.75452300
0.34691000
-0.22270700
-0.48546900
0.18732300
-0.50009900
0.60713500
-0.03997760
-0.01845900
-0.49188100
-0.14755300
-0.42956900
-0.56617200
0.37645900
-0.55180700
-0.14230900
0.98766100
-0.04681770
-0.27396000
-0.07323690
0.47146800
-0.47640400
-0.07370510
-0.65262600
0.01276350
-0.79398600
0.28020500
0.06873390
-0.31297900
-1.30578000
-0.06225590
1.59690000
1.00703000
-0.63405000
-0.11167700
0.21969700
-0.14958000
0.56927800
0.09323310
-0.41998000
-0.67162200
-0.47385400
-0.48721000
-0.56696500
0.06254450
0.07441390
0.18165900
0.15745300
-0.01081240
0.07444590
0.37134600
-0.39454600
-0.37488100
-0.29966300
0.32764000
-0.35124300
-0.95112000
-0.56616500
-0.73576100
-0.15598600
1.17569000
-0.53156000
-0.76325000
-0.05361630
-0.54146200
-0.08188360
-0.62634900
-0.23065200
0.44034900
-0.00766796
-0.66925400
-0.33792200
-0.02455250
0.76919900
-0.61399000
-0.84336500
-0.41458400
0.19693000
0.35934500
0.54576600
-0.71144800
-0.46470500
-0.02426290
-0.32450200
-0.56273300
-0.57911600
-0.33387200
-0.01957560
-0.25323500
-0.36442400
-0.25046300
0.54258600
0.30613400
0.19248400
-0.30163600
0.00171153
-0.62421300
-0.03330830
-0.03717070
-0.26971500
2.31528000
-0.52135500
0.00772660
0.21475700
0.05762950
-0.36755500
0.76513000
-0.26995900
0.11974200
0.20844600
-0.97812000
-0.65798200
-0.65170700
0.37238200
0.14764900
-0.39817600
-0.56252300
-0.16716100
0.16689600
0.01703950
-0.05510690
-0.24684500
-0.20502200
-0.36558000
-0.31438000
-0.12571100
0.00096907
0.62261300
0.49428800
-0.23112200
-0.35628600
0.03357420
-0.29130900
-0.03252990
0.00252035
-0.26958100
1.42447000
-0.07315950
-0.11533600
-0.79246500
1.53558000
-0.95690500
0.58074200
-0.18638400
0.27778300
-0.73877500
-0.20993900
-0.34883100
-0.62061900
-0.36306300
-0.75277200
-0.56500200
1.51534000
0.31097400
0.17850600
-0.18142700
-0.50700600
-0.07289700
-0.21909500
-0.99403100
-0.64186800
-0.29117200
0.53973300
0.49946500
0.12907400
4.15650000
0.78658300
0.84368600
-0.15846000
0.06566890
0.68244400
0.49714000
0.56643000
0.18865900
1.43051000
-0.81472800
0.07521460
0.10499000
0.13676900
-0.59217900
0.10071200
-0.52956000
-0.06773320
-0.38139600
-0.47097100
-0.44652500
0.01310490
-0.46653200
-0.43117100
-0.03905420
0.92417400
-0.27343200
-0.51087600
0.01504280
0.29668600
1.48410000
0.35539100
-0.32475100
-0.17642200
-0.11010000
-0.19165200
-0.15368400
0.23620400
0.31383400
0.55197900
-0.20255400
-0.21524800
-1.21737000
-0.14974700
-0.33737000
0.05257510
1.17251000
0.88167700
1.09364000
0.69352000
-0.70961800
-0.26224600
-0.98340000
0.50611600
-0.53312000
-0.31797400
-1.05311000
-0.49564900
-0.91688900
-0.36969300
0.09456050
-0.30635300
0.49371300
0.28943500
0.81336500
-0.19436900
0.67320000
-0.25571700
-0.18537500
-0.51819200
0.16394400
0.22294700
-0.22481100
-0.48022600
-0.71047600
-0.17875100
-0.20837900
-0.41288400
0.58183600
0.20198700
-0.19498200
-0.57519700
0.30018200
-0.47128900
-0.00117587
0.07229950
0.47036700
0.05853720
0.00311784
0.21085800
-0.72340200
-0.46483200
-0.11328200
0.34295600
0.09230570
-0.36753900
-0.13291500
-1.14647000
0.05020630
-0.54583800
0.72783600
-0.15245800
0.15940900
-0.12392700
-0.99724200
0.40868000
0.94753500
-0.52259500
-0.40288700
-0.12738300
-0.31703400
-0.40536900
-0.55155300
-0.09972610
0.30919000
-0.58444100
-0.24489300
-0.55112900
-0.22914000
-0.82068400
-0.06925280
-0.65106100
0.48318400
-0.36888400
-0.34086200
-0.33955900
-0.03523210
0.06395750
-0.12338100
0.58826100
0.36491000
1.07683000
0.07737910
-0.67394900
-0.44032500
-0.18419000
0.11046200
-0.67025300
0.61942900
0.29283600
-0.61860600
0.31927700
-0.63739200
-0.15811700
-0.24764400
-0.24374700
-0.56173000
-0.13407300
-0.06500810
-0.49351700
-0.35559600
-0.57751600
-0.61287600
-0.27824800
-0.29553200
-0.75161900
-0.31963700
-0.57063000
-0.06481770
-0.06879650
0.61384900
-0.15091200
-0.32873200
0.39742900
-0.37552400
0.31914100
1.23643000
-0.22927300
-0.18124500
-0.44671300
-0.49378600
-0.17077700
-0.67640300
0.25512900
0.20222700
-0.65306200
0.36432400
0.18084300
0.51210400
-0.18334100
-0.38394600
0.16758100
1.41125000
-0.46615000
0.74580100
0.54765600
-0.36332500
-0.50948000
-0.17229000
0.66739200
-0.96209500
0.65851300
1.54245000
0.38607400
0.46743200
-0.40931000
-0.47132800
-0.62633200
0.25296600
0.46209900
1.13765000
0.04184560
-0.04673350
0.16461800
-0.51243300
-0.51794200
-0.53874300
0.36324300
0.24256200
-0.12518300
-0.25145900
-0.66876600
1.01211000
-0.68710700
0.48051500
-0.04179060
-1.02863000
-1.04939000
-0.56985700
-0.01717750
-0.62525200
-0.86951000
2.12087000
1.28922000
-0.50534700
0.32332100
-0.42592900
0.61818500
0.14474200
-0.78152500
-0.08281250
-0.17477400
-0.86361600
-0.50559300
-0.66625100
0.10947500
-0.60196700
-0.63576500
-1.34803000
-0.08144260
-0.26777600
-0.12474700
-0.64097500
-0.14228900
-0.53551200
-0.79083700
-0.64505200
0.19465500
-0.49416800
-0.82717200
0.55658900
0.59954500
-0.08463630
-0.90844900
-1.04626000
0.08093970
0.07643960
-0.15849700
-0.70938800
-0.96822900
-0.93107100
0.27408100
-0.29717800
0.42430400
-0.08540790
1.26176000
-0.11352000
-0.28145900
1.26332000
-0.56786800
-0.46601900
-0.47334200
0.67456900
-0.42126400
-0.43719700
-0.10822300
1.74385000
0.69709900
-0.30112900
0.13569600
0.27939900
-0.05987610
-0.06646770
-0.45667800
1.34744000
0.76203900
0.26031300
2.82193000
0.52302300
-0.82764100
0.29785800
1.36231000
0.08426860
-0.41896000
-0.21341400
-0.48240400
-0.34919500
-0.26500700
0.16960800
0.09027690
0.18242600
-0.60892300
-0.86624800
-0.15533400
-0.15694100
1.01850000
-0.28869200
-0.39156100
-0.68909600
0.31955200
-0.12245500
0.14368500
-0.68289400
-0.11998200
-0.06341020
-0.28498900
-0.32134000
-0.31351400
0.07910420
-0.35943600
0.73977600
-0.31803700
0.12195700
0.07326560
0.00321092
-1.06618000
-0.38902300
-0.99646800
0.02709510
2.62117000
1.66616000
-0.74735700
-0.36058400
1.11188000
0.05703440
-0.95871200
-0.61459900
0.62425100
0.63175300
0.26943300
0.11639700
-0.51863200
-0.10259800
-0.93123800
-0.53500900
-0.61218000
0.47670800
0.11721200
-0.59872300
-0.45746600
-0.36621400
0.25300000
0.32252600
1.49287000
-0.17178300
-0.03741800
-0.57717500
-1.23653000
-0.03057570
-0.09938200
0.03165800
-0.53745200
-0.19483500
-0.33785000
1.41654000
1.14955000
-0.17982500
-0.25327400
-0.58968100
-0.05083260
0.23157300
-0.86528800
-0.65908400
-0.69813100
0.01266420
-0.14681200
-0.09384270
-0.18428800
-0.70096900
-0.34660800
-0.44295800
-0.71203200
-0.53263900
-0.08543290
1.23803000
-0.53348500
-0.49164300
-0.57028400
0.18567100
1.45820000
1.38351000
0.17638000
-0.41114200
-0.03348060
0.58293900
-0.91163700
-0.02277870
-0.40042900
-0.31628200
-0.12659100
0.36663000
0.15631800
1.38876000
0.84084200
-0.72697300
0.81772000
0.43668800
-0.33980900
-0.59983700
0.61436600
0.44891700
1.27884000
0.67285900
0.98151000
0.17275000
0.47308100
0.37148100
0.58503500
-0.10483300
0.61729200
-0.34398000
-0.05119190
0.22571100
0.90966400
-0.35927000
0.52497800
-0.48340900
-1.00415000
-0.22498400
-0.97175000
0.00038449
0.04435810
-0.50877700
0.14185500
0.05461220
0.53882900
-0.28663200
0.08086350
0.09623640
-0.25359000
-0.14236900
-0.08148770
0.20397400
0.15879900
1.23994000
-0.42071700
0.67570000
0.58499600
0.06226570
0.13056100
0.22029300
-1.08501000
-0.36255500
-0.19661000
0.69366100
0.74302100
-0.66279800
-0.43058600
-0.16425900
-0.22966400
-0.78938200
0.00811497
-0.16557600
0.44101700
-0.31411400
0.18349300
0.05242810
-0.41904800
-0.48475900
-0.43239300
-0.19728000
1.43764000
0.73590600
-0.26749500
1.14681000
0.22699300
-0.25533100
-0.26430000
-0.27167900
-0.65304400
0.23573800
0.41124300
0.23891900
0.50231800
0.52520800
0.38447000
0.38158600
1.60102000
-0.81229600
0.22529800
0.10470200
0.13089900
0.66508900
1.12721000
0.34399000
0.07692590
-0.22561200
-0.30434600
0.09749070
-0.61629000
0.12281500
0.94905800
0.40680200
1.46918000
1.90150000
0.56403600
-0.18880800
-0.01331670
-0.27381500
-0.06778730
0.01435370
0.19741500
0.69926500
0.34628700
1.35726000
0.16004100
-0.51982800
-0.12934100
-0.13233200
-0.73630000
0.10478300
-0.78068300
-0.44727400
0.32757800
-0.33267900
-1.03146000
-0.27611500
-0.02476800
-0.74422000
-0.50837700
-0.80987100
-0.44774100
-0.45365300
-0.47280000
-0.97124200
-0.62248000
-0.78278900
-0.63139500
-0.13121500
-0.10488800
-0.68359300
0.62181200
3.27010000
-0.19571700
-0.54526200
-1.12507000
-0.34427500
-0.35032100
-0.24605300
-0.15959900
0.28933700
-0.43340400
0.10320900
-0.98932900
-0.06680830
0.41080100
0.05422330
0.71615900
-0.34527800
-0.19350100
0.17365000
0.30731900
-0.10103300
-0.41504100
0.12691200
0.01448480
-0.34039600
-0.41305000
0.25392200
0.22109700
-0.60396300
-0.01450780
2.39984000
-0.39162700
0.06131520
-0.16462800
0.16006100
0.87557800
-0.11377000
-0.41386500
-0.02489860
-0.29683500
-0.58615900
0.04128650
-0.44946300
0.22346500
-0.08349410
0.14368600
0.18030900
-0.45747900
-0.02174350
-0.19570400
-0.28897500
-0.16007100
-0.33785300
-0.43461400
0.09939700
-0.21196800
0.14423000
0.15755200
0.11596600
0.09203500
-0.01721770
-0.09707170
-0.29220700
-0.26979000
0.22658800
-0.02661870
-0.83634700
-0.04468670
-0.06968920
1.21044000
-0.17459900
-0.54032200
0.08372570
-0.32399700
-0.67458500
-0.04546580
-0.15819900
-0.35216900
-0.30857700
0.42623900
0.55929200
-0.13998400
-0.54892600
-0.14351700
-0.42715700
-0.01049470
0.12011900
-0.32678800
0.04593830
0.34526800
-0.18656600
1.20985000
0.24010500
-0.35609700
0.43969200
-0.31484300
0.27880600
-0.53741000
-0.29570900
1.51242000
-0.75218600
-0.33261600
-0.01327130
-0.40658900
-0.42553700
-0.33421800
-0.07525940
0.33789000
0.20733500
-0.24147600
-0.85342400
-0.36491600
0.29968000
0.09239530
0.37307700
-0.56934200
0.02289760
-0.70979600
0.32931900
-0.02314720
0.39888300
-0.23240200
0.31547800
-0.57354000
-0.04836960
-0.24869500
0.41518000
1.49283000
-0.18538100
-0.64261200
-0.16053700
-0.24033900
0.79314600
0.28611800
0.31909200
-0.53879000
-0.69092800
-0.13587800
-0.13410900
-0.03363520
-0.83897900
0.00721312
-0.09988230
1.19338000
1.07842000
-0.45073500
0.69544600
2.03583000
-0.23395500
-0.25593800
0.36117000
-0.37574700
-0.36843800
-0.17043700
0.11552000
-0.32755100
-0.31633200
-0.02876420
-0.40242500
-0.69957300
0.14222100
-0.11604500
0.07095070
-0.82104200
0.14720100
-0.25982900
-0.74868900
-0.05304000
-0.48927300
-0.59455100
-0.31910500
-0.83547600
0.30389400
0.42312400
-0.53950200
-0.58088100
-0.81006700
-0.03680060
-0.68491300
0.03135710
-0.19980700
-0.31365300
-0.33982200
0.46314000
0.02633120
-0.06635750
0.49571000
0.55831100
0.00543188
-0.06175150
-0.51559100
-0.30777800
-0.23003500
-0.76685400
0.25268500
0.23984700
-0.51758300
-0.27007400
0.64013500
-0.47131700
-0.27071200
0.73314800
-0.13213400
0.26026400
-0.65458800
-0.20400700
0.40883000
-0.88614400
0.61180600
-0.35767200
0.14974400
-0.13955000
0.15998300
0.05517930
-0.09823730
0.14346500
0.10576400
2.77533000
-0.36172600
0.83441800
-0.56866900
-0.45769600
-0.48268100
0.02598180
-0.19992500
-0.29926200
-0.05154330
-0.44929600
0.59010500
-0.18610400
-0.42650800
-0.07072420
-0.76075400
0.56462800
-0.64729400
-0.21428900
-0.53081600
-0.18797300
-0.32756100
0.53456100
-0.24045500
0.79712200
-0.47609400
-1.07024000
-0.20899000
-0.16024500
0.19037800
-0.16825500
-0.21550800
-0.03707040
-0.40531200
0.35989900
-0.32807700
-0.54379900
-0.59419800
-0.11715900
-0.81422400
-0.04464390
-0.24497600
-1.20145000
-0.52807300
-0.36532900
-1.17863000
0.10811400
0.24080100
-0.33160100
-0.37442300
-0.17366700
3.06946000
-0.61283900
-0.07445410
-0.25339000
0.19310600
0.14727400
0.55524900
-0.16604400
-0.57968300
0.03765590
0.12761100
0.22216400
0.41579200
-0.34987800
0.08487570
-0.67660600
-0.26870800
-0.07828800
0.06241240
0.17730200
-0.52326200
-0.31951500
-0.22070400
0.28238100
-1.09400000
0.03153810
0.95096700
-0.20471800
-0.14822400
0.54885500
0.52655300
-0.03852830
1.00969000
0.52989900
-0.69003000
-0.94945000
-0.19053300
0.31905000
-0.39858000
-0.28069300
-0.15318300
0.18414300
-0.03527590
-0.58391800
-0.18425100
-0.24660000
0.16981400
-0.35580100
-0.90313600
-0.53061100
-0.53551100
-0.06716530
-0.69439200
-0.37533400
-0.33431800
-0.89367500
0.36462100
0.82752800
0.41659700
1.22193000
2.02205000
0.71549700
-0.32264900
-0.05980200
-0.16014000
-0.21596200
-0.43559100
-0.73852000
0.56494400
-0.16680500
-0.96242900
-0.55435700
0.60997100
-0.48694300
-0.76286000
0.10312900
-0.70293500
-0.25613200
-0.82438000
0.27976000
-1.08177000
0.18609500
-0.12489000
-0.68717200
-0.04705080
-0.44190100
-0.08953030
-0.34797100
0.05431550
0.24493400
-0.07194640
0.08022370
0.25022600
0.08706480
-0.23389100
0.09962580
0.00107837
0.33476100
0.96016800
-0.01436330
0.34882900
-0.52296000
1.84543000
-0.35356400
-0.34240000
1.32118000
-0.48972300
-0.24250400
-0.03066400
0.19357900
-0.37996400
-0.26413000
-0.56655900
-0.60062400
-0.29517100
0.84248800
0.76848700
-0.45273100
1.07914000
-0.29491000
-0.25521700
0.24982300
-1.12309000
-0.28558300
-0.19931200
0.29425100
-0.49649500
0.69631200
0.66748100
0.87826600
0.54223000
0.42601100
0.61421000
0.23587400
-1.01904000
-0.50781800
0.57517600
-0.64854600
-0.58459600
-0.30335000
-0.79904600
0.37418700
-0.22899500
-0.21805500
-0.00626890
-0.29097700
-0.56701400
-0.55004600
-0.71580100
-0.36044100
-0.62590100
-0.26947100
-0.06102670
-0.30226000
0.84894200
0.52126200
0.61884900
1.16145000
0.15849200
0.15344400
-0.34890700
-0.53201900
0.10060900
-0.53885900
0.35750000
-0.15080200
-0.17855000
-1.17184000
-0.83170700
-0.05869250
0.93267400
0.17508200
0.45818800
-0.65587900
-0.33553800
-0.89598900
-0.41013200
-0.84756000
-0.61573000
0.10636900
-0.52770500
0.20979600
-0.56440400
0.81059000
1.70247000
0.59782200
0.21622600
0.25553600
-1.03002000
-0.72546900
0.46572300
-0.21276900
-0.49172100
-0.05255950
-1.57905000
0.38402900
-0.17212300
-1.14896000
-0.04795840
-0.04333320
-0.45490100
-0.21406700
0.51593600
-0.42493100
0.16736800
-0.23491800
-0.00204720
-0.11545100
-0.28440800
-0.79801300
-1.41099000
0.01291360
-0.63128900
0.97145700
-0.30226300
0.06595120
-0.56491700
-0.08508470
-0.02823700
-0.19415600
-0.38477700
0.02110480
0.27196100
-0.20755200
0.03457480
-0.27295400
0.39004500
1.63558000
0.19420500
-0.48544900
-0.10564600
-0.25273800
-0.78574300
-1.09040000
0.50083900
0.53659200
-0.29272900
-0.16874400
-0.28915300
-0.00156523
-0.17589600
-0.36577600
0.01502720
-0.32063600
-0.13680900
-0.37572100
-0.64400100
-0.23590100
-0.77909000
0.17522500
0.58602600
0.61481700
0.03164280
-1.19904000
0.12066400
-0.43501200
-0.01325930
-0.04731600
-0.69213600
-0.72636000
-0.51559700
-0.14974000
0.15788400
-0.10573400
-0.55552000
0.11831500
0.11969900
0.26456400
-0.34040400
0.37576100
-0.53646400
-0.29557200
1.16811000
0.97540300
0.41164600
0.30255500
-0.10649800
0.58492600
0.09426040
-0.15237300
-0.67852200
-0.86700200
0.86988700
-0.20655500
1.60244000
-0.47934100
0.13468800
-0.70173400
0.11149700
-0.59149700
0.19232500
1.02487000
0.43860400
-0.16310900
-0.15836600
0.06649550
-0.31706600
-0.78160800
-0.69193300
-0.16024100
0.31807600
-0.53436100
-0.62671600
-0.18812100
-0.35332700
-0.54718100
-0.44692600
-0.55086200
0.04909640
0.03857710
0.02950960
-0.09299300
-0.89966900
1.33942000
-0.53623000
1.25978000
-0.39096200
0.55444300
0.14322100
0.08861410
0.97224200
0.19193200
0.76651200
-0.18433800
-0.74460100
1.00003000
0.18795100
-0.08579220
-0.70019800
0.42845200
-0.19358900
-0.07952940
-0.35754200
-0.69210700
-0.51999000
-0.24001300
0.38213500
0.58072300
-0.40509000
-0.43312000
-0.12969200
-0.66229700
-0.10335100
0.07987130
-0.35622600
-0.09577160
-0.13859500
0.42613300
0.04341800
-0.22260600
0.57201900
1.55427000
0.23058900
0.07348520
0.18445800
0.21487300
-0.67891500
-0.24020300
-0.20655700
0.30088500
-0.42635500
0.04864510
-0.06252270
-0.01751810
0.44422000
0.35716800
0.38680300
0.07117330
-0.35229300
-0.48636400
-0.36748200
-0.12478200
0.60981100
-0.28517200
-0.60494100
-0.36900700
-0.51396900
-0.43136700
-0.15233300
-0.45571000
0.86932400
0.07451830
-0.15800100
-0.21649000
-0.09132800
0.20023700
0.01997730
1.07584000
-0.04491840
0.36781700
1.47897000
-0.00747171
0.52307800
-0.35473800
-0.29604200
-0.10374600
-0.37311900
0.76969700
-0.17069100
-0.04440320
-0.52637800
-0.31170600
-0.78382400
-0.29497500
-0.31136300
-0.12687500
-0.23098600
-0.17414400
-0.08243220
-0.91389600
-0.46416500
-0.36240500
-0.49658600
-0.47691300
1.64846000
1.21579000
0.37038700
-0.27345400
-0.15243500
0.88911300
-0.30859200
-0.24869900
-0.02397890
0.44988600
-0.80229200
0.43839100
-0.10736100
-0.93370100
0.20590400
0.59311500
-0.54651000
0.05986520
-0.70684700
0.02970570
-0.48143200
-0.91941500
-0.45258200
-0.08452450
0.21389600
-0.57758100
-0.01960240
-0.34835000
1.23773000
-0.60643500
0.37178000
-0.01563140
-0.43896900
0.24173800
-0.06429990
0.81896000
-0.93493400
-0.58342900
-0.07518410
-0.77430100
-0.73292700
-0.04639650
0.20739100
-0.42786900
-0.61696600
0.55118400
-0.14702500
0.44275000
-0.36180700
0.24259800
-0.46669700
-0.27358600
-0.59149400
0.16792300
1.73334000
-0.05394300
-0.80279900
-0.46021700
-0.08687580
0.45051800
-0.61553800
-0.20699800
0.04327180
-0.54475800
-0.13601900
-0.37691200
-0.31298200
0.19441000
-0.04171370
-0.10083600
0.09270340
0.04651330
-0.07791560
-0.29850000
0.70922700
-0.72258900
-0.76021500
-0.68303200
-0.64897100
-0.91207000
-0.63227100
0.56744900
-0.24124400
-0.73003000
-0.59824800
-0.72268700
0.28580300
0.79203900
-0.38524200
0.17531200
-0.06688500
-0.73049000
-0.34878400
0.33528200
-0.05690470
-0.32539700
-0.53291400
-0.05717170
2.50529000
-1.10263000
-0.27455800
-0.09386670
-0.43770200
0.68676100
-0.17081400
-0.16743100
-0.08633090
0.52642200
0.87958900
0.42444200
0.06035400
0.04723740
-0.18248100
0.00320853
-0.09168710
0.19360100
-0.41194500
-0.49221600
-0.83272800
0.85383900
-0.25148400
-0.55191900
-0.09215020
0.03019020
-0.53528400
0.31487600
-0.18114400
-0.63093000
-0.78644500
-0.04110710
0.17713600
0.81546400
0.32060000
-0.19419600
0.41489800
-0.82986400
0.17297100
1.49876000
-0.78799000
-0.41802300
0.11389600
-0.46228000
-0.80747300
-0.39471200
-0.06820500
-0.31869600
-0.37980500
-0.03554540
-0.28438700
-0.07577990
0.42399000
0.25614800
-0.51319100
-0.02544840
-0.21893500
0.20858200
0.09533490
-0.30340300
0.09748630
-0.22109900
-1.21139000
-0.20289800
-0.17706600
0.61949200
-0.05054500
0.20341200
-0.73774000
-0.63393500
-0.36883000
-0.63018300
-0.46181100
-0.90106000
-0.27249600
-0.15430000
-1.35790000
0.52854700
0.12751800
-0.49016000
-0.77245900
-0.26606600
-0.24968900
-0.77752300
-0.00921895
-0.04162800
-0.72588600
-0.35990200
1.04575000
-1.02237000
1.40563000
0.11734200
0.36129600
0.17779200
1.24722000
-0.26193200
-0.83848600
-0.22152500
-0.56483900
0.60131800
-0.22638800
2.12225000
0.86451300
1.02563000
2.59759000
0.30116100
1.57570000
-0.13162000
0.49500100
-1.00943000
0.31064800
0.21248200
-0.21611500
-0.59543400
-0.04236840
0.46080100
0.70844200
0.84007000
-0.31791300
0.12073900
0.16792000
-0.15879200
-0.30001900
0.24434600
1.75823000
0.79682900
0.90394700
0.44094500
1.26104000
0.61485300
0.26945100
-0.70539600
-0.05923700
0.08860310
0.60763500
0.23572300
-0.66507000
0.20048700
-0.48334100
-0.73972300
-0.04119080
0.16752400
-0.37652100
0.04369610
0.03154930
0.53293600
0.06008500
-0.22230300
-0.74500300
-0.00892615
0.40979300
-0.50123600
0.16130700
-0.66587400
1.45975000
-0.35081600
-0.11131700
-0.16682100
-0.48597500
-0.52448700
-0.33795300
-0.12870700
-0.23007600
0.13048700
-0.27700700
-0.13721500
-0.54647600
-0.61665700
0.31961500
-0.08213860
0.54044600
-0.19605100
-0.41217600
-1.13168000
-0.09103910
-0.65906900
-0.47442000
0.35936400
-1.04383000
-0.39690200
0.19411600
1.76143000
-0.21294700
-0.45614600
-0.68692000
1.10732000
0.12197900
0.13496700
0.22209500
0.19491800
-0.17601800
0.24856400
-0.35240000
0.08112080
0.48002600
0.25476700
0.83201000
-0.91354500
-0.80069300
-0.17765900
0.19125500
-0.46782900
-0.88564300
-0.29169000
0.07446620
-0.70362000
1.07507000
-0.13475600
0.26408200
-0.98899100
-0.32947300
0.16430200
0.58584500
0.03437480
-0.67803700
1.25540000
0.63606800
1.12805000
0.06177540
0.27077000
0.05633100
-0.76083600
-0.55137700
0.11963100
-0.36099100
0.20679000
0.15431300
2.59885000
1.07745000
0.16284200
-0.15863500
0.04390820
-0.46297000
-0.48529300
-0.73928000
-0.47345400
-0.02656060
0.10982100
-0.65788300
-0.33007700
-0.14639000
0.11961300
0.97682800
0.38824700
-0.88128500
-0.79772400
0.55501100
-0.31239900
0.04012930
-0.17340500
-0.47243100
-0.53607000
-0.66721000
0.08948090
-0.59378300
-0.29408900
0.13677400
0.47022300
-0.29665700
-0.50223400
-0.12584200
-1.05050000
-0.01217990
-0.14774700
-0.86200100
-0.52238200
0.16474500
0.15000700
-0.29537600
-0.28444000
0.84025500
0.51341100
-0.25195100
-0.91558400
0.12013800
-0.10429700
-0.08634990
-0.29899200
0.46805600
-0.62039000
-0.50435500
-0.02160040
0.01818540
-0.10417900
-0.77778600
-0.84933300
0.44414600
0.13914900
-0.90145200
-0.18149800
-0.67877300
-0.36130900
-0.80113500
-0.86902500
-0.20300900
-0.73230800
-0.19453800
0.22159700
0.09915930
-0.61888900
0.42796300
-0.26004600
-0.05521380
0.11332000
0.66252800
-0.95277000
-0.43045200
-0.22230600
-1.09455000
0.31361200
0.11410200
-0.46082300
-0.56920600
-0.06486700
0.10949100
-0.43466000
-0.11469200
0.61974300
-0.24588800
1.03872000
0.31286900
-0.30006000
-0.02224630
0.79093900
0.05199420
-0.71702800
0.93510300
-0.39788400
-0.52904700
0.00828605
-0.41663100
-0.07967350
-0.25116300
0.14588700
-0.38303100
-0.06614680
-0.68812900
-0.16581700
-0.35849600
-0.09508150
0.10918300
-0.69117100
-0.57563600
-0.16973000
-0.23781300
-0.35304200
-0.27471000
-0.12334500
-0.33929900
0.12054500
-0.04255250
-0.01694900
-0.74268100
0.17894700
-0.07736510
-0.43706400
1.34367000
-0.06170250
-0.03599930
0.33537300
-0.28727200
0.32512100
-0.83836900
-0.59968900
-0.12128200
-0.53847300
0.11540900
1.66738000
0.19555600
0.06419930
-0.29191800
0.04306050
-1.04425000
0.10702800
-0.10921300
-0.08096620
-0.59004100
0.00345811
-0.34986200
0.02130930
0.21258700
-0.10798200
0.26461500
0.74555600
-0.10270700
-0.46565200
-0.69955500
-0.70574000
-0.43564100
-0.19756300
-0.77616600
0.16909800
-0.78778200
1.03861000
0.10874300
-0.41701800
-0.22391500
-0.47161700
0.00136346
-0.23824600
0.69112600
-0.24208200
-1.27477000
0.08117300
0.42422100
-0.51548400
-0.32295500
0.06510560
-0.08819780
-0.13366700
-0.35750300
-0.37694400
-0.31521600
0.02464290
-0.38659200
-0.68188600
0.15450200
0.22773600
-0.02315070
0.62674600
-0.51824500
-0.02222700
0.43763100
-0.51189600
-0.67205200
0.00242577
-0.06946670
-0.15019500
0.18497600
-0.29502600
-0.06029510
0.22669800
-0.22127700
-0.61566200
0.08590470
-0.53848700
-0.06418450
-0.98405600
-0.08959370
-0.83824700
-0.10372700
-0.29389100
0.72843500
-0.32937800
-0.22753300
-0.44753600
1.57879000
-0.27871700
-0.27610200
0.92510400
1.65101000
0.35702300
0.31831900
0.60084000
0.26450500
-1.17878000
0.52455600
-0.00430508
-0.12113200
-0.46706300
0.20497200
0.12075400
-0.22474700
-0.01742060
-0.24482700
0.17023200
-0.98181700
0.33498100
-0.01737460
0.30868700
-0.01741010
0.21353700
-0.28333500
-0.27024200
-0.02556510
-0.06547120
0.07975310
0.24607400
0.26375600
1.56983000
-0.17529900
0.33783100
-0.34802200
0.25193400
-0.39854500
0.69371300
0.73758500
0.27372100
-0.04992500
1.55456000
-0.80204100
0.63462400
0.09736840
0.03946440
0.41444300
1.02370000
-0.42952300
-0.01787770
-0.14067700
-0.37742700
-0.30468300
-0.56849600
-0.69598200
-0.17981100
0.01418630
-0.58144100
-0.78576700
0.46757700
-0.24671700
-0.17358100
0.31032300
0.15061300
0.68615900
-0.78804400
-0.55584500
-0.12099100
0.24935300
-0.73350000
-0.33174600
-0.28864000
-0.52647700
-0.52525300
-0.20886800
0.53636100
-0.68770600
0.33156200
0.71049000
-0.69538600
-0.97009600
-0.32529600
-0.31212600
0.22410100
-0.07735930
0.44252300
-0.87488100
-0.42051800
-0.28045300
0.01065430
0.24573100
0.39061200
0.44090300
-0.56120800
-0.90272500
0.31707500
0.29531300
-0.09985460
-0.31111100
-1.05270000
-0.26183400
-0.45330600
0.12714400
-0.54709800
-0.45930000
2.96187000
-0.44733800
0.44652300
0.01150560
-0.74914700
0.05487620
-0.14937300
0.42990200
0.11498400
0.28061700
-0.08327390
0.29808900
-0.32691500
-0.72530600
-0.43167400
-0.38012200
-0.17851200
0.22907700
-0.76168100
1.27435000
-0.43977500
-0.59573700
-0.51214600
-0.53830400
1.86081000
0.39567900
-0.43493600
0.61698200
0.04853180
0.24080000
-0.75778000
0.43890800
-0.32282000
-1.23300000
0.86345100
0.15323800
0.10744300
-0.11301200
-0.88895700
-0.84446300
0.46341800
-0.70999600
-0.06189900
-0.02153980
-0.28529400
-0.64147600
-0.31773700
0.13205200
-0.42888000
-0.13279600
-0.35955000
-0.47462100
-0.34862900
-0.33765300
0.28647700
0.36927400
0.46105000
-0.48871200
0.23131500
0.34319900
0.64819500
-0.39270200
-0.29602700
0.12528800
0.22047800
0.12627400
0.57383900
0.32429100
0.54481500
-0.34493800
0.34536400
-0.25623900
2.97753000
-0.38594700
-0.56447500
-0.47773200
-1.13056000
0.48067400
0.41394100
0.85332300
-0.91821500
0.38397600
-0.50050300
0.17900900
-0.65454600
-0.25878600
-0.45475200
-0.33261800
0.88473700
0.12605000
0.34800300
-0.20571200
1.05427000
-0.11973400
-1.22096000
-0.69347500
0.14553900
0.13677400
1.55869000
0.04823320
-0.27579400
-0.29974100
-0.73576500
0.14203800
-0.02520780
0.36860700
-0.21796900
-0.62684400
-0.52662500
-0.34837500
-1.04478000
-0.12492400
0.11735700
0.08402220
-0.46245300
0.59624200
-0.98596500
-0.54031200
0.10642400
0.34358500
-0.68820900
-0.19733100
-0.37469000
0.54404400
0.92342200
0.46431000
-0.78337200
0.10081400
-0.04594220
-0.46414900
0.34005700
1.12353000
0.31495300
-0.08601650
1.02662000
0.58832000
0.56969600
-0.33658900
0.26370700
0.17381500
-0.39751700
-0.66110400
-0.74007600
-0.24924200
-0.98877800
-0.09032290
0.99631900
-0.15419300
0.23619300
0.06419930
-0.13727000
0.31009300
-0.26485300
-0.02717560
-0.33203500
0.11336300
-0.24688700
0.44893200
0.27392000
-0.39245700
-0.28374800
0.56556000
-0.47494000
-0.08246830
0.72675600
0.22141100
0.19290300
-0.59998000
-0.58279800
1.71883000
-0.23771500
1.17827000
1.40369000
0.78738200
0.71985500
1.09413000
1.12897000
0.36768500
-0.27838700
-0.56299100
-0.30388500
0.15015100
-0.09394940
-0.02697370
-0.08535960
-0.43038300
-0.92387000
-0.99162100
-0.06015260
-0.54845200
0.15015100
-0.37863600
-0.06903250
-0.75501300
-0.18540700
1.60121000
0.05306980
-0.56675000
-0.68161800
-0.46809600
-0.10697300
-0.18008700
0.06474970
-0.41424800
-0.02054600
-0.06948480
-0.38131800
-0.51380900
-0.27831500
0.17179400
-0.12009800
-0.72331200
0.27595200
-0.29525800
-0.38761400
0.05136270
0.11819500
1.88886000
-0.31053900
0.15435400
-0.14209900
0.35709500
1.74863000
-0.35946900
-0.35944000
-0.32771300
-0.27611000
0.04703370
-0.26307600
-0.09467930
0.64616800
0.10762300
-0.59168800
0.04224670
-0.37723900
-0.05268500
-0.61635500
-0.24212900
-0.46308200
0.74926700
-0.29160900
0.97022500
-0.56265900
-0.28752000
-0.21750400
0.34412900
-0.10793700
-0.18372300
-0.05441820
0.35280900
-0.28852700
-0.16860100
0.15711400
-0.74469000
0.46704600
0.12210400
0.12210400
0.05062680
-0.71983900
-0.15705700
0.31772000
0.04207790
-0.20616500
0.58549400
-0.42939900
-0.06825360
-1.09894000
-0.12995100
-0.24608400
-0.05931320
-0.39600900
-0.22732200
-0.61077200
0.44869800
-0.12473900
-0.47784300
0.19276600
-0.32214700
-0.18039200
-0.16141300
-0.19192500
2.25252000
0.26399700
-0.08386670
0.88499700
1.14097000
-0.28119700
-0.37823700
1.20420000
0.18229800
0.18863600
0.14261000
-0.51895900
0.09419980
-0.56895900
-1.17214000
0.49172800
-0.90205500
0.13430000
-0.91521300
-0.52996700
1.41753000
-0.14106800
-0.43768300
-0.07989140
1.59674000
-1.12671000
-0.60055300
-0.29592700
0.54638300
0.81976700
0.19901800
1.57964000
0.50599900
-0.24167300
-0.57261700
-0.06192900
0.13752200
-0.19950100
0.45527200
-0.70575200
-0.55849700
-1.02525000
0.01023170
0.22803600
-0.68753200
-0.33610200
-0.82702300
-0.72331200
-0.02271840
0.21357900
0.09970290
0.21390600
-0.36409800
-0.66744400
-0.24234900
-0.37220500
0.30753700
-0.02914080
-0.12146400
-0.00905987
-1.08923000
-0.63839600
0.22542400
-0.30080400
-0.82863100
0.82976700
0.01089240
-0.26360700
-0.13421300
-0.29803400
-0.39169300
-0.02334700
-0.07648400
-0.63615000
0.15714700
-0.58412800
-0.58412800
0.08563700
0.17905000
0.72525400
0.28963500
-0.23865500
-0.00506845
-0.92147900
0.16083200
0.09369630
-0.07779300
-0.21559100
0.01878270
-0.39270300
-0.20598600
-0.04472060
-0.47703100
-0.43941900
-0.04305430
0.68187800
-0.42322500
0.76342200
0.74505400
-0.03178600
0.84222500
1.92737000
0.21369200
0.00667138
-0.26066800
-1.06877000
-0.74802500
-1.10712000
0.39774700
0.13299600
-0.45036100
-0.47702700
-0.62988100
-0.47383600
1.41255000
0.13795700
-0.70038300
0.29339200
2.55952000
-1.29542000
0.56964500
-0.81042100
0.10357000
-0.19954000
-0.97980200
-0.02612010
-0.10757800
-0.45469000
-0.07052710
0.07377380
-0.56587700
-0.01918830
0.19503300
-0.60009200
0.69747300
-0.63496200
0.28515200
-0.24392000
-0.07798100
0.03205670
0.85459400
-0.07510820
0.28787800
0.50823700
0.70773600
-0.74399100
0.21943800
1.08025000
0.91770100
0.21115800
-0.28859400
0.34704600
-0.76814400
0.48146200
-0.41315100
0.07921410
-0.18507900
0.18264400
0.38578900
0.02299860
-0.38296300
0.16901000
-0.20982000
-0.11495300
-0.35648900
-0.31727300
0.04506110
0.31291600
-0.53639400
0.10141500
-0.17090300
-0.38833200
-0.87549500
0.27317200
-0.73400400
0.20751600
-0.36172800
-0.55974900
-0.24958400
-0.30001300
-0.33558400
-0.38397100
-0.10837800
0.23145900
1.65611000
-0.12718500
1.41949000
0.04990080
0.37224000
-0.99529700
-0.22047100
-0.66515400
0.55843600
0.15996800
-0.01725050
-0.24244300
0.90701100
0.31816400
0.50096600
1.11526000
0.17511700
-0.40377300
-0.48709100
-0.24090300
-0.51585800
-0.33089600
0.34633500
-0.55505300
-0.25231600
0.17713900
0.44315200
-0.56509100
-0.03299750
-1.06239000
0.43790700
-0.16746300
-0.67302000
-0.55085000
-0.27718400
-0.28069400
0.26695400
0.42435800
1.52535000
-0.91533600
-0.66886700
-1.03577000
-0.62597600
-0.50168900
-0.30991100
-0.85765300
0.00985701
0.26099500
-0.39962100
-0.78299000
-0.30347000
0.39473000
-0.08337500
-0.42495000
0.04281330
-0.21265200
-0.71021900
0.06770330
0.42064400
0.34804400
0.40263800
-0.54086700
0.07751070
0.23020800
-0.57250700
-0.41353200
-0.01521120
-0.18526200
-0.24706700
0.22460700
-0.33617500
0.56421800
-0.05943290
-0.59545200
0.78960600
-0.25071400
-0.38891100
0.47172600
-0.17387700
0.26260100
0.03138380
0.02883680
-0.09190840
-0.04693960
-0.65161700
0.05968410
0.32528000
-0.47577800
0.09842200
2.06460000
1.57521000
0.77512200
0.39738400
0.17864300
0.01369810
-0.20934100
-0.27640300
0.18819700
-0.70455300
-0.13486600
-0.69789400
-0.12050200
-0.23840400
0.06777830
-0.56859100
-0.86483500
-0.54233300
0.03744640
-0.75098800
0.16398900
0.33497500
-0.42738900
-0.67044500
-0.88826000
-0.56451500
-0.45510300
-0.27332000
-0.68127500
-0.51378100
0.16627800
0.27234500
0.06116280
0.05288840
0.13791100
0.21955200
0.00727201
-0.55959200
-0.27453100
-0.45260700
0.06337740
-0.80857700
0.05612740
0.33607100
0.27710400
-0.23761600
0.15618800
0.12915700
0.02536080
0.22904300
-0.39232400
-1.15260000
-1.07394000
-0.34506900
0.43974000
-0.12663700
1.37087000
0.58639300
-0.34665700
-0.31504400
0.07212940
-0.48312600
-0.24542000
0.45825100
-0.44694800
0.01213530
-0.57474900
0.12152300
-0.97190300
0.02368990
0.25728300
-0.57390500
-0.07946810
-0.23162700
-0.14504000
0.06338370
-0.70424500
-0.20221500
-0.13543500
-0.10317800
0.46662600
-0.53830300
-0.43592600
-0.94721300
1.01341000
-0.45401100
0.22987500
0.31219400
-0.12896500
-0.57364100
-0.20974700
0.03816630
0.36438300
0.01827190
-0.76131900
-0.63032000
0.70713500
-0.60523300
0.10732900
0.11397500
-0.36747500
-0.23392800
-1.02973000
0.22951800
0.21022300
0.07219860
-0.51292400
0.83941800
0.01966860
-0.21206100
-0.63512100
0.72665100
1.16714000
-0.05018190
-1.16022000
0.51183800
0.83731600
-0.20706000
0.31718700
-0.96307600
0.43864100
-0.00045537
-0.36246900
-0.16680600
0.47448600
-0.43681100
1.33762000
-0.55373300
-0.13212400
1.17971000
0.47324900
-0.10064000
-0.48745100
-0.29057800
0.20050400
-0.87624500
-0.23226000
-0.61384400
0.01330830
-0.11502100
-0.79371800
-0.12113200
0.09125130
0.50595200
-0.03168460
-0.76745500
-0.93716200
-0.70344000
-0.84246100
0.46485100
0.15168800
0.12575900
-0.07248020
0.61942700
-0.61852600
-0.23586900
-0.05271750
0.30300100
-0.18461800
-0.61270600
-0.51721400
0.43897500
-0.33207500
-0.48447000
-0.04698160
-0.43139800
-0.00368322
-0.22833300
-0.15734800
-0.53924400
-0.43391100
-0.54098700
-0.33169200
-0.33316600
0.20563900
-0.49831300
0.45557500
-0.75960300
2.43013000
-0.29086000
0.23662300
-0.21121700
0.00275169
-0.31674000
1.14094000
0.54312300
0.39037800
0.82767000
-0.64622900
-0.49028300
-0.59909500
-0.28969300
0.58840300
1.10956000
-0.12314000
-1.26018000
-0.11661700
0.67341000
-0.67958100
0.09116710
1.73380000
-0.47151500
-0.49311400
1.15581000
0.42631700
0.85810800
1.49281000
1.10190000
1.07522000
0.95505400
-0.72067400
-0.74673500
-1.58292000
1.51124000
1.93145000
0.64524000
0.83973200
0.60894200
1.35043000
1.31083000
0.60053000
0.06275670
-0.03844370
-0.57677300
-1.15434000
-0.15715600
-0.22894600
-0.01403440
-0.12678800
-0.35600700
-0.73920100
-0.20816800
-0.00740941
0.33752800
0.10531900
0.78091700
1.04137000
0.10525600
0.53736700
0.15809900
0.22941600
1.02989000
1.12679000
1.40065000
1.55443000
-0.59834200
-0.41344400
-0.05951850
-0.03150290
0.38213000
0.29764100
-0.22697700
-0.20391800
0.54853500
0.08283390
0.79775300
-1.36266000
-0.78508700
-0.25844900
-0.05863840
0.10390200
0.21684200
-0.32933800
-0.35108100
0.48747300
0.18737900
-0.29417500
-0.16896000
-0.59043000
0.24237700
-0.03997000
0.36740000
-0.22901900
0.97405700
-0.62309100
1.05314000
0.70939200
0.35904500
0.11869500
-0.32491500
0.39776500
1.98618000
1.69750000
0.31496900
0.39750300
-0.43768900
0.01743570
-0.24437600
-1.11577000
-0.12238700
-0.95289100
0.22564000
-0.44981200
-0.31710800
-0.97847900
-0.00132522
0.03721140
0.21227800
-0.36171900
-0.22420400
-0.19869800
-0.32148100
-0.48264100
1.42839000
0.32812300
-0.05718940
-0.06441490
-0.51927500
-0.43324900
-0.02297490
-0.66673900
-0.29779700
-0.38961400
0.06084130
-0.52010600
-0.00904141
-0.12569600
-0.32718100
-0.26146400
-0.97098200
-0.56542200
0.02194990
-0.50414900
-0.74186200
0.53571900
-0.65937200
-0.25800400
-0.95297300
0.34190700
-0.08944960
0.51761200
0.22252900
-0.21211500
-0.80309000
-0.16496900
-0.36584500
-0.32602000
-0.58423200
0.44420600
0.03494100
-0.05362320
-0.31517600
-0.00533987
-0.68755200
0.16021200
-0.32931300
-1.06609000
-0.32168100
-1.40986000
0.17917200
-0.41789000
-0.19812800
0.29045200
0.09731230
-0.16221300
3.01682000
0.61600400
-0.66920200
0.03269750
1.04709000
0.01378710
-0.33749400
-0.25309300
0.53357100
0.36263000
0.15788000
0.85528700
0.33039000
0.01095540
0.27999000
-0.34697800
1.24425000
-0.45432700
-0.26899500
0.25639600
-0.23395300
-0.54852100
0.17071700
-0.12288400
-0.30832300
-0.20993600
-0.24357600
0.03551360
0.13239200
-0.46283500
-0.41509100
-0.35425100
-0.17652300
-0.20021900
-0.48274100
0.24464800
-0.63605800
-0.86110200
-0.46995500
-0.61637700
0.24547900
-0.11435100
-0.43102700
-0.12522900
1.01835000
-0.24148900
0.27955900
-0.27609600
-0.50396900
-0.00448423
