-0.58983000
0.87997300
1.02223000
1.65545000
-0.13942500
-0.75315600
0.54348700
-0.89602200
-0.84542400
0.81351300
-0.07046560
4.94013000
-0.59927300
0.05368830
-0.06300870
0.88034200
0.87731400
0.06482430
5.24317000
1.05800000
1.80320000
-0.12902900
0.08367350
1.90235000
0.88527600
5.58380000
-0.00854787
1.82283000
0.60186600
5.35953000
0.37043400
5.19451000
5.47103000
5.45972000
0.38248000
0.54562600
5.45798000
5.46425000
5.42230000
5.17827000
1.64825000
0.10526600
0.94107000
1.21973000
0.44560100
0.30976300
5.71896000
0.91835500
-0.20473700
-0.10480300
-0.77992800
-0.51284500
-0.38542700
-0.49598800
-0.19062900
-0.44775000
-0.33528500
-0.10493700
-0.18646800
0.36014600
-0.12286200
-0.27174000
-0.86334900
-0.38953200
-0.89350300
0.30952400
-0.57872600
-0.28934600
-0.11094500
-0.16347700
-0.27278800
-0.34473300
-0.24961500
-0.01893750
-0.97745400
-0.61423900
-0.78545400
-0.52171700
-0.50589900
-0.23375800
-0.04676110
-0.57565400
-0.08757960
0.26074200
-0.36271600
-0.19136100
-0.26015700
-0.35303000
-0.62486100
-0.04563440
-0.53108300
-0.36635200
-0.43811800
-0.35353700
-0.55046400
-0.28525500
-0.27654500
-0.05184750
-0.66679100
-0.44114700
-0.01132910
0.08237950
-0.20343300
-0.44588100
-0.30636100
-0.99459200
1.01260000
-0.15909200
-0.95895900
0.32698000
-0.58335200
0.51167100
-0.22797100
-0.81270300
-0.84208200
-0.19686000
-0.46038000
-0.33251000
-0.37393300
-0.29618400
-0.39809000
-0.56088100
-0.42592500
-0.46647700
-0.95259900
-0.78699500
-0.55844200
-0.40999300
-0.21914700
-0.47876100
-0.46028100
-0.16837400
-1.05359000
-0.47397700
-0.03277460
-0.25788600
-0.23023900
-0.00941101
-0.46287200
-0.14954600
-0.12462400
0.41094300
-0.83336400
-0.09555490
-0.50713400
0.00257338
0.57173600
0.67031000
0.03376810
-0.29026300
0.10897800
-0.26287200
-0.18872600
-0.34967500
0.03675470
-0.37232000
-0.23381300
-0.34584200
-0.57881400
-0.32426200
-0.32805100
-0.25885500
-0.28367200
-1.08722000
-1.49369000
-0.33400700
-0.36769200
-0.70159400
-1.20244000
-0.37631000
0.39802700
-0.77430800
-0.08966710
-0.49464500
-0.24896800
-0.24507300
-0.30002800
-0.07474700
-0.51716600
-0.24347800
-0.72227000
-0.57695100
-0.78032200
-0.88744300
-0.51229700
0.15134100
0.68818500
-0.50359500
-0.21785200
-0.47087500
-0.34497300
-0.22172700
-0.40607200
-0.12882300
-0.25179100
-0.63617300
-0.19904700
-0.11100400
-0.20360200
-0.50723100
-0.62019800
-0.27607200
-0.30403300
-0.71196600
-0.67664000
-0.54658400
-0.10463300
-0.56399600
-0.66508700
-0.62822600
-0.65248100
0.00996223
-0.62306400
-0.67236500
-0.53743000
0.05376820
-0.73363800
-0.59733500
-0.56653000
0.47389700
-0.13375700
-0.34024000
-0.16483000
-0.33322900
-0.45018300
-0.27534200
-0.64946600
-0.24845700
-1.07772000
-0.54448700
-0.08520260
-0.18011100
-0.00166396
-1.10641000
-0.37487100
-0.80633500
-0.28178800
-0.59639800
-0.36867800
-0.16838800
-0.43441000
-0.19144700
-0.07966070
-0.17349600
-0.23993600
-0.25297600
-0.40643100
0.17191700
0.17925400
-0.40530300
-0.38434800
-0.35746100
-0.31188900
-0.39892300
-0.44672800
-0.58081300
-0.76665100
-0.39166800
-0.14672300
1.19372000
0.36517300
0.26826300
-0.22654000
-0.67853900
-0.70262000
-0.12708000
-0.80085000
0.98675300
-0.74064200
-0.43359000
-0.27028500
0.15875800
0.71126500
-0.02759190
-0.65734500
-0.17822100
-0.43646100
-1.02771000
0.08076560
-0.37130800
-0.07538460
-0.76471500
-0.25097200
-0.34652900
-0.45283100
0.32303900
0.59902400
-0.18474900
-0.44414500
-0.21623700
-0.60564900
-0.43657200
-0.17282900
-0.27876000
-0.24237400
-0.53438300
-0.37803200
-0.15599700
-0.31572600
-0.52235100
0.13285800
-0.00896872
0.83380900
-0.17803100
-0.09922450
-0.28476600
-0.77012100
-0.44479700
-0.29703900
-0.92733100
-0.85049900
-0.08108810
-0.63298900
0.35996800
-0.17780300
0.55876600
-0.03030130
-0.59418500
-0.55429900
-0.64506900
-0.72798700
-0.55622600
0.04150300
-0.25513300
-0.23346900
-0.18040700
-0.64513700
-0.32572800
-0.13527500
-0.52463500
-0.15269000
-0.46761400
-0.08725540
0.09160210
0.02499700
-0.05485700
0.03577940
-0.08838810
-0.78417500
0.06434420
-0.18571500
-0.32672900
-0.95740300
-0.19373300
-0.43226300
0.06026460
-0.61314500
-0.39977400
0.18799300
-0.44712000
0.82342400
-0.28068300
-0.12000200
-0.47161000
-0.93693600
-0.45403800
-0.57926100
-0.68346800
-0.57964700
-0.18545900
-0.13338500
-0.00791143
-0.26718700
-0.19713900
-0.19425000
-0.06851530
-0.60687900
-0.42429000
-0.39128300
-0.23479600
0.01890380
-0.43716000
-0.30620100
-0.55681900
-0.31814900
-0.44793300
0.40731900
-0.25233300
-0.28305400
-0.43593300
-0.05176200
-0.33427300
-0.46318500
-0.43454600
0.67838900
-0.79347900
-0.01711690
-0.42184200
-0.77495000
-0.01513590
0.17416400
-0.21638600
-0.89197400
-0.34120600
-0.60675900
-0.32700200
-0.21309100
-0.43885100
0.51206300
-0.50869400
0.65719400
0.13094200
-0.55689100
-0.02299790
-0.20728800
-0.37052300
-0.48737600
-0.53808800
0.74695600
-0.56065400
-0.57317200
0.09170730
-0.42367400
-0.56638000
-0.39623100
-0.45408100
-0.80013700
-0.54274600
-0.72170900
0.16421700
-0.46817200
-0.33339700
-0.66804500
-1.07184000
-0.63111700
-0.10251600
-0.36828400
-0.13971200
-0.31066900
-0.60807900
-0.46156000
-0.18873500
-0.05347410
-0.12881300
-0.89012300
-0.22544000
-1.13031000
-0.80060700
-0.84009500
-0.21853100
-0.75604600
-0.82839700
-0.67438400
-0.00735496
-0.73553500
-1.29264000
0.20365000
-0.57519000
-0.61881800
-0.40917300
-0.10069900
-0.27322900
-0.49107800
-0.97287300
0.54720300
-0.83221000
-0.28231500
-0.66133900
1.18433000
-0.31029700
-0.54689800
-0.28216900
-1.05338000
0.46267200
-0.54760600
-0.21590300
-0.57608400
-0.49768400
1.56602000
0.23925700
-1.06208000
-0.67911900
-0.54210100
-0.35177100
-0.18856700
-0.14618700
0.10550800
-0.89015800
-0.30662100
-0.26838800
-0.29652900
-0.69985900
-0.95774700
-0.96697100
0.06124600
-0.01142430
-0.42698400
-0.12438100
0.67896200
-0.03479110
-0.58113900
-0.23226600
-0.71200100
-0.36515700
-0.47809000
-0.03733040
-0.06923880
0.19023300
-0.31293400
-0.29979100
-0.88483100
-0.71518300
-0.40751900
-0.53860200
-0.15377300
-0.42891400
-0.30668200
-0.67708300
-0.19078900
-0.53327900
-0.56688000
-0.85735500
-0.04420030
0.23447600
0.05459180
-0.61334500
-0.16461200
-0.34584900
-0.22354900
-0.52627900
-0.68378500
-1.37337000
-0.05278830
-0.41022100
-0.64706900
-0.38726900
-0.69463000
-0.20011400
-0.32643200
-0.24180800
-0.01967660
-0.23516800
-0.43352800
0.35503200
-0.83084300
-0.35143200
0.13541000
-0.99326900
-0.32655000
0.49305600
-0.82008500
-0.88810600
-0.43980000
-1.12421000
-0.37789500
-0.49213600
0.00634736
-1.02261000
-0.25619100
-0.52473300
-1.10744000
-0.35848100
0.32687800
-0.58472800
-0.56259700
0.67573000
-0.91189300
0.16639100
-0.32873400
-0.42412400
-0.31386100
-0.35258700
0.02162570
-0.20771200
-1.29433000
-0.32458900
-0.50583400
-0.52414000
-1.28050000
-0.32765700
-0.40850300
-0.09336600
0.14060700
-0.93128600
-0.73736200
-0.44826600
-0.24960300
-0.32095200
0.13321600
0.10469000
0.30678200
-0.87324700
-0.35739300
-0.16076000
-0.76322200
-0.08273130
-0.24337100
-0.46829300
-0.51916800
-0.78528900
-0.56976200
-0.42882000
-0.11221600
-0.40027200
-0.51151300
-0.52244000
-0.05729370
-0.42872600
-0.09408250
-0.08620980
-0.57952200
-0.23697300
0.11080200
-0.22552900
-0.64776500
-0.48304900
-0.46977700
-0.57056100
-0.44873700
-0.60505000
-0.19262400
-0.54565800
-0.64545700
-0.18898700
-0.41778700
-1.04558000
-0.14511900
0.25925400
-0.83468900
-0.69467800
-0.64918200
-0.07297190
-0.32378600
0.07450270
0.37657800
-0.62842700
-0.90176200
-0.62847000
1.13790000
-0.73202000
0.15253800
-0.08858280
-0.63317100
-0.51328700
-0.56039100
-0.18644700
-0.21533900
-0.36659500
-0.69481600
-0.76971800
-1.22435000
0.20275600
0.44435000
-1.16384000
-0.05208140
-0.11483400
0.31811300
-0.71111800
-0.74503000
-0.26683100
-0.47399800
-0.00428327
-0.68825800
-0.16621200
-0.35069900
-1.09614000
-0.19304600
-0.19469500
-0.44619700
0.12786200
-0.09539150
-0.68821300
-0.43770600
1.37406000
0.21749200
-0.16000600
-0.42831600
-1.07107000
-0.62257900
-0.32058900
0.18585000
-0.10359100
-1.29720000
-0.69622300
-0.17357100
-1.12533000
-0.88441700
-0.41296300
-0.03077740
-0.15096000
-0.42737200
0.12737800
-0.78007500
-0.53855200
0.00420091
-0.03794120
-0.67896500
-0.18364500
-0.61140200
-0.16445500
-0.47140200
-0.96231900
-0.21728900
-0.54444000
-0.35693600
-0.58269700
-0.66285200
-0.39636400
-0.22924200
-0.30359400
-0.34205100
-0.34383400
-0.14979500
-0.12802400
-0.43527400
-0.55163700
-0.51793600
-0.84720400
0.01345960
-0.43572300
-0.29989800
-0.52701600
-0.30210600
0.22582700
-0.50515500
-0.32278500
-0.62758300
-0.11844700
-0.90544400
-0.17145100
-0.53008400
-0.38373400
-0.82392800
0.01144430
-0.14834200
-0.52017100
0.08227570
-0.49263000
0.27854000
-0.40691200
-0.26521800
0.24813900
-0.39533200
-0.80646400
-0.52059300
-0.38971200
-0.21560300
-0.63238100
-0.18245900
0.03629530
-0.26825800
-0.61842100
-0.30408400
-0.06992140
-0.20792600
-0.14919500
0.00590701
-0.20347100
-0.34462100
-0.22899400
-0.41964100
-0.16571800
0.33767400
-0.29182200
-0.22600500
-0.61341000
0.65471200
-0.99744300
-0.63820800
-0.78957000
-0.67974800
-0.27358400
-0.52372200
-1.08623000
-0.52117400
-0.41647500
-0.27453000
-0.13346200
-0.06235210
0.24486100
-0.36739000
-0.48431900
-0.26927700
-0.43701200
-0.14555000
-0.57871400
-0.99814300
-0.53404700
0.24806400
0.24545300
-0.05773560
-0.55069700
-0.12908000
-0.15369500
-0.52342300
-0.36589700
-0.12453700
-0.24069200
-0.30677400
-0.38809300
-0.28957000
-0.33288500
0.33544700
-0.39831800
-0.16517800
-0.19549100
-0.63227900
-0.61511900
-0.48864900
-0.49177600
-0.62404500
-0.17682500
-0.07048720
-0.36558000
-0.02169560
-0.30000400
0.18213300
-0.10256100
-0.29962400
-0.14927100
-0.13651500
-0.24803200
-0.11327600
-0.30927600
-0.27321400
-0.08569620
0.20870000
0.04436040
-0.90180700
-0.13386000
0.01702270
-0.14952300
-0.08450660
0.66491400
-0.45666400
0.12770000
-0.34863000
-0.98597400
-0.26515100
-0.55069700
-0.91634000
0.27080300
-0.32385800
-0.33844200
-0.74803800
-0.63433000
-0.92525300
-0.48758700
0.01143340
0.28812400
-0.67149700
-0.08635820
0.39340900
0.73803400
-0.65923000
-0.24023600
-1.00256000
0.29874300
-0.74146300
0.32726300
-0.27306900
-0.34683300
-0.21981300
-0.68587500
-0.15314000
-0.73771700
-0.09673250
-0.57804400
0.25901400
-0.10387900
-0.74452200
-0.29717200
-0.63367600
-0.39051300
-0.93854100
0.09920770
-0.47017100
-0.18642200
-0.41943100
-0.31475100
-0.36612500
-0.79401200
-0.92645800
-0.17563900
0.25697400
-0.28598500
-0.77544800
-0.25856800
-0.23027000
-0.35430300
-0.28074800
0.00437354
0.52646200
-0.08506690
-0.53403600
-0.54261500
0.67214400
-0.62832400
-0.35896100
0.88447300
-0.78513700
-0.42823000
-0.82162900
-0.34146100
-0.08892640
-0.34160100
-0.54518200
-0.51573600
-0.58730000
-0.49974700
-0.79680300
0.12916900
0.51295100
-0.48734800
-0.02646730
0.02467140
-0.45542000
-0.83024900
-0.48036900
-0.10402200
-1.08999000
0.12483500
-0.79704900
-0.47298800
-0.29978300
-0.19078500
-0.40069400
-0.15763400
-0.44458600
-0.34589700
-0.44587900
-0.15799800
-0.09708950
-1.65215000
0.86797200
0.31098500
0.10837200
-0.34975400
-0.51490900
-0.52337300
-0.81507700
-0.39684900
0.01066290
0.15805100
0.03738020
0.50541200
-0.20158300
0.09727140
-0.78931400
-0.53961800
-0.48420400
-0.00123669
-0.57739000
-1.06618000
0.18600600
-0.62557900
0.83626500
-0.42646100
-0.83925300
-0.18580900
0.51820500
-0.14856000
0.18063800
-0.28941000
-0.08923800
-0.40903300
-0.14666400
-0.37172200
-0.41841100
-0.25176400
-0.27523700
-0.48245800
0.02825130
-0.18141400
0.05993470
-0.35480500
0.76810100
0.14867800
-0.00355625
-0.32023700
-0.48734700
-0.19524600
0.16686200
-0.60427200
-0.37814700
-0.30110300
-0.45732500
-0.06560210
0.07955490
0.10340200
-0.64920400
-0.41698900
-0.22348500
-1.21607000
-0.44382700
-0.17568000
-0.25236500
-0.07758620
-0.41820600
-0.19245400
-0.60277000
-0.95323400
-0.31610300
0.27042600
-0.71559800
-0.42044300
0.02746080
-0.20992300
-0.36342200
0.10102900
0.00411429
0.12413800
-0.86429400
-0.02268180
-0.62660900
0.23063100
0.34643100
-1.08731000
-0.14747200
-0.42160400
-0.19488100
-0.55600600
-0.00864829
-0.21744400
-0.11610100
-0.46036900
0.35565200
-0.22721800
-0.16823000
-0.69515700
-0.49465800
-0.54546500
-1.02194000
-0.70194000
-0.46711700
-0.06891910
-0.47606500
-0.23392200
-0.32426800
-0.74829700
-0.72500400
-0.25595000
-0.45690500
-0.68750000
-0.24599100
-0.50459100
-0.02631650
0.59907900
-0.30473900
-0.09123860
-0.32345400
-0.25590000
-0.07810440
0.05830490
0.10675200
-0.30203200
-0.34697200
-0.39162300
0.09736920
-0.13243300
-0.13081000
-0.50545000
-0.61342000
-0.76174000
-0.66249300
-0.25776700
-0.89423900
0.22991600
-0.32360100
-0.02203460
-0.81552800
-0.28334300
-0.01454010
-0.49595800
-0.27707900
-0.18038700
-0.22993800
-0.14339300
-0.66335500
0.17678100
-0.34689900
0.01381360
-0.63303400
-0.15761600
-0.48591300
0.51820500
-0.38495300
0.40351600
-0.76792200
-0.51289200
-0.26380700
-0.26523700
-0.61296900
-0.36592400
-0.84801400
-0.07868630
-0.59586200
-0.21141700
-0.20791300
-0.25274300
-0.31442800
-0.45891600
-0.25050500
0.25126000
-0.72095300
-0.36154800
-0.83130900
-0.79743100
-0.69209600
-0.69259900
-0.21962100
-1.09903000
-0.69310500
-0.43873600
-0.39457900
0.33188700
-0.70206200
0.22086600
-0.63768100
-0.13602500
-0.48276700
-0.16818400
-0.71768200
0.03540190
-0.55015700
0.12973800
-0.49430700
-0.23610700
-0.00758961
-0.55980400
-0.49193900
-0.91381900
-0.26814100
0.63467300
-0.68508900
0.33646600
-0.18639400
1.02889000
-0.46333800
0.24686500
-0.14779000
-0.28720800
-0.01318990
-0.03760350
-0.24249900
-0.21751300
0.02757070
0.15706400
-0.59893600
-0.54013500
-0.49211700
-0.30175000
-0.10210300
-0.33348000
-0.61819200
0.32948600
-0.41672500
-0.26983600
-0.16252000
-0.71671500
0.16672200
-0.40745800
-0.10025000
-0.66581700
-0.15044400
-0.11074100
-0.43201200
-0.88776900
-0.51747200
-0.77624800
-0.53456700
0.20204800
-0.34187100
-0.21795500
0.15007800
0.27451600
-0.36708800
0.05352780
-0.01905140
-0.40122000
-0.66088400
-1.25490000
0.10639300
-0.46486500
-0.05390550
-0.61115700
-0.61478400
-0.42353800
0.09124040
-0.43101000
-0.72743500
-0.19178900
0.09095010
-0.65235200
-0.11222600
-0.81841300
-0.24435100
-0.81075400
-0.30309100
0.45002100
0.09101350
0.51504300
-0.05788250
0.05682620
0.02677690
-0.55440500
0.48439200
-0.65964300
-0.61717900
-0.27142900
0.18547400
-0.78997500
-0.22604400
-0.34455400
0.14371500
0.37836400
0.06005550
-0.04010420
-0.56971300
-0.72379800
-0.41334100
0.04615470
0.00781249
-0.33897600
-0.72380100
-0.37966900
-0.19730800
-0.86670700
0.04026060
-0.19011200
-0.25634500
-0.57490700
-0.52947800
-0.97272600
-0.79146600
0.66011400
0.49405600
0.39940800
-0.59229600
-0.44149900
-0.09267170
-0.18590600
-0.36405000
-0.28695300
-0.15189800
-0.47137100
-0.74004100
-0.29261400
-0.49810600
-0.44509000
-0.38177200
-0.60122400
-0.12256400
-0.78475600
0.01790250
-0.12460600
-0.11254000
0.08247920
-0.04712120
-0.23782300
-0.36301600
0.12437100
-0.09078220
-0.56608600
-0.43726600
-0.51218300
-0.39747200
-0.51793300
-0.13856900
-0.62135800
-0.68856000
-0.50794800
-0.40975000
-0.14560000
0.30454700
-0.19961200
-0.56605700
0.84397900
-0.98511100
-0.53772500
-0.61633500
-0.51017800
-0.75852500
-0.87745600
-0.44134600
-0.69259900
-0.15475800
-0.60456100
-0.45968000
-0.36794500
-0.57536300
-0.32088800
-0.21555100
-0.98607600
-0.41538200
0.54227400
-1.05979000
0.37635800
-1.05017000
-0.29378100
-0.42035800
-0.20893500
-0.98999500
-0.07879620
0.47597500
0.01424380
0.67636000
-0.29015400
0.03813410
0.40423300
1.25653000
1.10808000
-0.16915200
-0.12145700
-0.23068300
0.00500469
-0.43131600
0.45600400
-0.24220500
-1.04807000
0.06622760
0.35473100
-0.20091100
0.25749400
0.81239700
-0.49361900
0.10418500
-0.49592200
-0.34011700
-0.08290710
-0.11868900
0.51784900
-0.46537600
-0.27408600
-0.12165000
0.40304400
-0.18202100
-0.77653300
-0.87418600
-0.32361800
0.91256000
-0.38938900
-0.78320000
-0.82106000
-0.50354400
-0.40838800
-0.45958100
-0.14600600
0.12526700
0.23958000
-0.37091500
-0.26758000
0.10542500
-0.01582500
0.12713000
-0.25189300
-0.01978940
-0.28754700
-0.14908600
-0.87718800
-0.16889200
0.00561804
-0.88444900
-0.85427900
-0.37285900
-0.41499200
-0.29159700
0.22320100
-0.05592440
-0.58115600
-0.19914400
-0.32027800
0.16788200
-0.74877800
-0.51485100
-0.90856700
-0.25665600
-0.08717380
-0.59559600
0.38123200
-0.46521800
-0.63430700
-0.57428900
0.65889800
-0.71794600
-0.44020800
-0.58873600
-0.93503900
0.75694000
-0.06636730
-0.12041100
-0.93062000
-0.32134800
-0.57404100
0.27388600
-0.74716600
-0.12285600
0.10589500
-0.17701100
-0.68582300
-0.33164800
-0.69671900
-0.04649610
-0.15401000
-0.42576500
-0.63366000
-0.31409500
-0.66452900
-0.44127400
-0.34143900
-0.09630710
-0.45604500
-0.26421900
-0.03004840
-0.19324300
-0.55207300
-0.14722700
-0.65569300
-0.25649700
0.51574700
-0.57664500
-0.17822900
-0.49369000
-0.78515100
-0.59693000
-0.13204700
0.12223400
0.15116400
-0.02275100
-0.22224500
-0.25493100
-0.29214400
-0.20883400
-0.19963700
-0.26154500
-0.72150400
-0.19823900
-0.57918000
-0.41233100
-0.35803100
-0.47139000
-0.65179600
-0.63808300
-0.07323540
-0.88685200
-0.25153700
-0.32681800
0.24604200
0.03847080
0.17208700
-0.48536100
-0.40308500
-0.28805400
-0.42186800
0.08170410
-0.69341900
-0.28369100
-0.05899590
0.06925300
-0.65143000
0.60517700
-1.00515000
0.08837250
-0.63323900
-0.48554600
0.60129800
-0.52713900
-0.42507800
-0.06995680
-0.65754300
0.32167100
0.16822500
-0.36950900
-0.55664400
-0.40395500
0.06437280
-0.42924900
0.08773920
-0.32662400
-0.50300200
-1.41271000
-0.57864800
-0.00238815
-0.18299000
-0.24660000
-0.17757000
-0.29312300
-0.35194000
-0.04064610
-0.71258600
-1.21640000
-0.46145900
0.65801200
-0.46452500
-0.41845700
-0.54974600
-0.72756500
0.55237000
-0.19184500
-0.07250110
-0.20966100
-0.79668100
-0.62540100
-0.20574400
-0.45893000
0.04126250
-0.58691300
-0.11582200
-0.60311000
-0.85245800
-0.29271100
-1.07624000
-0.26764200
0.30333200
-0.53309800
-0.04604410
-0.13260000
-0.31039800
0.12235500
-0.88498600
-0.76404700
-0.65823900
-0.11241400
-0.00110386
-0.26411300
-0.00146480
-0.91034000
-0.33681000
-0.37695400
0.45536000
0.06376200
0.09184420
-0.40176600
-0.48127900
-0.44261000
0.10679600
-0.15980700
-0.07433960
-0.57177300
-0.24888600
-0.72305900
0.05533660
-0.29881600
0.33752400
-0.40408400
-0.55183200
-0.72986800
-0.44545000
-0.54748300
0.01515860
-0.30798500
-0.47997900
-0.29751000
0.08719610
-0.33993500
-0.43197300
-0.54121200
-0.89755400
-0.74250600
-0.57354100
-0.21427100
-0.57168300
-0.41042500
-0.39069600
-0.47430200
-0.03031870
-0.20788900
-0.36078500
-0.10921200
-0.60097300
-0.15150700
-0.47555900
-0.37010300
0.14379900
-0.58926300
0.24186000
-0.86297500
-0.26167700
-0.21450400
-0.58579700
-0.66875700
-0.32858200
-0.81628000
0.06519510
0.10231800
0.36035100
-0.51679900
-0.38580400
-0.48384700
-0.62344600
-0.63370100
-0.78705800
-0.44545000
-0.17608200
-0.48112800
-0.87749200
-0.69493500
-0.55886800
-0.45044000
-0.31395200
-0.47251700
-0.65914400
0.32507700
-0.35032600
-0.06709900
0.20036500
-0.43472600
-0.62231600
-0.13402500
-0.54303000
-0.25916800
-0.25722900
-0.21527500
-0.16101600
1.29501000
-0.97955300
-0.29368900
-0.48774200
-0.29647800
-0.77261400
-0.17086100
-0.42845500
-0.57497100
-0.03376880
-0.31547800
-0.32558400
-0.68425500
-0.00376137
-0.23181300
-0.25122700
-0.35406800
-0.42391900
-0.43501400
-0.19787600
-0.55193700
0.02795540
-0.44452000
-0.61378400
0.05730580
0.08310860
-0.27583900
-0.31062800
-0.25709200
0.49835400
-0.23830300
0.60284300
0.09139140
-0.35253500
0.00699765
0.40523500
-0.33136000
-0.53117900
-0.10179000
0.00226496
-0.44023900
0.01494510
-0.70714700
0.42252200
-0.18933400
-0.22377700
-0.54329100
-0.52624500
-0.01052070
-0.18110100
-0.43731100
-0.41338400
-0.10487000
-0.48597300
-0.83840500
-0.18490900
-0.80960800
-0.11266800
-1.32832000
-0.57793500
-0.12161100
-0.23656400
-1.03465000
-0.42351200
0.01379910
1.30459000
-1.09575000
-0.20586700
-0.29982700
-1.04664000
-0.24295400
-0.11647200
-0.56136300
-0.14581000
-0.57786000
-1.30881000
-0.20463700
-0.56706400
-0.05790900
-0.01550400
-0.14009400
1.08700000
0.13180900
-0.20317700
0.21380200
-0.19687800
-0.54211400
-0.98067600
-0.42015000
-0.68276700
-0.39871500
-0.56468400
0.12756600
-0.18804700
-0.72434200
0.01676020
-0.38428700
-0.63069000
-0.15333100
-0.33072400
-0.63417100
-0.58830200
-0.06011060
-0.59350600
-0.86290600
-0.19787200
-0.22638800
-0.63335100
0.85217400
0.47891000
-0.23216600
-1.14376000
-0.04372470
0.03123790
0.20542800
0.14468800
-0.34173300
-0.40655800
-1.17805000
0.14353700
-0.26809200
-0.65322300
-0.52423300
-0.97248000
0.15805700
-0.86501100
-0.64290300
-0.70870700
0.85142500
-0.01011060
-0.50931800
0.39645200
0.77516300
0.38992600
-0.65891500
-0.07212510
-0.71239800
-0.53645400
-0.97469700
-0.09052110
-0.35239100
-0.27906000
-0.05200170
-0.33330300
-0.46091700
0.09794070
-0.26188200
0.04649380
-0.76029800
-0.88371700
-0.29686400
-0.36562000
-0.19892300
-0.49942300
0.34123100
-0.06580950
-0.47731400
-0.60794800
-0.76785700
-0.50600400
0.64839200
-0.77201000
-0.16875800
-1.00992000
-0.97409200
0.55494800
-0.59236200
-0.19393600
-0.99770300
-0.41848200
-0.18805800
1.09999000
-0.86863600
-0.52231100
-1.01127000
-0.55202700
-0.44140400
-0.50806500
0.05126820
-0.03321260
-0.37841800
1.12927000
-0.04518670
0.37863500
-0.29059400
0.04748320
0.02287350
0.17952900
-1.51953000
0.28364600
-0.08151360
0.52307600
-1.03446000
-0.47163800
-0.39063300
-1.04932000
-0.44799400
-0.18000300
-0.26542500
-0.33222500
0.15878300
-0.20751200
-0.75149600
0.00292295
-0.73157900
0.49246900
-0.07119550
0.23698400
-0.40002400
0.37766100
-0.43968000
-0.81229800
-0.87041300
-0.72373600
0.07946690
-0.33171400
-0.09654730
-0.47646900
-0.33974600
-0.51925800
-0.80777000
-0.58419300
-0.32009700
-0.08353390
-0.28576800
0.11850400
-0.17073100
0.11333200
-0.40323700
-0.71117100
-0.47451700
-0.23966800
-0.65459600
0.10788600
-0.28576300
-0.57550200
-0.65382300
-0.63939700
-0.33491500
-0.78584700
-0.32503700
0.02331380
-0.23489600
-0.53491600
-0.34385800
-0.43743100
-0.57161800
0.31913100
0.07100250
-0.65231800
-0.34393700
0.13669900
-0.29669200
-0.08900650
0.13182900
-0.55035600
-0.22901400
-0.45199700
-0.51686300
0.11269600
-0.20597600
-0.35149300
-0.46170100
-0.43122500
-0.11324000
-0.97619500
-0.79383600
-0.27661700
-0.31934700
0.39860900
-0.25398800
0.26009400
1.04764000
-0.34901900
-0.20606200
-0.04302380
-0.50085900
0.01490670
0.22609800
-0.23882900
-0.62476600
-0.55769300
-0.54589800
-0.24364200
-0.28705500
-0.28826500
0.28785100
-0.15892300
-0.01988740
-0.54142100
-0.63093200
-0.42626300
-0.27524600
-0.49064900
0.33613700
-0.43656200
-0.29515400
-0.59361500
-0.63604800
-0.32226600
0.43167500
0.43167500
-0.46689000
0.27498500
-0.49759800
-0.18634300
-0.26879700
-0.66724400
-0.36685200
-0.05538380
-0.58576100
-0.32820100
-0.48429800
-0.16109600
-0.23058400
-0.49958600
-0.45825400
-0.38093900
-0.44908100
-0.40913100
-0.48936100
-0.44556500
-0.91229000
0.85982800
-0.26615000
0.53487700
-0.22449600
-0.52121800
0.14891600
-0.28610400
-0.37121400
-1.05898000
-0.21974300
-0.12416000
-0.49906200
-1.04715000
-0.24683500
-0.44827700
-0.35909800
-0.83646400
-0.36755800
-0.46323500
-0.29212100
0.52489200
-0.78980700
-0.56092600
0.09724870
-0.35975900
-0.33831300
-0.27401000
-0.04941590
0.06300370
-0.13925800
-0.70643200
-0.30264000
-0.09969680
0.08774230
-0.78026900
-0.62355100
-0.19349800
-0.63045900
-1.02015000
-0.38870000
-0.11815200
-0.12431900
-0.60554600
-0.57714800
-0.37347400
-0.08967980
-0.06552930
-0.26678900
-0.57142900
-0.04088290
0.04786140
-0.56469500
0.20100900
-0.69931600
-0.51443900
-0.24127700
0.36880800
-0.69404400
-0.27909900
-0.40597000
0.08375410
0.59556700
-0.95517800
-0.64912500
0.71075200
0.06342080
-0.23801100
-0.48446800
0.77816500
-1.05452000
-0.15911300
0.05884040
-0.15536700
-0.10090400
-0.11710200
-0.25674700
0.07708830
0.88771300
-0.36946300
-0.66071900
-0.36037600
0.46433500
-0.23124400
0.17968500
-0.37446300
-0.57548800
0.05637220
-0.91569500
-0.48010500
-0.37032700
-0.44273900
-0.00977704
-1.03777000
-0.21338000
-0.26270300
0.00084604
-0.50072400
-0.31061000
-0.69493500
-0.42473100
-0.49670600
-0.33040000
-0.16839400
0.36233200
-0.28487700
-0.61683200
-0.30040600
-0.24553600
-0.45471500
0.04806230
-0.33660500
-0.42412400
-0.55744800
-0.50703300
0.20200100
-0.15386500
-0.20307100
-0.12989400
-0.46177900
-0.64319800
-0.12381300
-0.26073500
0.08524850
-0.69647300
0.15789400
-0.54342500
-0.21685900
0.62865800
-0.48457900
-0.76985800
-0.60588900
-0.57608900
0.14157100
-0.34920700
-0.08934040
-0.35878600
-1.00025000
0.11387800
-0.73649600
-0.27957800
-0.67635400
-0.07660800
-0.42351100
-0.26167100
0.10456500
-0.93950300
0.68710200
0.38800900
-0.37648800
-0.22467300
-0.49366300
-0.88454800
-0.44363100
0.43804000
-0.44916700
-0.20892700
-0.39973800
-0.41561300
0.15094100
-0.20155400
-0.96126900
0.41589200
-0.63511200
-0.27921600
-0.48632200
-0.47935800
-0.30695400
-0.43941400
0.19695000
-0.71438900
-0.61148100
-1.11605000
-0.29748800
-0.66172000
0.07030760
-0.76037200
-0.49207000
-0.53956800
-0.35362900
-0.35547200
-1.00755000
0.28480400
-0.53683300
-0.25688500
-0.62797200
-0.80350000
-0.95913900
-0.60263900
-0.54604000
-0.57187300
-0.93954500
-0.28399800
0.06534990
-0.70108200
-0.05871530
-0.40676600
-0.72799700
-0.66181400
0.25844000
0.32484500
-0.23636000
-0.55495200
-0.38776600
-0.87728800
-0.26367200
-0.72420900
-0.34181500
-0.24159100
-0.42666800
-0.49748200
-0.22948100
-0.35729200
-0.11135600
-0.49692000
0.22665500
0.06247160
0.15014000
-0.35513100
-0.34897300
-0.74610300
-0.44797800
-0.05430720
0.22182500
-0.30415100
-0.14649000
-0.04351380
-0.18923200
-0.25941400
-0.54052900
-0.81332700
-0.53939200
-0.45721100
0.30158100
-0.83964300
-0.21586400
-0.11534200
-0.42961200
-0.63262500
-1.22048000
0.27771500
-0.70015400
0.13223100
-0.42832400
0.04057280
-0.79970600
0.08352090
-0.50775800
-0.47110400
-0.06734940
-0.97222800
-0.56157900
-0.66502800
-0.55217100
-0.59720400
-0.00733677
-0.57151700
-0.08349490
-0.47023400
-0.38355900
-0.23123700
-0.70421000
0.23660400
-0.60806700
-0.83964600
-0.75337200
-0.31174100
-0.24613100
0.29586100
-0.09018550
0.20184900
-0.53623300
0.02871640
-0.55620500
-0.17256200
-0.34187000
-0.36395800
-0.63392200
-0.49095400
-0.18534700
-0.58470400
-0.11788000
-0.45757100
-0.26071400
0.07475090
-0.14653300
-0.35664200
-0.24580100
-0.03830590
0.14868200
-0.45742300
-1.13318000
-0.80758300
0.00829601
-0.49814500
-0.04610090
-0.55599100
-0.12851000
-0.57592600
-0.12537100
-0.36656600
-0.47250500
-0.19146600
0.06196330
0.32505200
0.51776300
-0.84475800
-0.40857200
0.48210000
-0.05178080
-0.64200600
-0.73612500
-0.30157800
-0.57886600
0.35859700
-0.07434110
-0.47891100
-0.10920400
-0.26501900
-0.79043500
-0.12464700
-0.70940400
-0.24168700
-0.18172600
-0.08500480
-0.84785100
-0.03528830
-0.61557800
-0.19505700
-0.27018900
-0.98932500
-1.04299000
-0.30114500
-0.22852500
-0.12892400
-0.02641690
-0.50410800
-0.33757900
-0.37752200
-0.26705400
-0.17924100
-0.55689700
0.30024600
0.31881600
-0.11308300
0.48210000
-0.14593100
-0.62679600
-0.40004700
-0.35809600
0.36685900
0.30679200
0.40246900
-0.65407500
-0.62098100
0.14593900
-0.06461690
-0.15040800
0.54431000
0.18053000
-0.56173000
-0.64097100
0.06692150
0.23845200
0.41581100
-0.56810100
-0.24679200
0.44326100
-0.40562600
-0.49941700
0.57465000
-0.42092900
-0.11782200
-0.31465500
0.31716600
0.63844500
0.77893900
0.39479200
-0.05629850
0.16698200
0.79991100
0.26229700
-0.16634500
-0.02581450
0.25332600
-0.31141200
-0.43193800
-0.24316600
-0.66373500
-0.48635800
-0.50503900
-0.43459700
0.43285100
-0.06515300
0.71316400
-0.48517400
-0.60228200
-0.52302300
1.08521000
-0.38563500
-0.61855100
-0.70704800
-0.39359500
-0.31997300
-0.92358900
0.37010900
-0.41308900
-0.23353100
-0.77310200
-0.17645300
-0.33423500
-0.75420900
-0.26696200
-0.23224500
-0.17399200
0.11462800
-0.41732000
-0.66540800
-0.65317400
0.20298200
0.06789180
-0.47941200
-0.69314200
-0.49775200
0.26164000
-0.69511400
-0.86755300
-0.05274630
-0.14068700
-0.31465200
-0.10781200
-0.29303200
0.03753050
-0.24305800
-0.32803600
-0.74109700
-0.22431000
-1.08456000
-0.66499800
-0.20726600
-0.34931900
-0.83763700
-0.33446700
-0.16594100
-0.32446700
-0.15044800
-0.22909500
-0.13575500
-0.65463300
-0.23127500
-0.19579300
-0.58715600
-0.68928200
-0.65069700
-0.06272040
-0.59214400
0.02606230
-0.47350200
-0.31104000
-0.35989600
0.21472100
-0.09591270
-0.62167000
-0.31514900
-0.19253900
0.00398617
-0.10083900
-0.09388130
-0.67177600
-0.47298200
-0.13910000
-0.23414600
-0.47139500
-0.19092900
-0.60520700
-0.51953400
-0.26508000
-0.43807300
-0.17276800
-0.68940500
-0.57282700
-0.24429900
-0.18944500
-0.57000400
-0.65586800
-0.45148200
0.18336700
-0.80546200
-0.64499600
-0.31607700
-0.18992600
-0.19884500
-0.43255100
-0.08735050
-0.32417000
-0.35559000
-0.33001100
-0.88703100
0.93311100
-0.09646660
-0.62991800
0.16437900
-0.39930400
-1.01692000
0.13360200
0.07113890
-0.33697800
-0.52788900
-1.37693000
0.69731000
-0.23290600
0.08458020
-0.66109700
0.61012100
-0.01541530
1.18062000
-0.45142400
-0.17337700
-0.48787500
-0.58079200
-0.68031200
-0.44739600
-0.48168800
-0.74843200
-0.05729510
-0.50215300
-1.11266000
-0.50178900
-0.28013200
-0.34382800
-0.75495600
-0.42418700
0.49358500
-1.05775000
-0.40967500
-0.35596800
-0.00597824
0.13424900
-0.71288500
0.00058533
-0.23448100
-1.05830000
-0.76149500
-0.75985200
-0.54613600
1.19980000
-0.30093100
-0.63258000
0.08942560
-0.20442200
-0.45809200
-0.30912900
-0.70352800
0.79902000
0.88881200
-0.44277900
-0.84418700
0.05498120
-0.02588080
-0.22703700
-0.73958800
-0.73557800
-0.67865600
-0.47432200
-0.06667210
-0.44202300
-0.08218890
0.01153990
-0.55294900
-0.11521600
-0.60467300
-0.15916100
-0.46175700
0.47098700
0.07042110
-0.85857800
-0.25129100
-0.39897900
-0.53294600
-0.86689100
-0.05921720
0.11567500
-0.48542200
-0.46407500
0.12013800
-0.28931400
-0.54246400
0.50611400
-0.42452300
-0.63056200
-0.49677300
-1.01085000
0.38276400
0.47072000
0.55249600
0.03014980
-0.30381800
-0.19586600
0.66708000
-0.29308300
-0.34197600
-0.41226700
0.03396030
-0.21951100
-0.46708900
-0.30531700
0.48829800
-0.57354900
-0.57144300
-0.63174000
-0.44974400
-0.48571900
-0.38311800
-0.38217600
-0.67862500
-0.16176400
-0.01547660
-0.30704700
-0.34290000
-0.01112610
0.24605300
-1.23417000
-0.80444700
-0.48917400
-1.20052000
-0.53349800
0.62450400
-0.40651100
0.66913700
0.63547500
0.23816100
-0.51365000
-0.51602300
0.02624610
-0.37579200
-0.75250300
-0.23703800
-0.50004900
0.82837400
-0.89540100
-0.79168100
-0.26299900
-0.55134000
-0.51036300
-0.06933950
0.80843900
0.30587100
-0.43986000
0.28039700
-0.31267500
-0.44595100
-0.25536300
-0.30147900
-0.41095500
0.22750200
-0.10854900
-1.02226000
-0.06928970
0.19106900
-1.01191000
-0.33186600
-0.34670400
-0.16673500
0.29351400
0.35423400
-0.70185100
0.54971300
-0.33354500
-0.53777200
-0.40698800
-0.33659400
-0.21886500
-0.38999600
-0.48647000
-0.36376800
0.18741200
-0.18403000
0.06438030
-0.94461500
-0.69783700
0.30229900
-0.01108680
-0.21635700
0.44551100
-0.04090140
-0.14202700
-0.71055100
0.68727200
0.26863400
0.30036800
-0.32104100
-0.29820400
-0.05516890
-0.75701300
-0.01987730
-0.13869500
-0.29200700
-0.27903600
0.08073240
-0.53845500
-0.20107300
-0.41096100
-0.01784970
-0.77697400
-0.40183200
-0.77841100
-0.34744500
0.14014000
-0.00789288
-0.35163300
0.30351600
-0.58141600
-0.35080800
-0.62604100
-0.86891100
-0.21242500
-0.02618120
-0.15444900
-0.17009200
-0.34552800
-0.62474600
-0.16376500
0.09035640
-0.02518810
-0.55898700
-0.51270900
0.03574940
-0.26249000
0.40531500
-0.37759800
-0.46229600
-0.11354800
-0.50265400
-0.17010600
-0.07501260
-0.15906900
-0.37951300
-0.73091100
-0.37809900
0.27552100
-0.41946700
-0.23348100
-0.21068100
-0.56955500
-0.11078200
0.18593000
-0.48832800
-0.34871200
-0.24624100
-0.62179500
-0.82299000
-0.12737400
0.52532400
0.76938700
-0.61693800
0.36184600
-0.55017900
-0.09602770
-1.00530000
-0.32303400
0.00863668
-0.11058200
-0.14620200
-0.16506000
-0.41240100
-0.42453200
-0.29306900
-0.29971300
-0.26503100
-0.07548420
-0.23634900
-0.38456700
-0.32357000
-0.67970500
-0.21593200
-0.15061100
-0.51006700
0.04690970
-0.21050800
-0.41506700
-0.54884500
0.04642790
-0.59486500
-0.15258700
-0.04623680
-0.24036100
-0.06797370
-0.45568700
-0.25337300
-0.60768600
-0.66857700
-0.36213900
-0.33791200
-0.49019900
-0.31805300
-0.26824000
-0.63520200
-0.48880200
-0.45774800
-1.01928000
0.14999000
-0.49688800
-0.22514200
-0.27190000
-0.79378600
-0.56686500
0.49959500
-0.48763900
-0.41071300
-0.29581400
-0.48057700
-0.56112000
-0.08394050
-0.44485400
-0.24616000
-0.34533400
-0.26657100
-0.93823300
-0.40980700
-0.48030200
0.39517100
-0.53673500
0.16649400
0.01133110
-0.28479700
0.91081200
-0.23456300
-0.03093620
-0.53533300
-0.48987100
-0.92201500
-0.26603500
-0.30407800
-0.49292400
-0.07788650
-0.34702600
0.27259500
-0.26203900
-0.54605700
-0.46060400
-0.28296200
-0.06357510
0.78602600
1.04311000
-0.58608400
-0.64313000
-0.28367200
-0.58532400
-0.47378100
-0.33587300
-1.38427000
-0.70038900
-0.58385300
0.14275800
0.12472000
-0.00765227
-0.23419500
-0.52476200
-0.45231200
0.28993600
-0.94807600
-0.30964000
1.19871000
-0.22233600
-0.38453100
0.91872700
0.29105900
-0.69576900
-0.13819000
-0.90408200
-0.30430200
-0.25891800
-0.30478300
-0.40488100
-1.22522000
-0.29910700
-0.30512500
0.73031500
0.31525100
-0.16566700
-0.71687800
-0.56041900
-0.34837400
-0.97254700
-0.91774800
-0.37401000
-0.31515900
0.22198300
0.35881700
0.06294430
0.11210500
0.11086900
-0.28361900
0.17677300
-0.35198000
0.54072300
0.20605800
0.47519000
-0.46412500
0.67643700
-0.35429900
-0.11455800
0.12975200
-0.13335200
-0.46073500
-0.06898750
0.56940900
-0.03049290
-0.39712100
-0.52919000
-0.58435900
-0.34646300
-0.33635800
-0.43850700
0.22566000
0.01887300
0.12723200
-0.30640200
-0.21170000
-0.71726700
-0.10114700
-0.16945900
0.08552030
-0.69495300
-0.45200700
-0.28301500
-0.58052700
-0.39673700
-0.45770600
-0.42715300
-0.28772900
0.29908000
0.69583400
-0.05959060
0.72005500
0.49833300
0.91917900
-0.49003400
-0.31734300
-0.27289300
-0.45026600
-0.42194900
-0.54624800
-0.46041200
-0.01962050
-0.24656600
-0.23221800
-0.34673600
-0.05290030
-0.35711200
-0.10320700
-0.68490400
0.18791400
-0.28261500
-0.73604600
-0.31205100
-0.45896200
0.62124900
-0.89607500
-0.15243200
0.43239600
-0.84017000
-0.60861100
-0.56829400
-0.63579400
-0.81021400
-0.41501800
-0.23603500
-0.48348900
-0.52305600
-0.01277810
-0.52192100
0.12095900
-0.32378100
-0.42531600
-0.56273100
-0.16114900
0.40183700
-0.40101000
-0.23895200
-0.44833800
-0.12580500
-0.21203600
-0.25904800
-0.29562800
-0.21544900
-0.47199500
-1.29354000
-0.24482800
-0.08609190
-0.83448400
-0.36142700
-0.30167900
-0.14602200
-0.50322300
-0.30173300
-0.38800800
-0.72650300
-0.32897800
-0.10871000
-0.11165800
0.87900000
-0.72985400
-0.61321300
-0.23299900
-0.60137000
-0.59466000
-0.42979900
0.18733200
-0.53517900
-0.30257500
-0.15091800
-0.56324800
-0.13376400
0.01255630
0.10245300
-0.24241500
-0.07920080
-0.03113570
-1.00776000
-0.47608700
-0.51231400
-0.41203900
-0.17854700
-0.36876600
-0.37442500
-0.09721070
-0.02820140
-1.54108000
0.59175800
-0.53511000
0.32455700
0.10821500
-0.97926900
0.20779100
-0.39202100
-0.35133000
0.24612300
-0.09851030
-0.44205200
-0.04510690
0.07266990
-0.25590700
-0.26070800
0.20423900
-0.39265000
-0.04535430
-0.30525300
-0.64305000
-0.33167700
0.40162800
0.11629200
-0.19897900
-0.19829900
-0.96935700
-0.60679300
-0.58861400
-0.48620100
-0.19231200
-0.46856600
-0.24358700
-0.41444800
0.56977900
-0.23995800
-0.38606300
-0.13760600
-0.23449500
-0.53470900
0.26311600
-0.92185600
0.36066600
-0.63300400
-0.42933000
-0.13250600
-0.19486000
-0.29609200
-0.08032860
-0.73247200
-0.78621000
0.12243700
-0.54689700
-0.31463300
-0.23638400
-0.31602200
-0.33150500
-0.33141300
-0.76952600
-0.86189000
-0.18930200
-0.20930000
-0.17103500
0.36980100
0.06529520
-0.30396200
-0.24457000
-0.09603510
-0.71728200
-0.68368700
-0.47940200
-0.22651700
-0.33233000
0.06783000
-0.33999800
-0.43212800
-0.51690100
-0.71390800
-0.29535500
-0.50668900
-0.52527400
-0.66112200
-0.15177700
0.05393910
0.10478800
0.19302000
-0.55739800
-0.34172900
-0.50858300
-0.08202990
0.10586300
-0.23123600
-0.11560300
-0.50943500
-0.36207400
-1.23020000
-0.06124810
0.30000900
-0.43969000
-0.51253300
-0.31216100
0.04186550
-0.34673600
-0.70997600
-0.85847200
-0.57025800
-0.50937200
0.33769300
-0.44232800
-0.85254800
-0.36375500
-0.50395000
-0.52137400
-0.09048420
-0.51359500
0.12637500
-0.09082820
-0.60337700
-0.61430300
-0.19721800
0.15007000
-0.24802300
-0.39124300
-0.47753200
-0.16506500
0.03053400
-0.05652680
-0.71029900
0.13280200
-0.61716200
-0.14675800
-0.58921200
-0.46477300
-0.45793300
-0.41643300
-0.17147200
-0.26776400
-0.37506100
-0.30752500
-0.02075820
-0.11774000
-0.45479200
-0.40870300
-0.43074300
0.13539700
0.19773400
-0.42211500
0.46298900
-0.48714800
-0.14472700
-0.69917500
0.05738010
-0.42684700
0.29498300
-0.08091500
0.61235800
0.46282000
-0.92457200
-0.04079790
-0.78892300
0.38561500
-0.42670300
-0.39489600
-0.33737800
-0.48223000
-0.11388600
0.03082960
0.18078400
-0.19492200
-0.26988700
-0.50253200
-0.21008700
-0.42429000
-0.21830800
0.11164300
0.09566920
-0.45596500
-0.40571300
-0.29854500
-0.42823900
-0.51358500
-0.94688500
-0.19012400
0.90438100
0.17340100
-0.21498100
-0.69394300
-0.52664300
-0.67941700
-0.05734510
-0.63572800
-0.22509800
-0.92363500
-0.38078800
-0.05999650
-0.92551100
-0.22960200
-0.43717800
-0.99253200
-0.66690300
-0.40952700
-0.45099600
0.26663800
-0.30834800
-0.17529500
-0.24757700
-0.33274400
-0.83955000
-0.34531700
-0.38309200
-0.15337600
-0.56897400
0.49225400
0.30488800
-0.07240700
-0.08513440
-0.33510600
0.57095400
0.56655000
-0.20550300
-0.59141600
0.94561500
-0.93090700
0.28173200
-1.30791000
0.05508560
-0.40553900
-0.29197000
-0.72426500
-0.09967060
-0.51963400
-1.01326000
-0.46873800
-0.07590940
-0.35050900
-0.62644000
-0.62595000
-0.04534310
-0.24384500
-0.60655800
-0.38109400
0.05899940
0.16935900
-0.68638000
-0.51052800
-0.50936000
-0.49878100
-0.45833800
-0.36354200
-0.07995450
-0.09354180
0.97896000
0.01836180
-0.26806600
-0.72573600
-0.51600000
-0.22363600
-0.25303000
0.97132400
0.46612400
-0.87441100
-0.59887200
-0.57300800
-0.75976600
-1.11037000
-0.24846500
-0.00360564
-0.41986500
-0.20467600
-0.50148800
-1.45851000
-0.41515000
-0.19056500
-0.40294800
0.01492680
-0.60634400
0.49710100
-0.26982500
0.09682300
0.07359620
-0.08052160
-0.64882000
-0.19150400
-0.20723400
-0.30762600
-0.79228700
-0.39412200
-0.03389420
-0.73070500
-0.35416500
-0.15998000
0.18834200
-0.36596700
-0.10099600
0.52585700
-0.47914500
-0.08576510
-0.62397300
0.71388600
-0.50701300
-0.24854400
-0.14154200
-0.70230700
-0.63398400
-0.22774900
0.53762400
-0.14103800
-0.41112200
-0.42004800
-0.56783000
-0.57834100
-0.55004600
-0.30426300
-0.53194100
-0.27051000
-0.37158300
-0.26473800
-0.12581400
0.93950000
-0.36491500
0.11500200
-1.35487000
-0.83953600
-0.56001900
-0.24132800
-0.26489500
0.27652700
-0.55372400
-0.45980600
-0.64155000
-0.32965900
-0.73161700
-0.57104800
-0.23319400
-0.29534600
-0.36502500
-0.61200900
0.18687100
-0.11217900
-0.17104600
-0.47821000
-0.04237290
-0.03145280
0.41073600
0.37898700
0.08363980
-0.38915300
-0.30693400
-0.60192600
-0.47243600
0.93216400
0.08924990
-0.86248100
0.21943000
-0.81507300
-0.12594200
-0.85292700
-0.54501400
-0.38203000
-0.29174900
0.20844400
-0.45932500
-0.66074100
-0.31278300
-0.38666100
-0.44294000
-0.15714100
-0.67919800
-0.80359100
-0.34039100
-0.20824300
-0.22748300
0.77665100
-0.30691700
-0.33183200
-0.55422200
-0.30165500
0.29646900
0.72715000
-0.20848800
-0.17340300
-0.33862400
-1.36682000
-0.32801200
-0.59158700
0.21606400
-0.20776700
-0.91399300
0.40869300
0.10758700
0.35906400
-0.15824400
-0.50879800
-0.14550600
-0.57274400
-0.63612700
0.15257200
-0.84627600
-0.48071200
-1.04269000
-0.33205000
0.24863900
-1.28805000
-0.07528750
-0.08773990
0.11663900
-0.13368000
-0.53105400
-0.47033300
-0.69870800
-0.22335700
0.35865800
0.06242660
-0.16651300
-0.40174500
-0.68003100
-0.34925900
-0.42787400
-0.69330400
0.27534400
-0.68265000
-0.09412750
-0.33843800
-0.66309200
-0.07881290
-1.28346000
-0.16601600
-0.45216000
-0.43288300
-1.02286000
-0.90433600
0.30514300
-0.63209500
-0.83431000
-0.07807610
0.84263800
-0.86277800
0.47910000
-0.24978800
0.01950420
-0.00622873
-0.41703300
-0.64001200
-0.22487700
-0.41327300
-0.57878200
-0.78255800
-0.01908650
-0.52485300
-0.64529500
-0.90443300
-0.26319200
-0.46167100
-0.27587500
-0.61933200
-0.40035300
-0.74610200
-0.58307400
-0.43733700
0.14889200
-0.51189800
-0.65730800
0.36359300
0.40839800
0.29670600
-0.64027600
-0.73030700
-0.11521400
-0.23354400
-0.18692700
-0.74130800
-0.43128000
-0.42706400
0.22288900
-0.56334800
-0.53464400
-0.03785270
0.41880500
-0.11603900
-0.37055200
0.20789900
-0.79459700
-0.35386600
-0.07635840
0.68460800
-0.53793100
-0.43059400
-0.53491700
0.19186900
0.37902600
-0.45868100
0.16930600
0.20181200
-0.43814700
-1.06432000
-0.62978700
0.06797230
1.00409000
-0.01309640
0.26113800
0.36398500
-0.65854900
-0.66192400
0.40067500
0.51794800
-0.27319300
-0.48141800
-0.55426500
-0.21886100
-0.30712800
-0.45564200
-0.35877300
-0.53961600
-0.20478800
0.05725650
-0.08166600
-0.49697700
-0.37272400
-0.33542100
-0.10523600
-0.27468100
-0.39779600
-0.60429900
-0.44488400
-0.60908700
-0.33819800
-0.25532900
-0.53677500
-0.52258400
-0.52481500
-0.10680500
-0.29249600
0.75889200
-0.56872200
-0.55924100
-0.39258400
-0.81075400
-1.01561000
-0.33056000
-0.79854000
0.08795030
2.50986000
2.10394000
-0.54955300
-0.40498800
0.12970600
-0.33474100
-0.90563400
-0.90155400
-0.77249700
0.07032360
-0.46924300
-0.06418370
-0.03159080
0.16624000
-0.86247900
-0.41846400
-0.14154000
0.46851300
-0.46242200
-0.37290800
-0.80448300
-0.87399300
-0.44240400
-0.08151890
0.21045300
-0.63040100
0.12906000
-0.51098300
-1.37323000
-0.00875158
-0.27873400
-0.07672670
-1.10965000
-0.43810600
-0.54681600
0.69881800
0.62818000
-0.11810500
0.02371830
-0.94662500
-0.66349600
-0.38428700
-0.80228500
-0.22662000
-0.85789300
-0.40560600
-0.52608500
-0.20756100
0.06530980
-0.67567400
-0.36420900
-0.44834700
-0.83468700
-0.60499300
0.01809970
0.84105300
-0.32190800
-0.44206100
-0.63885600
-0.28498200
-0.52762600
0.45754900
-0.80346000
-0.86896500
-0.26932800
0.34066400
-0.87763600
-0.37128500
-1.03975000
-0.73313100
-1.01316000
0.24890200
-0.94745600
-0.00197594
-0.61632000
-0.15027600
0.67043000
-0.06779990
-0.81047000
-0.35300100
-0.17967900
0.02990930
1.71398000
-0.02612170
0.47482300
-0.53738000
-0.17052100
0.03760130
-0.65415900
-0.92977300
-0.06607090
-0.50391800
-0.11829900
-0.23316800
0.28243100
-0.38702600
-0.28960300
-0.66969600
-0.77890100
0.07437710
-1.34195000
0.51615300
-0.08341580
-0.34115600
-0.06922190
-0.27597600
0.02984330
0.13136000
-0.45196400
-0.67738900
-0.34296600
-0.38165600
-0.76836100
-0.02180860
0.07341090
-0.10172400
-0.36166200
-0.44546500
0.01995300
-0.37003000
-0.54158600
0.13561100
-0.65251300
-0.30143600
-0.42053400
-0.23141500
-0.11752800
-0.47366700
-0.48428100
-0.21469400
-0.70673600
-0.59033700
0.30331400
-0.50838600
0.07252560
-0.62094200
-0.25795500
0.02412030
0.36678400
-0.40711200
-0.46147500
-0.57650100
0.20814000
0.21388900
-0.81680700
-0.34549100
0.01893970
-0.12111700
-0.50431900
0.27581900
-0.47127800
-0.28362200
0.67102700
0.45107200
-0.18858900
-0.49550800
0.14608600
-0.02632470
-0.41574900
-0.16526200
-0.18178400
-0.51572300
0.16870500
0.40432500
1.30035000
-0.41746400
-0.33050100
-0.23720700
-0.44729600
-0.11218700
-0.74715600
-0.09964190
0.51205400
0.40031500
0.97135100
0.68081800
0.05687530
-0.35703100
0.49291100
-0.67877800
-0.21219900
-0.01941110
-0.41736400
0.02708770
0.58206800
1.05695000
-0.45810400
-0.73989000
-0.27393400
-0.31245000
-0.82438200
0.08207250
-0.31499700
-0.71247800
0.08424080
-0.49640400
-0.63071500
-0.24526400
-0.24100100
-0.80719900
0.00769823
-1.17433000
-0.86551300
-0.29881300
-0.39608500
-0.34705300
-0.35886900
-0.75541600
-0.55311700
0.12599900
-0.18530100
-0.83610600
0.18102400
0.27184700
-0.88547900
0.16574200
-0.36814500
-0.53547500
-0.42538000
-0.28573600
-0.30429100
-0.08759460
-0.40192400
-0.12522200
-0.75897900
-0.23439400
0.28460700
-0.50052000
0.51081900
-0.30978900
-0.49008800
-0.30546000
-0.27138500
-0.24688900
-0.13539400
0.12644000
-0.13314100
-0.97447700
-0.40821000
0.94233500
0.15996400
-0.58285100
-0.43395400
1.82035000
-0.31565700
-0.38880700
-0.22771300
-0.42916500
0.35494300
-0.07784800
-0.21971700
-0.03717850
-0.16637800
-0.27205500
-0.31634500
-0.50510400
-0.39102300
0.24291200
-0.10800900
-0.10663300
-0.49643900
-0.19657000
-0.19957600
-0.81728700
-0.53434600
-0.73066700
-0.86744500
-0.23356200
-0.17869300
-0.65967400
-0.12328200
-0.55195700
-0.32415500
-0.11525100
-0.00299072
-0.46729100
-0.49350600
-0.16887300
-0.41148400
-0.71309600
-0.24493300
-1.41027000
0.84616600
-0.08121360
-0.38980600
-0.85009400
-0.22071800
-0.64747700
-0.14595700
-0.40565800
0.21149800
-0.46016400
-0.09979780
-0.29460700
-0.23745400
-0.39799900
-0.30686200
-0.76195900
-0.14307800
-0.06869390
0.00997263
-0.05061950
-0.16893500
-0.03428840
0.45614900
0.40245200
-0.49138400
-0.01798890
-0.45392200
-0.17493000
-0.32020400
-0.63787300
0.50542600
-0.74152300
-0.18019700
-0.39747300
-0.00203802
-0.66603000
-1.10194000
-0.29104200
-0.38857700
0.54664600
-0.23613600
-0.82680100
-0.17558400
0.84276700
-0.25396100
0.14482500
-0.58716300
-0.11712900
-0.75800200
-0.32159500
-0.05396720
-0.06279230
0.35166500
-0.11720400
-0.67654700
0.27630300
-0.93515800
-0.62980700
0.06012480
-0.49080700
-0.44181200
-0.22746300
-0.44608000
0.28770100
-0.22059300
-0.22840500
-0.31887100
-0.63313900
-0.47887900
-0.85730500
-0.14815300
-0.72830100
-0.39117500
-0.31521200
0.12575800
-0.68102700
-0.48862000
-0.14585600
0.08224330
-0.15049000
-0.51830900
0.31288000
0.02071970
-0.20066000
-0.21141800
0.09589630
-0.46391500
-0.68495400
-0.25027100
-0.23802600
-0.43475100
0.38934400
-0.63508600
-0.03010310
-0.67531000
0.01936550
-0.21645600
-0.36875700
-0.34746200
-0.42957000
-0.49712200
0.19656200
-0.44347700
-0.08577530
0.02094330
-0.77292400
-0.58551200
-0.65775200
-0.43639700
-0.54451500
-0.45480300
-0.48484400
-0.29748900
-0.39621600
0.25588200
-0.80740400
-0.13681600
0.41577100
0.25614600
-0.29815700
-0.07350440
-0.73808100
-0.02556620
-0.27315800
-0.77516800
-0.31995400
0.33307900
-0.22950200
-0.56386000
0.96597000
-0.48173600
-0.88878500
0.39366500
-0.02347700
-0.22439600
-0.29169400
-0.32368700
0.13510700
-0.16268900
0.08412520
-0.43302800
-0.19983700
-0.25561200
-0.02681160
-0.50571900
-0.25943200
-0.40555400
-0.54492100
0.20770800
-0.35914300
0.70280800
-0.32602200
-0.66512900
-0.73392600
-0.55269400
-0.21135700
-0.59099500
-0.14565400
-0.32382700
0.21775300
-0.63547400
-0.46472900
-0.63110900
-0.55688500
-0.01397990
-0.83047500
-0.41199000
-0.27709100
-0.14000300
-0.65378500
-0.18006900
-0.31192300
-0.31655400
-0.90726600
-1.11825000
-0.28767800
-0.03853820
0.06633620
-0.10245700
-0.59294200
-0.11754300
-0.49125800
0.14908700
-0.30873800
-0.40979900
-0.46742800
-0.28084900
-1.63999000
-0.08837270
-0.58575300
-0.50872200
-0.64968000
-0.52823100
-0.70837700
-0.46984400
-0.45383300
-0.25449800
-0.24117600
-0.28849600
1.30431000
-0.43873600
-0.27679200
-0.28504500
-0.11397800
0.32747100
-0.63025700
-0.56723700
-0.64317600
-0.13840100
-0.46088400
-0.76581000
-0.31876600
-0.25498200
-0.07606840
-0.64759000
-0.29472900
0.47095800
-0.41065400
-0.55432200
-0.83373000
-0.43685100
-0.22839300
-0.45102100
-0.78480400
-0.09141470
0.54581900
-0.22927400
-0.58533700
0.58663800
-0.04338010
-0.17518300
0.77987500
-0.10902000
-0.67842900
-0.89256900
-0.25190300
-0.45819500
-0.53931700
-0.17711800
-0.60792500
0.13898800
-0.35298900
-0.60004800
-0.46611200
0.08103170
-0.19068500
-0.64229900
-0.36151400
-0.40007500
-0.66865900
-0.09606650
-0.48258000
-0.70868500
-0.24034400
-0.96812000
0.15664800
-0.46878000
-0.47152700
0.20616800
0.94454000
-0.27395500
-0.68908300
-0.31295000
-0.04178210
-0.54635900
0.12767700
-0.56921000
0.30484700
0.05094990
-0.76649600
-0.22788100
-0.09108060
-0.53849500
-0.14865600
-0.72383000
-0.65028600
-0.48315600
-0.72516400
0.88884600
-1.09626000
0.09407000
-0.20271000
-0.61171700
-0.46604700
-0.18012300
-0.14417000
-0.72783300
0.07367180
-0.15125000
-0.46590900
-0.38414900
0.18005900
-0.32748700
-0.29982200
-0.16958700
-0.06967460
-0.43572700
1.37913000
-0.30080000
-0.18030900
-0.83989500
0.75279100
-0.64902700
-0.37911300
-0.27753600
-0.40207400
-0.18622700
-0.39857300
0.10741500
-0.20083500
-0.42465300
-0.40192800
-0.48524900
0.06669390
0.49057900
0.95420600
-0.47571800
-0.45134200
-0.23031300
-0.48868500
-0.17563200
-0.43216900
-0.69125500
0.03310750
-0.79634900
0.03158190
1.12499000
0.58371400
0.26278800
-0.11031600
-0.31526600
0.40734900
0.14323000
-0.70178500
-0.34644100
0.04319490
-0.42249900
-0.57106600
-0.76395400
-0.49241800
0.07845040
-0.13833800
-0.58049200
0.11921100
-0.43009000
-0.58147100
-0.49290800
-0.67254300
-0.16946200
-0.70138400
-0.23901200
-0.26043200
-1.06200000
0.09677980
-0.00744116
-0.22289900
-0.18209800
-0.33529500
-0.83847600
0.03448640
-1.05096000
-0.17180100
-0.50963700
-0.70055800
-1.07594000
-0.61934200
-0.91832600
0.04702330
-0.33823400
0.45906700
-0.29912800
0.10916900
-0.57230700
0.06907080
-1.11602000
-0.18030900
-0.08854690
-0.36236900
0.23549100
-0.37123900
-0.22413600
-0.63547700
1.03815000
-0.03677950
-0.99398100
0.43294900
-0.25683100
-1.10289000
-0.71894500
0.44452300
-0.75718600
-0.53311100
-0.28418600
-1.13718000
0.05001970
-0.54022700
-1.12473000
-0.29851200
-0.02654140
-0.44254500
-0.07349740
-0.08205770
-0.53023100
0.25500200
-0.42735500
-0.29010600
-0.35260200
-0.46375000
-0.41970300
-1.04731000
0.17992300
-0.69301600
0.73986600
-0.20201300
-0.74057200
-0.32492400
-0.30060000
-0.08773340
-0.11873500
-0.42787900
-0.35297900
-0.26328200
-0.48096500
0.03503080
-0.13441400
-0.29129100
1.28661000
-0.34460500
-0.40165900
-0.49900700
-0.46761200
-0.96552400
-0.82502100
0.40234700
-0.27081800
-0.00601384
-0.04223910
-0.65673400
-0.06523320
-0.28924500
-0.69666500
-0.34107800
-0.42905900
-0.26591300
-0.35502900
-0.58217500
-0.14715700
-0.42527800
-0.67060900
-0.08322390
0.60734300
-0.17486700
-0.72842000
-0.27171300
-0.36449900
-0.32152800
-0.28208000
-0.51192100
-0.70585000
-0.59303800
0.14842500
-0.39418500
-0.18988900
-0.42537600
-0.20670900
-0.49840500
-0.48023000
-0.38648700
-0.13537600
-0.23795000
-0.40752300
0.14550400
0.68379000
0.88108000
-0.02045500
-0.30406100
0.34382800
-0.28708700
-0.46545600
-0.48209200
-0.22318900
0.26150900
-0.48680300
1.20958000
-0.48567600
-0.47402800
-0.73168400
-0.35742900
-0.63226100
-0.18915900
1.14126000
0.21237000
-0.34775200
-0.31951100
-0.37268900
-0.07990520
-0.63775500
-0.59767800
-0.45492300
-0.24313000
-0.25328100
-0.65177100
-0.21891700
-0.41957500
-0.41030300
-0.25349400
-0.35190500
0.18899300
-0.19986700
-0.22883500
-0.49624000
-0.73655500
0.51767100
-0.50353300
0.28863300
-0.32461900
0.79554000
-0.18918400
0.13813300
0.45113000
-0.38671300
0.75450000
-0.37257300
-0.53004800
0.66996200
-0.43265400
-0.68875600
-0.39364100
-0.02765510
-0.05505130
-0.47500200
-0.80924100
-0.48189900
-0.45204600
-0.18718300
-0.31376600
0.53156400
-0.62203100
-0.15654700
-0.07788810
-0.34279000
-0.56838400
-0.37938500
-0.52039100
0.16317300
-0.16772700
-0.07570270
-0.01650290
-0.59852400
-0.16256400
-0.58089400
0.13440800
-0.54364300
0.18021400
-0.53081900
-0.28993200
-0.37268100
-0.26960700
-0.72081200
-0.83471300
-0.46911300
-0.46269100
-0.10127200
-0.45651200
-0.02617520
-0.25460000
-0.31940700
-0.67274600
-0.89959100
-0.14946900
-0.37936900
-0.05853860
-0.61045900
-0.85610900
-0.50330300
-0.41904400
-0.73804700
-0.26146400
-0.22509700
-0.33780500
0.28465600
-0.29212300
-0.43915100
-0.22286700
-0.84018200
0.00481189
0.41749000
-0.44838000
0.25692400
1.07606000
-0.76892700
0.38823500
-0.77880600
-0.31695200
-0.01371550
-0.50374500
0.17505200
-0.28238400
-0.14533900
-0.81716400
-0.19554000
-0.55152600
-0.52209100
-0.69756100
-0.09324840
-0.17437100
0.06207180
-0.70995400
-0.58327900
-0.54990600
-0.22435900
-0.31754100
-0.52664500
-0.09244140
0.14833100
0.24278000
-0.39388800
-0.36566600
0.38403100
-0.27197200
-0.19522200
0.16650100
0.49557400
-0.71257500
0.51888100
-0.38243000
-0.59099400
-0.29621800
0.35082500
-0.50926600
-0.45106600
-0.75254500
-0.14130100
-0.07255950
-0.52503900
0.05057000
-0.19028900
0.04995520
-0.71059500
-0.28211900
-0.70864500
0.93735200
-0.13965300
-0.35801600
-0.43596100
-0.26520200
-0.10490600
-0.11439400
-0.53215500
-0.21815500
-0.28356300
-0.61962400
-0.60223600
-0.85960500
-0.21907800
-0.64207700
-0.29683500
-0.38950000
0.12162700
0.21853000
-0.07281350
-0.24453800
0.30961900
-0.44600900
-0.20359300
-0.58731400
0.12761900
0.80889600
-0.63104700
-0.80316100
-0.26415800
-0.34707900
-0.64945400
-0.21539600
-0.96386800
-0.43602800
-0.88393800
-0.38778500
0.01396950
-0.43829600
-0.05789580
-0.37250700
-0.25318500
0.38808400
0.11766600
-0.22793800
-0.30005200
-0.00912799
-0.64099600
-0.54932500
-0.62323100
-0.62433700
-0.59913300
-0.56908700
-0.88935400
0.14347600
-0.92259800
0.17298600
-0.30928300
-0.29568900
-0.02756770
-0.27701800
0.05753250
-0.66072900
-0.49866500
-0.49872400
-0.24196600
0.20734200
-0.37303200
-0.54546900
-0.30641200
-0.58333400
-0.84599100
-0.75776000
-0.58376300
-0.37866600
-0.50411500
-0.36840900
-0.32962500
-0.22618400
0.17103300
-0.21569100
-0.31830100
-0.38740000
-0.15375000
-0.39730400
-0.61206000
-0.13137100
-0.29176200
-0.11368700
-0.70659400
-0.18958300
-0.26431900
0.12498500
-0.73631400
-0.11791500
-0.17651200
-0.25290700
0.05021820
-0.18981200
-0.79602500
-0.22775800
0.35216400
-0.30221500
0.44300600
-0.04577490
0.08334840
-0.47007000
-0.93763700
-0.14683400
-0.19386500
-1.07289000
-0.48976100
0.25225900
-0.67004800
-0.82483000
-0.66723200
-0.13119000
-0.70617800
-0.45819500
-0.20749300
-0.40166600
-0.31697500
-0.01237800
-0.17862600
-0.24459800
-0.20512400
-0.38032900
0.58471200
-0.51116900
-0.36693800
-0.35412200
-0.68813200
-0.32593700
-0.38764100
-0.30092500
0.20105700
0.35518400
0.08912160
-0.76962400
-0.46750700
-0.47118900
-0.64896400
-0.68152200
-0.41971500
-0.07235560
0.11650200
-0.75754600
0.13750700
-0.14608900
-0.58505900
-0.84765600
-0.26704900
-0.34569700
-0.59565400
-0.36927000
0.28748100
-0.50981700
-0.45498900
0.29660800
-0.88171100
0.55621400
0.03698540
-0.14538800
-0.23286900
0.19782900
-0.45522200
-0.69694100
-0.26046700
-0.27126700
0.05709780
-0.25591900
0.95486700
-0.17025800
1.31057000
-0.50148400
0.30357400
0.16343700
-0.36113100
-0.19607100
-1.01653000
-0.29684100
0.59671600
-0.46034200
-0.58231400
-0.34352400
0.19442500
-0.04266150
0.21259100
0.04740600
-0.42088700
0.02347200
0.10085500
0.04171300
0.18225800
0.82868700
0.49105800
0.09105670
-0.06888930
1.15608000
-0.33030800
-0.10319300
-0.56540800
-0.58965000
0.20254700
0.09647320
-0.63852200
-0.27853900
-0.36384600
-0.28904900
-0.58288800
-0.27594800
0.39205600
-0.25788000
-0.06955240
-0.07335500
0.30396500
-0.14325400
-1.06947000
-0.37695900
-0.47415800
0.80486800
-0.85493600
-0.37951400
-0.41096500
-0.15184000
-0.79132900
-0.14601200
-0.39732700
-0.26730900
-0.32440300
-0.32792200
-0.36653500
-0.34351700
-0.20582300
-0.15399000
-0.62874100
-0.38143900
-0.62690700
-0.25697900
-0.06527780
0.12337700
-0.29070900
-0.67718200
-1.03060000
-0.16582700
-0.29043300
-0.19050000
0.01248380
-0.89627500
-0.13829400
-0.68396200
0.75676100
-0.13320100
-0.27560300
-0.44107900
0.29100700
-0.24397800
-0.22136300
0.02007370
-0.21102200
-0.29827300
-0.30190100
-0.34007400
-0.29802600
0.50390600
-0.06661840
0.00950148
-0.61579000
-0.44016000
-0.31182700
-0.07494860
-0.46233700
-0.51241500
-0.72789900
0.23156100
-0.54793500
-0.78971500
-0.08580270
0.29164400
-0.85808900
-0.52124600
0.10483400
0.22049700
-1.31297000
-0.60082200
0.65448200
-0.83336500
1.41035000
-0.48385100
0.01267110
-0.19965700
-0.69419800
-0.66288200
-0.11438800
-0.63933400
0.44028100
-0.68630100
0.20425700
1.09270000
-0.56856900
-0.76744500
-0.49637000
-1.13266000
-0.32787600
-0.61046800
-0.54652200
-0.28124900
-0.30707900
-0.37811000
-0.38977400
-0.65094400
-0.17950700
-0.28999100
-0.53272300
-0.45136500
-0.76372800
0.86863200
-0.54373400
-0.36946300
-0.60311600
-0.09316950
-0.13204800
-0.36143100
-0.48894200
-0.45500500
-0.72682700
-0.11810100
0.08817850
-0.41098400
-0.27569600
-0.33918500
-1.05582000
-0.61157900
-0.54869400
-0.92187000
-0.73416500
-0.22886300
-0.46247400
0.10219100
-0.64624000
0.59533200
-0.01253420
-0.78054400
-0.94353100
0.36704400
-0.69785400
-0.27322900
-0.38513100
-0.44927800
-0.19850200
0.00696437
-0.26117700
-0.03774950
-0.32486100
-0.58137400
-0.54090900
0.29692900
0.30620200
-0.71960100
-0.43129400
-0.54514500
-0.32262800
-0.54327600
-0.75770400
-0.41665300
-0.49307100
-0.24694100
0.01536260
0.21163200
-0.74076500
0.48559500
-0.55536900
-0.14763600
-0.73333400
-0.03275760
-0.87247800
-0.65126000
-0.25367700
-1.09786000
0.01027220
-0.06439470
-0.23179000
-0.46601000
-0.15461100
0.34688800
-0.34097100
-0.32428700
0.02600570
-0.43090000
-0.12251600
0.00033748
-0.68142400
-0.10689400
0.29579200
-0.05249090
-0.53778100
1.31386000
-0.39257400
-0.37468700
-0.18138800
-0.51287300
-0.18052200
-0.23167000
-0.40326500
-0.55828900
-0.11284100
-0.46737500
-0.11785200
-0.42176800
-0.00440309
-0.23246700
-0.12391200
-0.43085600
-0.44094800
-0.41850000
-0.71401200
-0.02795800
-0.10061900
0.22354600
-0.03158760
0.30555600
-0.02443140
-0.44490600
0.54464100
-0.39760400
-0.45031100
0.10002200
-0.08149480
-0.08927210
-0.31870800
-0.67360600
-0.22690400
-1.04041000
-0.35245000
-0.27979700
-0.29634000
-0.34076500
0.01571000
0.03385770
0.05124010
-0.31364200
-0.28937600
-0.49134600
-0.35589400
-0.34296700
-0.14063400
-0.45789200
-0.54713600
-0.28255700
-0.23130200
-0.03165790
-0.26393300
-0.20622000
0.97570300
-0.40322300
-0.36198100
-0.79477500
-0.59944000
-0.42066800
-1.21790000
-0.44589200
-0.04351500
-0.94670600
-0.15765600
-0.33950800
-0.50866200
-0.38710600
-0.96907600
-0.36414300
0.07572470
0.25102700
-0.23505300
-1.42709000
-0.61569100
-0.08216070
-0.48215500
-0.16453700
0.66223400
-0.22267500
-0.45762600
-0.41345900
-0.64861600
-0.95615400
0.35459400
-0.43193300
-0.49702300
-0.04596810
0.14468200
-0.19976500
-0.17696600
-0.91041100
-0.31267200
0.03590210
-0.24690400
-0.23051000
-0.13598300
-0.19840000
-0.53388500
-0.16151400
-0.12717000
-0.25651500
-0.31017000
-0.47455500
-0.37778600
0.03388860
-0.55158500
-0.36129200
-0.34769600
-0.40921600
-0.34429700
-0.12614700
-0.41240000
0.52331700
-0.59775300
-0.32305000
-0.56519200
0.03082630
-0.98899200
-0.44959600
0.00108765
0.71913200
0.01268990
0.21879400
0.12094800
-0.50006700
-1.22947000
-0.30902200
-0.35869200
-0.49405300
-0.54499100
-0.16849700
-0.22682600
-0.41617300
-0.18358500
-0.14497000
-0.26986000
-0.41136800
0.28853000
-0.16861700
0.13961900
-0.10263600
0.54841100
-0.43405400
-0.61044100
-0.41946700
-0.00481399
-0.26692100
0.09262030
-0.22533900
1.18837000
0.09546210
0.12879000
-0.29115100
0.04387920
-0.17129800
0.34468200
1.53643000
0.02922360
-0.68734500
0.48109900
-0.18949300
0.49947900
-0.27354100
0.12488600
-0.47220400
-0.18194500
-0.47715100
-0.33710300
-0.53200500
-0.29353300
-0.08044750
-0.68778300
-0.16313500
-0.40167800
-0.36895400
-0.40788800
-0.89301000
-0.07649300
0.13749500
-0.40408400
0.02809590
-0.57277600
0.44863200
-0.21894700
-0.30478800
-1.03738000
0.10520700
-0.42729700
-0.38947900
-0.78131500
-0.60355800
-0.43323700
-0.44777600
0.39385400
-0.48474900
-0.03262390
0.39305600
-1.05725000
-0.49728000
-0.02404430
-0.46226700
-0.41075000
0.04673270
-0.33900800
-0.97855400
-0.37883900
-0.32736200
-0.47398600
-0.13136900
-0.15773200
0.12552300
-0.69703900
-0.65128200
-0.08217470
0.32583400
-0.46924000
-0.50213000
-0.85608400
-0.40319600
-0.43712100
-0.02938410
-0.76844300
-0.04108690
1.37196000
-0.46425700
0.10867900
-0.42861700
-0.81966500
-0.48840400
-0.41839800
-0.47103600
-0.03690260
-0.16622400
-0.24375200
-0.04158930
-0.63385500
-0.48592200
-0.48626600
-0.26851200
-0.77901400
-0.29520800
-0.38405700
0.82219000
-0.50606900
-0.35314700
-0.85010000
-0.43768000
1.45985000
0.02405540
-0.24950100
0.57927300
0.34230300
-0.00337685
-0.52936500
-0.25317600
-0.22985900
-1.33335000
-0.53557900
0.32180500
-0.13204000
-0.29733600
-0.54758700
-1.00163000
-0.08699090
-0.84482900
0.03661790
-0.20510300
-0.29154500
-0.50764900
-0.12378700
-0.96973200
-0.20629400
-0.23548300
-0.61376300
-0.37842600
-0.45182300
-0.64424700
-0.77250800
0.21300200
-0.25612300
-0.43328600
-0.42381500
-0.31776500
0.03430780
-0.63354700
-0.33959100
-0.35973700
-0.44797100
-0.32313300
0.41535100
-0.24342700
0.04783540
-0.48965600
0.28207100
-0.06282530
1.94432000
-0.36400500
0.18699300
-0.66649500
-1.23878000
0.61344200
0.29706800
0.56527400
-1.15151000
0.09467160
-0.61746300
0.06283210
-0.16742100
-0.54193200
-0.35485100
-0.39951700
0.49691500
-0.56064500
-0.33692800
-0.27176000
1.24154000
-0.03216960
-0.88935400
-0.48935000
-0.35964000
0.10409100
0.34017200
0.03201440
-0.86296100
-0.44117600
-0.73318800
-0.25997400
-0.17614600
-0.27782800
-0.18153800
-0.47830200
-0.83965800
-0.45203800
-0.47576700
-0.20948900
-0.00582844
0.22866400
-0.90837300
-0.25326100
-0.91028000
-0.25316800
-0.91015200
-0.23159600
-0.56469600
-0.26482400
-0.24073000
0.11359000
0.18082400
0.53077300
-1.09900000
0.23521900
-0.33137900
-0.06300870
0.27702500
0.25162400
0.28547500
-0.02690240
0.49403600
0.24277100
0.79130000
0.54997600
-0.17491800
-0.18466100
-0.56191000
-0.33041300
-0.60056600
-0.34617700
-0.99855300
-0.33268900
0.58456300
-0.39366200
0.30307800
0.05124010
-0.54682700
0.05008090
-0.81299200
-0.15873600
-0.28860400
-0.15599200
-0.29455000
-0.16886900
0.09625410
-0.44603600
-0.41249800
0.19129400
-0.60498400
-0.46659700
-0.36565700
-0.48921700
0.03952520
-1.11120000
-0.76474000
0.87553500
-0.53917400
1.04999000
1.00713000
-0.28066800
0.45004900
0.64107100
-0.03296160
0.22716600
-0.68597800
-0.49576600
-0.58009000
-0.28031800
0.29763000
-0.83933900
-0.57190400
-0.08633670
-0.88049500
-0.99539000
-0.39836000
-0.43447200
-0.28031800
-0.57632700
-0.14740000
-0.35110500
-0.38412300
0.36955700
0.10235200
-0.60088700
-0.56660800
-0.93213000
0.01178010
-0.66985300
-0.50662500
-0.33501200
-0.05106720
0.01146920
-0.13611400
-0.02715690
-0.38632900
0.14540900
-0.19262700
-0.39861400
-0.21987100
-0.51464800
-0.63559100
-0.35665000
-0.75750800
0.43781100
-0.66729800
0.23496100
-0.18909400
0.03922990
-0.67405100
-0.74484200
0.42662100
-0.71100900
-0.90807200
-0.12630400
-0.59098000
-0.09178970
0.08799750
-0.03361310
-0.45650100
-0.20774000
-0.43192500
0.13550400
-0.45685500
-0.42780800
-0.86119400
1.03146000
-0.20307400
-0.35967400
-0.97618700
-0.46181600
-0.65340800
0.26187600
-0.26714300
-0.72609100
-0.39361200
0.25004400
-0.42082400
0.00760358
0.06333550
-0.38024800
0.10500200
-0.10859500
-0.10859500
-0.19936800
-0.84663500
-0.10876600
0.65284300
-0.55299100
-0.19871900
0.26767200
-0.47316500
0.09349200
-0.46740300
-0.24584300
-0.03724170
-0.50176200
-0.52767300
-0.39524500
-0.07474230
0.13757300
-0.29416300
-0.39430000
0.04844260
-0.35394600
-0.22261600
-0.94912500
-0.59078800
0.84377500
-0.14305600
0.05213350
0.03225680
0.01903700
-0.46890600
-0.45342200
0.52968200
-0.35775000
0.28155200
0.28501400
-0.42032600
-0.26920900
-0.46060800
-1.02119000
-0.50065200
-0.57848500
0.00198471
-0.33814700
-0.73887300
0.44280700
-0.17205000
-0.59887400
-0.38312200
0.51703600
-0.89257900
-0.75473000
-0.06869910
0.25104100
-0.33278700
0.21290100
1.04012000
-0.15413200
-0.12052000
-0.54363000
-0.28780200
-0.53879500
-0.34405900
0.16691700
-0.46839300
0.10780500
-0.92298800
-0.42205000
0.75296000
-0.63490800
-0.20348000
-0.32135900
-0.39861400
-0.17723600
-0.26914900
-0.20043900
-0.20434200
-0.06174360
-0.28169400
-1.03961000
-0.67691000
1.08420000
-0.54257200
-0.82591200
-0.10796200
-0.73103200
-0.39798000
-0.57246000
-0.39345600
-0.38137900
-1.06766000
-0.05410240
-0.40258300
-0.38120300
-0.16916700
0.14867100
-0.30431500
-0.40446900
-0.94616500
-0.23903300
-0.42297300
-0.42297300
0.20639300
-0.13741500
0.45539700
-0.31860700
-0.49853900
-0.29058800
-0.87274000
0.19798200
-0.06774170
-0.00620160
-0.53666600
0.02648680
-0.55709000
-0.37982900
0.39860600
-0.66879200
-0.17851900
-0.45251500
0.44398500
-0.45222600
0.61905400
0.39916000
0.44434300
-0.13091200
0.88161200
-0.15264800
0.05370990
-0.82959700
-0.53923900
-0.48820400
-0.95879700
-0.05997960
-0.15031600
-0.25775600
-0.41565400
-0.74744100
-0.77029600
1.51539000
-0.38730200
-0.70869100
-0.10464100
0.89519400
-0.91623000
0.04288460
-0.50603900
0.13819500
-0.59145800
-0.73522800
-0.31374900
-0.53550600
-0.73183900
-0.46798100
-0.59644000
-0.32445400
-0.00023206
-0.66612800
-0.50148100
0.09922410
-0.82020700
0.01018980
-0.47318500
0.01085280
-0.20468900
0.03722480
-0.73007400
-0.06764750
0.19900400
0.24390900
-0.31270700
-0.35817500
0.77747300
0.42291800
0.44375000
-0.11174300
-0.08955250
-0.54737900
-0.27580200
-0.13424200
-0.24324900
-0.20252200
-0.22310500
-0.01304050
-0.21543100
-0.69436600
-0.06830390
-0.15694100
-0.75409500
-0.54537900
-0.73121900
-0.30026300
0.28273900
-0.31480300
-0.68602900
-0.16874500
-0.25942700
-0.78794600
-0.27061600
-0.28631900
0.01933920
-0.27119500
-0.40731400
-0.60452600
-0.86383400
-0.28607700
-0.50332400
0.24601800
-0.27961000
1.38123000
-0.22837600
0.54078400
-0.65882000
-0.47417700
-0.74351900
0.00663503
-0.89962500
-0.04154400
-0.27426400
-0.21338600
-0.30155500
0.42591100
-0.10981200
0.38323900
0.50144100
-0.14176000
-0.48065100
-0.16051900
-0.14919800
-0.37431900
-0.54686800
-0.43538500
-0.12622100
-0.50318100
0.17301200
-0.00297153
-0.32882000
-0.16974200
-0.85488700
-0.43981100
-0.62499200
-0.58038200
-0.10803000
-0.35298100
-0.47287600
-0.32832700
0.16753500
0.24327400
-0.67165300
-0.97521500
-1.12221000
-0.31004000
-0.56425300
-0.17355900
-0.91551400
-0.12251400
0.28360800
-0.59752600
-0.71976100
-0.01620740
-0.15713300
-0.47493300
-0.26777800
-0.45158100
-0.62009800
-0.84060200
-0.32150900
0.37194100
-0.70970600
-0.48268200
-0.20279400
-0.18523800
-0.45815200
-0.69866700
-0.73611800
-0.07415220
-0.33775500
-0.42334100
0.02254850
0.02920750
0.17710600
0.06339260
-0.88452000
0.03507450
-0.20819400
-0.54592900
0.08338310
-0.57614700
-0.46689300
-0.27517400
-0.18510900
-0.21468300
-0.47464900
-0.91636400
-0.31792900
0.36194100
-0.33436100
-0.13328500
-0.11754700
1.96673000
0.14700100
-0.33059800
-0.01505640
-0.11480200
-0.27674100
-0.34715500
-0.50317700
-0.57434900
-0.26622800
-0.56095100
-0.86205100
-0.36141600
-0.15966600
-0.59713300
-0.41287100
-0.13226100
-0.07147560
-0.24788100
-0.02203940
-0.48073500
-0.57702200
-0.31802300
-0.47931700
-0.38280200
-0.43406200
-0.28255300
-0.79098800
-0.66656800
0.25022700
-0.39163400
-0.58008900
-0.37024600
0.12929100
-0.28170100
-0.33033300
-0.31501500
-0.24052300
-0.37097000
-0.55609700
-0.17869600
-0.16052500
-0.43649300
-0.14322400
-0.58870100
-0.28840800
-0.17254100
-0.17717200
0.07729400
-0.42013000
-0.17973300
-0.72711400
-0.40089900
-0.17301100
0.74102100
-0.36411300
0.22029400
-0.43584900
-0.40236800
-0.46129900
-0.67033100
-0.65507500
1.08457000
-0.40916900
-0.92409700
-0.60540100
0.06138130
-0.95224700
-0.26956300
0.09436200
-0.16398300
0.38334200
-0.57582800
-0.14078400
-0.28952800
-0.69713600
-0.60383500
-0.31298800
-0.31937900
-0.73513400
-0.51881000
-0.40105400
-0.73154800
-0.22459100
-0.02268390
-0.17514200
0.35954000
-0.76301500
-0.64448100
-0.20385100
-0.57316000
0.01297600
0.32971600
-0.54814200
-0.36548200
0.33089000
-0.76314100
-0.04743300
-0.85119800
-0.34925600
-0.31902200
-0.74751400
-0.67214500
-0.55160600
-0.18880000
-0.22395000
0.40210300
-0.38035600
-0.27787000
-0.15229100
0.36369800
-0.07909420
-0.26633200
-1.15642000
0.13610300
0.08087180
-0.30160800
-0.14669200
-0.50053700
-0.27367000
-0.16928300
-0.54529800
-0.37146500
-0.07780430
-0.54420100
1.09409000
-0.30138400
-0.57673600
0.19490200
-0.05190240
-0.93982700
-0.34265100
-0.15679100
0.14656800
-0.64542000
-0.57366300
-0.77765900
-0.55196000
-0.29824100
-0.62022400
-0.49405300
0.02649300
-0.39520700
-0.23372500
-0.40655800
-0.69642900
-0.64960100
-0.65579400
-0.12143200
-0.64434300
-0.13479300
-0.54579600
-0.49579500
-0.66369900
-0.55998900
-0.42014500
-0.17865100
0.00102030
-1.07600000
-0.38819100
0.00475555
-0.51619600
-0.46247300
-0.35925200
-0.43207100
-0.47176300
-0.42310800
-0.40597300
-0.56644100
-0.30909100
-0.87228700
-0.47823200
-0.55790000
-0.21549200
-0.52582400
-0.28441100
-0.34252600
0.66761200
-0.57977800
-0.09239540
-0.36222700
-0.20742800
-0.44291700
0.59635300
0.79628100
-0.03926350
-0.26127300
-0.68745900
-0.86676200
-0.36188100
-0.31233800
-0.23873900
0.22958800
-0.54054200
-0.33331800
-0.05252330
-0.09740430
-0.30060800
-0.10912600
0.40389300
-0.51058100
-0.51275900
-0.34947800
0.11432100
0.36755000
1.54136000
0.23028100
-0.40477300
0.36109900
-0.19711400
-0.32165500
-1.29084000
0.90129600
1.47216000
0.23016400
0.40590200
0.34122300
0.94060200
0.25815300
-0.66918600
-0.06789900
-0.11149600
-0.57934100
-0.98844700
-0.80319100
-1.24206000
-0.19326200
0.03544850
-0.67725200
-0.63911000
-0.12559500
0.15496800
-0.26632600
0.09353370
-0.33008700
-0.10398500
-0.21123100
0.22205800
0.37396500
-0.23220500
0.77907500
0.17088100
0.64130600
0.47312500
-0.65170700
-0.59702100
0.02007990
-0.50971700
0.37596400
0.06387430
-0.01638990
-0.10080200
-0.41932400
-0.30944200
0.76294800
-1.03191000
-0.97910600
-0.56588600
-0.12725200
0.00876195
0.11886200
-0.45708900
-0.27752900
-0.14756600
0.05233200
-0.19192300
-0.58712300
-0.44511800
-0.15697200
-0.16968200
0.15862100
-0.28038500
0.23382000
-0.53871600
1.48963000
0.03411990
-0.19051600
-0.41945900
-0.25674000
0.59012700
0.28628500
1.06774000
-0.13476500
-0.19923500
-0.73257100
-0.46324300
-0.17166600
-0.49730500
-0.05314400
-0.90090300
0.08518510
-0.52416300
-0.26737500
-0.46573000
-0.23409900
-0.05479540
-0.66066600
-0.40659800
-0.43700200
-0.25383300
-0.33772300
-0.25794800
0.24367500
-0.14953000
-0.57007300
-0.52232600
-0.69566900
-0.15327700
-0.42434900
-0.73981400
-0.51106400
-0.48315100
-0.70906200
-0.66040200
-0.22878100
-0.27446900
-0.64885300
-0.17261300
-0.83329100
-0.61556100
-0.86019000
-0.51274900
-0.46718400
0.28007000
-0.60800000
-0.45300400
-1.22617000
-0.51307700
-0.51550100
-0.60169700
-0.82978500
-0.37908100
-0.30860000
0.15480800
-0.37864400
-0.45644500
-0.13573800
0.13227500
-0.13365000
-0.07082300
-0.26348800
0.03857410
-0.40754900
-0.07965580
-0.13408400
-0.66144800
-0.31548200
-1.40813000
-0.34826000
-0.11776900
-0.36194800
-0.21109900
-0.33703200
-0.80647700
1.89739000
0.75968100
-0.38837000
-0.32331600
0.00211102
0.01130230
-0.16344000
-0.61097200
0.33901100
-0.12025700
0.10372100
0.46055300
0.30962100
-0.53665800
-0.27443800
-0.40973700
0.32875600
-0.51895500
-0.19935200
-0.11381900
-0.53378400
-0.52814400
-0.29784800
-0.58675600
0.10720200
-0.13955700
-0.42823700
-0.26606700
-0.10458200
-0.30891500
-0.13241400
-0.09762730
-0.15672600
-0.28791800
-0.16506600
0.51614600
-0.43359300
-0.56602000
-0.28829800
-0.40392100
-0.04672920
-0.66063200
-0.46777600
-0.53839200
-0.44845100
-0.39137100
-0.56108600
-0.44764200
-0.75580600
-0.02876100
