0.11319200
0.11881700
0.05643750
0.38498400
-0.15190100
-0.37913700
-0.24910800
0.06881200
0.06452520
0.03045250
0.11219500
0.52699800
-0.13762600
-0.00315004
-0.11268200
0.95632000
0.45951500
0.39033500
0.76868200
0.20380600
0.88612000
0.06358140
0.51109500
-0.00042352
0.43137800
1.27608000
-0.15068500
0.09215690
0.56803000
0.46408600
0.07075910
1.44193000
1.64198000
0.25051000
0.75662000
1.28122000
0.37304900
1.39027000
0.76069000
0.93455000
0.95997800
1.15809000
0.83113800
0.47822900
0.33596500
0.49028300
0.72105300
-0.00977999
-0.27447300
-0.22017000
-0.19594100
-0.40392900
-0.11447600
-0.18085100
0.18144400
-0.27926800
-0.21638600
-0.33666400
-0.27465900
-0.17964200
-0.20291900
-0.41445100
-0.24356400
-0.04741160
-0.35728500
-0.18535000
-0.29633600
-0.10279100
-0.20477300
-0.23090000
-0.27328900
-0.34462000
-0.23520800
0.40383300
-0.19536600
-0.31830400
-0.27868200
-0.23694400
-0.15516700
-0.18269300
-0.37326600
-0.34160000
0.01984260
0.17442300
-0.27444500
-0.21278500
-0.20365100
-0.19492200
-0.30803900
0.14673500
-0.25393500
-0.14193800
-0.09505410
-0.33759700
-0.05445040
-0.32833700
-0.05164940
-0.22722200
-0.35658800
-0.36747600
-0.21150600
-0.17677800
-0.28757700
-0.26112100
-0.40983100
-0.22348900
0.50015100
0.48299500
-0.04465330
0.35470100
-0.36691500
0.47265000
-0.20559000
-0.13954400
-0.14444600
-0.16785800
-0.33021000
-0.27757000
-0.11919700
-0.08896070
-0.25744600
-0.29680900
-0.22119100
-0.07630630
-0.43443400
-0.39265800
-0.13133100
-0.37403500
-0.25598000
-0.11042800
-0.30934200
-0.14303300
-0.41732100
-0.14851900
0.09292240
-0.30966400
0.24386200
-0.12686000
-0.73218100
-0.21900300
-0.11410600
0.77712200
0.01157030
-0.08657590
-0.20245500
-0.23610100
0.06000070
0.38976000
0.01876560
-0.09119100
-0.08489460
-0.38631800
-0.32752100
-0.17765400
-0.11336600
-0.36585700
-0.20689800
-0.25783100
-0.21304200
-0.28863600
-0.12186600
-0.16357400
-0.33480100
-0.34772700
-0.26526600
-0.19073600
-0.27504300
-1.04429000
-0.31605500
-0.20636900
1.08852000
-0.41632800
-0.23578300
-0.20815400
-0.11147200
-0.32111300
-0.18139300
0.52894900
-0.24334500
0.01130790
-0.20350100
-0.20558800
-0.40875700
-0.38872200
-0.20061000
0.27399200
0.69581600
-0.09441360
-0.34155900
-0.32366200
-0.18004600
-0.07010310
-0.24302400
-0.19276100
-0.27239600
-0.17942200
-0.24663100
-0.12413300
-0.22776900
-0.56407100
-0.41498000
-0.19627200
-0.27692900
-0.16566500
-0.25762400
-0.19163400
0.54608400
-0.44718100
-0.26224700
-0.29868200
-0.31599200
-0.22716000
-0.42707600
-0.30132600
-0.20367700
0.27253000
-0.16281200
-0.19028500
-0.30511600
-0.03883820
-0.14168500
-0.19594800
-0.09759110
-0.25397300
-0.27565500
-0.25126900
-0.23188900
-0.10170400
-0.49558100
-0.27700700
-0.19988700
-0.23680600
-0.12640700
-0.31377400
-0.18195700
-0.32232500
-0.29555100
-0.07268770
-0.20383300
-0.12660800
-0.17838300
-0.21038200
0.01320640
-0.30926700
0.18255600
0.08700190
-0.04814230
0.67655300
0.34906700
-0.06187500
-0.11808100
-0.24329800
-0.18858100
-0.16458800
-0.11439200
0.01091010
-0.15550400
-0.24311900
-0.21577800
0.22027000
0.11674000
-0.27096400
-0.36416200
-0.27728700
0.03938230
0.37192500
-0.09065050
0.07352700
-0.14100700
-0.26825500
-0.18513900
0.41415100
0.14772000
0.04202720
-0.33255700
-0.15736900
-0.26079900
-0.03381840
0.09661990
-0.26017000
-0.47917600
-0.26472100
-0.23437700
0.02061140
-0.14062700
0.00870866
0.59696000
-0.09206700
-0.22703100
-0.28048000
-0.39127400
-1.08931000
-0.23772200
-0.17551100
-0.24425200
-0.27343500
-0.14443600
-0.45177100
-0.23664700
-0.25187000
-0.17687500
-0.21822900
0.27265800
-0.30004400
-0.04303830
-0.30244800
-0.38879600
-0.27439400
-0.06275150
-0.27610000
-0.14570200
0.29318300
-0.26862800
-0.05994400
-0.17617200
0.34817300
1.31924000
-0.29448900
-0.23039700
-0.45080300
-0.31540700
-0.18919500
0.41286900
0.16084800
-0.06364480
-0.27271100
-0.29166800
0.30328200
0.22479900
-0.34810200
-0.00472337
-0.14128600
-0.29914300
0.37898400
-0.14458300
0.36538100
0.42603500
0.09846370
-0.27864200
0.00258228
-0.18034700
-0.16889600
-0.33168700
-0.21032800
-0.36235200
-0.24520400
-0.35149900
-0.17946700
0.10219300
-0.25904400
0.08694120
-0.14827400
-0.25543900
-0.17109900
-0.16256800
-0.21069300
-0.22957200
-0.25490400
-0.35925800
-0.05499650
-0.43637700
-0.18121300
0.06591430
-0.11934800
-0.16548300
-0.09195640
-1.04377000
-0.42913600
0.10342000
-0.09993450
-0.13512700
-0.11194500
-0.17681300
-0.44037600
-0.21364800
0.08092830
-0.13772000
-0.04381710
-0.17972000
-0.00195718
-0.13664100
-0.41887600
-0.34976700
-0.17917600
0.58170900
0.06386880
-0.29579000
-0.43101400
-0.28705200
-0.17148100
-0.31855300
-0.24099000
-0.06105080
-0.27161500
0.10901100
-0.15947500
-0.25122200
-0.19507600
0.58308700
-0.01560480
0.51751700
-0.10391500
0.20016100
-0.23517000
-0.32320100
0.87792800
-0.30539300
-0.33526800
0.66642800
-0.31263300
-0.28801500
-0.23478800
-0.19348100
-0.23573600
-0.13461700
-0.26134800
-0.25622300
-0.27468800
-0.29231300
0.42361900
-0.26286500
-0.16650100
-0.27688400
-0.26335700
-0.38628000
0.05783840
-0.27846600
-0.18218700
-0.17386300
-0.27121100
-0.29014300
-0.20394800
0.32626700
-0.12114600
-0.26849500
-0.22938500
-0.31773300
-0.59864800
-0.31263100
-0.33750600
0.29095000
-0.25781600
-0.32925100
0.33995000
-0.28850900
-0.35026800
0.83855200
-0.27307000
-0.08606840
-0.16452100
-0.02812440
-0.07701480
-0.20297800
-0.17672000
0.42532700
-0.16246700
-0.22025200
-0.29465700
0.96951300
-0.18316700
-0.31106400
-0.26720100
-0.46895900
-0.06064610
-0.04694300
0.22040800
-0.24179400
-0.25326600
1.00155000
0.06697250
-0.35693200
-0.15943100
-0.26195800
-0.17283900
-0.34254900
-0.13689100
-0.01427780
-0.26033400
0.20561500
0.41239800
0.54159300
-0.26035700
-0.20611900
-0.16949600
-0.03386910
0.13172800
-0.22345300
-0.17998000
0.97696600
-0.19190500
-0.27362300
0.13716100
-0.33640200
0.04565640
-0.21154800
0.52426300
-0.11247000
-0.16067500
-0.16941100
-0.19971800
-0.43960800
-0.10093600
-0.01663320
-0.14901200
-0.22421000
-0.18727400
-0.16324700
-0.32951700
-0.21349400
-0.37278800
-0.21597200
-0.36114300
-0.08458760
-0.21027300
-0.14424000
-0.42731500
0.39149900
-0.35887200
-0.15506200
-0.33673100
-0.25378300
-0.39412000
-0.29418900
-0.36871000
-0.18224900
-0.11975700
-0.29579000
-0.24222600
-0.07959620
-0.08295120
0.30794600
-0.23648700
-0.18169800
0.09096190
-0.10887400
-0.30959500
-0.25747300
0.19071000
-0.38915000
-0.20133200
-0.48134700
-0.45819400
-0.32058100
-0.35453900
-0.23549400
-0.28743200
0.49363600
-0.50546800
-0.17878400
-0.16198500
-0.39971400
-0.12192300
-0.03429060
-0.21898500
-0.17600500
0.42219900
-0.38867400
-0.18562700
-0.20169600
-0.28602500
-0.06272700
-0.18920400
-0.18463900
-0.04118070
-0.14504400
-0.27600600
-0.18410000
-0.21499100
-0.43619400
-0.32611500
-0.32336000
-0.24588000
0.53190900
-0.32192200
-0.16806500
-0.24437100
-0.27296700
-0.22238600
0.47170500
-0.19084700
0.19028000
-0.15821000
-0.18803900
-0.34069800
-0.16575000
-0.00040971
-0.35225400
-0.42687400
-0.31460100
-0.35215400
0.15732600
-0.02384310
-0.22895600
-0.11937500
-0.28710600
-0.26738700
-0.23847900
-0.16680800
0.46368900
0.10795300
-0.22743900
0.20409000
0.25076500
-0.18057300
-0.27890600
-0.16452800
-0.33644200
-0.17117700
-0.21073700
-0.40250100
0.05874110
0.33616700
-0.23073700
-0.22069000
-0.13910300
-0.21610500
0.52607900
0.10967800
-0.26714200
-0.19041900
-0.23816600
0.03589660
-0.13721000
-0.11377100
0.74932700
0.07957690
-0.35063700
-0.12340200
0.89803100
-0.23007300
0.21426800
-0.34328200
-0.22265800
-0.13923500
-0.30632100
-0.00255752
-0.15540900
0.14837500
-0.12791400
-0.18048000
0.10743900
0.24454600
0.56719800
-0.33353700
-0.27369600
0.01826700
0.10457200
-0.26254000
-0.26712600
-0.22993500
-0.15474500
-0.16880700
0.19865000
0.41231900
-0.21693300
-0.14026800
-0.02143240
-0.14821400
-0.20354500
-0.24671700
-0.22670300
-0.16877800
-0.26244000
0.67561800
-0.25606300
-0.10508000
-0.18852700
-0.19574100
-0.40260300
-0.26907900
-0.22558800
-0.25034000
-0.20998100
-0.23274000
-0.07040290
-0.27267100
-0.12460500
0.15274700
0.15929500
0.15640800
-0.23768200
-0.10377600
-0.22611100
-0.27367300
-0.10943300
-0.28348600
-0.29339900
-0.20557400
-0.32777300
-0.12355300
-0.18981700
-0.41685900
-0.12302000
-0.16752700
0.01310890
-0.27238900
-0.19373600
-0.34180700
-0.42137700
-0.15377600
-0.18808700
-0.40007400
-0.32310500
-0.21839400
-0.36414100
-0.32657200
-0.20889200
-0.25926700
-0.22927000
-0.28320700
0.10507800
-0.26965900
-0.28346000
-0.32890700
-0.32695500
-0.21634000
-0.18752600
-0.06606700
-0.40969500
-0.11103800
-0.32599700
-0.30101300
-0.36105300
-0.16604300
-0.17351700
0.22740500
-0.19598600
-0.13231400
0.26990600
0.73343700
-0.31340600
0.65433700
-0.14344500
-0.00293801
-0.29325700
0.09855990
-0.25292300
-0.20454000
-0.26951800
-0.22292400
-0.06340320
-0.27793000
-0.13984400
-0.25976600
-0.25537100
-0.34134300
-0.18305800
0.31934200
0.06657340
-0.28847300
-0.27686800
-0.26381400
0.26932000
-0.11164200
0.05687400
-0.26231500
-0.28492500
-0.46891500
-0.13039600
-0.22732200
-0.32072700
-0.23183300
-0.27990300
-0.28414900
0.15694500
-0.18904400
-0.18113900
-0.15912900
-0.04012750
-0.20262400
-0.12597800
-0.23751900
-0.07197360
-0.08251440
-0.16758800
-0.02792410
-0.40033300
-0.20215700
0.10390300
-0.25304100
-0.25628600
-0.24527700
-0.27676700
-0.02827770
-0.33655000
-0.27723100
-0.21653100
-0.12033400
-0.12725900
-0.10473900
-0.00077221
-0.16314000
0.35006600
-0.28770300
-0.08582810
-0.16903900
-0.35458600
-0.29479500
-0.34723900
-0.25362100
-0.30417900
-0.13818700
-0.19746800
-0.02900190
0.25093200
-0.14979000
0.41100700
-0.19497800
-0.19762500
-0.11610300
-0.08744170
-0.10251500
0.17367100
-0.28108100
-0.05555960
0.19034800
0.05943380
0.32178100
-0.32219400
0.10469900
-0.27269600
0.06703930
-0.23187800
0.17365500
-0.12276700
-0.30416000
-0.11242300
-0.42568300
-0.30206100
-0.24527700
-0.38103800
-0.20311400
0.05598260
-0.44180000
-0.34252500
-0.18943900
0.02861820
-0.24268900
-0.01884660
-0.25083100
-0.28036800
0.07391710
0.04145450
-0.06657380
-0.02321610
-0.15736800
-0.41867300
0.66464800
-0.00962249
0.48561100
0.00135599
-0.05847290
-0.12454600
0.10979600
0.07491150
-0.07789140
-0.12669400
-0.42844800
0.11668400
0.03791600
-0.38190900
-0.22382000
-0.12276400
-0.48404900
-0.28056100
-0.26592300
-0.48173800
-0.13698000
-0.23831400
0.08003830
-0.16674100
-0.27137900
-0.21142900
-0.16256800
-0.12862800
-0.22160400
-0.26609300
-0.24043400
-0.17550700
-0.38516800
0.01883270
-0.00633634
0.66359900
0.00279769
-0.31459700
-0.28888400
0.27007600
-0.22052800
-0.25869400
0.25051500
-0.29644900
-0.20979700
0.01849520
-0.08590670
0.01262060
-0.13094300
-0.31492200
-0.24888300
-0.19972100
-0.31230500
-0.25727100
0.43163900
-0.12359500
-0.26587900
0.07076140
0.05641740
-0.21417200
0.00208265
-0.29570700
-0.17499300
-0.38166700
-0.21171700
-0.36343000
-0.16350300
0.00077138
-0.20078900
-0.32284200
-0.16447300
-0.17721900
-0.17203400
-0.28606000
-0.20493400
-0.03565110
-0.42398000
0.67709500
-0.30605300
0.66298400
-0.17343400
-0.10018300
-0.48276500
-0.01421600
-0.17305300
0.18742500
-0.08526430
-0.11380300
0.98902100
-0.24060800
0.13719100
-0.22010200
-0.22456600
0.08298360
0.11541900
-0.34121000
0.02239660
-0.23340500
-0.06026200
0.64568400
-0.24171300
-0.21226100
-0.23624800
0.42611100
-0.30875000
-0.24591500
0.16165400
-0.22640200
-0.13889700
0.16792200
-0.22199100
-0.22941400
0.47866400
-0.20020800
-0.51624600
-0.31807200
-0.14306600
-0.10415500
-0.18104100
0.30491600
0.08153000
-0.08526690
0.04183920
-0.17685300
-0.30844400
-0.08784120
-0.16874200
-0.15251800
-0.36454800
-0.04724160
-0.11288800
-0.23393900
0.80056300
-0.38434800
-0.25664800
-0.13666200
-0.35667100
-0.02582390
-0.08895140
-0.28255700
-0.06124860
0.11127000
-0.10709900
-0.01413510
-0.15076200
-0.26743200
0.04191270
-0.29127100
-0.18953100
-0.23618500
0.25513000
-0.33847800
0.29239200
-0.42528300
-0.09701750
-0.27621500
-0.31492500
-0.02136340
0.26625500
0.47965100
-0.47347500
-0.43721600
-0.18985800
-0.11008300
-0.17873300
0.34792600
-0.04992310
-0.27514400
-0.14751100
-0.22278500
-0.29779000
-0.00773536
0.38159600
0.02686030
-0.33834000
-0.19987500
-0.26286600
-0.12715800
-0.17408200
-0.33931100
-0.17888700
0.03027840
-0.26899100
-0.34292400
-0.11860000
-0.03585610
-0.18115800
-0.18163700
-0.20336900
-0.05829550
-0.09477090
-0.00984537
-0.22385000
-0.29228900
-0.23169500
-0.24154200
-0.19716100
0.27871200
-0.10195100
-0.13925200
-0.25932900
0.13294100
-0.11562200
-0.29017000
0.29435000
-0.26556900
-0.23167400
-0.23823100
-0.29206500
-0.29195800
0.25941600
-0.30875900
-0.10521300
-0.27969800
-0.19242500
0.54608000
-0.16883200
-0.18633900
-0.24134800
-0.16959600
-0.20191000
-0.22910800
0.43132500
-0.18986300
-0.20000600
-0.23886500
-0.01403210
-0.23385900
0.42611100
-0.29235700
0.22036000
-0.24935600
-0.23337400
-0.19831200
-0.17356700
-0.17650400
-0.05034670
-0.39745400
-0.29098100
0.10879100
-0.15720900
-0.14521400
-0.01217860
-0.24552700
-0.07510500
0.02212890
0.16730600
-0.16806700
-0.23971700
-0.48670100
-0.38017600
-0.27403100
-0.25986800
0.07544590
-0.26139900
-0.16700800
0.45846000
-0.18828000
-0.22477100
-0.27199900
-0.00649168
0.09970040
-0.24530700
-0.28973700
-0.11398700
-0.20723100
-0.18579800
-0.19021800
0.04498290
-0.31965400
-0.17075900
0.16708100
-0.18266800
-0.16936800
-0.33873400
-0.05379260
0.25074400
-0.45456000
0.09864680
-0.23202500
0.39197400
-0.25188900
-0.39558000
0.24984000
-0.22465200
-0.21793400
0.40974300
-0.19310500
-0.30206200
0.57908600
-0.07808910
-0.29447900
-0.33767000
-0.18270400
-0.34220200
-0.18095400
-0.18900800
-0.25910700
-0.22382700
-0.19046900
-0.22794300
-0.19296300
-0.24962700
0.19037900
-0.06934230
0.17687300
-0.28113200
-0.26795700
-0.18029300
-0.25497200
-0.28371900
-0.22205700
-0.42078900
-0.35874300
-0.07465700
-0.13721900
-0.08862220
-0.29593600
0.16611500
-0.24924900
0.32321200
-0.02185710
0.02564110
0.12500700
-0.37514700
-0.22039200
-0.32988600
-0.10140400
-0.14006800
-0.32078700
-0.27337900
-0.20140000
-0.25504900
-0.32935200
-0.15073200
-0.24002800
-0.23052300
-0.23655800
-0.36845900
0.32428400
0.09003230
0.29869600
0.19796900
-0.13041300
0.61815600
-0.17596100
-0.08475050
-0.08710960
-0.31308100
-0.12961100
-0.32369900
-0.34299800
0.72990100
0.12184100
-0.45528800
0.19835800
-0.31316600
-0.20317200
0.32578400
0.00812208
-0.23940300
-0.20314100
-0.25982500
-0.35149900
0.35194500
-0.15242200
-0.23724000
-0.23255200
-0.31552800
-0.36923000
-0.19124000
0.20337700
-0.03542480
-0.22823800
-0.30260700
-0.23838200
-0.12348000
-0.30836700
0.33817900
0.59341800
0.08788760
-0.35888300
-0.33476700
-0.20661200
-0.24041600
-0.15639500
-0.29965200
-0.18559300
-0.31777800
-0.09037800
-0.11009700
-0.28111400
-0.24381200
-0.18686200
-0.14099600
-0.00299730
-0.00879732
-0.37830700
-0.15349900
-0.13134200
-0.11885700
-0.07124570
0.10590900
-0.22905600
-0.22990600
0.20265100
-0.29929500
-0.21263400
-0.42262500
-0.19034500
-0.30094900
-0.12603800
-0.39988400
-0.31027600
-0.19964800
-0.21770600
-0.26647400
-0.21736700
-0.19009300
-0.41513100
-0.16116900
-0.39005700
-0.23876400
-0.15781900
-0.18449800
-0.24647200
-0.25321700
-0.44696800
-0.13244500
-0.22302200
0.15129000
-0.24627100
-0.31102700
-0.35019000
-0.16915900
-0.16313700
-0.26611500
-0.23509200
0.45845200
-0.40860600
0.35826100
-0.21120100
-0.23496800
-0.29692900
-0.25414500
-0.28073800
-0.21727800
0.45806400
0.06076340
0.42458100
-0.19847500
-0.33559900
0.80714300
0.79157700
-0.02869670
-0.19137000
0.33033000
0.10644000
-0.02265760
-0.48144200
0.33884900
-0.20506100
-0.38129400
0.07647430
0.43149300
-0.05837520
0.24813600
0.32005400
-0.42830200
0.73832700
-0.39339400
-0.17451300
-0.07954310
0.15921900
0.24897400
-0.06011340
-0.27465700
-0.02805320
-0.00705642
-0.11522900
-0.22733600
-0.39745500
-0.22777600
-0.03305970
-0.25335800
-0.34751200
-0.27858200
-0.23355800
-0.23625600
-0.12849600
-0.27483100
-0.17571800
-0.07884430
-0.19596300
-0.17850700
0.05325940
-0.23669500
0.24402100
-0.20304100
-0.21363700
0.09934880
0.33225600
-0.30687200
-0.13636400
-0.19017700
-0.36590000
-0.19959500
-0.35830200
-0.21930200
-0.16206900
0.12015400
-0.13550100
-0.31421900
-0.16900500
-0.25528400
-0.22390300
-0.30487100
-0.17328500
-0.31209100
-0.17733500
-0.26084900
-0.38214500
0.24029200
-0.20485500
-0.33423200
-0.25253100
0.06738170
-0.39087100
-0.18174100
-0.28360900
-0.10010000
0.04984030
0.28073400
0.21416300
-0.24881200
-0.15481000
-0.31041100
-0.28337700
-0.19617400
-0.21611300
-0.17977400
-0.23987200
0.03449610
-0.27069700
-0.26369300
-0.15350100
-0.23072900
-0.07399840
-0.22684600
-0.25538300
-0.23359000
-0.22630800
-0.24593000
-0.03686630
-0.28062100
-0.15138800
-0.14195000
-0.40043500
-0.20643200
-0.11258100
-0.28911500
0.03706840
0.07296330
-0.21839300
0.20515500
-0.21017900
-0.16877600
-0.25399200
-0.26161100
-0.02178670
-0.32069000
-0.22765100
-0.17047300
0.16394100
-0.16936100
-0.06135320
-0.07271110
-0.21213900
-0.14976200
-0.21043200
-0.00081047
-0.16663200
-0.18794300
-0.22095200
-0.32735500
0.33132200
-0.11239900
-0.53030400
-0.21648500
-0.04663750
0.36480600
-0.16784800
-0.22159500
-0.20074400
-0.09972840
0.03878520
-0.21656200
-0.16274600
-0.29360700
-0.13876800
0.60568300
-0.12104300
-0.49774400
0.09752520
-0.44403100
-0.02468080
-0.02579200
-0.20749600
0.14937700
-0.15712400
-0.23128900
0.33319100
-0.32470400
0.21828000
0.10254700
-0.10323100
-0.11895300
-0.27198900
-0.26463300
-0.28952000
-0.09633570
-0.08392550
-0.26066900
0.05453760
-0.25426400
0.63626200
-0.13222100
-0.12857100
-0.08212160
-0.12856000
-0.17079400
-0.27672900
-0.29851000
-0.35857600
-0.12421200
0.84524000
-0.17315400
-0.33443600
-0.05064290
-0.29918300
-0.11288500
0.37936600
0.45845300
0.38985800
-0.28153700
-0.33389700
0.02058400
-0.27340800
0.17434400
-0.32344200
-0.27575400
-0.20443400
-0.31634400
0.19305600
-0.28258700
-0.03831010
0.01897860
0.05599920
0.39474900
0.10590900
-0.33269100
-0.17788300
-0.20052000
-0.34701000
-0.23040200
-0.13991000
-0.09732410
-0.24406100
0.88998600
-0.38243100
-0.31685500
-0.21195600
0.03451590
-0.11753200
0.03897450
-0.20383500
-0.15685900
-0.20283500
0.26691300
-0.08590710
0.23427600
-0.24026000
-0.14974300
-0.23663300
-0.10487800
-0.40803700
-0.28148500
-0.25137400
-0.13917500
-0.36795200
-0.20075500
-0.04388720
-0.16592300
-0.11535700
-0.19758800
-0.11337000
-0.36906100
-0.29651500
-0.21031000
-0.46040000
-0.35788800
-0.12305900
0.04515410
-0.21115200
-0.39378100
-0.05115030
-0.31413900
-0.60383500
-0.24339000
0.10480500
-0.07458030
-0.06679720
-0.14427200
-0.15948600
-0.21439700
-0.07334640
0.64683600
-0.25996900
0.62584100
-0.17903800
-0.38644900
-0.28055400
-0.19165800
-0.19720700
-0.09257380
-0.27477600
0.19212800
0.08678660
0.48085900
-0.06804240
-0.10976600
-0.18494700
-0.22470900
-0.23819600
-0.32819400
-0.20075500
-0.15883000
-0.24553600
-0.33921700
-0.12473600
-0.17187000
-0.05976520
0.05971320
-0.19791300
-0.24880700
0.96371100
-0.19456300
0.45878900
-0.04223740
-0.24643000
-0.22929700
-0.23702500
-0.02707970
0.00940947
-0.01606580
0.01771780
-0.07982030
-0.11571100
-0.18522900
0.40527200
-0.25191900
-0.23603600
-0.33849800
-0.11900400
-0.20794700
-0.27302900
-0.27421900
-0.19264900
-0.22923800
-0.25974700
-0.31721400
0.19931000
-0.24022100
-0.32441900
-0.18673200
-0.19712600
0.09575020
-0.19944200
-0.16069100
-0.13132400
-0.15017500
-0.15758500
-0.17061200
0.10064400
-0.03587560
-0.19082000
0.43424900
-0.25523600
-0.32691300
0.41043900
-0.26741500
-0.06430010
0.05129470
-0.24823700
-0.09912190
-0.16703600
-0.18304300
0.00791531
-0.05392430
-0.10165800
0.64782100
-0.20205900
-0.14241900
0.27512700
-0.18145600
-0.20389600
-0.19839000
-0.28704500
-0.28766400
-0.14411400
0.58165600
-0.09128250
0.20432100
-0.25212300
-0.20047800
0.13688400
0.09511700
0.27626900
-0.28861100
-0.30475400
0.11845300
0.24603800
0.21081400
-0.36505200
0.20295300
0.80933200
-0.29268900
-0.12923700
0.08217490
-0.30400400
-0.25001300
-0.31123000
-0.20741300
-0.29311300
-0.30354600
0.87787000
-0.21569000
-0.39037800
0.40179100
0.04464190
0.24303100
-0.19587400
0.24559900
-0.18328100
-0.38111800
-0.21734000
-0.22075300
-0.19360700
-0.16964800
-0.12816200
0.22376300
-0.34739900
-0.37767500
-0.25217200
-0.17277200
0.09307940
-0.36312700
0.00480227
-0.19903400
-0.06297430
-0.18356700
-0.32222500
-0.12028700
-0.21498700
-0.25555200
0.23684700
0.98680200
-0.22684800
-0.41291300
-0.26223000
0.12750100
0.96695100
0.70299800
-0.32538300
0.01080230
-0.22190900
0.06466370
-0.16853700
0.05660880
-0.29440300
-0.44474600
0.07046360
-0.29284500
0.07985980
-0.24388900
0.02314830
-0.30069500
0.18006400
-0.13665900
0.71897500
0.23762400
0.05318770
-0.26016200
-0.27866300
-0.19509200
-0.19209200
-0.37903700
-0.01132510
-0.18391700
-0.17635400
-0.17571300
-0.22416800
-0.10645300
-0.14222200
0.20862200
-0.22495900
-0.03120660
0.24587400
-0.15526700
-0.30772100
-0.17032800
0.12838500
-0.14899300
-0.28665300
-0.24928800
-0.35386700
-0.15876700
-0.20259200
-0.41183500
-0.26395500
-0.19385600
-0.38973700
0.81187100
-0.40482600
-0.55373300
-0.23280900
-0.23674300
-0.27774600
-0.03553650
-0.16884100
-0.20687000
-0.32933900
0.17023000
-0.16205600
-0.18782600
-0.22134300
0.05207940
-0.22841700
0.47421400
0.49724600
0.19713800
-0.29425400
0.41015800
-0.22056500
0.66687100
-0.25241800
0.27996500
-0.17682100
0.67608000
-0.17464000
-0.19859800
-0.14862300
-0.26258900
-0.37380000
-0.22603000
-0.13246200
-0.23474600
-0.15971900
-0.21316700
-0.21242800
-0.23939500
-0.24963400
0.34268100
-0.32188900
0.10962800
-0.26084200
0.33360300
0.18378000
-0.41028900
-0.30592000
-0.19214800
0.21393500
-0.02085270
-0.23788100
-0.26446100
-0.17875300
-0.26601000
-0.25320200
-0.19295500
-0.21552700
0.04125920
-0.95410600
-0.20567400
-0.12241400
0.10584000
-0.17868700
-0.31941600
-0.20899600
-0.22509900
-0.33873100
-0.07712150
-0.21157100
-0.19114100
-0.26823300
-0.25909300
-0.19391500
-0.24835300
-0.31808400
0.03212200
-0.21265500
-0.45501400
-0.10625300
-0.11862400
-0.31755600
-0.22736800
-0.09623250
-0.27523500
-0.26106200
-0.20311100
-0.23428400
-0.22273600
-0.05476220
-0.28509100
-0.20618800
-0.17812900
-0.32500900
-0.31917500
-0.28402500
-0.13836700
-0.30757300
-0.27392400
-0.11613700
-0.39059300
-0.24257300
0.09317050
-0.38570200
0.83014000
-0.22240600
0.29358800
0.47445600
-0.24658400
-0.40975900
-0.13589600
-0.09299550
-0.08325020
-0.01982860
-0.10337100
-0.45311000
-0.20107100
-0.16031000
-0.14437000
-0.18431300
0.66973000
0.25280100
-0.23979800
-0.28582800
0.08730770
-0.06802120
-0.17349700
-0.42281600
-0.23073200
0.13125400
-0.22069900
-0.26755400
-0.29329400
-0.19587600
-0.16817100
0.09876720
0.09876720
-0.16717800
0.32905900
-0.14412700
-0.01601830
-0.11660400
-0.12082700
-0.21586700
-0.04527000
-0.23443900
-0.18056100
0.02801450
-0.06899250
-0.09508210
-0.20398100
-0.18176000
-0.18062400
-0.09072470
-0.01064720
-0.25762100
-0.32624400
-0.33074900
0.17033500
-0.26194400
0.51831900
0.12094000
-0.02224200
0.40707700
-0.24585100
-0.23312400
-0.25865000
-0.17211600
-0.08940060
-0.46045400
-0.27246800
-0.10993900
-0.22656800
-0.20313700
-0.36865900
-0.27678900
-0.42194700
-0.37990900
-0.49993000
-0.34451800
-0.44873300
0.23180300
-0.30973700
-0.06616530
0.23334900
-0.30908200
-0.07116670
-0.17353400
-0.16469000
-0.27852400
-0.05994020
-0.09003000
0.04818960
-0.26124800
-0.27410000
-0.16688800
-0.24488600
-0.21758600
-0.05500200
-0.02624450
-0.20580600
-0.24810500
-0.40206800
0.11085600
-0.19501600
-0.19735000
0.00303426
0.00832531
0.54786300
-0.03553620
-0.00494628
-0.41907600
-0.25848300
-0.16093600
-0.26416900
-0.17225500
-0.31322400
-0.13465900
-0.09237920
0.25940800
-0.38349900
0.07381740
0.06045410
-0.44099900
0.07458130
-0.42329000
0.27541300
-0.26192500
-0.18082800
-0.12563500
-0.12736900
-0.14926700
0.30757000
-0.35294400
-0.27581500
1.09443000
0.06259750
-0.05674230
-0.32924000
0.03984410
-0.14867200
-0.01962070
-0.28564500
-0.21991300
-0.19761800
-0.22292700
-0.13896300
0.00848634
-0.16861700
-0.16805700
-0.10488700
-0.07696240
-0.29474200
-0.30906500
-0.32134100
-0.32478100
-0.32777100
-0.31562800
-0.23795400
0.07216640
0.08250900
0.09772040
-0.17195100
-0.35783800
-0.07271900
-0.02302130
-0.08884880
0.49345100
-0.15131200
-0.17188400
-0.17156000
-0.17291100
0.11467500
-0.17563200
0.02840610
-0.35340800
-0.09325330
-0.22821400
-0.15766400
-0.29512300
0.26053300
-0.26108600
-0.21005400
-0.22868500
-0.16654800
0.32731900
0.05937870
-0.15122600
-0.08829430
-0.23356900
0.47251600
-0.20265200
-0.26642000
-0.21359500
-0.20339200
-0.12220700
-0.17834500
-0.17875000
-0.22467100
0.08137090
-0.23218800
-0.32376900
0.23141000
-0.27956100
0.49514900
-0.21825900
-0.18217200
0.15675400
-0.19021800
-0.27819300
-0.20247400
-0.22114500
-0.24768500
0.04233780
0.05182140
-0.01998060
-0.37468300
-0.24753500
-0.26441200
-0.33892400
-0.09167950
-0.31236500
-0.12224900
-0.24253000
-0.16556100
-0.37646500
0.22868300
-0.19980800
-0.19191800
-0.34692900
-0.32969600
-0.46357600
0.13435900
-0.29616700
-0.08890550
-0.06335960
-0.32895800
-0.20645000
-0.04099170
-0.29681100
0.26781300
-0.29521000
-0.18330200
-0.25989700
-0.44684200
0.12072500
-0.19780400
-0.34929400
-0.16689400
-0.20249200
-0.20747300
-0.31037400
-0.13942100
-0.27243500
-0.18438300
-0.10134700
0.77293100
0.18478400
-0.00215563
-0.08082040
0.07218540
-0.26453400
-0.40740000
-0.20053300
-0.11619100
-0.20071600
-0.17400700
-0.28138300
-0.27873300
-0.27912600
0.59071600
0.00424706
-0.09921090
-0.10052500
-0.17665700
-0.00864145
-0.16740600
-0.44371300
-0.20637500
0.26153600
0.87493000
-0.24668800
-0.08446670
0.32057500
-0.07842060
-0.14844500
-0.23895600
-0.33713400
-0.22328000
-0.19634200
0.58718000
-0.29621700
-0.14077100
0.13560800
-0.27689800
-0.31289100
-0.50244600
1.47077000
-0.12888700
0.25869300
-0.15647500
-0.38919100
-0.24665600
-0.13575300
-0.20989400
-0.12817000
-0.22871100
-0.37601300
-0.29775200
-0.24627400
-0.27616800
-0.16666900
-0.25099300
-0.34237700
0.28182900
0.03763540
-0.23374200
0.21150300
-0.30761000
-0.07505060
-0.18688000
-0.29621900
-0.37029800
-0.11282600
0.24115600
-0.33526600
-0.16265200
-0.18061900
-0.04881180
-0.26831500
-0.31453600
-0.22826000
-0.06827020
-0.33588100
-0.05370730
0.00301768
0.10190500
-0.35824500
-0.33441000
-0.20681100
-0.13735200
-0.08987910
-0.16667000
-0.19359500
-0.21188700
0.07217280
-0.06726880
-0.13480900
0.38118400
-0.34863500
-0.29738600
-0.21562000
-0.06911640
0.04778300
-0.18683000
-0.26730700
-0.23579500
-0.17527900
-0.50441700
-0.26974700
0.01038750
0.38492800
0.52297200
-0.17194200
-0.35458600
0.05583050
-0.20762700
-0.23451000
-0.42209200
-0.29725500
-0.19831200
0.07166100
0.29835400
0.09602560
0.04069180
-0.26346400
-0.28062400
-0.13357300
0.06321420
-0.11684500
-0.10541600
-0.06846200
-0.31372400
-0.25729400
-0.23508400
-0.05385140
-0.29778100
-0.21553300
-0.07034770
-0.25886000
0.15887700
-0.25999400
0.44132400
-0.31861500
-0.33323100
-0.17956800
-0.15435700
-0.27795400
-0.21826900
-0.06306700
0.22046000
0.41958000
0.05583050
-0.02657840
-0.22245000
-0.10272900
-0.20215200
0.14054000
0.16724100
0.05014370
-0.28977500
-0.38906800
0.32804800
-0.14872400
-0.29198500
0.42832000
0.07677110
-0.18306900
-0.26666100
0.14764300
0.33357300
0.28647800
-0.36472700
-0.33217200
0.55498800
-0.09403950
-0.33961700
0.14778400
0.04245500
-0.33236700
0.04670720
0.15235200
0.44453500
0.42974700
0.12938500
-0.26905100
0.01842960
0.40804500
0.07808680
-0.15407800
-0.21923100
1.12566000
-0.32092500
-0.15301500
-0.11893800
-0.28297000
-0.07014770
-0.22907500
-0.31833000
0.12490900
0.23650300
0.38557100
-0.22574800
-0.18573100
-0.22764600
0.01756830
-0.22060000
-0.28521800
-0.13618200
-0.29576800
-0.22854900
-0.29377000
-0.04130850
-0.21770300
-0.35001800
-0.18812100
0.91128800
-0.26613200
-0.35162500
-0.14463600
-0.20220100
-0.09783910
-0.10675100
-0.24438300
-0.18468700
-0.29323300
0.14844200
0.23799600
-0.30755800
-0.31278100
-0.31605400
0.60814100
-0.42696300
0.12030600
-0.27943600
0.38373700
-0.08988130
-0.17375200
0.11657300
-0.36142200
-0.15987600
-0.10076800
-0.17597000
-0.06494820
-0.20742900
-0.21793300
-0.06473310
-0.17798400
-0.22884900
-0.36392600
0.01155120
-0.22429200
-0.25470700
-0.26908000
-0.13550600
-0.25275700
-0.16051600
-0.16416000
-0.22928600
-0.13650900
-0.23376400
-0.26867900
-0.32782900
0.12485100
-0.36876800
-0.32345200
-0.21058300
0.23125700
-0.19840500
-0.04816240
-0.20463600
-0.06141880
-0.25752300
-0.19520400
-0.15826900
-0.21086600
-0.28628300
-0.19742000
-0.12191600
-0.27817200
-0.19256400
-0.27322400
-0.18190900
0.10307300
-0.04724600
-0.19722400
-0.23161100
-0.00977101
-0.19379700
-0.13183700
-0.02244350
-0.23583200
-0.39061000
0.43593900
-0.38438700
-0.41829300
-0.22134600
-0.17325800
-0.12093400
0.06735090
-0.19093100
-0.04374910
-0.15278600
0.12446600
-0.32413600
-0.24088500
-0.07609610
-0.02404820
0.21785500
0.31840700
-0.21437300
-0.41659100
-0.27008800
-0.23635800
-0.34560400
-0.47084900
0.46871700
-0.17328500
-0.19471500
-0.25309600
0.29384900
0.18117900
1.05740000
-0.27275700
-0.17982300
0.12852100
-0.31339500
-0.23135000
0.00581635
-0.31590400
-0.22028600
-0.22842600
-0.02892290
-0.29104200
-0.27530300
0.17922300
-0.10725900
-0.21880700
-0.22973700
-0.10179600
0.03353530
-0.32514100
-0.31963600
-0.09178670
-0.05183520
-0.06926280
-0.28526300
-0.07311210
-0.25360700
-0.19818900
-0.32827300
-0.29825100
-0.11388700
-0.26508400
-0.21175900
-0.07826620
0.09485710
-0.25763300
-0.20002700
-0.64344100
-0.14635400
0.40736600
-0.45076300
-0.41248000
0.04910180
-0.10094200
-0.18240600
-0.30396500
-0.43353900
-0.28749900
-0.17065500
-0.27213800
-0.12133400
-0.05781410
-0.19929600
-0.26492800
-0.16853500
-0.31986400
-0.14560400
-0.19908600
0.12502300
0.62485200
-0.28945700
-0.07054710
-0.16143300
-0.20812000
-0.26012700
0.16353200
0.15032200
-0.33963900
0.00956413
0.23571000
0.42226100
-0.04714730
0.24827300
-0.15748900
0.33104500
-0.22375800
-0.24613700
1.06023000
0.47785300
0.51196100
-0.13567800
0.23665800
-0.34514300
0.27385700
-0.24813900
-0.15044100
-0.18148800
-0.03302230
-0.24436000
-0.15173800
-0.17343100
0.69254500
-0.24407000
-0.04398410
-0.15281100
-0.16206900
-0.10862600
-0.27793700
-0.23377600
-0.18918500
-0.12363400
0.11007400
-0.24847000
-0.27283900
-0.24331500
-0.11542000
-0.48044900
-0.34490500
-0.11345100
-0.51274300
-0.25953400
-0.08266860
-0.29422600
-0.26858000
0.53841200
0.09001370
-0.32992300
-0.36757200
0.55823800
-0.27071300
-0.01672580
-0.12458500
-0.39958800
0.50641600
-0.31783200
0.05871470
0.10581100
-0.21479300
-0.25135700
-0.39818600
0.41769300
-0.09854120
0.02491400
-0.11427600
-0.20151700
-0.23533800
-0.27552400
-0.22905100
-0.18584100
0.04796700
-0.22538900
-0.20589400
-0.20287700
0.10598300
-0.50209600
-0.39343700
-0.12290700
0.03131710
0.24479400
0.01185520
-0.08296350
-0.00671351
-0.22035000
-0.15927700
-0.19775800
-0.23222400
-0.13382900
-0.20670700
-0.37325300
-0.29288100
0.01841980
-0.18743300
0.05008790
-0.41131800
0.74510300
-0.40562800
0.04511720
-0.21032800
-0.09278780
-0.09701180
0.25333900
-0.18150200
0.38542600
0.35521300
-0.13364300
-0.17469100
-0.21291400
-0.12589200
-0.21217900
-0.16120500
-0.17533300
-0.33879400
-0.21758900
-0.15016900
-0.13651500
-0.11262200
-0.08016700
-0.17013900
-0.28114800
-0.06642820
-0.38549900
-0.24243300
-0.01113020
0.23390000
-0.03853690
-0.06307040
-0.44767700
-0.29456100
-0.28092600
-0.24322300
-0.21450700
0.06324440
-0.13712200
-0.27293700
0.00082849
-0.18863200
-0.16655500
-0.06868930
-0.25384000
-0.18353700
-0.14595200
0.25759300
-0.19620500
0.46657800
-0.19459700
-0.16907300
-0.17846600
-0.27107600
-0.15955200
-0.16552200
-0.14857300
-0.19532100
-0.23817500
-0.28616800
-0.08834640
-0.31540900
-0.11974000
-0.03138320
-0.32049400
-0.27502700
-0.11504100
-0.17051800
-0.05031840
-0.33132500
-0.14093200
-0.10544300
-0.22818500
0.09944100
0.18534600
0.05391430
-0.25095600
-0.45290000
-0.23239400
-0.22620900
-0.12236400
-0.06479800
-0.29837000
-0.22513900
-0.30333500
-0.16133100
-0.08972910
-0.26819800
0.05511410
-0.02726670
-0.27393300
0.05958140
-0.12438000
-0.12481200
-0.19701100
-0.35737600
-0.07846020
-0.20965000
-0.24038600
-0.17726300
-0.18923800
-0.27610900
-0.26962200
0.00669692
0.08081140
-0.18396100
-0.33624200
-0.20304600
-0.44321800
-0.18553100
-0.45005600
-0.19645100
-0.18810200
-0.19871400
-0.15212800
-0.23922100
-0.19236900
-0.19108300
-0.20166000
0.03061010
-0.28206100
-0.24417200
-0.14077600
-0.27976500
-0.27322300
-0.14371900
-0.39765100
-0.06208540
-0.13618800
-0.20583800
-0.24976500
-0.21753100
-0.06905420
-0.22948500
-0.23278700
-0.22266600
-0.18744100
-0.23303600
-0.17879700
-0.22402500
-0.07043790
0.45676000
-0.15562400
0.49583200
-0.16723600
-0.11528300
0.15099300
-0.35886600
0.01187350
0.25769700
-0.02956220
-0.26314200
0.06410270
-0.26622500
-0.26332100
-0.17191900
-0.15158200
-0.01941300
-0.33913500
-0.40563100
-0.28105100
-0.16800700
-0.24953200
-0.46871800
0.27169400
-0.30808000
-0.36396200
0.07601380
-0.29257800
-0.23501700
0.14210900
-0.16273700
-0.35457200
-0.24554800
-0.21496500
0.25632500
-0.31802700
-0.08421350
-0.33629500
0.00914861
-0.13188500
-0.26281100
-0.10514500
0.65784000
0.03016690
-0.06629620
0.64898700
0.01186590
-0.27772600
0.05083590
-0.19300800
0.01114220
-0.14758200
0.33847200
-0.36627100
-0.19685700
-0.33151200
-0.01834330
-0.32389500
-0.31389400
-0.17892700
-0.29960800
-0.32006900
-0.27165800
-0.29164400
-0.36183200
-0.22243700
-0.29758400
-0.24505300
0.20558600
0.24261200
-0.21464600
-0.16109400
-0.13533800
-0.10207200
-0.20241300
0.36752300
-0.18610700
-0.03537480
0.08571850
1.47589000
-0.21100700
-0.24067100
0.23136900
-0.23923800
-0.19887700
0.17125200
1.27485000
-0.12117200
0.02837810
-0.16480700
-0.37038800
-0.02664410
-0.17846100
-0.12588000
0.53652300
0.01251430
0.19696700
0.04409890
-0.12179200
-0.26825700
-0.19027800
-0.38164600
0.05214080
-0.40978000
0.09457020
-0.27588900
-0.11319900
-0.19554900
0.22193400
-0.16185200
-0.32140600
-0.36544900
0.11442600
-0.28373600
0.99049100
0.31889700
0.96075800
-0.26286900
-0.26777500
-0.30848900
-0.20322400
-0.15523200
-0.14562000
-0.23418800
-0.19824800
-0.18918100
-0.23411300
-0.18137200
-0.16622200
-0.32100100
0.14941500
-0.17905000
-0.06034730
-0.00708794
-0.17380300
-0.23881600
-0.22494900
0.17803900
-0.46856200
-0.28608300
-0.09064300
-0.41116900
0.05529470
-0.28130900
-0.24575300
-0.28502700
-0.27193100
-0.13335300
-0.38577100
-0.27645900
0.47554100
-0.33403000
0.12897400
-0.10696600
-0.34780300
-0.45211600
-0.25863100
-0.43482400
-0.19539900
-0.19265800
-0.11771500
-0.18164400
-0.30859900
0.13104800
-0.06878360
-0.13723000
-0.20529400
-0.20860100
-0.20936600
-0.14675300
-0.19236400
-0.21252400
-0.10088700
-0.06104570
-0.42517000
-0.19412500
-0.17302300
-0.09677590
-0.02544570
-0.17854200
-0.11803200
-0.23142800
-0.25868000
-0.14868200
0.04413510
-0.16921500
-0.14361900
-0.15189900
-0.09828570
-0.29096500
-0.18416000
0.46709600
-0.16683300
-0.22861900
-0.18918000
-0.13019400
-0.26379400
-0.20987900
-0.01944520
-0.25257000
-0.15529000
-0.42882800
-0.08605040
-0.11061900
-0.16445300
-0.38834100
-0.36464300
-0.31412500
-0.38889900
0.53578200
-0.01419730
0.23191800
0.13310300
0.04241750
0.73913500
-0.13609000
-0.15147900
0.04925090
-0.24005900
-0.18695000
-0.02966810
-0.26628100
-0.16207700
-0.15512000
0.11762600
-0.23074600
-0.24208700
-0.24541100
-0.29736700
-0.17850400
-0.15696300
-0.30024300
0.01389160
0.00747629
-0.19715600
-0.33482300
-0.26068500
-0.17828200
-0.17244300
-0.25910200
-0.27723900
-0.29276900
0.30439300
-0.20870500
-0.09148880
-0.20873200
-0.05945950
-0.28030200
0.06757360
-0.21040500
0.22743200
-0.30660700
-0.21362100
-0.15257000
-0.16129700
-0.23949000
0.27036000
-0.15578400
-0.13264500
-0.32396700
-0.27685700
-0.22964800
-0.10401200
0.08509100
-0.06759090
-0.29960500
-0.32600100
-0.24157500
-0.27403000
-0.40048100
0.01974270
0.44100000
-0.07782430
-0.32326000
0.13449800
-0.08590510
-0.22733300
-0.20407800
-0.24186000
-0.20970400
-0.12215700
-0.09401080
-0.05608540
-0.33651700
-0.23197200
-0.29175000
-0.07970130
-0.27824500
-0.21098300
-0.36645900
0.02590730
0.12201300
-0.02028450
-0.19577900
-0.26343100
-0.23508200
-0.27153200
-0.21542500
-0.29031300
0.09117300
-0.01266950
-0.10947100
-0.20515600
-0.54917900
-0.13392800
0.11157000
-0.07782390
-0.32565100
-0.32841800
-0.16135400
-0.18137200
-0.17085400
-0.22035600
0.10000900
-0.23292700
-0.21515700
-0.34047500
0.21207600
-0.16230400
-0.14654300
0.02743040
-0.03381880
-0.33378600
-0.15434300
-0.27905800
-0.30998900
-0.11790600
-0.27051500
-0.18093200
-0.12068700
-0.28258500
-0.30307100
-0.28427100
-0.21461900
-0.35758300
-0.12134900
0.02316660
-0.25636500
-0.20252200
-0.05080090
-0.22220900
-0.20702100
-0.06349060
-0.13005400
-0.31908400
-0.34841300
-0.26864200
-0.07339350
-0.01012190
-0.20323000
-0.11518200
-0.30023300
-0.37327000
-0.22685800
-0.17340700
0.02222260
-0.28845000
-0.15839700
-0.27121900
-0.10198900
-0.28656500
0.04978140
-0.08316910
-0.14203900
0.87107400
-0.21842200
-0.08423420
-0.35501300
0.33155100
-0.20918800
-0.31054900
-0.24669100
-0.17568000
-0.22563400
-0.13067400
-0.27838300
-0.30147100
-0.03016490
-0.28444000
-0.19977900
-0.28239000
-0.27609300
-0.33513200
-0.11196300
-0.13900100
-0.34200600
-0.18178400
-0.25932900
-0.26340200
-0.33231000
-0.15386500
1.14381000
0.23851400
-0.12930900
-0.28398600
-0.56373700
-0.18821300
-0.35058200
-0.46154400
-0.16501600
-0.13017100
-0.23042300
0.18703900
-0.27415800
-0.26539800
0.01181160
-0.28950300
-0.06946210
0.08395410
-0.32482500
0.17551700
0.07591770
-0.35913000
-0.22994100
-0.20963500
-0.23776500
-0.42950600
-0.26497100
-0.49293000
-0.28281700
-0.01995990
0.41012600
0.05352320
-0.19927700
0.01286670
0.34919300
0.14995700
0.17261100
-0.31164000
-0.28210700
-0.14326500
-0.21657300
-0.40971000
-0.38464500
-0.14298700
-0.29722600
-0.16171900
-0.20134000
-0.29723800
-0.16764000
-0.00822736
-0.15586700
-0.13320100
-0.23014600
-0.26855300
0.39777900
0.00955087
-0.17065200
-0.38381900
0.39337600
1.09495000
-0.21137900
-0.24811000
-0.24376600
-0.13006500
-0.35662000
-0.23164200
-0.37130200
0.08671360
0.61153600
-0.05679900
0.14189100
-0.16185500
-0.20719300
-0.33071200
-0.27983200
0.34309400
0.34898800
-0.48621800
-0.40997600
-0.21234600
-0.17929000
-0.29596600
-0.22294700
-0.22773900
-0.08272830
-0.25903200
-0.12528400
-0.24240200
-0.21296300
-0.33742000
-0.21147600
-0.12277200
-0.03341700
0.62764400
-0.19527900
-0.43835900
-0.14378200
0.12907900
-0.22942700
0.33456700
-0.30000300
-0.08787290
-0.26504000
-0.21836700
-0.27607100
-0.20578300
-0.28490600
-0.08799200
-0.18618900
-0.08641840
-0.23559100
-0.22799600
-0.13464600
-0.16318900
-0.20850500
0.24102700
-0.19213200
0.01325010
-0.16102300
-0.10838900
-0.34548700
-0.18678600
0.47533300
-0.13905200
-0.10153200
-0.18275000
-0.01671900
-0.09257190
-0.18779200
0.12107800
-0.18822200
-0.15507600
-0.29446200
0.20027500
-0.18105700
0.17755900
-0.25906800
-0.10645400
-0.15540800
-0.20775000
0.14373000
-0.22443100
-0.15422800
0.05594460
-0.22785000
-0.16987300
-0.22261800
-0.01717530
-0.26930800
-0.14726300
-0.18148000
-0.38165200
-0.28752800
-0.18086000
0.04044150
-0.04361500
-0.13189100
-0.32751900
-0.22455200
0.29213600
-0.03480360
0.47308100
-0.21320500
-0.28369700
-0.11355500
-0.07414880
-0.16530400
0.42022200
0.05721870
-0.37383500
0.41185500
-0.19136500
-0.21072400
-0.44783100
-0.31982200
0.01701110
0.10303600
0.43435500
-0.22571700
-0.32321900
-0.14338500
-0.15818600
-0.15204900
-0.13991600
-0.18203000
-0.21994500
-0.18223300
-0.18527100
-0.34890900
0.81334400
0.26236600
-0.19912400
-0.48315500
-0.29125800
-0.34749100
-0.40781100
-0.19511200
-0.23000500
-0.19886300
-0.36913400
0.26459100
0.00957572
-0.02227890
0.39981900
-0.48510100
0.11157900
0.04579740
0.41785400
-0.05101220
-0.21169500
-0.08551250
-0.37738400
-0.12346900
0.13749100
-0.56391400
-0.15771800
-0.41335600
-0.19451300
0.00200660
-0.26805100
0.07233540
0.37783400
-0.21302400
-0.21842100
-0.27746500
-0.07652040
-0.29005800
-0.18069500
0.87903000
-0.27151800
-0.20056900
-0.13606900
-0.26060700
0.12808600
-0.32649600
-0.02022930
-0.20925100
-0.12920700
-0.21564400
-0.40393700
-0.31585500
-0.02149090
-0.24379100
0.00313249
-0.17683200
-0.24420700
-0.25424000
-0.34273500
0.16129600
-0.16517400
-0.04083800
0.32088100
0.06819150
-0.21330000
-0.29866200
-0.25338200
-0.16645600
0.13171300
-0.07383000
-0.24638600
0.32565900
-0.18094300
-0.38958000
-0.13887200
0.05679940
-0.10719600
-0.25364000
-0.26037800
-0.22709600
-0.11632700
-0.25378000
-0.23787400
-0.36337400
-0.30466700
-0.18040100
-0.22549400
0.19347200
-0.21927100
-0.28413300
-0.16328800
0.37346100
0.32679500
-0.31603500
0.00070596
-0.16144300
-0.29631400
-0.10851700
-0.23144000
-0.24906500
-0.18656000
-0.29676800
-0.33360700
-0.34195800
-0.12920500
0.32764900
0.12956300
-0.23446200
0.68094100
-0.22697100
-0.04185130
0.08610950
0.07436020
-0.25026500
-0.40626400
0.02071950
0.36814700
-0.03416370
-0.23673200
0.23328400
-0.01761910
-0.13439900
-0.21125500
-0.15061500
0.06338900
-0.37785600
-0.32775000
0.49881700
-0.03517470
-0.23628700
-0.27039900
-0.08073680
0.04790140
-0.18791500
-0.38817500
-0.36342000
-0.18673600
-0.28725400
-0.24731600
-0.14288100
0.13619300
-0.05492170
0.04057600
-0.28329100
-0.16719400
-0.21401700
-0.32039400
-0.17253700
-0.20178700
-0.04055190
-0.15395100
-0.12748300
-0.20214900
-0.21915000
-0.05417390
-0.18598800
-0.28204700
-0.28818900
-0.15951700
-0.39722000
-0.10332500
-0.20147700
-0.28332700
-0.24209200
-0.18549400
-0.30399600
-0.25398300
-0.22954100
-0.39157300
0.72392500
0.14519400
-0.16854800
-0.04128660
-0.11602100
-0.24735100
-0.18924800
-0.25911400
-0.26643100
-0.27352000
-0.18072200
-0.22849600
0.28521900
-0.22953600
-0.32029400
-0.23131100
-0.17605000
0.23865700
-0.18205000
-0.26548600
0.02791210
-0.17954800
-0.37923100
0.33027600
0.97162500
-0.14895000
-0.12546900
-0.57693400
-0.35356600
-0.16401100
-0.25172700
-0.24585000
-0.34369200
-0.16868900
-0.15458200
0.27223200
1.17242000
-0.15508600
-0.26530200
-0.38828400
-0.19590800
-0.36394300
-0.32956400
-0.19386100
-0.26633500
-0.25566300
-0.08037640
-0.26231200
-0.21150800
-0.21881000
-0.33595700
-0.26145400
-0.36009100
-0.37618800
-0.24568800
0.16431800
0.08564330
-0.12241400
-0.14943500
0.05412170
0.20737800
0.97008100
-0.37507000
-0.42398100
-0.31913900
0.60918100
-0.30790100
-0.26468400
-0.39571200
-0.29487100
-0.27334800
-0.34709300
-0.06371670
0.15304100
0.00911579
-0.42041900
-0.15825800
0.13858500
-0.16363700
-0.14241000
-0.09299140
0.22452700
1.20366000
-0.19620700
0.74110700
-0.15259800
-0.34948500
0.17937700
-0.37215000
-0.34921600
0.44442700
-0.28830100
-0.27012800
-0.21658700
0.45507800
-0.02082150
-0.23631300
-0.25730400
-0.42394600
0.19856000
-0.23617300
-0.21315600
0.15662700
-0.19023700
-0.25353600
-0.27623600
-0.28433900
0.18251100
-0.24249300
-0.28955400
-0.14412800
-0.18507500
-0.13005200
-0.23349500
-0.25023400
-0.00685654
-0.26888800
-0.31989700
0.29535600
0.10773200
-0.38624000
-0.11206200
-0.19721100
-0.29148200
0.09654640
0.67587200
-0.41609000
-0.25838300
-0.44402400
-0.15340100
-0.19019600
-0.13171400
-0.10284200
-0.22819200
-0.14453500
-0.32885400
-0.32733800
-0.25299900
-0.22711200
0.06022510
-0.24197600
-0.16972700
-0.43807600
-0.21054500
-0.32747200
0.04434590
-0.24413500
-0.23320400
-0.18633200
-0.25607600
-0.01124800
-0.26472500
0.17804800
0.39445700
-0.27682200
-0.42200500
0.70007700
0.23520700
0.22895900
-0.22099600
-0.08446920
-0.26950100
0.33613500
-0.23992500
0.62255400
-0.39332600
-0.27618600
-0.19224600
0.05084850
0.48549700
-0.17006300
-0.32579600
-0.34344400
0.43071300
0.41631300
-0.28936300
-0.10831600
-0.17995000
0.56172100
-0.34497200
0.07880440
-0.34372200
-0.22784200
-0.03088550
0.41779700
0.47453600
0.45260000
-0.13283800
0.03962210
-0.21323100
-0.29562700
0.34897500
-0.16844400
0.16955300
0.17226700
-0.23306100
-0.17302700
-0.28362200
-0.23990100
-0.28502500
-0.19789100
-0.19099800
-0.59318000
-0.30002600
-0.17194000
-0.06355300
-0.18549900
-0.22926500
-0.20527500
-0.25026800
-0.24179000
-0.36617900
0.00034837
0.18047700
-0.18885800
-0.28148500
-0.11881600
-0.15427800
-0.27595400
-0.32671400
-0.29604800
-0.25813800
-0.21658300
0.22341000
-0.27807500
-0.12937200
-0.26034800
-0.31442000
0.21907700
-0.20491000
-0.37136000
-0.12200500
-0.15788100
-0.17878500
-0.23370600
-0.19828800
-0.28826900
-0.43209500
-0.19616600
0.49845600
-0.24852700
-0.36130800
0.04388540
1.15254000
-0.26617300
-0.26360200
-0.06077810
0.15811900
1.15395000
-0.05220510
-0.29301800
-0.19706600
0.22752300
-0.29369300
-0.16022300
-0.17341800
-0.15199400
-0.41797300
-0.23910600
-0.16417100
-0.14053800
-0.14671200
-0.24672500
-0.38609500
-0.15036200
-0.24370900
-0.23616300
0.03224860
-0.19878400
-0.20580100
-0.37594700
-0.31055100
-0.09945630
-0.18972700
-0.12564700
-0.13297900
-0.20813600
-0.28583400
-0.21834300
-0.22965100
-0.22789000
-0.11872700
-0.02717300
-0.06640460
-0.25475100
-0.29178000
-0.09990920
-0.25885200
-0.24389600
-0.24389000
-0.40678000
-0.18504500
0.02508560
-0.15605000
-0.17578300
-0.14772300
-0.20302600
-0.26845100
-0.13690200
-0.12265700
-0.19326500
-0.15782600
-0.21953100
-0.20918200
0.47678000
0.22538000
-0.04983250
-0.15804100
-0.19211000
-0.15627800
-0.27494800
-0.23100000
0.50140500
-0.16747300
-0.33751100
-0.18970400
0.29763500
-0.42001500
-0.34375800
-0.11493900
-0.03217850
0.51300600
-0.16530400
-0.32446300
-0.16493800
-0.07649320
-0.04955050
-0.11202600
-0.11462700
-0.21526900
-0.18862300
-0.24225000
0.15116600
-0.13630600
0.06590890
-0.24317700
-0.35295100
-0.19809300
-0.27913000
-0.12112000
0.86540800
-0.23608300
0.02596330
-0.27017300
-0.17706600
-0.12612000
-0.23761500
-0.28985400
-0.37320700
-0.36652700
-0.00491692
-0.29679600
-0.23477000
-0.12451900
-0.07593810
-0.17363900
-0.18461600
-0.18936000
-0.27217100
0.01153310
-0.56758100
0.11107100
-0.30110900
0.32352200
0.01047060
-0.21838200
-0.07813680
-0.25753100
-0.30434600
-0.25709300
0.02516290
-0.07128230
-0.29529400
-0.29356800
-0.43583400
-0.21788400
-0.23383900
-0.26312300
0.05112370
-0.12060700
-0.12987600
-0.14994600
-0.17429200
-0.10479300
-0.18983800
0.03898140
0.12306100
-0.13109700
-0.21602500
-0.16438400
-0.15812300
-0.21339900
-0.18005200
-0.25843200
-0.26871200
-0.11067800
-0.04213930
-0.14417200
-0.11897200
-0.18774600
0.22653700
-0.20776000
-0.04033680
-0.17694900
0.16293200
-0.11916000
-0.40486000
-0.17866000
-0.19543100
-0.32677600
-0.05717400
0.57608900
-0.09892290
-0.19726900
0.51051800
-0.17855400
-0.24858800
-0.17052400
-0.09899580
-0.35373200
-0.25976000
0.04501680
0.07436850
-0.30080700
-0.22133000
-0.08289530
-0.37325600
-0.15217800
-0.22757800
-0.16450600
0.01933180
-0.32921700
0.44693500
-0.23684700
-0.18886900
-0.20493400
-0.25490400
-0.08199000
-0.29198000
-0.23753400
-0.17377900
0.17947500
-0.32513300
-0.29931600
-0.24993400
-0.22567700
-0.32039100
-0.20774000
-0.28922900
-0.29941500
-0.28126400
-0.22351800
0.09824080
-0.32017400
-0.26655300
-0.22774400
-0.15436600
-0.02470020
0.54659600
-0.22844900
-0.03531170
-0.20520800
0.01020790
-0.22369400
0.30859400
-0.01724500
-0.30100700
-0.11607400
-0.17554100
-0.43934000
0.32495100
-0.38857300
-0.19241200
-0.25688400
-0.30278200
-0.32136600
-0.16207200
-0.26275000
-0.24542300
-0.10539800
-0.19922500
0.02284300
-0.12046400
0.05516210
-0.13154900
0.01020100
-0.30641200
-0.23478100
-0.26159000
-0.19544200
0.21773400
-0.27814300
-0.09725130
0.07885300
0.04531330
-0.06675130
-0.34077400
-0.21122900
-0.01131440
-0.28784100
-0.23557100
-0.33548900
-0.28264200
-0.02429970
-0.25827900
-0.21135200
-0.06901590
0.11310600
-0.33844200
-0.14236800
-0.20568000
-0.34889800
-0.14115100
1.47673000
-0.12742900
-0.30761500
-0.28240500
-0.28046200
-0.21163700
-0.31211000
0.03987710
-0.32176200
-0.23926100
-0.27072900
-0.22470000
-0.25123400
-0.27675300
0.08744000
0.00148626
-0.24594100
-0.26253100
-0.12718200
0.20814100
0.03572840
-0.27473500
-0.18473700
-0.20221700
0.25289500
0.13780300
-0.28231200
0.47177200
0.54279000
0.03429550
-0.29668500
-0.06507020
-0.15159800
-0.12849100
0.14261200
-0.23664600
0.26124600
0.32614100
-0.35090300
0.12478700
-0.16335900
0.10250200
-0.01391310
-0.32793900
-0.06685340
-0.14099800
-0.25828800
0.24029500
-0.12919300
-0.13646300
-0.21859900
-0.25560800
0.23808000
0.02655750
-0.06409980
-0.18500700
-0.12755800
-0.31196200
-0.27286600
0.00273110
-0.28219400
-0.15784300
0.02042900
0.17028400
-0.21277100
-0.15714700
0.66360300
-0.03934080
0.11225900
-0.30571300
0.24346900
-0.17196300
-0.17183300
0.17293100
-0.06979400
-0.39501400
0.03697370
0.18868500
-0.38343200
-0.17297900
0.29259600
-0.24441700
-0.21978900
0.29230000
-0.08664200
-0.26506200
-0.07717470
-0.16838100
-0.21357600
-0.10267200
-0.24031200
0.00286513
0.14302400
-0.28082300
0.16739500
0.40923200
0.88857100
0.17070100
-0.35272900
0.69768800
0.54018400
0.66838600
-0.13834300
0.26959100
0.20655000
-0.29855100
-0.08083060
-0.27749100
-0.44944300
-0.04388860
-0.13070900
-0.20567700
-0.38122300
-0.07776380
-0.24701500
0.01005220
-0.12835000
0.02183520
-0.41561000
-0.20540600
0.08617890
-0.42956800
-0.17430700
0.01728920
-0.48165200
0.00530132
0.23172800
-0.11560900
-0.26117000
-0.23481200
-0.04601020
-0.24457500
-0.01980610
-0.29029600
-0.12171400
-0.31630600
-0.28166300
-0.20514200
0.84253300
-0.25468300
0.27057300
-0.30419700
-0.32031800
-0.13776300
0.10277400
-0.52207900
-0.21022100
0.12374200
-0.32979500
-0.34527300
-0.20781400
0.11433000
0.40214600
-0.39613100
1.06464000
-0.26463000
-0.20211300
-0.28183400
0.61040300
-0.04839710
-0.12236000
-0.00816152
-0.30114200
-0.23694300
-0.31241000
-0.12094200
-0.14912700
0.11360600
-0.18132900
-0.11891900
-0.08838890
-0.29147700
0.37935300
-0.17002800
-0.20463600
-0.36317500
0.10296500
-0.31844900
-0.44975400
0.23043500
-0.14649500
0.05952760
-0.01912550
-0.07798990
-0.11567100
-0.22399800
-0.23905100
-0.17459300
-0.14137700
-0.18953300
-0.24656200
-0.23854300
-0.09496160
-0.29646900
-0.30929000
0.42237200
-0.12230200
0.09415670
-0.01412100
-0.26626700
-0.18067900
-0.02060770
-0.00230425
-0.28283600
-0.14386900
-0.29246000
-0.21929300
-0.29469200
-0.10708300
-0.19602000
-0.32985800
-0.19869400
-0.27835400
-0.09651270
-0.18460600
-0.17435300
-0.20267400
-0.29963900
0.20587300
0.34522000
-0.20494100
-0.15751500
-0.31573700
0.02703030
-0.06182710
-0.18526300
-0.18933900
0.11167400
-0.14688500
0.11678500
-0.28997200
-0.20945200
-0.28076500
-0.45265400
-0.10682600
-0.31080800
-0.21642300
-0.36643300
-0.18888500
-0.15024400
0.57106900
0.43462800
0.50982700
-0.22894600
-0.18993200
-0.11077700
0.00770812
-0.25367600
-0.21467900
-0.21536700
-0.21443500
-0.27495200
0.66610300
-0.29863600
-0.16505600
-0.25936800
-0.27213700
-0.25379100
-0.07758640
-0.07315260
-0.05597870
-0.25333000
-0.22262500
-0.28422600
-0.09191050
-0.37496800
-0.18556000
-0.17859400
0.17470100
-0.17092000
-0.32651800
-0.17780400
-0.33988900
-0.26242900
-0.10814700
-0.08657620
-0.26869400
-0.13897100
0.13406300
-0.43305400
-0.21824800
-0.15558200
-0.43215400
1.56003000
0.16028200
1.11412000
-0.31002300
0.41493800
0.21934000
-0.16556000
0.75578500
-0.25308000
-0.32043700
0.06589490
-0.23513100
-0.21806400
-0.21309700
-0.26193800
-0.33712000
-0.16898400
-0.17546100
-0.14254600
-0.22854600
0.12610600
-0.31630200
1.04778000
-0.26992900
-0.26308500
0.12893200
-0.14859200
-0.28279400
-0.34401800
-0.26453700
-0.10685200
-0.20673100
-0.34742700
0.05761710
-0.11112400
-0.19588900
0.02797440
0.18032600
-0.15314600
-0.27948300
-0.21181900
-0.00120509
-0.14233500
-0.19075700
-0.38682500
-0.17924000
-0.36146500
-0.21486500
-0.33309600
-0.37462400
-0.25377500
-0.18507200
-0.25909900
-0.08629560
-0.26271800
-0.11404300
-0.27406500
0.36357000
-0.30285600
-0.34598300
-0.24438900
-0.22999700
-0.19327600
-0.13229500
-0.18816600
-0.22944700
0.26686900
-0.23870300
-0.22446300
-0.20979800
0.02596380
-0.30883500
0.05517360
-0.28831800
-0.16596100
0.37199900
-0.31830500
-0.12899200
0.50034500
-0.39214600
-0.23392100
-0.21421400
0.13413100
-0.23347500
0.38461100
-0.21769300
-0.26743800
-0.17567400
-0.10876400
-0.26679400
-0.03893510
-0.11578600
-0.22801300
-0.19959300
-0.31543100
-0.35135300
-0.05751550
-0.13119900
-0.12396800
0.15178000
-0.03570130
0.01662850
-0.00566920
-0.18706200
0.49452900
-0.21916600
0.05160450
0.06065220
-0.17889100
-0.20540800
0.73774200
-0.03047910
-0.18897900
-0.40381200
0.39239400
-0.21252600
-0.22383000
-0.02824160
-0.22775900
-0.12271900
-0.12326800
0.24000100
-0.19926500
-0.23888100
-0.14279200
-0.28028000
-0.09426540
0.92175600
-0.38114800
-0.26079900
-0.34395000
-0.15388700
-0.23761600
-0.18944500
0.14038400
-0.27092000
-0.00166288
-0.16100500
-0.38285800
-0.24347800
0.03556980
-0.28232000
0.12467100
-0.32632000
-0.11809500
-0.30602800
0.23387400
-0.15729000
0.03223980
-0.17139200
0.02682260
-0.19024500
-0.02381700
1.31900000
-0.23541800
-0.31865500
-0.29982500
-0.18464100
-0.17066900
-0.22408200
0.01853000
-0.15200300
-0.28113300
-0.36142700
0.00274537
-0.33559200
-0.00976082
-0.13999100
-0.10991700
0.15958800
-0.00024314
-0.15835800
-0.05302120
0.06149650
-0.14250700
-0.20173500
-0.49725600
-0.25031800
-0.02667660
-0.19383100
-0.06881000
0.01731680
-0.14876600
0.50862200
-0.07829440
-0.25020300
-0.15917200
-0.13158200
-0.20140400
-0.18525900
-0.26735800
-0.32017500
-0.16890400
0.33882300
-0.28504800
-0.26784200
-0.11949800
0.14988400
-0.25425600
-0.36518400
-0.00439979
-0.30676300
-0.25166600
-0.22543000
-0.27497900
-0.30333900
-0.22904600
0.12599900
-0.24781500
-0.26359700
-0.15030300
-0.26575100
0.04521920
0.06273010
0.38776500
-0.06975670
-0.18701600
-0.23629000
-0.07333240
-0.10943900
-0.31586800
-0.17530800
-0.19312600
0.06652290
0.13175100
-0.25767200
-0.30540200
-0.31523200
-0.29720800
-0.00885037
0.20117400
-0.23161200
0.27979000
0.07513970
-0.27057300
-0.34491900
0.34127700
-0.39832300
-0.27191800
-0.08026310
-0.25851400
-0.23140400
-0.14116100
-0.27580600
-0.26944200
-0.20542500
-0.17097200
-0.17017000
-0.27357300
0.09046260
-0.18315300
-0.17017300
-0.16095900
-0.15195600
0.01763970
-0.18241100
-0.17060400
-0.27964000
-0.20192600
-0.14985900
-0.13420600
-0.20557300
-0.37547400
-0.32135500
-0.05586220
-0.40315800
-0.13695600
-0.14097000
-0.16683300
-0.24029000
-0.17671700
-0.24516800
0.05512110
-0.35154400
0.21298800
0.09075620
-0.24958700
-0.24243700
-0.28458400
-0.04220820
-0.23188500
-0.41387800
0.10848800
-0.13176900
-0.26784100
1.07293000
-0.23590300
0.38380500
-0.02577830
-0.30717900
0.25264400
0.54777300
-0.27404500
-0.18322800
-0.20821600
-0.13906300
1.37625000
0.07820710
0.50568900
0.18199700
0.68882200
0.06992560
-0.39043700
-0.06632020
0.18268900
0.32824000
-0.23551300
-0.26816000
0.16385000
-0.30362400
-0.04476130
-0.19997200
-0.49807000
-0.37167900
0.49135300
-0.07462150
-0.24961700
-0.34077000
0.12562000
0.06500630
0.19723500
0.46106600
0.98809400
0.69219500
-0.09461870
1.21676000
-0.01395210
-0.39424700
-0.23399400
-0.28386900
-0.12796300
0.23329400
-0.01082210
0.17968700
-0.19167200
-0.10124700
-0.19439000
-0.03913140
-0.23456800
-0.22227000
-0.14648300
-0.35405400
-0.31010100
0.39649100
0.05583070
0.01038410
-0.28161600
0.32847300
0.00661944
-0.30158700
-0.18089600
-0.27519800
-0.12349200
0.38631200
-0.29003900
-0.26256300
-0.04866790
-0.18324000
-0.25934000
-0.12903000
-0.21960600
-0.20897700
-0.45862300
-0.17780500
-0.12767700
-0.18243700
-0.29788300
-0.18621700
0.31622700
-0.07136270
-0.18057900
-0.04929090
-0.39617700
0.11162300
-0.41422100
-0.33175300
-0.14446300
-0.20350700
0.73893300
-0.32957500
0.18041200
-0.33165100
0.45342600
-0.96955400
-0.38094200
-0.28141500
0.23022700
-0.18166500
-0.07781000
-0.11612600
-0.16419700
-0.27310600
-0.29484900
-0.25899000
-0.05380090
-0.22168100
-0.15947100
0.26029200
-0.33949100
-0.32332800
-0.37371000
0.36082500
-0.48631700
-0.16680900
-0.16276600
0.10112400
-0.14804200
-0.28043100
0.01954940
1.13694000
-0.32819600
-0.05890650
0.84325100
-0.26024500
-0.18213000
-0.34965400
0.48501300
0.55675800
-0.29862300
-0.32338100
-0.11734200
0.24745500
-0.12522100
-0.30794900
-0.04460160
0.30660700
-0.18401800
-0.42976400
-0.23520100
-0.26306600
-0.12274100
0.08398510
-0.25303300
-0.12146300
-0.21736200
-0.14018800
-0.23510900
-0.34631700
-0.01458240
-0.14988900
-0.27739300
-0.02985600
-0.30548400
0.85871800
-0.41103300
0.02129030
-0.25714700
-0.09290510
-0.19236100
-0.13245200
-0.35013000
-0.18804400
-0.37021700
0.04034760
-0.16147000
-0.27588700
-0.15677900
-0.23329200
-0.43191800
-0.26507600
0.03585710
-0.17104700
-0.13339500
1.02051000
-0.03839760
-0.33078700
-0.29090000
1.20361000
-0.17353100
-0.08500890
-0.28725500
0.03126410
-0.22673500
-0.24035400
0.00024455
-0.33459600
-0.21554300
0.63085200
-0.29196800
-0.24981200
-0.27480100
-0.16807100
-0.25052300
0.09677550
0.25988600
-0.23927700
-0.26368400
-0.22030400
-0.04431450
-0.21014600
-0.57281100
-0.17198600
0.08529140
0.01241220
0.26013800
0.25224300
-0.15852200
0.03329640
-0.32581500
0.56779900
-0.33555900
-0.25861700
-0.15505500
-0.18989100
-0.00924644
-0.19801500
0.92384600
-0.19619800
-0.18785800
-0.29578900
-0.18040300
-0.13048100
-0.17984300
-0.19654100
-0.09292530
-0.14443000
0.19028000
-0.40299900
-0.31570100
-0.28044900
-0.01947780
-0.30009400
-0.24297500
0.91006600
0.21385800
-0.18248300
0.19034000
0.21368600
-0.01503750
-0.26218700
-0.18128000
-0.27636200
0.02732870
-0.14697700
-0.27668500
-0.16574400
0.13281400
-0.25370500
-0.25993000
-0.12874400
-0.17541600
-0.31202800
-0.06116570
-0.13437400
-0.38824300
-0.29333400
0.43476500
-0.12960700
0.04993890
-0.16329700
0.52275600
0.03995420
-0.28369700
0.24565000
-0.06416470
-0.06819710
-0.32945200
-0.09350290
-0.31433800
-0.15335000
-0.19642300
-0.15258000
-0.33389000
-0.39146600
0.25739600
0.62557100
-0.19405400
-0.16705500
-0.24908000
-0.19301900
0.10861300
-0.20369100
-0.16106300
-0.19143800
-0.24020700
-0.17942800
-0.30496600
0.07736230
-0.11961500
-0.45903000
0.62387200
-0.31808000
0.17417800
-0.23687500
-0.21660400
-0.22080600
-0.02724030
-0.31859300
-0.34195400
-0.25632600
-0.28268100
0.27289100
-0.22064100
-0.20871500
-0.34938900
-0.21682000
-0.25376000
0.02761930
0.01291090
-0.30978300
-0.36356800
-0.32792800
-0.20006800
-0.27776100
0.11040200
-0.30221400
-0.30018300
0.13924000
-0.15558000
-0.17734300
-0.18014600
-0.19581300
-0.01478690
0.32158000
0.02358190
-0.22602000
-0.25121400
0.10673800
-0.28122300
-0.03748990
-0.11747100
0.08244490
-0.13665400
-0.22577000
-0.12678400
-0.14196400
-0.12639400
-0.08154250
-0.23703900
0.20205400
-0.19807600
-0.25711600
-0.12874900
-0.22350200
-0.25951600
-0.23448700
-0.10843000
-0.02630270
-0.19628300
0.86043200
-0.21843600
0.04450930
-0.28060000
0.19787600
-0.36988700
-0.27938700
0.11850400
-0.38783400
-0.26932000
0.32865900
-0.30482700
-0.12775500
-0.24675000
-0.34808900
-0.12141400
-0.17084800
-0.08317630
0.41818400
-0.10571700
-0.28060500
-0.05165290
-0.43655900
-0.05306130
-0.21068300
0.08802070
-0.21272800
-0.03827120
0.31428300
-0.22856400
-0.17504500
-0.13638100
-0.17587600
-0.22098500
-0.17140900
-0.00095006
0.09130060
0.32776100
-0.24800000
-0.15407800
-0.22603100
-0.23225000
-0.30193700
0.01682880
0.39796700
-0.14597600
-0.28750400
-0.01750750
-0.03095270
0.19700300
-0.06701480
-0.22267900
-0.06499940
0.25678700
0.04353270
-0.01323150
-0.07210790
-0.10782900
0.28087300
-0.11907200
-0.18380200
-0.19771400
-0.19706700
0.10869400
-0.30887500
-0.16442300
0.00534037
-0.18605000
0.01331650
-0.32007000
1.21523000
-0.39820500
-0.15346300
-0.29894700
0.24283300
-0.29334100
-0.21073000
-0.19269600
-0.19865900
-0.29437300
-0.17323600
0.13571700
-0.13060500
-0.16901200
-0.34291900
-0.33413300
0.00500095
-0.13799000
0.10122700
-0.30439900
0.13587100
-0.21868900
0.07459380
-0.09531200
-0.03881690
-0.31572800
-0.15843500
-0.20092300
-0.18562900
-0.33694600
-0.42372200
-0.24848600
-0.01879460
-0.06368880
-0.24415600
0.02034150
-0.20043700
-0.17946100
-0.12478400
-0.42901100
0.03935030
0.47871000
-0.21177600
0.28256800
-0.18535400
-0.25929000
-0.39060000
-0.27789700
-0.41198200
0.26277700
-0.31991000
-0.16354900
-0.35116300
-0.24042000
-0.25668500
-0.14392300
-0.14455600
0.10681300
-0.04437160
-0.33188100
0.74792800
-0.16008600
-0.24585500
-0.21782700
0.01389050
0.18126200
-0.04282250
0.42986500
0.23508800
0.48417400
0.08531190
-0.19773700
-0.18297200
-0.21269100
-0.16670200
-0.32557800
-0.13785200
-0.36895100
-0.29254100
-0.17702100
-0.20040200
-0.20777100
-0.36062900
-0.37281800
-0.05895350
-0.27353700
-0.26408600
-0.11372200
-0.21956700
-0.26719200
-0.18282900
-0.08646690
-0.24507700
-0.27151200
-0.20725500
-0.40554800
-0.14156300
-0.21828800
-0.28949700
-0.14385200
-0.07728060
-0.00272438
-0.31044100
-0.16262700
0.14514600
-0.56673600
0.53541900
0.85566600
-0.18056300
-0.11116800
-0.41046600
-0.12115000
-0.27138000
1.15703000
-0.19462700
-0.04565950
-0.26096700
-0.34811600
-0.21498500
-0.19328000
0.19955600
-0.36047800
1.36904000
-0.21941700
0.15228200
-0.35468400
-0.02319440
-0.20946700
-0.31971800
0.31278700
0.02076590
0.19742000
-0.18535300
0.41040800
-0.21016800
-0.16889500
-0.02391170
-0.24205300
-0.22958600
0.44524000
0.18799900
0.02900650
0.21850400
-0.06461820
0.01553220
0.28579800
-0.12057500
-0.08013290
-0.24372100
-0.20512700
-0.17167500
-0.15033900
-0.02775510
-0.10155200
-0.29616700
-0.28597400
-0.19808600
-0.19742600
-0.16326800
-0.11600000
-0.23266800
-0.38098400
-0.16439500
0.05770310
-0.32248400
0.72814100
0.44946900
-0.51252300
0.36618100
-0.08918320
0.10707800
0.29542200
1.35921000
0.19288400
-0.02586070
-0.29751500
0.04962190
0.26501500
0.35583900
0.01285790
0.23541500
-0.04910650
-0.16530900
0.07716760
-0.18189000
-0.07545450
-0.18805600
-0.40586500
-0.05967150
-0.32056600
-0.19405400
-0.23371400
-0.04835210
0.15428200
-0.18004800
-0.17677800
-0.38171500
-0.31617600
-0.09876560
-0.26183200
-0.33927100
-0.16768300
-0.14320000
-0.20004900
-0.19265800
-0.18384000
-0.12879300
-0.28743400
-0.36260800
-0.15033400
-0.17682300
-0.14597400
0.34934300
-0.20463600
-0.26245700
0.43868400
0.42695300
-0.19904900
0.47899400
-0.30006700
-0.11150300
-0.28000800
0.02769270
-0.00843889
-0.37721300
-0.27170100
-0.12911400
0.03212610
-0.16700400
0.08423800
-0.23387500
0.02769270
-0.26867900
-0.19157700
-0.10278300
-0.29545200
0.26462700
0.27866900
-0.11216200
-0.30671800
-0.39230700
0.00569294
-0.41634500
-0.60580500
-0.02798800
0.20334700
0.13310900
-0.13540100
-0.15860900
-0.09317640
-0.23719500
-0.15814900
-0.30849900
-0.21435000
-0.19406000
-0.24513400
-0.30942700
-0.36749600
0.46049700
-0.25350800
-0.17786400
-0.17082000
-0.16744100
0.32791900
-0.18143500
0.00394866
0.14778300
-0.36677300
-0.26634800
-0.37111600
0.14197800
0.21393400
-0.06873400
-0.18292000
-0.16333100
-0.26010800
0.44981300
-0.06523010
-0.24282900
-0.30423500
0.03679220
-0.19908900
-0.33304500
-0.33902600
-0.21728800
-0.23473800
-0.20286000
-0.13066900
-0.21742300
-0.14986600
0.00161183
-0.07447570
-0.22045000
0.06633550
-0.14191400
0.30298800
-0.34271100
-0.34271100
0.73504100
-0.42743600
-0.46677300
0.07434380
-0.35749900
-0.22017500
-0.26064900
-0.17896200
0.19809400
-0.17158700
-0.13439600
0.72510800
-0.21328300
-0.20967500
-0.19805000
-0.14628100
0.65058000
-0.27824500
0.01694230
-0.21546300
-0.21547100
0.43208000
-0.37667900
-0.27402000
0.18261000
-0.13203100
-0.42650800
-0.24571000
-0.25445700
0.02895700
-0.18350300
0.99542000
-0.07761510
0.25347100
0.16732100
-0.23902000
-0.32341200
-0.14721400
-0.40623700
-0.32597000
-0.23833600
-0.04926960
-0.15789700
-0.23163700
0.66022100
-0.34198000
-0.35186600
-0.18418800
0.07460580
-0.24301900
-0.38735500
-0.23268400
0.29924100
-0.29524100
-0.17873100
0.10422700
-0.34463100
-0.21746000
-0.11684800
-0.33884700
-0.55929100
-0.11401400
-0.19849600
0.13966700
-0.24423100
-0.31547700
-0.24432200
0.06345570
-0.33287500
0.08270730
-0.15678300
-0.30849900
-0.11343600
0.08615070
-0.26134100
-0.28988900
0.00007550
-0.15701000
0.41889800
-0.20826000
-0.02137810
-0.33062600
-0.18171500
-0.23659000
-0.36253400
0.07720730
-0.10387800
-0.20906000
-0.22106400
-0.40434700
-0.33496700
-0.21544700
-0.26239200
-0.18917300
-0.28412700
-0.18820500
-0.36764800
-0.34147900
0.05602970
-0.17190400
-0.17190400
-0.01985140
-0.11833800
-0.02407250
-0.17486000
-0.17224000
-0.23834000
-0.16939400
-0.30233300
-0.38420600
-0.14011100
-0.31636700
-0.21900600
-0.20783100
-0.11042400
0.08095790
-0.08248240
-0.23281500
-0.31774800
0.06915800
-0.21585300
0.39978000
0.43667400
-0.22153700
0.25838700
0.57570400
-0.24958700
-0.07302820
-0.24068900
-0.32199800
-0.22966400
-0.24422400
-0.31861700
-0.33272900
-0.21628700
-0.13909000
-0.18722600
-0.31369700
0.31695000
-0.20747000
-0.22975200
0.04064620
0.81950800
-0.26380900
-0.09134100
-0.19434300
-0.18123400
-0.18482300
-0.37287400
-0.19360600
-0.15711200
-0.19296600
-0.39217400
-0.23331300
-0.14884500
-0.07445260
-0.32495000
0.00999190
0.52524600
0.04770350
0.26251200
-0.24697200
0.45173800
-0.16406400
-0.19651100
-0.31409600
-0.07088470
-0.20799300
0.13114400
-0.34407500
-0.22545400
1.01656000
0.77672600
0.05933140
-0.26059100
-0.17569400
-0.26395900
-0.21986200
-0.20906700
-0.21655700
-0.16934300
0.14103400
0.10636300
-0.19830300
-0.19344400
-0.08524170
-0.20556100
-0.19824900
-0.18548300
-0.26134400
-0.16786600
-0.15246000
-0.36606900
-0.00347343
-0.15567600
-0.15863400
-0.46203100
-0.28406400
-0.15042000
0.23895800
-0.15870300
-0.15732500
-0.22762600
0.16636400
0.37941100
-0.17039900
0.02195360
-0.19283900
-0.03250040
0.06815350
0.02500120
-0.19582700
-0.19402500
-0.24122200
-0.26734100
-0.00315278
-0.20513600
-0.21411100
-0.13374500
-0.13319800
0.43244000
-0.14605000
-0.42128600
0.18326000
-0.22554300
-0.13645200
-0.19551900
-0.11870400
-0.18481300
-0.27446600
-0.23593600
-0.10844000
-0.19854300
-0.03519900
-0.22151200
-0.12433300
0.34257900
-0.26355500
-0.15707600
-0.28649600
-0.30463400
-0.18063000
-0.04912410
-0.39651300
0.08199370
-0.01739980
0.18273200
-0.28251200
-0.25615000
-0.34096900
-0.13219900
-0.26896600
-0.28950900
-0.34674500
-0.09037270
0.05353510
-0.27573100
-0.30852800
-0.37210000
-0.07703870
-0.23724900
-0.14305900
-0.11882500
-0.15169000
-0.44932900
-0.27599900
-0.40967700
-0.28480800
-0.38553200
-0.29243200
0.19017300
0.01073930
-0.10457900
-0.11397500
-0.20748700
-0.14306200
-0.25671200
-0.09936190
-0.30045700
-0.34749000
-0.28377000
-0.25650300
-0.19988700
-0.27555800
-0.23547200
-0.31521400
-0.32723500
-0.16276600
-0.26080700
-0.30991400
-0.10940500
-0.21013100
-0.22736800
-0.32383100
-0.21962600
-0.26382300
-0.27951000
0.15500400
0.91559000
0.88171600
-0.18735000
0.11044300
-0.09267650
-0.14296600
-0.33030300
-0.45330200
-0.23236500
-0.15340100
-0.18082400
-0.28125300
-0.20766400
-0.22831700
-0.23394800
-0.26117800
-0.18530600
-0.09141480
0.09408670
0.72493700
-0.22939400
-0.20528300
-0.48958700
-0.23035000
-0.25756700
0.03790760
-0.24306800
-0.24796600
-0.19167700
0.23565800
-0.37113600
-0.33318500
-0.16977100
0.02519350
-0.24954100
-0.14825000
-0.13418600
-0.04036480
-0.45291600
-0.21078900
-0.05145770
-0.37564100
-0.25534100
-0.03029090
-0.28661300
-0.15626600
-0.22218300
-0.19362100
-0.27501900
0.05032480
-0.27300900
-0.30948800
-0.05417740
-0.35162600
-0.07634170
-0.03328550
1.13571000
-0.20089100
-0.28904700
-0.19583900
-0.13107600
-0.23940500
0.42602300
-0.24170300
-0.31351400
-0.00002158
-0.23710100
-0.24604500
-0.26301000
-0.28978400
0.03434340
-0.32241900
-0.21232900
-0.17299000
-0.27755200
-0.17076100
0.06040330
-0.23335000
-0.15944500
-0.39013900
-0.23258200
-0.28798900
-0.30011800
0.55157700
-0.18261400
-0.30344900
0.93134300
-0.24106000
-0.12445200
0.23831500
-0.17018000
0.01651800
0.14684000
-0.07759230
-0.20690800
-0.22906300
-0.22273700
-0.27527100
-0.30858500
-0.24191800
-0.15600200
-0.29584200
-0.37690600
-0.21029900
-0.13600500
0.43324500
-0.23361300
-0.24296700
-0.28673200
-0.09446950
-0.26473100
0.33356200
-0.06562910
-0.27322900
0.00908348
0.62197800
-0.20830900
-0.34239500
0.02801720
-0.25609700
-0.04340570
0.01602100
-0.01980180
-0.33273100
0.10041700
0.86822400
-0.34385100
-0.11210000
1.17210000
-0.33084500
-0.20776200
-0.03169040
-0.17039000
-0.38636200
-0.33389700
-0.30622700
-0.13376200
-0.19076200
0.08436020
-0.23734100
-0.17084800
-0.13105900
-0.19634500
-0.19214300
-0.18587100
0.03652730
-0.39555000
-0.17024500
-0.29135000
-0.27755600
0.03475640
-0.19251500
-0.31642700
-0.06206470
-0.06890700
-0.27016100
0.84722400
-0.30645300
-0.29644300
-0.41561400
-0.27160100
-0.29577700
-0.28279200
-0.17011700
-0.18028500
0.10881000
-0.09268560
0.01017590
-0.23280200
-0.27297600
-0.35601800
-0.08587480
-0.21695000
-0.16127900
-0.24438700
-0.18204300
0.09074120
0.44118600
-0.22689800
-0.14803500
-0.10241400
-0.20280000
-0.12109000
0.40107800
0.96129900
0.41969500
-0.15127800
-0.31581200
-0.28326200
0.28378800
-0.09253150
0.16552100
0.69247000
-0.27896000
-0.25047600
-0.15291500
-0.24452000
-0.06996450
0.23786900
0.19530700
-0.20245000
-0.22401100
0.46370700
0.55117900
0.73786800
-0.04715820
1.32174000
0.01251230
0.87347200
-0.31322100
-0.39060000
-0.30883600
0.88313900
0.70794800
-0.44617700
-0.34479900
0.22394300
1.10189000
0.38384200
0.70103300
-0.23852000
-0.08282960
-0.24100800
-0.38887600
-0.28895900
-0.33809900
-0.16421400
-0.14716600
-0.33138400
-0.15846900
-0.06362740
0.08094620
-0.26909700
0.01574960
0.58299100
0.78556500
-0.25832500
0.41149900
-0.23063500
-0.30539500
0.45550800
1.14660000
1.30157000
0.64436700
-0.17774100
-0.38427700
-0.12873800
-0.32903400
0.40616300
-0.58708400
-0.22380400
0.09783000
-0.15628200
0.00487282
0.25833000
-0.23852400
-0.19401100
-0.00746440
-0.02686780
-0.17249700
0.02179830
0.00011100
-0.29490500
-0.37729300
0.45894800
-0.28261800
-0.13581600
-0.08942550
-0.11960800
0.06943680
0.12258300
0.17957600
-0.11745000
-0.31100000
0.79373500
0.35888100
-0.82537000
-0.29407600
-0.39878900
0.68948400
0.56415700
0.34303400
0.70788300
-0.37800700
-0.35174300
-0.22835900
-0.21307300
-0.26568700
-0.16388200
0.02744280
-0.13354800
-0.40731000
0.02968800
-0.09994400
-0.15363800
-0.02410380
-0.34698800
-0.08991370
0.04996990
-0.27288500
-0.17482800
-0.15911800
0.06894220
-0.08333870
-0.31841900
-0.24204600
-0.21856000
-0.11649100
-0.31969300
-0.32659500
-0.37219100
-0.28659800
0.21146700
-0.34057700
-0.25873500
-0.22279100
-0.42421900
-0.11865500
-0.17954600
0.09156770
-0.37281800
-0.26403300
-0.38628900
0.05220410
-0.14241600
-0.21161700
-0.10830300
-0.17363800
0.01151690
-0.35520000
-0.30894100
-0.28498500
0.01420600
-0.14293500
-0.28658700
-0.26574900
-0.15978900
-0.23313200
-0.20859700
0.24701500
-0.14572600
0.04956620
-0.29461500
-0.03548910
-0.25212700
-0.22365700
-0.40118200
-0.20569000
0.15284600
-0.18048900
-0.13165600
-0.19559300
-0.17568900
-0.22234800
1.09785000
0.61920800
-0.08342190
-0.11433500
-0.16378400
-0.04916950
-0.19930800
-0.20613000
0.75246400
0.08093970
0.07377310
0.88036200
0.26783800
-0.01795050
-0.10450300
-0.23142600
0.56609700
-0.17706000
-0.22188400
-0.19786300
-0.23862700
0.06500830
-0.29827100
-0.26237500
-0.21694300
-0.16416600
-0.14913400
-0.20006500
-0.04854000
-0.10237800
-0.21257900
-0.35834900
-0.15156600
-0.20290400
-0.34116800
0.44260200
-0.14626600
-0.27772700
-0.31264300
-0.31309200
-0.29423100
-0.25587900
-0.01108090
-0.18926800
-0.11929400
-0.21351200
-0.33783800
-0.14031400
-0.31932700
-0.09546000
