4.77560000
6.76252000
5.34478000
5.08754000
6.12195000
5.48451000
4.96338000
5.15400000
4.97622000
4.86741000
-0.34807300
4.91902000
5.07850000
5.18438000
5.15504000
1.14684000
5.69370000
0.21872900
5.00735000
5.63335000
5.56715000
0.95218900
5.96513000
5.23962000
5.84895000
5.28885000
4.82371000
5.25812000
1.28094000
5.17949000
5.48815000
4.96858000
5.19490000
5.68347000
0.47562600
5.55228000
5.80245000
5.30748000
5.13359000
4.86024000
5.39040000
1.81737000
4.86988000
5.19198000
0.68122500
5.29199000
5.52725000
5.08759000
-0.34367000
0.31798900
-0.73465700
-0.19866600
-0.30761400
-0.19744400
-0.26982600
0.24038800
-0.46584700
0.16075800
0.44950100
0.55038200
0.21320800
-0.18625600
-0.28332300
-0.01617440
0.19428200
0.19064900
-0.47839500
0.38907600
-0.15465600
0.06680940
0.03955220
0.62829500
-0.07237880
0.88355400
-0.67988200
-0.13691000
-0.14884600
0.02019270
-0.13271100
0.02834850
0.19886100
0.14665300
-0.05343370
0.25835600
-0.19496600
-0.17701000
-0.29161800
-0.51308000
-0.85352100
0.12721400
-0.41463200
-0.03333630
-0.65783400
-0.46419800
-0.18661300
-0.11650500
-0.42850800
0.12663100
-0.10205900
0.03764240
0.88431800
0.12064400
0.15388600
-0.58716000
-0.13301800
-0.18401100
1.46174000
0.36036000
0.32424400
0.66295400
-0.79352500
1.53932000
0.98108600
-0.77406300
-0.80844500
-0.16315000
-0.35442300
0.01055320
-0.08593810
0.10216200
-0.52233300
0.17553800
-0.02472250
0.43308900
-0.58074400
-0.18376200
-0.38910800
-0.30387000
0.07501050
-0.34034400
0.54982600
0.05607270
0.12888100
-0.43245700
0.08835260
0.97103500
-0.40613400
-0.42841200
1.11529000
0.70637400
-0.28928800
0.64490100
0.00893566
-0.03118950
0.01316510
0.04211710
-0.12583100
1.88117000
0.44359100
0.13356700
0.85723600
-0.40044800
0.32989400
0.25210300
0.00124639
-0.07631850
0.29590200
-0.04578850
-0.04844040
0.15971800
-0.41610300
0.10706100
-0.27807700
-0.40080600
-1.01654000
0.21799400
-0.35914800
0.29126700
-0.60579700
0.18850100
0.70153500
-0.32936800
0.38968600
0.33612900
-0.36265400
-0.07603000
0.13248300
0.29758500
-0.28650000
0.17955300
-0.23839200
-0.13719200
-0.02716640
-0.28492500
-0.45721900
0.25985100
0.72297000
0.02270040
0.19881000
0.65374700
0.13023100
0.10208700
-0.35812500
0.37207200
0.05969900
-0.35208600
-0.11480700
0.43359600
0.49758500
-0.19633500
0.37181000
0.00395576
-0.32579800
-0.59417600
-0.68564300
-0.54500500
-0.24215400
-0.03475840
-1.03228000
-0.12717600
-0.23402200
0.09688870
-0.48723200
0.08376870
-0.64976500
0.35914400
-0.66855800
-0.10308100
-0.07023310
0.61566400
-0.35935500
-0.33088400
0.45026100
0.10490100
0.16699600
-0.30358900
-0.09603770
0.23928100
-0.44307000
-0.42300800
-0.46137500
-0.00486717
0.00292613
-0.96696200
-0.27975500
0.38923500
0.19231900
-0.37392600
-0.05025650
0.27853900
-0.61162900
0.31835200
-0.08711320
0.41683700
0.47103300
0.56407300
0.21992000
1.27274000
-0.28585100
0.29666300
-0.41384700
-0.04176390
-0.17565400
-0.27991800
-0.42542500
0.01447890
-1.05595000
-0.53905000
0.20719400
1.35201000
0.31059100
0.19851600
0.39000200
-1.41226000
-0.38270600
0.24710800
0.70184300
0.94295400
-0.09115710
-0.24690700
-0.01556920
1.49380000
0.08342740
-0.43324500
-0.24745300
-0.19235700
0.46537800
0.41191600
1.15059000
0.04118870
1.48318000
-0.37403300
-0.22672200
-0.31555600
-0.41327000
0.15745300
1.22795000
0.26016100
0.33291000
-0.33112900
-0.51243600
0.28052300
-0.11429800
-0.01880210
0.23310000
-0.91153500
-0.39000500
-0.06744520
-0.68484000
0.06491560
-0.04289480
0.62575600
1.69071000
0.01833620
0.13074500
-0.44257700
-0.39198500
-0.20039900
0.40602200
-0.48113100
-0.69003600
0.06404180
-0.09439000
1.10019000
-0.00833339
1.04845000
0.40510200
-0.15493400
-0.42001000
-0.42078100
0.23284000
-0.10855700
0.49169900
-0.32458600
-0.13081400
-0.07373540
-0.77130200
0.58423500
-0.39771700
-0.36176200
0.09900290
-0.72475300
-0.26874900
0.12695300
0.25991200
-0.17896900
0.36567200
0.11933500
-0.63291900
-0.07603890
0.01674490
-0.10360100
-0.30643900
-0.09455730
0.46295400
0.17354700
-0.56321000
-0.35765400
0.14952300
0.33571500
0.83617500
0.45819800
0.11754900
-0.55226200
-0.38525600
-0.84627600
-0.85163900
0.07827910
-0.10800800
-0.42645900
0.39300300
0.05744780
0.09388090
-0.12083600
0.14783300
0.23892900
0.02268770
0.20345100
0.35975800
-0.19524200
-0.02271950
0.44992700
-0.12096300
0.36835000
0.06692410
0.13587200
0.26396300
-0.38578300
0.14048500
-0.13200500
0.31745500
-0.36235900
0.16321800
-0.30274600
0.54698400
0.01992060
-0.15642500
-0.47404000
-0.57516800
0.12454300
0.44941800
0.46076000
-0.46804200
0.51647400
-0.04926020
-0.58737000
0.33705200
-0.99494200
0.73602200
-0.21087400
1.56150000
1.47508000
-0.04763830
0.32219100
-0.23985400
0.06546360
-0.19709100
-0.50989300
0.41301000
0.25833200
-0.02850130
0.02345570
-0.23956600
-0.56541700
-0.27594200
-0.29167600
-0.11202600
0.11457100
-0.01383620
0.52493800
-0.55661200
-0.01080440
-0.64256300
-0.46279200
-0.23464800
-0.23097800
-0.05274340
0.19922400
0.07948530
-0.16724800
-0.33177500
0.24923300
1.28290000
-0.17717700
-0.45618500
0.14620700
-0.45711500
-0.45644800
-0.74796200
0.47313500
-0.27445300
-0.60385900
-1.05748000
-0.29850200
-0.77612900
-0.03888300
0.60438100
-0.61878700
0.32446400
-0.43111000
-0.10395100
-0.12002200
-0.05701470
-1.04181000
1.18389000
-0.55851900
-0.25546200
-0.71747200
0.70319300
0.09744930
-0.53704700
0.22211600
-0.18149600
0.41201300
-0.70574300
0.46621000
-0.28270000
-0.07180670
1.17470000
0.41901800
-0.59445100
-0.43434300
-0.50148300
-0.30715700
0.31474700
-0.16114100
-0.33411500
-0.26517000
-1.01063000
2.41685000
-0.07897910
0.11996100
-0.22641500
-0.92623700
-0.13930000
0.17176200
-0.03184310
0.47984100
1.02878000
0.33152300
-1.03644000
-0.24302800
-0.37417300
0.42796900
0.05533700
0.03067250
0.24130700
-0.03763460
-0.45617200
0.06353530
-0.02849210
-0.93696000
0.10349800
0.14144800
0.04407560
-0.29940300
-0.18163600
-0.73044200
-0.27886700
-0.51501000
-0.48649300
-0.55733300
0.47472800
-0.00273002
0.65477500
0.03178630
-0.13530800
0.14102900
-0.45166300
-0.41771500
-0.09059690
-1.55326000
0.25093200
-0.00602970
-0.72060500
-0.38604700
-0.09385720
0.49709000
-0.97217100
-0.14820200
0.67732100
-0.18883500
-0.74997100
0.31081500
0.04865860
-0.09125660
0.38592300
-0.39883500
-0.23064200
0.98498500
0.45720500
-0.81359400
-0.34226700
-1.11329000
-0.07215650
1.00957000
0.39625300
-0.84009800
0.07872650
-0.43611400
-1.16071000
-0.28889600
0.26909200
-0.21392400
-0.41439100
1.08625000
-0.76905300
1.93741000
0.08911710
0.06332520
0.23135500
-0.06230070
-0.31365000
-0.43171500
-0.57811900
-0.35911600
-0.50313700
0.19987500
-0.59848100
-0.08863460
-0.42057800
0.56366400
0.64901900
-0.23357900
-0.64518500
-0.58203400
-0.27146500
-0.02467980
0.67531000
-0.01680730
0.40492500
-0.25755600
0.33091800
-0.63920800
-1.07400000
0.34240100
0.13746500
0.74226100
-0.34113600
1.16393000
-0.02694170
0.60445300
-0.39481100
0.10992600
-0.45586500
0.40463800
0.37730700
-0.07252180
3.35184000
0.04322770
0.20977600
-0.90142900
1.30034000
-0.03923470
-0.14605200
-0.36913200
0.12414700
0.19983000
0.47818300
0.36901400
0.04067960
0.06611260
-0.10829600
0.04601600
-0.64687900
-0.19346600
0.08556040
0.00571344
-0.66420800
-0.25461500
-0.10639900
0.58342100
-0.15734500
0.20935600
0.10109400
0.66560900
-0.44512400
-0.47402200
1.30396000
-0.33354300
0.39426600
-0.00312590
-0.02229300
-1.14546000
0.19960000
-0.09635320
0.27100300
1.71732000
-0.48031000
-0.94064300
-0.45179700
0.47667400
0.92405400
-0.74233200
0.32495300
0.22596500
0.93946800
-0.54443000
0.43947500
-0.09297730
0.21270700
0.04750840
-0.97169600
0.03940480
-0.36810800
-1.13610000
-0.16068200
-0.71263800
-0.39228900
-0.15759100
0.12507300
-0.47394800
-0.27874400
1.14525000
-0.12978800
-0.18111200
-0.35893400
-0.71778500
-0.85872900
-0.54896800
-0.65615200
0.38741100
-0.78229400
-0.84073700
-0.08459280
-0.59254400
1.39194000
-0.28256500
-0.06617540
0.46882400
-0.68770000
-0.19831600
-0.23787200
-0.16109400
0.67675200
0.03633230
-0.34401400
0.11710100
-0.84499400
-0.32518400
0.21117700
-0.55373800
-0.10792600
-0.89705700
-0.29282700
0.15697000
-0.95872000
0.00352796
0.45224000
-0.42449500
-0.02104510
-0.34949100
-0.14631800
0.46403400
0.44842400
0.06823830
-0.00354904
-0.15875000
0.19014200
0.20131200
-0.16555900
-0.36721400
-0.13120700
-0.47271800
0.13741800
-0.33071900
0.38874400
-0.28640900
-0.35815300
0.50833700
0.63229800
0.01881530
-0.64696700
0.68421300
-0.29707700
-0.21403600
0.00095009
0.39559500
0.52171100
-0.10426000
0.07786130
0.48915900
-0.47935100
-0.14811100
-0.59321800
0.36875900
-0.44709900
-0.16013000
-0.56309400
0.09157550
-0.12441100
-0.12891300
-0.52318900
1.07909000
-0.22900300
-0.52873800
0.26555600
0.41304800
-0.49710900
-0.69860600
0.06852840
-0.46702600
1.22495000
-0.05721250
-0.04311550
0.20587500
1.03825000
-0.26206600
-0.25253300
-0.24259700
-0.23887700
0.01382590
-0.25696800
-0.70611700
-0.40636600
-0.05887930
0.28499000
0.19820100
0.05546010
0.93572900
-0.05096050
-0.42791900
0.16294500
0.87621900
-0.72253800
-0.45346700
-0.88461000
0.00960654
0.44909800
0.47303100
-0.07846500
0.39127400
0.06989560
-0.65858700
0.16892700
0.03774340
-0.47214600
0.10012600
-0.47781900
0.08770710
-0.30032100
-0.16334200
-0.08549730
-0.52556000
-0.01763870
-0.36438600
-0.18873200
-0.09060550
0.33175900
0.37382800
-0.76065400
0.02935250
0.56961600
-0.43619700
0.49204700
-0.23485200
-0.18960900
-0.41044400
-0.02572850
0.31923700
0.53470500
0.49249600
0.46724400
0.13769300
-0.68892000
0.01143560
0.32524800
-0.33817500
-0.21333500
0.23654400
0.18471400
0.46378100
-0.08713060
0.68492100
-0.49001600
0.32118400
-0.07500380
-0.86674700
-0.00173820
0.39127400
-0.03845690
0.37199400
1.72577000
0.27639400
-0.91506800
-0.01371360
-0.52070700
-0.54627200
-0.06221840
0.34859400
-0.60340600
0.12965800
1.07755000
0.59635600
0.23690500
-0.13636700
-0.26045400
0.46469000
-0.63455500
0.68381200
-0.34685100
-0.54567000
0.13580900
-1.20950000
0.33687200
0.36869500
0.27269600
-1.08983000
0.49164900
-0.16315800
-0.24277200
0.69973600
-0.42068300
-0.24288700
-0.40985200
0.39101500
-0.16023000
-0.42577200
-0.22036500
-0.80967700
-0.40966800
0.04325860
-0.30946500
-0.21902200
0.65891100
-0.46591200
-0.56447800
0.01312490
-0.36068800
0.26393500
-0.33691700
-0.11756300
0.64296300
0.76124100
-0.23449200
-0.37257000
0.54722400
0.40403200
-0.32380100
0.42085200
-0.61231100
0.27134300
-0.40813800
0.38260200
0.59712400
-0.03243930
-0.61088700
0.14299600
-0.34010900
0.06958160
0.15701700
0.82355800
0.27362800
-0.57569600
0.16855500
0.45702700
-0.79852000
-0.57173700
-0.09619430
0.31030300
-0.33971500
0.39277800
-0.15649900
-0.28825700
-0.37549000
0.03820590
-0.44464600
0.52688200
-0.10691500
-0.24158000
0.25811500
-0.24857800
0.14699200
-1.31212000
1.35650000
0.53665000
0.55178100
-0.14359800
0.05940350
0.25192300
0.80924300
-0.25173200
0.06104270
0.69740800
0.01946670
0.73589200
0.08252090
0.04628210
-0.35724800
-0.22944300
0.32162300
0.56000100
-0.11171500
-0.54430700
1.33900000
-0.39227300
0.81693400
-0.34731100
-0.10132600
-0.08982590
0.50597800
0.10780400
0.34825900
0.27343900
0.20637800
-0.03240370
0.42062800
-0.74023500
-0.01336660
0.58889900
0.36795100
-0.52736100
0.49950000
0.03273720
0.09826090
-0.03082040
0.81382800
0.51281900
-0.56006100
0.30238100
0.04526000
0.38763400
-0.16530100
-0.72982300
-0.14930300
0.35747000
-0.28846200
-0.91819000
-0.03222230
0.13672500
-0.43038800
-0.29028400
0.11340300
-0.45190300
0.59558700
0.83539300
0.03451600
-0.21539300
-0.26116600
0.45261900
-0.62799500
-0.03105170
-0.23488000
0.14055900
0.02282410
0.17381000
0.41295600
0.43275900
-0.26575600
0.79392000
0.26859800
-0.60518900
-0.25335100
0.26807100
1.52875000
-0.12705600
1.20345000
1.08032000
-0.25203200
-0.19816700
-0.36680200
-0.18566900
0.47075900
-0.01155870
0.58249000
-0.27271800
-0.04960790
-0.08132580
0.21245800
-0.10228200
0.33190200
-0.67480900
-1.26449000
-1.19617000
-0.35349300
-0.42869400
-0.30164600
-0.02876480
-0.15844800
-0.51069100
-0.44224100
0.19503000
-0.09096150
-0.23169600
0.10787200
-0.27564400
0.11708500
0.84767600
-0.18586600
0.48968800
0.11355800
-0.40288900
0.02566400
0.09107800
0.90547000
0.57784400
0.64097600
-0.28781500
-0.10611800
-0.07722260
0.22683700
-0.99210700
-0.62689800
-0.23335500
-0.48600500
-0.47969600
-0.83196500
1.89220000
-0.25781900
0.09474070
-0.64697900
-0.34293900
0.01631530
-0.75137700
-0.26218800
0.18968900
-0.51545200
0.56566100
-0.32442000
0.96622700
-0.10283600
0.14036500
0.06850080
0.11560500
-0.31602500
0.50597800
-0.11883500
0.38812100
-0.39639700
-0.04975990
0.07286750
-0.23252700
-0.65331100
0.22750900
1.55272000
-0.43728300
-0.79331400
-0.39439400
0.12055300
0.14014900
-0.29827900
-0.68488500
-0.06712140
1.90283000
0.60328400
0.27534900
-0.22827100
-0.24535000
-0.34319100
-0.70332700
0.55975300
0.30711600
-0.24731200
0.06724410
-0.40226800
0.43534600
-0.30588400
0.46010300
-0.68825900
-0.13940800
-0.55361000
0.20089000
-0.68870000
-0.34534000
-0.12935900
0.61145800
0.14051800
0.43381300
0.43625600
-0.49865400
-0.31435500
-1.04762000
0.21046300
1.16843000
0.57786800
1.23890000
-0.12419900
1.63588000
-0.24900700
0.74893800
-0.43224100
-0.19608300
-0.15663000
0.13790000
-0.20592400
0.19624000
0.67178100
0.78139800
-0.03485040
-0.21751300
0.23705300
0.09100460
0.55860400
-0.28384500
-0.64593700
1.12820000
0.21893500
-0.29405800
0.00197831
0.07182950
0.15145900
-0.31456300
1.68758000
-0.22318700
0.62686800
0.37895200
0.05029440
-0.23793000
-0.30964000
-0.55317400
-0.51554700
0.51335000
0.21376200
0.48543000
1.15761000
0.58830100
0.03350910
0.33995700
0.45656700
-0.26427800
-0.47584500
-0.92997300
0.24385100
0.25342200
0.09878920
-1.10030000
-0.31477600
-0.03331360
-0.15346100
-0.52622700
-0.27509400
-0.17340700
-0.00942161
-0.69506900
0.63309200
-0.18597600
0.89524400
-0.90367700
-0.14813200
0.80373000
2.03958000
1.23857000
0.51986000
-0.01364100
-0.14943300
-0.27008500
0.76067600
-0.03873250
-0.06377890
0.57890900
0.39693900
-0.63498700
0.59532300
-0.42145900
0.07313690
0.02650590
0.16159200
-0.22774200
-0.08405540
-0.48052700
0.04961040
0.06503320
0.21463200
-0.16366600
-0.22556500
0.14644000
-0.04143660
-0.38882300
2.09446000
-0.20836700
-0.46908500
-0.02256900
-0.10143900
-0.98857800
-1.07909000
0.30708500
1.19936000
0.20622700
0.25482600
0.08086700
0.22154900
0.65148600
0.07365020
-0.08893330
-0.22598600
0.23649900
-0.49686200
-0.11224100
0.54713400
-0.31454400
-0.08779290
0.59317000
-0.29404300
-0.12364300
0.59624200
0.10274800
0.34525500
-0.21103200
-0.21144200
0.03699580
-0.23448700
0.61232800
-0.15625800
-0.40196300
-0.27128400
-0.26953600
-0.12346900
-0.02596320
-0.06835550
-0.13305200
-0.48830000
-0.36994900
-0.18398200
-0.25607900
1.15691000
0.05359310
1.53167000
0.98163400
-1.25005000
-0.52388500
-0.70175100
-0.10506200
-0.31220400
-1.26792000
-0.26268800
-0.58478600
0.11233700
-0.64135600
-0.47237200
-0.32762300
-0.23548500
-0.57246300
-0.12052700
-0.53074800
-0.39546400
0.30706300
-0.88474500
0.63023700
-0.51082700
-0.02344650
-0.35506400
-0.06649530
-0.22865200
0.28919800
0.81301200
0.22843900
2.06658000
0.89202200
1.02331000
1.38210000
1.13509000
1.57258000
-0.21270400
0.00886324
0.41044300
0.39691000
-0.03860050
0.99141900
0.44328700
1.72332000
0.33007700
0.36611500
1.75462000
0.90577900
0.44628900
0.06709710
0.59708300
0.04830180
0.47338000
0.30198600
0.13639900
0.38844500
1.30967000
-0.29252900
0.09347680
-0.07629800
-0.27633600
-0.37966000
-0.80925800
-0.19415100
1.38431000
-0.48101200
-0.82566100
-0.34860200
-0.31329800
-0.20789400
-0.36009200
-0.07123020
-0.11435000
0.06166510
-0.14175200
-0.03364680
0.32263000
0.30152700
-0.50180400
-0.30105800
0.40777100
-0.21085500
-0.02758960
0.08203230
0.09042990
-0.54924300
-0.69283200
-0.40009500
-0.36872800
0.04232540
-0.43432300
1.59880000
0.15390900
-0.36698900
-0.22613200
-0.53307600
0.35945400
-0.83114600
-0.67615000
-0.22556700
-0.18881300
0.26306200
-0.42126400
-0.09010360
-0.08567630
-0.27335300
-0.32449300
0.90915000
-0.49250900
-1.03694000
-0.70192100
0.93297800
0.55539000
1.21223000
0.47187900
-1.01429000
0.11184400
-0.40419200
0.40933700
-0.86941600
-0.00086452
-0.33578200
0.00351586
-0.88628800
-0.50570000
-0.28496600
-0.31620600
-0.30187900
-0.55137300
-0.48735800
0.11811800
-0.92534300
0.22659200
0.16873900
-0.16454700
0.26106500
0.02923680
0.16117900
-0.29122900
-1.08098000
-0.43292400
0.41930500
-0.15718900
1.17953000
-0.80827800
1.18298000
-0.39243500
-0.26930800
0.08382910
0.99749600
0.35900600
0.26633800
-0.46015700
0.09527320
-0.51202500
-0.03262460
-0.06244180
-0.16405600
-0.04210160
-0.17457600
-0.00515360
0.10154600
-0.19359700
0.77717400
-0.13245700
-0.42421300
1.55473000
0.56075600
-0.34575300
-0.00829166
0.59681200
0.38245300
0.08184350
0.10941600
-0.02592830
-0.20383100
-0.26667300
0.09735250
0.29225200
-0.48698900
-0.33134700
-0.09529340
0.13343800
0.30147700
1.52272000
1.09621000
-0.09339250
-0.49694900
0.14058100
0.51154800
-0.70254400
-0.15339800
1.46353000
-0.42240900
0.29412200
0.69566100
-0.08886720
-0.76621600
-0.26750700
0.45944000
-0.39375900
-0.16117400
0.14271400
-0.39716100
0.44536500
-0.47195500
1.99649000
-0.24641000
0.33306400
-0.40729700
0.24227700
-0.11468400
0.24537100
0.62516400
-0.04606080
-0.77021800
1.85307000
-0.28037900
-0.20747600
-0.40499300
-0.48308400
0.96510800
0.65687900
0.55313400
-0.05728390
-0.55367200
-0.91964600
0.41748500
-0.43659600
0.96853900
-0.23245200
-0.56634400
-0.01632780
0.05788380
1.20444000
0.81998000
-0.55990600
0.52169400
-0.63238400
0.09298590
0.56935800
-0.07235160
0.00129632
-0.29598800
-0.19403300
0.03111470
-0.18572100
0.18677500
-0.52112300
1.21444000
0.57646300
-0.00171679
-0.62508900
0.27797700
0.07610120
-0.33302400
-0.16376100
-0.32053400
-0.13822000
0.17258200
-0.17228800
0.08969880
-1.17551000
-0.24167000
-0.86849800
-0.04510050
-0.59476800
1.93245000
-0.16451600
-0.52916200
-0.29587600
0.15799900
-0.46649900
0.03453660
-0.09476850
-0.16235600
-0.05486650
-0.15189400
0.00586596
-0.69766100
0.01489590
-0.48400100
-0.42232500
0.38029200
0.07797280
-0.09301220
-0.59319900
0.15214500
0.35237600
-0.61810000
-0.01022140
1.26620000
1.37916000
-1.13460000
0.00321621
0.06055340
0.01422630
0.76833800
-0.89125200
0.45374200
-0.50580300
-0.05412430
0.13310900
-0.41418700
-0.42768800
-0.14076100
-0.97156400
0.46369500
0.21888500
0.56555100
-0.83277300
-0.54469000
-0.32061700
0.28526400
-0.24531000
-0.20891400
0.15799900
0.24687800
-0.00034606
-0.59887900
-0.14272600
-0.25308600
-0.44205100
-0.12178800
-0.23733800
-0.54166900
1.47359000
0.23546100
0.32700900
1.01946000
-0.11821300
-0.67083300
-0.33727100
-0.51095800
0.01434310
-0.32434300
-0.78431200
-0.17312100
1.91629000
-1.00968000
-0.07525020
-0.44914600
0.08123870
-0.16029900
0.02931920
-0.74469100
-0.33984000
0.19511700
-0.08297380
0.54538400
-0.18117800
-0.26841000
0.16144400
-0.36261500
0.05307100
-0.72892600
-0.87506500
-0.49030100
-0.24812200
0.06185190
-0.11488200
-0.38254500
0.53621500
0.09664230
-0.00998899
0.18425000
-0.62267900
0.81627200
-0.29778500
0.48673600
0.14215500
-0.52001600
0.33504300
1.42309000
-0.26653100
-0.16369700
0.10347400
-0.05431520
0.47548400
0.67442200
-0.03406020
0.77280700
0.31251500
0.10704500
0.08754150
-0.40743700
0.56585600
-0.06637700
-0.77739800
-0.21975700
0.33959800
2.98106000
-0.78094100
-0.08536290
-0.43415100
0.68439500
0.99759500
0.70161800
1.24576000
-0.23274600
2.33846000
1.60306000
0.29086700
0.82955000
-0.05940230
0.11793900
1.02439000
-0.95729100
0.39505700
-0.21322200
-0.04824240
-0.21166900
3.09195000
-0.22741500
-0.64746900
0.48393500
0.14978900
0.03781400
0.48029600
1.87446000
-0.40626800
0.17347900
1.47515000
-0.14017900
-0.40019300
0.15596800
-0.68501500
-0.11351600
-0.75696100
-0.51505500
0.36579200
0.01361950
-0.09820040
0.53155800
0.49860200
-0.72794300
-0.22579800
0.57129200
-0.41393900
-0.99377300
0.10193300
-0.85801100
-0.41420800
0.15760400
-0.20649500
-0.74894800
0.85851200
0.75511000
0.36681600
-0.30019400
-0.48977800
0.59116900
0.26552000
-0.15943200
0.52342600
0.07933180
-0.93738600
0.37410400
-0.40696700
-0.09385100
-0.10103000
-0.10584600
0.01910670
-0.70396000
-0.48658400
-0.72382600
0.84619500
-0.27818100
-0.26335200
0.35614500
1.13027000
0.54978600
0.36436600
-0.27894200
-0.65706900
-0.37078600
-0.42825400
-0.22536100
-0.43978600
0.03277180
0.09873160
-0.50247400
-0.16746800
-0.35675600
-0.09986400
1.24884000
-0.22189200
-1.04015000
-0.22113200
0.06664610
0.36471500
-0.06696060
-0.10828800
-0.22400200
-0.53799700
-0.51294600
-0.89713900
-0.23365400
2.14468000
-0.43309900
-0.13238500
-0.87921100
-0.31106700
0.91571200
-0.67568100
0.09740940
-0.47499000
-0.22659600
-0.04748090
2.14376000
-0.16467700
-0.41177900
0.67644900
0.34882200
-0.79357100
-0.68997900
-0.09262870
-0.02779540
0.10136700
1.02309000
0.44311500
0.75511800
0.21255900
1.59994000
0.87169300
0.98346400
-0.11465600
1.13304000
0.10218200
1.14432000
-0.07349180
-0.19650400
-0.39717900
-0.79125000
0.03016810
-0.31241800
0.35201100
0.34263200
0.05757860
0.07697940
-0.81908200
0.15485400
-0.63923200
0.82051500
-0.01781650
0.48527000
-0.22499400
1.15866000
1.38707000
-0.47688600
-0.74961500
-0.39894000
0.17592000
-0.14056800
0.46689000
-0.64805400
-0.13630500
0.20652000
-0.63106200
-0.35805200
-0.08843440
0.07050890
0.19874500
0.84014800
0.19642500
0.29599000
1.03723000
-0.19727000
-0.20522400
-0.25310800
0.18878200
0.16744500
0.05991420
0.17929900
-0.58304000
-0.95316000
-0.39464800
-0.74134100
-0.42910100
-0.48432200
0.00529936
0.25150900
-0.34675500
-0.45905700
-0.09608860
-0.21307100
0.35878600
0.25198200
-0.22277000
0.23328100
-0.10952600
0.06052380
0.63607700
-0.71744200
-0.07298560
0.12546000
-0.37815400
0.75015500
0.56757800
-0.28176900
-0.09727060
-0.13536600
0.17467400
-0.35494400
0.06480070
0.49246800
0.03977940
0.62183200
0.33796300
1.13370000
1.12386000
-0.34876800
-0.36078900
0.57752200
-0.46401100
0.18926400
0.63322900
-0.41652000
-0.59771700
-0.46608500
-0.29451400
-0.07719570
-0.64468200
0.67415100
0.80635800
1.11823000
-0.33137400
0.87997600
-0.54004400
0.04967350
0.47921800
-0.06152600
-0.04026730
0.09723480
0.46752000
-0.46010800
0.09419920
0.15790900
0.54962000
0.54962000
-0.29514900
0.10470800
-0.49715700
-0.63071700
-0.26776700
-0.20492200
0.18220300
0.78430000
-0.83752400
-0.01411600
0.39727500
-0.09467880
-0.23638200
-0.31475700
-0.34068900
-0.11748000
-0.62424500
1.81237000
0.40041400
-0.04698580
-0.57165200
0.27734000
0.23691200
0.28901500
-0.32120300
0.52288400
0.26801000
-0.33149800
-0.11285500
-0.77103600
-0.24504700
-0.50135800
-0.04401880
-0.56756200
-0.16842300
-0.58458000
-0.15161700
0.34873900
0.20356500
-0.28502500
0.97143800
1.27635000
-0.46081400
0.01837270
0.13206500
0.19969300
0.42067400
-0.61410100
-0.15859800
-0.64551000
0.03515770
-0.59340600
0.05833830
-0.23500700
0.29780800
1.09620000
0.07733870
0.17964300
-0.24163500
-0.65840000
-0.39467000
0.46106100
-0.11612700
-0.19561100
-0.54559200
-0.21017200
-0.02626230
-0.35010200
0.37630200
0.14351800
-0.27671500
0.43619600
1.24538000
0.11185700
-0.37248900
-0.51778800
-0.21508600
0.23961800
-0.74833900
2.33490000
-0.29883000
0.43153900
0.15560700
-0.90227400
0.18445400
0.77151300
0.48066800
0.35412900
-0.03020530
1.07016000
-0.49703700
0.29165300
-0.13742600
-0.25380200
-0.10254900
0.09203320
0.22150000
0.89503200
1.20299000
2.58699000
-0.57625600
-0.25816400
0.06425740
0.68463200
0.15792400
-0.08790510
-0.15440900
0.43354500
0.04990930
-0.58324600
-0.19930000
-0.23856400
-0.31991800
-0.30372500
0.29167800
-0.80030500
0.18951300
0.07661310
0.01006640
0.07352940
0.17083600
-0.47719200
0.38204100
0.05509760
0.52695900
-0.22954500
-0.54049700
-0.33380000
-0.12841100
-0.09936130
0.04190930
-0.80274900
-0.44134300
0.00267559
-0.04693260
0.25317600
0.41921600
-0.11826700
-0.07337570
-1.11916000
-0.24215700
-0.68461300
-0.14555700
0.52065900
-0.10334100
0.13382400
-0.68536900
-0.45376500
0.56773500
1.00187000
-0.34152700
-0.75201800
0.40064200
0.11444200
-0.29820200
-0.24876700
-0.38460300
-1.29363000
0.13589700
-0.55224800
0.00064223
0.06430380
0.23049300
0.24857000
0.15732000
0.65125600
0.05036090
1.73455000
0.74487200
-0.26175900
-0.18550300
-0.11886100
-0.56302100
0.01182890
0.47032100
-0.05329390
-0.36530900
1.35674000
-0.31170800
0.71411400
-0.15121500
-0.24044100
1.41488000
0.44335300
0.48659400
-0.07033060
-0.25012800
-0.48294800
-0.45323300
0.60405100
0.18960900
-0.40544900
-0.63291500
-0.06906500
-0.51162800
2.00245000
0.01521660
-0.10461700
-0.04264350
0.37403700
-0.66147200
1.65669000
0.41504100
-0.56628000
-0.21472700
-0.31458200
-0.36851200
-0.18176200
-0.43577100
-0.67507800
-0.46666700
-1.26327000
-0.13842000
0.83913700
-0.72042800
-0.54788400
0.08837720
-0.91250600
-0.69570600
0.97765500
1.01869000
-0.01828760
-0.13378800
0.11659600
-0.68013500
0.23813800
-0.92544600
-0.62748100
-0.39253500
-0.70587500
-0.49589700
0.63226600
-0.32166800
-0.23145200
-0.38872800
0.13216400
0.32670200
-0.11664500
-0.01877420
0.35068000
-0.41968300
-0.31318400
0.00797182
1.36722000
-0.53421300
0.54806500
0.29351100
0.51627500
0.38112200
-0.14691700
-1.07506000
-0.62266700
-0.23964700
-0.30765900
-0.60586600
0.65490200
-0.07888120
-0.11099900
-0.22576500
-0.96338200
0.84237100
0.12850400
0.50439700
-0.61737600
0.85569900
-1.11615000
0.30016300
-0.66304600
-0.37336400
-0.09184270
-0.25939700
-0.12584200
-0.58187900
-0.31996200
-0.41543200
0.15054800
0.13311700
0.79133700
0.16038200
0.16589100
-0.02813240
-0.81869900
0.32199400
-0.24423100
-0.60586700
-0.87264000
0.06873660
-0.18241800
0.37124700
-0.12129600
0.36990000
-0.63250400
0.06647030
-0.13873600
-0.32301200
-0.61584300
-0.15205600
-0.40392000
-0.28038300
-0.01228090
0.17578600
0.10644100
-0.51459400
-0.05765110
0.27296600
-0.43819000
0.05110910
-0.20852600
0.19165300
0.23841900
-1.08963000
0.51741300
-0.27164400
-0.13483000
-0.43840800
0.04488140
-0.40092800
0.08517760
-0.37823100
0.44512700
-1.04389000
0.44846900
-0.36712400
0.23738500
0.45780300
0.38393600
-0.42191700
0.25514400
0.45267600
-0.29237000
-0.40642900
0.51844300
1.12854000
-0.37473600
0.50164100
-0.25348600
-0.57216500
-0.17167800
-0.34977500
-0.40302600
0.16935600
0.15980200
-0.38063700
0.39298100
0.03803140
-0.28741900
0.41921000
-0.44451500
-0.15687100
0.40936000
-0.56403600
-0.55102100
-0.22074400
-0.21691900
0.57779200
2.45320000
-0.71989700
0.05893740
-0.73566900
-0.30691800
-0.12448700
-0.91403100
1.08335000
0.71704200
-0.18397400
0.45267600
0.08224030
-0.30390900
-0.06244200
1.28075000
0.42550100
0.21071200
1.60002000
0.64616000
-0.87938900
0.20068900
0.08321340
1.27372000
0.46267000
0.53477800
-0.33365700
-0.52626800
-0.21659700
0.86309200
0.69731100
-0.57354100
-0.24828200
0.30548700
-0.48457400
-0.60504500
0.03903120
1.30197000
1.32246000
1.16217000
1.49790000
0.89030000
1.16924000
0.90995400
0.34667800
1.67925000
0.75952100
0.36964900
0.58592000
0.94066600
2.33811000
-0.01449860
0.42226200
-0.09149970
-0.15198200
-0.53251000
0.18747000
0.16684000
0.53977200
-0.00445264
0.90909000
-0.49164000
-0.34830800
-0.29053500
1.86019000
-0.01579330
-0.56138100
-0.55808400
0.24214100
-0.31073200
-0.63002200
0.06537260
-0.25419300
-0.33903000
-0.28472600
-0.08550480
-0.08989440
-0.05270120
-0.11968000
-0.50831000
-0.10145200
0.64079600
-0.64971600
-0.96250000
-0.27120900
-0.34852000
0.20080500
0.15353600
0.19056900
-0.03826320
0.67716100
0.69004200
-1.12450000
0.60966700
0.50412900
-0.12007900
-0.21858200
0.32304500
-0.23383100
-0.22604100
-0.23432600
-0.49596800
-0.25936100
-0.98086600
-1.25490000
0.08121120
-0.54289600
-1.06098000
-0.59792700
-0.16999000
-0.41094500
0.12045400
0.29211500
0.34520200
-0.29571700
-0.22210500
0.15610700
-0.86773700
0.03438170
-0.72514200
0.27168300
-0.62081700
0.10038200
-0.04863330
0.02261050
-0.87977400
1.40478000
0.09682170
-0.66568500
-0.16563700
-0.19842800
-0.03619170
0.23565400
0.01992060
-0.46019900
-0.23270300
-0.34560400
-0.11969000
0.14185800
-0.15450300
-0.25891600
-0.10637400
-0.29298500
-0.73224500
-0.49277300
0.34906000
-0.40518100
0.09957220
0.04388120
0.11529500
-0.52294800
-0.37711200
0.79887500
-0.23482300
-0.41093000
-0.12168800
-0.38629700
0.21501400
-0.49822500
0.52639600
-0.03146230
-0.12076500
-0.53614200
0.57505500
0.62456200
-0.15639400
-0.19990800
0.18877700
-0.03114530
-0.07019800
0.07663970
0.31344900
-0.17424600
-0.19986400
-1.20004000
0.75899200
-0.26929100
0.40450300
-0.93339000
0.44640500
-0.81854800
0.89345900
-0.38048000
-0.00604639
-0.19184300
-0.36901000
-0.50798600
-0.14883400
-0.28970800
-0.63168100
0.04635630
-0.01740890
-0.82964500
-0.34772900
0.02631400
-0.84405500
-0.46045500
-0.24220000
-0.23060000
-0.93329600
0.07983460
-0.02249850
-0.40630700
0.42281200
-0.13206700
0.15702400
-0.62408500
-0.54023400
-0.84722700
-0.04355340
-0.01588280
0.71998600
-0.85148300
-0.43557400
-0.08287310
-0.01286840
-0.64618500
-0.02554830
1.41687000
2.04958000
2.99564000
0.56564500
0.40283900
0.62346200
-0.59875600
0.03878360
-0.09530610
0.62704900
0.20577500
0.34172600
0.21009800
-0.37759200
0.12558700
-0.13520300
-0.10678900
0.16230400
-0.14714000
0.00557115
-0.52035300
0.47849400
0.54117400
-0.61131400
-0.36322800
-0.25760800
0.13347300
-0.74710100
-0.18517700
0.54357900
-0.12888700
1.52669000
0.54032700
0.05668710
-0.41865200
0.30119000
-0.22467300
-0.54003000
-0.01620680
-0.66896900
1.11028000
0.36941400
0.82264700
-0.58918300
0.28210400
0.32198300
0.78121100
0.79138100
-0.18084700
-0.18055900
-0.14858500
-0.40204100
-0.62262100
-0.28518100
0.67579700
-0.37925900
0.34983400
0.04278500
-0.17663800
-0.08094630
-0.09781520
0.08273090
-0.06880360
-0.33524000
-0.05659460
0.09719930
0.08642750
0.19229300
2.18734000
-0.80744500
-0.73912500
-0.57718800
0.49934900
-0.41052400
1.06445000
0.34408000
0.38564200
1.15300000
0.67714300
-0.39886100
-0.01398740
0.30107000
0.17657200
0.07528380
-0.15385600
2.42640000
0.76164500
-0.55662800
0.48912300
-0.62859300
-0.43024500
-0.52885600
0.64428800
0.78305000
0.38282400
-0.25507900
0.47553900
-0.48692200
0.45816900
0.61090500
0.22624600
-0.21320200
0.27009200
-0.06649630
-0.11475200
-0.32353300
1.30386000
0.85002600
-0.04031540
-0.14944300
0.17181600
1.31918000
0.80816000
-0.21848400
1.08891000
0.29467800
-0.35778300
-0.52022500
-0.46526000
-0.13624000
-0.36606800
-0.27166100
-0.41584400
0.15212500
0.38683300
-0.26086200
-0.80823800
0.09196030
0.95640200
-0.17563400
0.20980500
0.90833000
0.12669000
0.54663400
-0.43117200
3.17679000
1.03908000
0.23791800
-0.21467000
-0.11414500
-0.24424200
-0.55366100
0.29626700
-0.01331180
-0.08537630
-0.32900700
-0.49178300
-0.59860100
0.77389700
-0.25436200
0.34671600
-0.97492200
-0.63878600
-0.45410000
-0.12592900
-0.25931300
0.08395660
0.22568600
0.08254400
0.08476690
-0.03038720
0.06264260
0.05125470
-0.22368200
-0.07846580
0.03312500
-0.09225870
0.99760000
0.09650720
0.08635140
-0.34772500
-0.42529300
-0.48153500
0.00811822
0.15107800
0.05434640
0.18616400
-0.34779200
-0.37794700
0.05741200
-0.30426500
-0.13612900
-0.00815982
0.23991100
-0.15892400
-0.52823400
-0.12390100
-0.21456600
-0.09226420
0.03873540
0.06263910
-0.54565800
0.05817540
0.20623200
-0.39840700
-0.17220400
0.29982500
-0.79258200
-0.75331400
0.42054100
1.10236000
0.57199000
0.10619000
0.27412300
-0.75009600
0.21751500
2.49146000
-0.04671120
0.16168700
0.00792638
0.28778100
0.11928700
-0.22617400
0.42247300
-0.47895300
0.13217000
-0.48438600
-0.01816090
0.25116500
0.31645100
0.32821300
-0.14553400
0.34938000
0.51510100
-0.94873000
0.20744100
-0.80984800
0.27618600
-0.64242300
0.34568600
-0.46652000
0.14423400
0.08972540
-0.16937300
0.60682800
0.17508800
-0.16142400
0.27271800
-0.47393600
-0.13546600
-0.37424600
-0.18081900
-0.45195600
-0.25449100
-0.76672200
-0.05083050
0.23759700
-0.51965500
-0.00290585
-0.09655310
-0.40379900
-0.40580100
-0.56168800
-0.07703340
0.72808300
-0.47150200
-0.35035500
0.12308000
-0.45654700
-0.45253600
-0.06995400
-0.26170900
-0.32470600
-0.21428600
-0.38680600
-0.24270600
-0.45301800
0.09753160
2.50511000
-0.31010000
0.96881700
-0.25724800
-0.15656000
1.20822000
1.54219000
-0.12314200
-0.72016700
-0.92190200
-0.83990200
-0.07350410
0.01821250
-0.41518600
-0.53941500
0.37360900
-0.06379780
-0.06530470
-0.16392000
-0.58824600
-0.12547600
-0.01358890
2.06977000
0.97836500
-1.08324000
-0.28409000
0.21898700
-0.25288400
-0.24237400
-0.01356920
-0.47094200
-0.50831200
-0.01082810
0.40866300
0.11505100
0.42782000
0.22890500
-0.63743000
0.46255400
-0.19582000
-0.47854300
-0.21707500
1.11044000
-0.15117300
0.66566100
1.63008000
1.15721000
0.01645430
0.10347700
-0.90246300
-0.71843600
0.07626310
0.67044800
-0.80805400
-0.53968800
0.83444100
3.80877000
1.03261000
0.67412100
0.30098900
-0.18378700
0.00962185
0.29062500
-0.56163900
-0.66631800
0.08936840
-0.30623600
0.49478100
0.36398100
-0.44999000
0.43834500
0.50161000
0.03676430
-0.10298700
-0.43826000
0.22408200
0.33623000
0.55810700
-0.03563300
0.44890000
0.00622432
0.13823200
-0.25914200
-0.05256550
-0.12043000
0.60399900
1.95937000
-0.08019860
-0.51499000
-0.72452500
-0.86299600
-0.12608500
-0.24931000
-0.66882700
0.78809500
0.48346600
0.48829100
-0.13117200
0.12717800
-0.73037900
0.47597900
-0.56286200
0.04398770
-0.01586720
0.52672900
-0.17326200
0.21504900
0.12308700
-0.10732200
-0.70159200
-0.11684000
0.76561100
0.89707600
0.23904000
1.75977000
0.59261300
1.73400000
0.55122800
-0.21417200
-0.30162900
-0.17233000
-0.38396400
-0.06631490
-0.29683900
0.09532550
-0.15856800
-0.00908200
-0.37553000
0.15796300
-0.57333400
-0.06267720
-0.94316000
0.10512300
-0.59011200
-0.93903100
1.10638000
-0.76607200
0.62666500
-0.03051580
0.50336100
1.21825000
0.18072400
-0.25219100
-0.46185800
-1.02864000
0.16383200
-0.47359600
0.25734400
0.02967210
-0.60395100
0.57952500
-0.63745500
0.81174400
-0.30766900
-0.51534400
-0.17813400
-0.31853900
0.95416500
-0.76818700
0.44794100
-0.91209400
-0.07404590
-0.37670500
-0.00349581
-0.31609400
-0.14610700
-0.40500500
-1.62045000
0.19409800
0.19399800
-0.91997600
-0.13358200
-0.21732800
-0.07352570
-0.42187000
0.22784000
-0.22248400
-0.15457300
-0.39697800
-0.33767900
-0.32843300
0.76946100
-0.52306100
-0.76192000
-0.13385200
-0.59108700
-0.44507400
-0.62498500
-0.31048500
-0.49445300
-0.26749500
-0.56362600
-0.36886500
-0.47628700
-0.09724250
0.67449100
-0.13332100
-0.20886000
0.14625200
0.07898060
-0.27679300
-0.40547500
-0.01311170
-0.01618940
-0.58664400
0.30139000
-0.01841620
0.43144900
-0.88900700
1.22161000
0.30975800
0.81469500
-0.44125300
-0.67423100
1.50319000
-0.41397900
-0.33521200
0.43143700
-0.30949900
-0.31947100
0.36446200
0.30570800
-0.39118000
-0.00709147
0.48350300
-0.35177900
-0.59682800
-0.44119100
-0.48286900
-0.05318510
0.46782000
0.25176300
-0.37554900
-0.53636300
-1.30887000
-0.34145400
-0.27626100
-0.23951900
0.28093800
-0.27855800
0.22752100
-0.34785200
1.15462000
0.06392650
-0.33299300
-0.37064000
0.26495200
0.28636600
0.05381270
-0.56090000
0.91965300
-0.19191300
-0.11028100
-0.12267600
-0.02494570
-0.71502200
0.43403800
-0.19091300
-0.39595100
0.27589700
-0.47351000
0.53352900
-0.08188920
-0.02172140
-0.47786200
-0.09259820
-0.48522600
-0.57538900
0.40389100
-0.59229100
-0.03664080
1.02886000
0.02925830
-0.21088600
-0.05008660
0.49331300
-0.43360300
-0.14420600
-0.64450900
-0.03932310
-0.82003600
0.22353800
0.05062490
-0.35068900
-1.29886000
0.01982620
1.67320000
1.12658000
-0.60969700
-0.18023500
0.22899200
-0.18256100
0.55987100
0.12304100
-0.42827500
-0.65080100
-0.45206800
-0.47016500
-0.56477300
0.05627340
0.04625640
0.23150400
0.15406800
0.06166490
0.12613100
0.40858000
-0.30244900
-0.37237100
-0.25195800
0.34503300
-0.37553000
-0.91418500
-0.48935100
-0.77349100
-0.14273200
1.24646000
-0.43226900
-0.76955100
-0.10868100
-0.50241800
-0.14926800
-0.62360800
-0.19882200
0.42118600
-0.03691220
-0.68595200
-0.37203400
0.05611840
0.81897100
-0.57794000
-0.79586700
-0.42939100
0.11976400
0.42898800
0.52387300
-0.74680900
-0.56302800
0.00030892
-0.35551700
-0.64521200
-0.63127700
-0.34413000
-0.05269420
-0.24830000
-0.36405700
-0.30633100
0.59227900
0.22139600
0.12541900
-0.29310100
-0.03534490
-0.59551900
-0.02821160
-0.03592670
-0.25409000
2.42271000
-0.48396000
-0.00052219
-0.05790370
0.04231630
-0.33079400
0.72176500
-0.24956700
0.21164500
0.22158800
-1.01165000
-0.69276700
-0.50973800
0.45112800
0.16926100
-0.39756600
-0.55927400
-0.18108700
0.15792700
0.01111080
-0.05834150
-0.24926800
-0.21106700
-0.33208800
-0.31837700
-0.09108680
0.01482190
0.60554400
0.50342400
-0.21405100
-0.29692600
0.05582030
-0.30449500
-0.03511400
-0.02668720
-0.25519400
1.55042000
-0.04964740
-0.15173100
-0.76009200
1.58627000
-0.96069100
0.64387300
-0.18986900
0.26017800
-0.71995200
-0.18003100
-0.37087800
-0.55338100
-0.33251300
-0.69483600
-0.48522200
1.60030000
0.28662100
0.19457600
-0.10448000
-0.46983500
-0.01329160
-0.17579900
-1.02135000
-0.65706600
-0.35669800
0.60737700
0.60487000
0.23675700
4.21935000
0.77861100
1.00701000
-0.21582000
0.12915400
0.80327800
0.56595900
0.56692200
0.22588500
1.51110000
-0.74447700
0.13126600
0.15552500
0.12027700
-0.58761800
0.12751900
-0.55008700
-0.01773320
-0.43815700
-0.56406800
-0.54958000
-0.02158710
-0.45081500
-0.39921200
0.04683210
1.05070000
-0.22598700
-0.51560700
0.03047600
0.34645700
1.62855000
0.32761400
-0.35369000
-0.21499200
-0.10159900
-0.22840400
-0.22820400
0.19705700
0.39239300
0.70058400
-0.15058300
-0.15506400
-1.21102000
-0.17877900
-0.27842800
0.06981670
1.17894000
0.89739800
1.15615000
0.76158500
-0.67060800
-0.22588500
-1.00523000
0.52285900
-0.49579100
-0.30262400
-0.93462900
-0.49425000
-0.89842300
-0.40453400
0.15819500
-0.24968000
0.44405200
0.34391400
0.83300100
-0.18114100
0.76354400
-0.19335200
-0.18383900
-0.49297600
0.11186800
0.33821100
-0.22869200
-0.48619400
-0.68960000
-0.22598900
-0.15606500
-0.44189300
0.60038600
0.21498800
-0.21030600
-0.52374900
0.25792300
-0.46972200
0.05170630
0.08173830
0.54544600
0.02901540
-0.02369640
0.22052600
-0.78404000
-0.45542300
-0.14660300
0.38119600
0.08787040
-0.36620600
-0.18713100
-1.09416000
0.12904300
-0.57370100
0.80821400
-0.14368200
0.09972650
-0.16086900
-1.00010000
0.43746500
1.01732000
-0.42842400
-0.44845700
-0.11441500
-0.28337900
-0.42462500
-0.56905800
-0.08942880
-0.01705890
-0.64498200
-0.30408000
-0.62105600
-0.28671300
-0.80160900
-0.06719580
-0.70239000
0.44853800
-0.34116300
-0.32120500
-0.38465100
-0.04648960
0.06147720
-0.12443700
0.56676000
0.41595300
1.15175000
0.12698800
-0.65666100
-0.41245400
-0.22008100
0.15433600
-0.62059000
0.66039700
0.27997600
-0.59282000
0.45680700
-0.67281600
-0.20582800
-0.22248800
-0.28202700
-0.56860300
-0.13444500
-0.01153530
-0.46257900
-0.29906300
-0.55190000
-0.60400800
-0.31443300
-0.28367200
-0.75091300
-0.34653900
-0.56974800
-0.06253750
-0.14448600
0.73981200
-0.18471900
-0.34757800
0.42227700
-0.37332500
0.27556800
1.34233000
-0.18543700
-0.14624800
-0.45924600
-0.40479600
-0.06829390
-0.64214800
0.27692500
0.32879700
-0.69667500
0.34259400
0.16883100
0.59053400
-0.20597300
-0.40312800
0.25899500
1.58367000
-0.49219500
0.56438900
0.53603400
-0.43163600
-0.51455500
-0.14619800
0.71925100
-0.94214600
0.72696400
1.60000000
0.40184700
0.47366000
-0.35052500
-0.39694800
-0.60308200
0.27275600
0.56600300
1.24770000
0.02897110
-0.07059050
0.12007000
-0.57416700
-0.46140300
-0.52315200
0.31750900
0.34703700
-0.12176400
-0.31308600
-0.68283100
1.04560000
-0.57763100
0.55852700
-0.01288710
-0.99591200
-1.06602000
-0.52287700
-0.00002184
-0.66331600
-0.86660000
2.20330000
1.35819000
-0.52723100
0.38589400
-0.40413100
0.58172100
0.14648800
-0.75458400
-0.13899600
-0.17615600
-0.84884200
-0.46058700
-0.59868200
0.07896180
-0.55813100
-0.59072600
-1.30726000
-0.09150440
-0.28486700
-0.13077100
-0.57053500
-0.16605200
-0.52626600
-0.86644800
-0.62218800
0.21809700
-0.44310200
-0.81776400
0.61068500
0.52787800
-0.01500900
-0.89089800
-1.06778000
0.09628410
0.00045870
-0.12727900
-0.66687400
-0.96365200
-0.90368300
0.29821300
-0.26269300
0.39624400
-0.16468900
1.32647000
-0.06631330
-0.28784500
1.31153000
-0.49260900
-0.45999400
-0.47878300
0.71186500
-0.47838300
-0.33211300
-0.12493600
1.86983000
0.72209500
-0.33253100
0.13063100
0.25574300
-0.08685260
0.00182393
-0.41425000
1.34495000
0.85278800
0.34216300
2.96932000
0.59292900
-0.83852800
0.38337200
1.43980000
0.18471900
-0.39377000
-0.22011400
-0.43603400
-0.36485100
-0.25970700
0.14908900
0.05254490
0.28731400
-0.61214100
-0.84163900
-0.12407400
-0.10429200
1.01417000
-0.21220100
-0.38204200
-0.72911800
0.34991400
-0.12116500
0.17459300
-0.69565700
-0.13743300
-0.03037000
-0.24192500
-0.31733100
-0.31067500
0.10387700
-0.31853300
0.66764400
-0.29031300
0.12866900
0.05944640
0.01732110
-1.05759000
-0.35548300
-0.96962900
0.03363800
2.68597000
1.71655000
-0.80453800
-0.38030200
1.09468000
0.09135190
-0.84954900
-0.58816300
0.68798200
0.70409800
0.24696500
0.11767200
-0.50047100
-0.12353100
-0.97840500
-0.51439900
-0.55667200
0.55455300
0.13612800
-0.55870500
-0.41380300
-0.33113200
0.32080500
0.34534100
1.51177000
-0.14472200
-0.05594690
-0.50368100
-1.19689000
-0.00011079
-0.16138800
0.10864800
-0.44648400
-0.21400000
-0.35030300
1.45141000
1.25088000
-0.17976700
-0.22574900
-0.55483800
-0.08888560
0.23057000
-0.91898900
-0.59429700
-0.65909800
-0.03990390
-0.12442600
-0.07048670
-0.18600700
-0.71000900
-0.34290300
-0.44113900
-0.65445900
-0.54152000
-0.01520330
1.23489000
-0.56058600
-0.45668600
-0.51621700
0.19423700
1.54485000
1.46828000
0.22110600
-0.28869700
0.03130170
0.68416100
-0.86686300
0.01016470
-0.33191400
-0.30974300
-0.07061510
0.41285900
0.17661300
1.48308000
0.94096600
-0.64643000
0.88734100
0.49590900
-0.28178800
-0.53533600
0.65195700
0.49307600
1.41516000
0.68515600
1.04260000
0.16502300
0.49038900
0.35372600
0.72160800
-0.09642660
0.71651400
-0.43420100
-0.01323740
0.31804900
1.01008000
-0.34137900
0.50030000
-0.45150500
-0.96981500
-0.16795200
-0.92459600
0.01351820
0.05998360
-0.49019500
0.19810200
0.09140790
0.51884700
-0.20544100
0.05916450
0.08924490
-0.18921000
-0.11259900
-0.00824840
0.24200500
0.19347000
1.26430000
-0.40378800
0.72072600
0.65517400
0.12042200
0.10905200
0.33824500
-1.06665000
-0.35674500
-0.13313900
0.74931600
0.80224800
-0.71968000
-0.39629500
-0.06877390
-0.25053700
-0.74379600
0.05964910
-0.15430300
0.38777500
-0.34878000
0.18346400
0.10005100
-0.35640100
-0.45965900
-0.40267700
-0.25835900
1.58231000
0.81498500
-0.27471300
1.13052000
0.21495900
-0.26977400
-0.21308400
-0.24084800
-0.67503300
0.22991600
0.44472900
0.28232100
0.52002600
0.59628800
0.49687200
0.34602500
1.53607000
-0.79895300
0.17535700
0.11797000
0.17283400
0.64923200
1.29712000
0.38870600
0.10117400
-0.12470900
-0.26435600
0.11193000
-0.57664200
0.16140300
0.96740300
0.48450600
1.53128000
1.94328000
0.61985300
-0.17975000
0.04543980
-0.19404200
0.00258824
0.01774560
-0.12753900
0.77114700
0.40237200
1.46939000
0.17081100
-0.49304400
-0.15256300
-0.09927040
-0.72002200
0.14074200
-0.79141300
-0.47490900
0.30566200
-0.37285200
-0.99772800
-0.23352900
-0.04171390
-0.71980800
-0.54519300
-0.77075400
-0.39730000
-0.44534400
-0.45927600
-0.94078500
-0.59267300
-0.78448600
-0.68005300
-0.05283190
-0.15754400
-0.61706600
0.80864000
3.31884000
-0.22500800
-0.54927400
-1.14939000
-0.32904400
-0.37848600
-0.23871900
-0.14893700
0.28839400
-0.42448900
0.08605760
-1.02899000
-0.07778870
0.38926100
0.02187250
0.70422700
-0.33926400
-0.20297100
0.17505100
0.29801600
-0.11701300
-0.51140700
0.21318900
-0.04350980
-0.29893000
-0.43731500
0.32308300
0.22454300
-0.67005900
-0.01954850
2.44840000
-0.35296500
0.06204340
-0.15554200
0.19273600
0.96905500
-0.11152500
-0.41299700
-0.02559670
-0.24976100
-0.61882100
0.01066200
-0.44045300
0.23395300
-0.05141940
0.11872500
0.17945600
-0.45925200
-0.01700170
-0.17814700
-0.24242400
-0.13226600
-0.36457500
-0.44091500
0.08544920
-0.20607900
0.15929100
0.19458500
0.14946200
0.07876780
-0.02445190
-0.15389600
-0.31026600
-0.26120900
0.19276100
-0.00763945
-0.83439700
0.01155860
-0.06882870
1.31971000
-0.21802700
-0.56935400
0.05372920
-0.31872200
-0.63824600
-0.05359190
-0.19689500
-0.29642300
-0.28750500
0.41461900
0.66279300
-0.20227300
-0.58218500
-0.24163300
-0.51023700
0.03077140
0.08752530
-0.36245300
0.03911180
0.31097900
-0.13921800
1.28173000
0.30272600
-0.37128400
0.44922000
-0.31112800
-0.06660840
-0.49590000
-0.23383400
1.49426000
-0.62595300
-0.32082600
0.08638970
-0.34627900
-0.31840700
-0.33082600
-0.09478470
0.39222900
0.28840400
-0.27568100
-0.86463900
-0.39361300
0.35488300
0.12932800
0.36748800
-0.65674900
0.03188000
-0.66797900
0.38294200
-0.04625340
0.39768900
-0.22064200
0.31124300
-0.60763700
0.01599530
-0.24529800
0.30527100
1.57413000
-0.18214600
-0.56119700
-0.15981200
-0.24486900
0.78652500
0.18590200
0.28346400
-0.59342000
-0.73422400
-0.08445580
-0.08638920
-0.01297380
-0.88464400
0.00478885
-0.11117900
1.22429000
1.18918000
-0.40685300
0.82255600
2.18343000
-0.17629900
-0.24698800
0.35824300
-0.37287900
-0.38743700
-0.14862400
0.08298510
-0.25969300
-0.30370700
-0.03764090
-0.45037100
-0.63311100
0.25011000
0.03706140
0.06537700
-0.85895500
0.16719800
-0.26013300
-0.81524200
-0.09216000
-0.56317700
-0.66974400
-0.40466200
-0.81036900
0.34057700
0.44088900
-0.56119100
-0.63421700
-0.78403900
-0.00333759
-0.65964000
0.05447310
-0.19862700
-0.26333100
-0.35486800
0.49608800
0.05427810
-0.12840900
0.40054500
0.60625800
-0.04480910
-0.11637900
-0.48440200
-0.24661500
-0.26447100
-0.68752600
-0.04637020
0.20143900
-0.49831500
-0.27649600
0.64197700
-0.45023100
-0.29764700
0.79010200
-0.15052200
0.29655700
-0.66412500
-0.21877700
0.51391300
-0.84035900
0.62403100
-0.34314900
0.17009200
-0.14789700
0.18259100
0.06891890
-0.12797000
0.17316500
0.05277130
2.84853000
-0.37334700
0.95616500
-0.51927400
-0.46825400
-0.47942300
0.07528060
-0.18053200
-0.28520200
-0.05997170
-0.43958600
0.55227500
-0.18562900
-0.45699000
-0.13863100
-0.72001500
0.65869000
-0.57090000
-0.28002200
-0.55637700
-0.12674600
-0.32498300
0.62291800
-0.18940700
0.86674400
-0.48924800
-1.04530000
-0.18552800
-0.08470290
0.20164700
-0.16888600
-0.19085500
-0.05144650
-0.40342900
0.46042000
-0.27649600
-0.46641700
-0.51729500
-0.18556600
-0.73946700
-0.04709160
-0.24707400
-1.26762000
-0.45671900
-0.41061500
-1.10181000
0.09411530
0.26844500
-0.33775200
-0.42516900
-0.19881000
3.05804000
-0.60022100
-0.10575900
-0.23819600
0.16465900
0.18029800
0.59265900
-0.13434500
-0.64960100
0.07646520
0.13244800
0.36810300
0.47444900
-0.32625300
0.19408000
-0.64565900
-0.25127900
-0.05142410
0.05900280
0.14297600
-0.47730000
-0.32613700
-0.19182600
0.27778500
-1.06699000
0.03031120
1.00763000
-0.25251000
-0.14622100
0.51744700
0.56163300
-0.02926820
1.03943000
0.53271400
-0.68973400
-0.92518400
-0.19432700
0.35206700
-0.35417400
-0.32006600
-0.09153270
0.12079900
0.01391700
-0.51852100
-0.19533600
-0.27464800
0.16846800
-0.43887100
-0.81659200
-0.53715400
-0.51665000
-0.04159300
-0.65939400
-0.43545400
-0.32224700
-0.99687500
0.38366100
0.83021400
0.49216800
1.31225000
2.18683000
0.74433000
-0.30174400
-0.02796420
-0.18840500
-0.21791200
-0.46973800
-0.74520800
0.57525300
-0.11491000
-0.96598800
-0.56146800
0.74765700
-0.44404400
-0.70674900
0.15892900
-0.63775700
-0.25080200
-0.79626300
0.28079900
-1.20497000
0.20776400
-0.12068700
-0.68291200
-0.03192500
-0.50866100
-0.08621290
-0.40227200
0.07838810
0.23694100
-0.05499610
0.04814800
0.26979700
0.05848060
-0.11903900
0.16658600
-0.00986175
0.38314500
1.03508000
0.00645787
0.40457500
-0.44379800
1.90102000
-0.33943600
-0.31574100
1.45436000
-0.47190000
-0.29639600
0.01408000
0.13700200
-0.39446900
-0.26473600
-0.50896800
-0.61694400
-0.28825100
0.82327000
0.91709600
-0.45540900
1.08758000
-0.24374400
-0.22281100
0.21561100
-1.01211000
-0.26938700
-0.20358600
0.43229800
-0.45654300
0.77428300
0.67616000
0.98204100
0.65173300
0.55840000
0.53272800
0.32490700
-1.01836000
-0.53279800
0.55730800
-0.71818000
-0.54674700
-0.28361900
-0.77467500
0.38669700
-0.24076000
-0.26019900
0.06543980
-0.28320400
-0.52657000
-0.52714800
-0.81395300
-0.36118700
-0.60048300
-0.33568300
-0.04861990
-0.29774100
0.93021900
0.56659200
0.69977100
1.19987000
-0.09367120
0.27156300
-0.36137000
-0.44529200
0.10895800
-0.51896500
0.40552400
-0.17675500
-0.17383100
-1.11746000
-0.71924000
-0.09219380
1.00999000
0.21739800
0.48835500
-0.64523300
-0.31462600
-0.94494500
-0.54100100
-0.70516500
-0.56442900
0.09695750
-0.42990500
0.20186900
-0.58642900
0.79725500
1.77493000
0.67955500
0.20589800
0.25392100
-1.05096000
-0.65913000
0.42233000
-0.21901900
-0.50779600
-0.09350850
-1.49354000
0.43337400
-0.18212500
-1.17475000
-0.07574630
-0.08484600
-0.45285200
-0.22274600
0.49453000
-0.42042000
0.21473000
-0.23674400
-0.05439780
-0.08820600
-0.26959400
-0.83716300
-1.37428000
-0.01930660
-0.61176700
1.05327000
-0.31883600
0.01424310
-0.54950700
-0.12798900
-0.04188790
-0.40750400
-0.44858400
0.06950140
0.26237400
-0.21274600
0.03490690
-0.25023700
0.40790600
1.61624000
0.23974600
-0.43727500
-0.10464000
-0.23446200
-0.76324900
-1.11025000
0.48272300
0.56400900
-0.27022700
-0.23330300
-0.27094900
0.03811690
-0.09668300
-0.36596200
0.01629080
-0.30209000
-0.13971500
-0.39891700
-0.66016300
-0.26976400
-0.70470400
0.21417300
0.62089300
0.74836000
0.04129770
-1.10492000
0.22866700
-0.39993700
0.03673330
-0.06355430
-0.73786500
-0.66393700
-0.47356000
-0.11160600
0.09482010
-0.11570000
-0.51029100
0.21332800
0.18934200
0.34346900
-0.33778600
0.39250500
-0.51657200
-0.31158600
1.23701000
0.98231600
0.57275000
0.30631100
-0.15146000
0.54168300
0.10146500
-0.14972100
-0.61955700
-0.94063000
0.90752300
-0.25461100
1.69148000
-0.45906200
0.14445200
-0.71656300
0.09843600
-0.58089400
0.18461500
1.11348000
0.50941600
-0.15679300
-0.12440200
0.04595550
-0.33773500
-0.72715800
-0.74210600
-0.17864800
0.33348000
-0.59838500
-0.59264800
-0.25171600
-0.29717200
-0.49044200
-0.40232900
-0.58094300
0.07184410
0.05127300
-0.01809710
-0.12887800
-0.88669500
1.45095000
-0.52866500
1.31129000
-0.40284000
0.63266500
0.10395200
0.10415300
0.99612300
0.28459900
0.81729300
-0.11197600
-0.69434000
1.04990000
0.19818800
0.00100317
-0.65766600
0.41330300
-0.11995300
-0.12598000
-0.34500900
-0.71635900
-0.51239800
-0.18376000
0.38157600
0.65234800
-0.35716200
-0.39765100
-0.23799500
-0.71343200
-0.05506430
0.04308650
-0.35568000
-0.05541280
-0.15447900
0.50087000
0.00546281
-0.21341700
0.64920100
1.74242000
0.30056800
-0.03416020
0.18588500
0.18899300
-0.75973100
-0.24387900
-0.25564100
0.31060700
-0.41033600
0.04514460
-0.04892300
-0.01422650
0.47619600
0.40455400
0.40643900
0.00717057
-0.41073100
-0.45573700
-0.41117300
-0.10061800
0.63104600
-0.24839800
-0.58152300
-0.30509500
-0.52491300
-0.49080800
-0.18823400
-0.42419600
0.89408500
0.09650130
-0.06599040
-0.17375100
-0.08037490
0.15460100
0.13619200
1.14963000
0.00649194
0.37730500
1.52379000
-0.04805970
0.59935400
-0.30301800
-0.26103000
-0.11647700
-0.37805500
0.84373600
-0.14204300
-0.01643890
-0.51854600
-0.26307300
-0.77828400
-0.28061200
-0.35610700
-0.13653800
-0.20954400
-0.14612000
-0.16981400
-0.94308300
-0.45879700
-0.39873000
-0.57696300
-0.53010700
1.76926000
1.27760000
0.42574800
-0.30300100
-0.15544100
0.92748900
-0.28310600
-0.31105700
-0.00227946
0.46214700
-0.69581400
0.54853600
-0.08820960
-0.93867500
0.17421600
0.61095500
-0.57508800
0.05808460
-0.64277600
0.02283610
-0.50884700
-0.96259400
-0.44589200
-0.06841930
0.23047400
-0.57883400
0.01361960
-0.25533000
1.35041000
-0.62082400
0.38885800
0.00266775
-0.42294300
0.25095100
-0.09387920
0.89192900
-0.89120500
-0.49630200
-0.13007200
-0.72545500
-0.72583100
-0.07849170
0.22404700
-0.52609400
-0.55202800
0.55878000
-0.16882500
0.48037900
-0.35370900
0.19547800
-0.49853500
-0.25371400
-0.65372800
0.07549840
1.78185000
-0.06901590
-0.84764300
-0.40045500
-0.13315500
0.34998100
-0.48414400
-0.10411000
0.08137250
-0.48615300
-0.15165300
-0.36851500
-0.32343200
0.23682300
-0.05032890
-0.08613160
0.06647390
0.02296750
-0.10283300
-0.25162000
0.77121900
-0.71045900
-0.80102100
-0.59557600
-0.67813300
-0.91217800
-0.59705300
0.59374000
-0.27531300
-0.71010200
-0.45498500
-0.70503100
0.29605500
0.83226000
-0.40811600
0.18184100
-0.07271060
-0.69471000
-0.34592100
0.32743200
0.02285590
-0.27825200
-0.48461500
-0.05597060
2.58935000
-1.07633000
-0.21241300
-0.03424560
-0.36801400
0.75207200
-0.21447000
-0.20876500
-0.09754820
0.57314900
0.91134400
0.43159900
0.01437700
0.06426000
-0.18172700
-0.00293106
-0.14666500
0.19248600
-0.36627900
-0.40609500
-0.89353400
0.96964200
-0.17816400
-0.51855400
-0.12574000
0.00312694
-0.58339200
0.32804000
-0.12141800
-0.57554600
-0.73347900
-0.03646020
0.16538700
0.86709700
0.33098300
-0.12716700
0.45717100
-0.77354600
0.14935200
1.59808000
-0.73062700
-0.43607700
0.14672600
-0.41621800
-0.81410300
-0.36325800
-0.06718670
-0.30623400
-0.39113600
-0.04805780
-0.28198800
-0.14178400
0.45017300
0.22457700
-0.51440800
-0.03581440
-0.18371000
0.23085300
0.07341210
-0.30137400
0.05460790
-0.22436900
-1.18799000
-0.18583800
-0.17079800
0.69698300
0.02107580
0.26193100
-0.71574200
-0.64175100
-0.43783100
-0.63130900
-0.44057800
-0.86547800
-0.32000900
-0.07650210
-1.40243000
0.48606800
0.14069200
-0.48192000
-0.73444700
-0.23409000
-0.21868300
-0.78218300
-0.03699090
-0.01802040
-0.80922400
-0.29603000
1.15778000
-1.05989000
1.51967000
0.08370410
0.38950600
0.17957100
1.36140000
-0.33672300
-0.83968100
-0.25993200
-0.56154500
0.68649600
-0.22197600
2.23176000
0.90939300
1.17985000
2.65296000
0.38619400
1.69854000
-0.15291900
0.58235900
-1.00009000
0.29030600
0.31312400
-0.20341600
-0.71728400
-0.03122900
0.54780400
0.73514500
0.97842200
-0.27654600
0.13646600
0.18542400
-0.05076250
-0.26706300
0.32386300
1.87659000
0.86423800
0.98431900
0.44622300
1.38141000
0.62189800
0.31264700
-0.60195100
0.02589030
0.12596800
0.56652700
0.25012600
-0.67600400
0.23158700
-0.44858800
-0.72267200
-0.03255480
0.25420100
-0.36821600
-0.00256493
0.10848800
0.58283800
0.09695660
-0.19309300
-0.72496200
-0.05475380
0.45108800
-0.40779400
0.14856500
-0.65023300
1.63851000
-0.25056000
0.00214292
-0.15351000
-0.46456500
-0.49923800
-0.39647000
-0.17384200
-0.24639000
0.10807300
-0.21340400
-0.08613520
-0.62675300
-0.58148300
0.24174100
-0.09373040
0.59247400
-0.09577400
-0.38881100
-1.13382000
-0.08411830
-0.61782600
-0.36951700
0.36371700
-1.02799000
-0.42612400
0.24242500
1.96391000
-0.10814300
-0.41760500
-0.59721200
1.18886000
0.16066300
0.14522600
0.23571100
0.26374600
-0.14276000
-0.12632400
-0.34761500
0.10881900
0.45875800
0.30410700
0.82605100
-0.99465900
-0.72749500
-0.19286400
0.15753000
-0.46685900
-0.74703800
-0.34595000
0.19613400
-0.64833200
1.14093000
-0.11898000
0.27914300
-0.95934900
-0.33901100
0.20514900
0.72200500
0.00182757
-0.66006500
1.39431000
0.70473000
1.26630000
0.00926254
0.35007700
0.05072430
-0.73042400
-0.57704800
0.06306410
-0.32506600
0.24176000
0.09260300
2.64316000
1.12378000
0.17549000
-0.12428900
0.08649680
-0.50732300
-0.47862100
-0.74306000
-0.43140400
-0.03624820
0.14830800
-0.67347400
-0.37363700
-0.12062300
0.13596700
1.04603000
0.40322600
-0.75427400
-0.78050700
0.58393100
-0.22124200
0.05668270
-0.15366700
-0.45004000
-0.50842300
-0.65548700
0.05523350
-0.54303800
-0.26180600
0.09495050
0.52526800
-0.30861600
-0.50143100
-0.16208300
-0.94827100
0.04195450
-0.16947200
-0.85180000
-0.55232300
0.18233500
0.14416000
-0.22512500
-0.28316500
0.92753600
0.55610100
-0.23733200
-0.84613500
0.26033200
-0.08717400
-0.06049360
-0.26301700
0.56965100
-0.56116200
-0.39689300
0.02362250
0.15564700
-0.03803600
-0.76894100
-0.82065300
0.50893400
0.16752400
-0.82352100
-0.20768800
-0.70741700
-0.35508700
-0.83070500
-0.82674100
-0.17652800
-0.73834900
-0.19909500
-0.08243990
0.13492100
-0.60715100
0.38378700
-0.23541400
0.03369050
0.06669050
0.58877400
-0.92976000
-0.48194700
-0.18431300
-1.11223000
0.32489600
0.09314610
-0.44155200
-0.55282800
-0.07621620
0.08832760
-0.40156100
-0.11944000
0.64294900
-0.26305900
1.15485000
0.30957500
-0.29652400
0.07289840
0.78263000
0.04795640
-0.68399900
0.97787400
-0.33232300
-0.56137500
0.01450630
-0.39122500
-0.15310600
-0.27019000
0.16137900
-0.41986400
-0.05293020
-0.70331900
-0.18265600
-0.36271100
-0.08186440
0.12246900
-0.70575100
-0.55671900
-0.16862300
-0.22965700
-0.30176100
-0.31019200
-0.03162440
-0.30040200
0.15684300
-0.02359290
-0.05381540
-0.79454300
0.23339900
-0.09630130
-0.42533100
1.42988000
-0.03598840
-0.03054670
0.32973000
-0.36431500
0.33785800
-0.88919700
-0.65726100
-0.13201300
-0.55415900
-0.00550497
1.76611000
0.26781200
0.08741080
-0.21881900
0.07871280
-1.05625000
0.08906390
-0.12228200
-0.06054420
-0.56507500
0.03760730
-0.35091000
-0.00226089
0.20382000
-0.14161500
0.19543500
0.84356500
-0.10123300
-0.48577000
-0.66706400
-0.72591300
-0.45127100
-0.17964400
-0.77105500
0.22221400
-0.80979500
1.07260000
0.15835200
-0.43867900
-0.20483400
-0.43309300
-0.03415460
-0.22164000
0.73338000
-0.33947800
-1.25108000
0.14329200
0.37214300
-0.58024000
-0.36223500
0.09995200
-0.08290420
-0.20973700
-0.37408000
-0.36682900
-0.32470500
0.05237510
-0.41944400
-0.74938700
0.14357000
0.20450200
-0.00102485
0.66076200
-0.53907800
-0.07286690
0.47480700
-0.43887200
-0.73279300
-0.04852090
-0.01532280
-0.14841600
0.21296200
-0.24920800
-0.12031700
0.30759900
-0.16188100
-0.62955200
0.05359480
-0.48575700
-0.07229510
-0.94750600
-0.03024820
-0.75616100
-0.12704300
-0.32643600
0.78923100
-0.31806000
-0.24373200
-0.39013100
1.66812000
-0.24760100
-0.22217600
1.02439000
1.78937000
0.44384000
0.46169000
0.66074000
0.28544700
-1.18166000
0.48268400
-0.00470623
-0.12644900
-0.54389200
0.31492200
0.12579800
-0.22942500
0.03364220
-0.29454900
0.09287710
-0.98901700
0.39121000
-0.05937890
0.35663700
-0.06143620
0.24159400
-0.24526800
-0.22033100
-0.07429260
-0.01849730
0.10387900
0.27640800
0.34075400
1.68266000
-0.18593500
0.33714300
-0.36127900
0.23807700
-0.28061700
0.66824400
0.84797100
0.32855100
-0.03072360
1.63873000
-0.80040100
0.72596800
0.11161000
0.06430380
0.39053400
1.07115000
-0.42273500
-0.03727880
-0.13845400
-0.38012400
-0.19786000
-0.56603300
-0.64109500
-0.27052500
0.03394940
-0.53412300
-0.76413500
0.46434900
-0.26236100
-0.18709400
0.29359500
0.23654400
0.85122400
-0.73500200
-0.55014900
-0.15142200
0.24576600
-0.72992100
-0.26884700
-0.21764400
-0.48402300
-0.54537700
-0.20653700
0.53702700
-0.73773200
0.22192200
0.70982200
-0.81667000
-0.97448000
-0.32691400
-0.25291000
0.28808300
0.04035990
0.44317500
-0.79499600
-0.38344700
-0.27272700
0.01023550
0.23114800
0.43361100
0.37807000
-0.56618500
-0.89172200
0.31323800
0.26735900
-0.13878900
-0.28009600
-1.02071000
-0.34400400
-0.47463000
0.12266700
-0.50548300
-0.39399200
3.16639000
-0.42709800
0.42354300
-0.05201040
-0.68765500
0.03809180
-0.10946800
0.40075800
0.10065300
0.24456200
-0.03625250
0.29947600
-0.32632400
-0.72610700
-0.40164100
-0.39012200
-0.19640800
0.21803300
-0.79547900
1.39460000
-0.43255200
-0.61732500
-0.38929800
-0.59235000
1.82477000
0.28102100
-0.32525800
0.73010800
0.53195800
0.31446800
-0.74799900
0.44791600
-0.38399800
-1.24557000
0.95924200
0.14929800
0.09697660
-0.03874400
-0.84590700
-0.97752100
0.45869800
-0.74754800
-0.12061700
-0.08013960
-0.24261800
-0.59049400
-0.29483100
0.13139100
-0.42194900
-0.16589000
-0.31835700
-0.53279400
-0.28000900
-0.18295300
0.34474100
0.34308100
0.52445400
-0.46582600
0.24569800
0.37923200
0.65596400
-0.39825100
-0.34792100
0.19858000
0.28407700
0.13861100
0.65470900
0.32151200
0.50585000
-0.36164000
0.42632900
-0.12614300
3.02938000
-0.32941900
-0.59177600
-0.49722700
-1.08288000
0.55643900
0.45281700
0.92106700
-0.85183800
0.48345000
-0.45608200
0.15248400
-0.62703100
-0.18519500
-0.40956600
-0.33166200
0.95002500
0.15605900
0.32452700
-0.22451400
1.14376000
-0.08051290
-1.16590000
-0.69571500
0.14553900
0.10427400
1.62470000
0.12398500
-0.22371700
-0.31227400
-0.75128500
0.03894930
0.01131000
0.37499100
-0.12213000
-0.65236900
-0.53313700
-0.35383600
-1.04724000
-0.10186800
0.15523000
0.13168400
-0.43553300
0.58739000
-1.07776000
-0.53112500
0.15265900
0.29139800
-0.63462600
-0.14362500
-0.37608300
0.70448700
1.12425000
0.49287800
-0.75611600
0.19906200
-0.04238830
-0.42039500
0.36451800
1.21237000
0.33329500
-0.02002540
1.00566000
0.65692900
0.64810400
-0.29219900
0.28400900
0.20262800
-0.37796400
-0.70929600
-0.72158900
-0.27138700
-0.98451300
-0.10420600
1.07169000
-0.12600300
0.24801800
0.08741080
-0.09278550
0.33448000
-0.28824500
-0.08389370
-0.29987200
0.09809480
-0.26682200
0.48858600
0.30011700
-0.45958200
-0.31617200
0.55247700
-0.43605700
-0.07626330
0.68433200
0.21398400
0.25848400
-0.57491800
-0.49206200
1.77318000
-0.25718300
1.25810000
1.54032000
0.88509500
0.77985000
1.17295000
1.14569000
0.33422900
-0.29577200
-0.63211600
-0.27759300
0.15841700
-0.06037130
-0.02233740
-0.06451060
-0.46946100
-0.82859700
-0.92061400
-0.03308550
-0.52877200
0.15841700
-0.27904800
-0.06639460
-0.75609600
-0.14297300
1.64569000
0.06791310
-0.59596800
-0.67257100
-0.44803500
-0.08860900
-0.19031100
0.06976460
-0.41672900
-0.06904110
-0.09570900
-0.39477600
-0.48973400
-0.30539500
0.15279400
-0.11211800
-0.65849300
0.23592500
-0.24597400
-0.40610100
0.13885000
0.14635700
2.01163000
-0.32962300
0.17127500
-0.24127600
0.41290100
1.90661000
-0.33277000
-0.18961800
-0.31974300
-0.24804600
0.14728700
-0.28141000
-0.09325570
0.61172900
0.15471700
-0.59997400
0.03105050
-0.35364900
-0.05120200
-0.60016900
-0.27657300
-0.46498000
0.75027800
-0.33538500
1.12608000
-0.49223600
-0.24751200
-0.18629800
0.34456800
-0.06654250
-0.20420100
0.00586491
0.37264700
-0.29226100
-0.14312100
0.19231600
-0.74062700
0.49537200
0.18233200
0.18233200
0.10265800
-0.60971000
-0.06167320
0.36965200
0.10364500
-0.14138100
0.62897200
-0.45109800
0.02166390
-1.13616000
-0.12756100
-0.20159100
-0.05915120
-0.43686800
-0.19707000
-0.65728700
0.53052900
-0.09859500
-0.46883200
0.10599400
-0.28907200
-0.08720250
-0.12164800
-0.16918400
2.26594000
0.29048900
-0.13796100
0.89461100
1.29098000
-0.32154700
-0.35222300
1.30825000
0.16290400
0.22190100
0.19282100
-0.57062600
0.12136700
-0.56952000
-1.13992000
0.45142000
-0.86419300
0.20403500
-0.85917400
-0.50280500
1.51102000
-0.03959320
-0.44018900
-0.08608340
1.66508000
-1.11919000
-0.60745900
-0.29612200
0.61327400
0.82200400
0.16606500
1.70049000
0.51480400
-0.20424700
-0.57894200
-0.04543770
0.16752400
-0.22368700
0.46589600
-0.68896200
-0.60621700
-0.99345400
0.06234430
0.29123800
-0.68528500
-0.29076800
-0.74672300
-0.65849300
0.00211503
0.24582300
0.08550220
0.17937000
-0.31100800
-0.65370800
-0.18719800
-0.26633000
0.36407200
0.01636360
-0.13968300
-0.04520700
-1.05094000
-0.58946200
0.28844100
-0.29393000
-0.77312900
1.03827000
0.00172517
-0.24207700
-0.12151400
-0.28890000
-0.35921900
-0.00942231
-0.20089300
-0.73078100
0.17978200
-0.57065700
-0.57065700
0.10263900
0.22011100
0.87032900
0.45151300
-0.21653500
-0.07580890
-0.89348900
0.30844800
0.23232500
-0.08764370
-0.18553000
-0.01638280
-0.44467100
-0.25224500
-0.12504700
-0.42738000
-0.43075600
0.08268330
0.67302000
-0.36308200
0.87796900
0.78813900
0.07215520
0.97164100
2.05620000
0.34021400
0.06877270
-0.24673100
-1.06295000
-0.71513000
-1.10791000
0.41448300
0.11994900
-0.43017500
-0.44921600
-0.61557800
-0.46348600
1.52246000
0.15301400
-0.73174000
0.29872300
2.59395000
-1.30406000
0.56683900
-0.79884500
0.09108930
-0.21829800
-0.94619600
0.06598090
-0.05711070
-0.51883900
-0.08834380
0.06903270
-0.55510000
0.01252740
0.19682200
-0.59892100
0.87531700
-0.61496900
0.32389100
-0.22837500
-0.14923100
-0.02075320
0.80104000
-0.07656270
0.32991500
0.48056900
0.70027400
-0.54432600
0.27416500
1.16714000
0.94707100
0.28898300
-0.27973500
0.27786600
-0.71304900
0.43520900
-0.35682600
0.08001050
-0.23092500
0.18166900
0.44921700
-0.00611058
-0.32765000
0.26126800
-0.23434900
-0.09759780
-0.34127200
-0.26042300
0.06361220
0.27310700
-0.54601300
0.09797310
-0.21055900
-0.36643700
-0.84402400
0.28635800
-0.79888600
0.21652700
-0.32677200
-0.46843300
-0.30555700
-0.25018600
-0.32365300
-0.36395500
-0.08325370
0.29487600
1.80160000
-0.09289660
1.49045000
0.02593450
0.39333300
-0.97203600
-0.22949400
-0.64155000
0.54353400
0.15102800
-0.03206130
-0.24612700
0.93426900
0.29940000
0.58794800
1.23768000
0.12426200
-0.35422500
-0.48863600
-0.27743700
-0.47285200
-0.32818700
0.37623900
-0.61175700
-0.30153600
0.37926100
0.41296000
-0.43814600
-0.06327060
-1.04162000
0.43388700
-0.16313000
-0.64138700
-0.61869100
-0.28121300
-0.27987000
0.26526300
0.55659000
1.63209000
-0.88084300
-0.70723600
-1.02437000
-0.65895500
-0.50454800
-0.33118000
-0.92203700
-0.00165470
0.22001700
-0.44501100
-0.79699500
-0.30074400
0.42979400
-0.12015500
-0.45598900
0.07057830
-0.22820600
-0.71404800
0.14861200
0.47543200
0.28432300
0.41701400
-0.43698900
0.15460000
0.31014200
-0.52852300
-0.32337300
-0.04986800
-0.28145500
-0.21550800
0.21124000
-0.38679200
0.48424300
-0.02512150
-0.65639300
0.76775000
-0.18720800
-0.39084800
0.54330300
-0.11682000
0.22781500
-0.00344103
0.01951790
-0.09561760
0.01636970
-0.65347500
0.05870230
0.39702500
-0.39520100
0.06987000
2.21860000
1.63506000
0.87175600
0.46471500
0.12668200
-0.00820995
-0.17473400
-0.18473700
0.20008400
-0.64025500
-0.12482900
-0.68678700
-0.08995840
-0.21635700
0.09309560
-0.49261700
-0.91621700
-0.54856000
0.02835580
-0.73994900
0.23904600
0.30415300
-0.47433600
-0.67238300
-0.93876800
-0.59256600
-0.41307900
-0.19729900
-0.69850800
-0.53924700
0.18435000
0.24613600
0.06821530
-0.00918756
0.12148100
0.22650700
0.00235667
-0.58603100
-0.27125500
-0.44364200
0.02542990
-0.74046300
0.05259490
0.26818200
0.24271400
-0.20753700
0.16606800
0.03854690
-0.00041787
0.24430000
-0.43112200
-1.14065000
-1.03296000
-0.34587100
0.39840200
-0.04100850
1.50780000
0.72225100
-0.42099800
-0.23783200
0.05725330
-0.49808000
-0.26801200
0.49138700
-0.38260300
0.04609450
-0.60606600
0.14632800
-0.90947200
0.05633990
0.30458000
-0.55906900
-0.04963620
-0.21935400
-0.13424400
0.09419280
-0.71522900
-0.22729800
-0.14974000
-0.11014700
0.45980700
-0.56988700
-0.46445400
-0.99778300
1.06947000
-0.46395100
0.23073900
0.39378200
-0.12059400
-0.58200600
-0.19551400
0.06770980
0.28818900
0.02468550
-0.71830200
-0.61495800
0.71818100
-0.52040100
0.13928300
0.18143300
-0.40857200
-0.22139700
-1.05071000
0.24568200
0.20146400
0.08946930
-0.47119300
0.89996400
0.03507900
-0.28768200
-0.62582900
0.60583800
1.18031000
-0.10526000
-1.13292000
0.47223600
0.96399400
-0.18401300
0.30978700
-0.89437500
0.54143400
0.02211240
-0.35560700
-0.12368300
0.54202700
-0.06835360
1.37852000
-0.52232900
-0.10205400
1.30764000
0.50626800
-0.03137790
-0.37451500
-0.21071500
0.30427300
-0.85075300
-0.24482200
-0.57572700
0.01207730
-0.09159180
-0.78217500
-0.12644900
0.08563460
0.49315200
-0.10401100
-0.87700800
-0.94137900
-0.65468000
-0.82189900
0.44315100
0.10176900
0.16085100
-0.13130900
0.55610500
-0.62870700
-0.26764500
-0.15125800
0.40349100
-0.15757700
-0.66936300
-0.49592400
0.45007200
-0.37598200
-0.44226500
-0.08519300
-0.44716000
0.02621640
-0.24265400
-0.06917380
-0.46284300
-0.44533900
-0.50807700
-0.36786900
-0.30945200
0.22098700
-0.44707400
0.57220200
-0.71632300
2.60615000
-0.29242700
0.25655100
-0.18905500
-0.01978490
-0.35556300
1.20752000
0.64208700
0.41904700
0.93475500
-0.61919900
-0.41046100
-0.57771900
-0.28448900
0.62703000
1.23370000
-0.13692800
-1.28980000
-0.11177600
0.65534100
-0.69872100
0.11033400
1.81761000
-0.46716100
-0.47862900
1.30722000
0.54390700
1.02178000
1.68817000
1.25837000
1.24132000
1.09223000
-0.68537400
-0.65041900
-1.48299000
1.51985000
2.09441000
0.75567200
0.95048100
0.71597300
1.43416000
1.38944000
0.65660300
0.03158960
-0.04630230
-0.53429600
-1.12616000
-0.19340300
-0.22731000
-0.10252200
-0.15129700
-0.36648600
-0.70788200
-0.19197800
0.00606663
0.29086600
0.13079900
0.80904300
1.04306000
0.18913800
0.61876200
0.28503300
0.40566200
1.16814000
1.23800000
1.50172000
1.58865000
-0.56817500
-0.29009900
-0.03626540
0.07284160
0.48837500
0.39962100
-0.20576700
-0.14599200
0.54159600
0.13536200
0.86605800
-1.32405000
-0.71756900
-0.20005100
-0.04102830
0.12286500
0.23779700
-0.33315100
-0.30977800
0.52569300
0.30498800
-0.30367700
-0.20186900
-0.47602600
0.24369400
-0.02685930
0.38271500
-0.17620100
1.04360000
-0.57121800
1.15769000
0.82481700
0.53150300
0.19120400
-0.28645100
0.45094400
2.08524000
1.86229000
0.38304600
0.46899200
-0.38382200
0.03568160
-0.21007500
-1.11023000
-0.14473500
-0.95734900
0.22107600
-0.42175400
-0.39428300
-0.87143600
-0.01630050
0.01744790
0.28698300
-0.36021100
-0.21020600
-0.21725300
-0.31983900
-0.45781900
1.53496000
0.32666400
0.01577150
-0.02876390
-0.57476400
-0.46143400
-0.03346240
-0.68156800
-0.32555600
-0.36109900
0.05834510
-0.53990500
0.00097829
-0.14963700
-0.30200200
-0.21048100
-0.89091300
-0.57191700
0.02875440
-0.51015600
-0.74031500
0.51078100
-0.65700200
-0.26310300
-0.96165300
0.39690400
-0.10115800
0.52374000
0.21945300
-0.14117400
-0.81340300
-0.09353460
-0.40645900
-0.33946500
-0.62805000
0.42356800
0.01318080
-0.01505180
-0.29562400
-0.01592850
-0.64009100
0.18911300
-0.25844300
-1.09815000
-0.32508700
-1.41312000
0.19942300
-0.33570900
-0.25415300
0.26131500
0.08977040
-0.12767800
3.06077000
0.71824000
-0.65344000
0.03600430
1.12144000
0.05522700
-0.34085800
-0.22789200
0.50563500
0.44330400
0.24012800
0.97560800
0.41279100
-0.01010980
0.27859800
-0.34292400
1.26688000
-0.51939000
-0.27089000
0.21601100
-0.20029800
-0.51559300
0.19018600
-0.08115640
-0.34228800
-0.18202700
-0.22936000
0.00500190
0.17240900
-0.46282200
-0.38819700
-0.24655900
-0.08827040
-0.18122600
-0.45235000
0.20380600
-0.57245700
-0.83662700
-0.46878600
-0.62841100
0.23550400
-0.10022600
-0.43050900
-0.06261980
1.07420000
-0.24055100
0.23668500
-0.34256200
-0.51761900
-0.02091600
