4.64347000
6.61990000
5.23712000
4.99829000
5.94934000
5.32141000
4.92275000
5.03233000
4.85243000
4.78780000
-0.41939400
4.68206000
4.97406000
5.02998000
4.98407000
0.94403400
5.48047000
0.27117200
4.78536000
5.48529000
5.43328000
0.96980500
5.60870000
5.12327000
5.62408000
5.19108000
0.60677900
5.10171000
1.09355000
5.04406000
5.36132000
4.77855000
4.93143000
5.51848000
0.38739500
5.44826000
5.64894000
5.17720000
5.04085000
4.67156000
5.28327000
1.52066000
4.79355000
5.10373000
0.65956600
5.15906000
5.41680000
4.98379000
-0.36709000
0.17392900
-0.72137500
-0.34481600
-0.33486100
-0.25933700
-0.32132700
0.26985600
-0.46488300
0.10594300
0.24641700
0.66102100
0.19658900
-0.46682300
-0.27710800
0.03573220
0.20956700
0.26865900
-0.44012200
0.42229200
-0.21605500
0.11966200
-0.10606500
0.68562300
-0.04261880
0.93317800
-0.75450400
-0.25169100
-0.17490300
0.01945870
-0.14258400
0.07303680
0.19180900
0.07703590
0.02423630
0.31284400
-0.09105520
-0.21604500
-0.25127100
-0.42733400
-0.86675300
0.08272520
-0.35159000
0.00158060
-0.60167500
-0.37864200
-0.10958300
-0.01858950
-0.49915000
0.17786900
-0.31243800
0.10035800
0.89011600
0.23689700
-0.02587350
-0.57591700
-0.03934670
-0.24781500
1.20821000
-0.15872700
0.15517300
0.56539100
-0.82757600
1.44489000
0.74777800
-0.85264600
-0.81924200
-0.09748270
-0.24090800
-0.03792710
-0.14224900
0.04173920
-0.52992900
0.17550200
-0.20424300
0.39941100
-0.60215000
-0.45308700
-0.34076100
-0.34650600
0.00830701
-0.40615800
0.59327500
-0.03041460
0.08135280
-0.43168600
0.14116500
0.92645800
-0.51380800
-0.49001600
0.99120900
0.41375100
-0.51956300
0.43007800
-0.30726800
-0.01047930
0.03588410
0.06896970
-0.23840700
1.74319000
0.42458400
0.00079971
0.92018300
-0.46316500
0.18534500
0.27172100
-0.14399800
-0.22031500
0.33976100
-0.09240640
-0.06774210
0.21087000
-0.33934200
0.10108100
-0.37114300
-0.53199500
-1.18171000
0.31368000
-0.22183700
0.09833710
-0.66997300
0.25788400
0.49667800
-0.40116000
0.28120200
0.16668200
-0.39224200
-0.12399400
-0.00715708
0.40981000
-0.26774700
0.22677700
-0.21700800
-0.11010600
-0.15061400
-0.19058300
-0.46738200
0.18708600
0.58413200
-0.16231700
0.24322200
0.52322700
-0.04848480
0.00133949
-0.33254000
0.31280900
0.10267700
-0.26784400
-0.02675740
0.49026900
0.48826700
-0.26226800
0.35121800
-0.06619480
-0.29311700
-0.69614400
-0.74569200
-0.56462500
-0.46049400
-0.17890700
-1.12662000
-0.34289700
-0.17802900
0.27377500
-0.70962600
0.17321700
-0.58846400
0.23175100
-0.89014000
-0.22078300
-0.05648840
0.42712500
-0.34485700
-0.47374000
0.44800300
0.03789280
-0.00157997
-0.33683900
-0.11426600
0.27567700
-0.65284900
-0.35662400
-0.41634400
0.12819600
0.03799250
-1.06018000
-0.26977700
0.21575200
0.19663700
-0.42682800
-0.02056260
0.49638600
-0.61291100
0.24230400
-0.14145500
0.33428600
0.39566300
0.43438700
0.06369520
0.89381600
-0.36429900
0.20917600
-0.44226000
-0.16567200
-0.33077600
-0.24452000
-0.46674000
0.08595370
-1.04444000
-0.65167300
0.31477700
1.23384000
0.07529120
-0.08849430
0.07745550
-1.48022000
-0.63715700
-0.19828700
0.24092200
0.76539800
-0.34270200
-0.22376900
0.01913740
1.45386000
-0.34326400
-0.54958900
-0.40083700
-0.37674100
0.23531000
0.19726700
0.96194700
0.03617630
1.15870000
-0.28780000
-0.21790100
-0.19497800
-0.26981700
0.06260000
1.00851000
0.07827160
0.48842100
-0.31294800
-0.52898200
0.29354200
-0.07421910
0.09957970
0.16534800
-0.93946900
-0.52548100
-0.06236380
-0.67219200
0.09194090
-0.08162110
0.60235400
1.48641000
-0.12595700
0.16458700
-0.47664200
-0.49921600
-0.32201500
0.49627200
-0.52922800
-0.96953200
-0.35976500
-0.10643200
1.12615000
-0.23691700
0.95813900
0.35280400
-0.20517100
-0.55585400
-0.19775500
0.04311140
0.02565290
0.42039900
-0.35821700
-0.38222200
-0.08377730
-0.83375400
0.30340000
-0.31645300
-0.47297900
0.04560570
-0.50897100
-0.26012000
-0.02304640
0.27779300
-0.14154700
0.33694800
0.11821000
-0.53325100
0.12453800
-0.00021775
-0.05973580
-0.40612700
-0.05247760
0.52720000
0.19636800
-0.69697500
-0.17676000
0.13552700
0.32681900
0.43928800
0.17921600
0.15400700
-0.61583500
-0.43400300
-0.92171100
-0.88654100
0.05540920
-0.19368600
-0.42857800
0.35853600
0.00222798
0.05653710
-0.20324900
0.22501200
0.16994600
-0.30018400
0.15612800
0.35663900
-0.21261900
0.03208360
0.32106700
-0.13809900
0.26835000
0.18455600
0.17074000
0.35739600
-0.71403700
0.07091630
-0.24597900
0.52593700
-0.37856700
0.04748290
-0.40151600
0.52809800
-0.19938400
-0.20788300
-0.63003600
-0.66160800
0.21945400
0.52251100
0.33285300
-0.66377700
0.51202900
-0.10380100
-0.59377000
0.18019400
-1.06412000
0.38827000
-0.34847700
1.08995000
1.15134000
-0.30769500
0.29161800
-0.31905100
-0.15227400
-0.34559300
-0.58097000
0.34492600
0.35224500
-0.34485000
0.36000100
-0.22076500
-0.67818400
-0.19468500
-0.24643300
0.03306490
-0.13033200
0.16008300
0.52121900
-0.55319500
0.14454600
-0.68537400
-0.62123900
-0.12554100
-0.32379000
-0.02375390
0.17792700
0.11339100
-0.15875200
-0.29588600
0.29716700
0.92451400
-0.27002400
-0.38394900
0.01999930
-0.62801400
-0.43611000
-0.76921000
0.46535100
-0.52530700
-0.59003100
-0.97148900
-0.42784500
-0.89894000
-0.17186000
0.31638800
-0.68321500
0.01104340
-0.25846500
-0.13224700
-0.02886910
-0.16026100
-1.27984000
1.06135000
-0.77594200
-0.17474000
-0.70823600
0.56757100
0.08504890
-0.64212900
0.11860500
-0.19192800
0.22810400
-0.72058900
0.40051700
-0.23449800
-0.32834000
0.85380300
0.16536000
-0.68711000
-0.33778400
-0.55674800
-0.25427900
0.26453400
-0.26264700
-0.38391200
-0.21244900
-1.15457000
2.25292000
-0.29774400
-0.07944230
-0.66402400
-0.98417900
-0.03752300
0.13398200
0.03908110
0.45673500
1.00575000
0.31909800
-1.06750000
-0.27197900
-0.50338400
0.48493200
-0.13667800
0.05023610
0.08093350
-0.01727380
-0.42099700
-0.01726190
-0.27184700
-0.88655400
0.11262500
-0.00902842
0.05723310
-0.18987000
-0.32659300
-0.72163800
-0.21897800
-0.83957000
-0.45275600
-0.60280400
0.33895700
-0.07753230
0.42084700
0.05646940
-0.46095400
0.17928300
-0.42018900
-0.38537000
-0.08859160
-1.67663000
0.32932300
-0.29837500
-0.68131300
-0.33171000
-0.26710900
0.59757800
-0.99139600
-0.05108980
0.70010500
-0.16605500
-0.85298800
0.47171800
-0.11499100
-0.04999880
0.38089400
-0.38921400
-0.23198100
1.14570000
0.38711100
-0.74036400
-0.30737200
-1.15617000
0.00970039
1.10059000
0.44934200
-0.92866600
0.07089280
-0.49857100
-1.21335000
-0.15410000
0.27092000
-0.08689970
-0.37052500
0.98552900
-0.83923300
1.64380000
0.10791700
-0.02040910
0.18519800
0.01736680
-0.25117500
-0.32993000
-0.59330600
-0.29543600
-0.50193600
0.17564800
-0.58359500
-0.08172410
-0.42705800
0.69770100
0.53668600
-0.16954300
-0.76384400
-0.63067500
-0.44278700
-0.06569110
0.51924100
0.02679650
0.38560900
-0.46381000
0.43966000
-0.86039600
-1.08390000
0.38162400
0.24517300
0.58237100
-0.32415500
1.11340000
-0.01357210
0.48509900
-0.36835500
0.02827170
-0.50944700
0.27800500
0.34165900
-0.12690100
3.23790000
0.12826400
0.30135500
-0.89261400
1.11068000
-0.03096550
-0.15740600
-0.35918200
0.01649910
-0.00206568
0.30033100
0.32988900
-0.25691500
-0.02915090
-0.12270000
-0.06564110
-0.69006400
-0.55021900
0.01133940
0.08408230
-0.61372800
-0.32258000
-0.01882810
0.57485300
-0.27348900
0.17388300
0.22440300
0.47606000
-0.67284900
-0.72796600
1.19067000
-0.36349400
0.38046000
0.00678259
-0.11008800
-1.19493000
0.10886900
-0.01861650
0.39160200
1.42410000
-0.39765600
-0.95362000
-0.59635800
0.31268500
0.66736000
-0.74014000
0.27658200
0.31601000
0.78712600
-0.55921100
0.54110800
-0.08695850
0.26057600
0.00302699
-0.88064200
0.15858000
-0.35232200
-1.20318000
-0.07582740
-0.71191300
-0.39683800
-0.15922700
0.11414400
-0.47630900
-0.27800500
1.06125000
-0.14227100
-0.13867400
-0.34824200
-0.76736100
-0.88089900
-0.63708700
-0.77404400
0.33605200
-1.16271000
-0.77611400
-0.13507000
-0.47826700
1.21043000
-0.25665000
-0.03448030
0.47759900
-0.68665600
-0.08482440
-0.38921700
-0.17778900
0.60581900
0.10876700
-0.36287700
0.12907200
-0.76247000
-0.33384800
-0.00466911
-0.57089400
-0.02577240
-0.70508100
-0.22243900
0.21955500
-0.90809200
0.15132500
0.44458700
-0.43156000
0.02151610
-0.51680900
-0.10720800
0.53976000
0.27246800
0.11754200
-0.09905420
-0.11177600
0.23822100
0.26317000
-0.20319500
-0.27523800
-0.34630200
-0.75216000
0.23685800
-0.32744300
0.25559500
-0.23816200
-0.27724700
0.50929000
0.45492100
0.00872867
-0.69359900
0.73539000
-0.40004900
-0.09379410
-0.06707500
0.32183400
0.49063900
-0.17225500
-0.21759200
0.49587800
-0.41429300
-0.06540110
-0.60306600
0.32596800
-0.52782600
-0.08506770
-0.47359900
0.09727740
-0.11706200
-0.17159300
-0.57783200
1.00237000
-0.26885500
-0.48657800
0.27498600
0.30268100
-0.54330400
-0.63529700
-0.02147500
-0.35908100
1.23332000
-0.03778570
0.06049460
0.12337400
0.81202600
-0.21126000
-0.34233900
-0.19809100
-0.21954700
0.04221060
-0.36821400
-0.79659700
-0.44795400
-0.26463100
0.32911700
0.24852000
0.20218000
0.94058000
-0.08688480
-0.42161100
0.24295200
0.59014100
-0.57416700
-0.38793900
-0.83347000
-0.02380800
0.51596300
0.09009020
-0.18340800
0.44334600
0.11839600
-0.61919000
0.23380500
0.03238160
-0.40099700
-0.07331720
-0.58045300
0.12861200
-0.33098700
-0.11514800
-0.03875080
-0.44597200
-0.08531620
-0.46734100
-0.06193820
-0.38528700
0.17295900
0.33823100
-0.93032300
-0.00775376
0.56015300
-0.47106700
0.43288600
-0.41339300
-0.14910500
-0.34731900
-0.02678620
0.33042200
0.53584500
0.51963400
0.45201300
0.00048794
-0.73355000
0.09059240
0.25001700
-0.30511900
-0.36300000
0.23133400
0.05987270
0.47586200
-0.14444600
0.81493500
-0.41370000
0.25468700
-0.08381560
-1.08445000
0.01316970
0.44334600
-0.44675200
0.47201100
1.50242000
0.21331000
-0.93149400
-0.03428380
-0.48468200
-0.55713400
-0.22173200
0.21556300
-0.74302100
-0.01879190
0.76553300
0.40416800
0.04478250
-0.18025500
-0.38709600
0.46900000
-0.62130800
0.76732900
-0.36860500
-0.41952300
0.12304100
-1.40904000
0.13725100
0.36288500
0.21123000
-1.06531000
0.24894700
-0.09332640
-0.11895000
0.70832800
-0.46505400
-0.25905900
-0.73106200
0.47514200
-0.26122400
-0.44620900
-0.15301300
-0.80329200
-0.30655900
-0.27927100
-0.49363900
-0.24050400
0.66809200
-0.44993900
-0.55872800
-0.22950400
-0.34425400
0.13831000
-0.26347800
-0.07740660
0.61792700
0.65133000
-0.35937800
-0.24189900
0.33863300
0.40434800
-0.46172100
0.34900100
-0.64547500
0.16953700
-0.55471600
-0.06457280
0.50328700
-0.12649900
-0.78586800
0.20770800
-0.50963400
0.03708580
0.23480100
0.58430700
0.31672200
-0.72674400
0.14261900
0.37770800
-0.75596400
-0.51982700
-0.36330700
0.78978800
-0.51063100
0.22026100
-0.22424800
-0.21374500
-0.39213400
0.07511120
-0.41498700
0.48811900
-0.09068660
-0.18147500
0.42969100
-0.22996400
0.04458030
-1.46360000
1.05895000
0.57813800
0.41156100
-0.09658380
0.15304300
0.19957800
0.60967800
-0.12052100
-0.01284320
0.74502400
0.19668100
0.73512800
0.19888200
-0.07495980
-0.45303400
-0.07779120
0.13746600
0.57394600
-0.23965200
-0.72774900
1.19835000
-0.48864200
0.92397200
-0.55153700
-0.18935500
-0.14146700
0.47993000
0.14295500
0.28337800
0.15124200
-0.12004100
-0.10429800
0.35030200
-0.74498900
0.08656160
0.51611900
0.23575700
-0.75042900
0.41971200
0.03875810
0.19895100
0.00787780
0.86413000
0.40728600
-0.51926900
0.12575300
0.07724550
0.40755500
-0.17451400
-0.67408100
-0.15380400
0.15930800
-0.31629500
-0.85747600
0.03153430
0.00720103
-0.41183200
-0.08065870
0.29477100
-0.29735800
0.64043700
0.61079700
-0.03021890
-0.20286200
-0.40427300
0.43121300
-0.63146400
-0.07794240
-0.33709200
0.18034800
-0.17142000
0.21599600
0.37917000
0.38550300
-0.24506200
0.65259800
0.10307800
-0.52587700
-0.23713700
0.37653500
1.32944000
-0.34613600
1.08205000
0.90068200
-0.29857900
-0.13095600
-0.26968700
-0.16027800
0.39179000
0.01600330
0.37585300
-0.21021300
-0.19672200
0.04233330
0.16686700
-0.25141200
0.42670000
-0.63204000
-1.19738000
-1.19049000
-0.40172400
-0.39019100
-0.37857100
-0.23761000
-0.12026600
-0.40118400
-0.46082000
0.16149900
0.16342600
-0.36095900
0.09339480
-0.27680400
0.12455900
0.96247100
-0.21933000
0.47660600
-0.01447270
-0.38622600
0.03168490
0.16471900
0.90917400
0.58211600
0.66641000
-0.16313100
-0.02471850
-0.16315800
0.05566330
-1.02966000
-0.55102200
-0.21776200
-0.68909900
-0.45117300
-0.92542600
1.63233000
-0.30870200
0.05887750
-0.60680300
-0.23669300
0.07631750
-0.79374100
-0.20408100
0.06819490
-0.58501800
0.59871600
-0.36996100
0.62619900
0.06511890
0.27035700
0.00762914
0.16418200
-0.33331500
0.47993000
-0.16227400
0.45725400
-0.65701700
-0.23031100
-0.00682145
-0.27746200
-0.54120000
0.08101550
1.45669000
-0.45061600
-0.70708100
-0.52257100
0.19213400
0.26915300
-0.36872300
-0.50886100
-0.08300640
1.80303000
0.31012000
0.23887600
-0.31727700
-0.20965000
-0.56992100
-0.65901200
0.30115000
0.19832800
-0.57857000
-0.01556970
-0.36967700
0.54488700
-0.21986200
0.49337100
-0.71518400
-0.18823800
-0.58439000
0.17734600
-0.70680400
-0.24408100
-0.12457400
0.52883300
0.11763800
0.59410900
0.34763800
-0.46580100
-0.26106700
-1.12004000
0.26002900
1.16064000
0.42085500
1.29858000
-0.12183700
1.56229000
-0.31540400
0.77748800
-0.33812500
-0.09796490
-0.12694100
0.05545690
-0.26304500
0.14683600
0.51536500
0.81356200
-0.04829040
-0.12665000
0.37013300
0.06450950
0.59738000
-0.19921900
-0.83758100
0.82863900
0.24909700
-0.28901700
-0.15779700
-0.23839100
0.06456810
-0.33557500
1.48857000
-0.27117200
0.57427900
0.30215300
-0.03247000
-0.32980800
-0.43420100
-0.45133200
-0.41174000
0.39148000
0.25154100
0.47773000
0.96084500
0.34390500
0.05655510
0.30907900
0.40996100
-0.31615800
-0.49591200
-1.19332000
0.36123600
0.28755300
-0.05019490
-1.11838000
-0.26877200
-0.06879340
-0.25124000
-0.45750600
-0.14052800
-0.22819000
0.05735890
-0.71317000
0.56888100
-0.20187000
0.66254500
-1.04018000
-0.21572400
0.59374000
1.96920000
1.00871000
0.53307100
-0.05233810
-0.21249700
-0.20972800
0.93622600
0.02421030
-0.19136100
0.08148250
0.30773300
-0.74947300
0.57366300
-0.42348400
0.01213670
-0.18953500
0.08662980
-0.28379100
-0.13464300
-0.54561900
0.05139200
0.04573120
0.25292800
-0.17355300
-0.37122900
0.36434000
-0.09239040
-0.59549400
1.76546000
-0.31294700
-0.50923300
0.07271050
-0.13384600
-0.97230100
-1.28458000
0.08601860
1.11085000
0.11785700
0.21044500
0.11052700
0.34548600
0.71653000
0.07904350
-0.00549240
-0.14084600
0.10862200
-0.74852700
-0.02821070
0.32660400
-0.21192800
0.00445296
0.39071000
-0.22911000
-0.18093900
0.54111800
-0.06376340
0.21425000
-0.38852400
-0.06624630
0.11828900
-0.13788000
0.64017100
-0.22260700
-0.43130300
-0.28672700
-0.39537900
-0.04647050
-0.09249860
0.08584790
-0.39369000
-0.55484700
-0.42055500
-0.05632310
-0.27578300
0.94377300
0.11014400
1.42869000
0.88197800
-1.41321000
-0.58479100
-0.67536600
-0.15713200
-0.44436500
-1.21001000
-0.24932300
-0.69534100
0.01541480
-0.64241000
-0.38699600
-0.29850200
-0.25057700
-0.53143200
-0.05843590
-0.54388000
-0.45613400
0.32372900
-0.97233000
0.51562500
-0.85187000
-0.12969200
-0.29035200
0.10461500
-0.25289000
0.38557500
0.80930600
0.21641300
1.72787000
0.90175800
0.78596900
1.06529000
0.98393900
1.27316000
-0.13796000
-0.02623880
0.19774600
0.35842100
-0.07655430
0.87332300
0.36532000
1.62766000
0.23924200
0.14036700
1.80676000
0.68848300
0.23560500
-0.04776350
0.50313600
0.04115090
0.45283900
0.45098900
0.02323730
0.21845200
1.16179000
-0.22393000
0.09888470
-0.51056200
-0.19765500
-0.71926600
-1.18609000
-0.25839200
1.22556000
-0.46406100
-0.68699400
-0.33338900
-0.37538800
-0.16607300
-0.32991700
-0.07441870
-0.07675010
-0.06233640
-0.10855000
0.28567900
0.42852500
0.45922400
-0.44722600
-0.36680100
0.38253100
-0.19284700
-0.05232760
-0.00631215
0.08403720
-0.61666400
-0.82760400
-0.44036000
-0.53034800
-0.01998660
-0.48571600
1.53821000
0.19658400
-0.37651700
-0.16237300
-0.46094600
0.43613400
-0.69658300
-0.73984600
-0.26120800
-0.12445900
0.19847100
-0.34206300
-0.03672870
-0.18794800
-0.35412400
-0.32701200
0.84871800
-0.53036400
-1.13020000
-0.73750000
0.91441400
0.22290100
1.02086000
0.32729100
-1.07622000
0.16869800
-0.31787500
0.46049900
-0.89964300
-0.20778900
-0.24453900
0.07606730
-0.84727300
-0.51332200
-0.37698300
-0.46480100
-0.23581100
-0.60993300
-0.60031900
0.04548770
-1.00587000
0.16136500
0.21071600
-0.13728200
0.23281500
0.08340700
0.23379200
-0.12796100
-1.05014000
-0.42097200
0.37989800
-0.14741300
0.99927400
-0.62479200
0.90589000
-0.47389900
-0.27922700
0.23542600
1.19096000
0.54884400
0.34384600
-0.52535800
0.12481900
-0.36122500
-0.17496400
-0.14685400
-0.41412800
-0.13327600
-0.19256800
-0.25349300
0.11375300
-0.30249900
0.61842900
-0.10788500
-0.50827600
1.13633000
0.56571900
-0.23298400
0.16205300
0.58141300
0.51416700
0.04847790
0.28172800
0.02237960
-0.10755100
-0.19998200
0.08209060
0.27558300
-0.43063500
-0.20884800
-0.17920400
0.03938740
0.29239100
1.30438000
0.83868500
-0.14870400
-0.41848900
0.24376600
0.47245800
-0.55723100
-0.15119700
1.39040000
-0.34917700
0.31339800
0.28581700
-0.21235600
-0.68955800
-0.34612600
0.24693300
-0.48192800
-0.12531800
0.12491400
-0.44748800
0.44189200
-0.53093400
1.77617000
-0.25299000
0.18238000
-0.36414900
0.21868500
-0.05287730
0.38533600
0.52374000
-0.16748800
-0.63271500
1.74016000
-0.34521100
-0.33027000
-0.61813100
-0.38657300
0.77003900
0.37439400
0.53777200
-0.17768600
-0.74853300
-1.15875000
0.34679200
-0.50503400
0.88415200
-0.48447200
-0.48087100
-0.12556400
0.05695130
1.36305000
0.50126100
-0.71851400
0.47658200
-0.60185400
-0.09655710
0.34180100
-0.03277970
0.09848360
-0.19413100
-0.18102100
0.07850200
-0.16414600
0.22829700
-0.55932300
1.00650000
0.39922000
0.12416200
-0.62142800
0.58944000
0.17134600
-0.34584100
-0.18209100
-0.34034800
-0.13655400
0.02221030
-0.04696040
0.20013700
-1.23737000
-0.13166900
-0.93119500
-0.03468680
-0.91115500
1.52729000
-0.15052200
-0.49679400
-0.34113700
0.01270090
-0.53720700
0.04080280
-0.07096740
-0.24181700
-0.03597150
-0.29297600
-0.08705160
-0.73819300
-0.05305280
-0.54086400
-0.44747300
0.35757900
0.08682310
-0.00009761
-0.79439700
0.36711800
0.04730030
-0.59229500
-0.14898200
1.17592000
1.11983000
-1.03766000
-0.16157100
0.00421478
0.00238712
0.59026600
-0.64620900
0.41351500
-0.40195800
-0.08765900
0.02201610
-0.54254400
-0.38910100
-0.09984660
-0.99821400
0.52534900
0.06860600
0.59159200
-0.73146500
-0.53436700
-0.22198100
0.27498600
-0.24512100
-0.23703500
0.01270090
0.20703400
-0.02955000
-0.55846800
-0.31405700
-0.11562900
-0.62061700
-0.29537600
-0.39240500
-0.81128000
1.09765000
0.09997580
0.11842700
0.92870300
-0.14219200
-0.66951700
-0.28321300
-0.44370100
0.08518850
-0.23551700
-0.66059600
-0.13901400
1.74075000
-1.21515000
-0.17615100
-0.39252700
-0.03596360
-0.13142400
-0.00856973
-0.72449300
-0.54729900
0.27821000
-0.24603000
0.50486900
-0.13400100
-0.26125000
0.16093500
-0.36367200
0.07531880
-0.62576800
-0.97203000
-0.37763200
-0.51847300
0.20530100
-0.23236000
-0.33517500
0.50362800
0.04993610
-0.16450400
0.12454800
-0.64770300
0.79332800
-0.32855400
0.26247600
0.06308820
-0.60172300
0.26950400
1.23423000
-0.31273600
-0.33154100
0.15234600
-0.05820330
0.57615100
0.73141500
0.02225360
0.67000500
0.35386200
0.28490000
0.01037170
-0.59153700
0.46011800
0.00346322
-0.62200500
-0.32610200
0.34928600
2.55012000
-0.92145600
-0.10578000
-0.44641300
0.74084600
1.03744000
0.44544700
1.21897000
-0.10965400
2.19230000
1.36834000
0.20361100
0.61553700
-0.21761400
0.04872260
0.82707400
-1.17051000
0.37253700
-0.23043800
-0.06034080
-0.18846200
2.91983000
-0.60289800
-0.71621000
0.27472900
0.08612510
0.11052200
0.67106500
1.57029000
-0.65103900
0.39454500
0.93533500
-0.05188100
-0.57996700
0.04565730
-0.61706800
0.08219760
-0.75102200
-0.48513900
0.35968600
-0.13007800
-0.07476720
0.38318300
0.40303000
-0.61585100
-0.33490000
0.41930600
-0.44561700
-0.93912900
0.08249400
-0.80959500
-0.40542700
0.23238700
-0.21657500
-0.78966200
0.69613000
0.94941000
0.30386400
-0.36585500
-0.53388800
0.47123600
0.30986200
-0.14641200
0.29745500
0.06652780
-1.04675000
0.47610600
-0.41837200
-0.24607700
-0.30599200
-0.19990800
0.07542060
-0.59025400
-0.38285200
-0.60498000
0.73599000
-0.27775300
-0.19469100
0.36177700
0.95078300
0.43950700
0.33371100
-0.35537400
-0.57133000
-0.20044500
-0.31834900
-0.19617400
-0.46335500
-0.10192200
0.06974500
-0.50595100
-0.17200000
-0.30878200
-0.04258690
1.18861000
-0.23076300
-1.22987000
-0.28840100
0.06308070
0.28231400
-0.05411200
0.09367840
-0.18056700
-0.52970900
-0.43919900
-0.85337500
-0.09932740
1.99878000
-0.31719900
0.01741160
-0.90566500
-0.44693300
0.44703900
-0.94691700
0.05893830
-0.36362900
-0.23763100
0.02940990
2.13501000
-0.23040000
-0.33773200
0.29307200
0.34292300
-0.68663600
-0.73051200
0.03066290
-0.10952100
0.15317700
0.94548500
0.11827000
0.82005300
0.03565090
1.27979000
0.72804100
0.68858800
-0.27495600
0.97872100
-0.01845330
0.95755000
-0.01539120
-0.27605800
-0.31784700
-0.65915000
0.26099500
-0.62884700
0.16891200
0.37027300
0.48517400
0.18145200
-0.70945100
0.22288200
-0.59555900
0.71334000
0.08024830
0.55294200
-0.34040000
1.05220000
1.16188000
-0.43787100
-0.95030000
-0.43176200
0.13453300
-0.23269000
0.39146100
-0.65792200
-0.10207200
0.14650000
-0.45696700
-0.53239000
-0.03678960
0.03304250
0.05256540
0.97254200
0.25892500
0.38662600
0.81020300
-0.20716000
-0.14450900
-0.21381300
0.22267700
0.17527000
0.12942000
0.08060280
-0.58535100
-1.01634000
-0.37655600
-0.78306800
-0.52804100
-0.36368200
0.07352710
0.27771600
-0.52770900
-0.50417700
-0.26006300
-0.11290700
0.39256300
0.09680070
-0.24400200
0.28009700
-0.04831990
0.04370760
0.45666100
-0.83745800
0.07881260
0.00976285
-0.42065900
0.59641900
0.52032800
-0.24063400
-0.16912600
-0.13862000
0.22421800
-0.48751700
0.17936600
0.30109100
-0.01478600
0.40748200
0.29465700
0.86179400
0.77127600
-0.58813000
-0.40225300
0.57097400
-0.54007200
0.17653100
0.55741300
-0.29346100
-0.55768700
-0.41371200
-0.16465900
-0.00242734
-0.62077000
0.50462100
0.66859500
1.02197000
-0.41168100
0.64135600
-0.58698600
0.06287480
0.39401400
0.12066500
0.11732900
0.09667270
0.36377900
-0.49735100
-0.01539020
0.10953900
0.46056600
0.46056600
-0.30835000
0.05948110
-0.38782000
-0.57671100
-0.30065100
-0.20831300
0.24344700
0.56723200
-0.82894800
-0.06387720
0.28577800
-0.09172870
-0.14821400
-0.31445300
-0.37518500
-0.14301300
-0.78048800
1.40616000
0.25194100
0.07893390
-0.89279400
0.24368200
0.05446900
0.09486530
-0.26742400
0.49405000
0.10982300
-0.27530800
0.01236740
-0.80223300
-0.27322400
-0.48814400
-0.26115900
-0.49282900
-0.29422400
-0.79832900
-0.19750800
0.47492700
0.17340600
-0.40410800
0.87820100
1.13574000
-0.60059900
-0.13329500
-0.14759400
0.14970400
0.23667300
-0.74961300
0.02015860
-0.66218200
0.04780130
-0.53859100
-0.02613450
-0.07544050
0.26373000
0.87222000
-0.02907950
0.21844900
-0.18077000
-0.73129000
-0.30718200
0.36760100
-0.18543400
-0.22862400
-0.56146300
-0.19659900
0.00091509
-0.26815000
0.46309600
0.36975500
-0.35662800
0.51799200
1.26795000
-0.06373790
-0.35956300
-0.56137500
-0.25023400
0.23703200
-0.71054800
2.01409000
-0.43283800
0.42403400
0.19008300
-1.34848000
-0.02203770
0.47239400
0.31226200
0.41182300
-0.15183500
0.51533100
-0.51107500
0.33937000
-0.05435680
-0.26977400
-0.11189200
0.07892360
0.10294500
0.74549800
0.71996700
2.37706000
-0.68534100
-0.25587200
0.04227150
0.79081300
0.18372200
-0.05668940
-0.19597900
0.37332500
-0.15835500
-0.63610200
-0.20016800
-0.20316500
-0.35260400
-0.37997300
0.08625270
-0.72311800
0.21632000
-0.14349400
0.07486820
0.06277250
0.35309900
-0.57540900
0.60641600
0.19593000
0.57336700
-0.18441700
-0.63024000
-0.38748100
-0.07938960
-0.22634800
0.01212220
-0.91880000
-0.34378300
0.01613730
-0.08200390
0.17394700
0.41008900
-0.17101700
-0.28161800
-1.09756000
-0.31298900
-0.69811600
-0.12982200
0.46954600
0.01482640
0.12924400
-0.73211000
-0.48846400
0.37222000
0.91262400
-0.70436500
-0.70997400
0.34394900
0.08245550
-0.24456000
-0.24600300
-0.28929200
-1.40054000
0.10387900
-0.68135500
0.03810550
-0.07081730
-0.03375080
0.11244300
-0.02333250
0.50413300
-0.22686300
1.69271000
0.67631400
-0.11166200
-0.12538700
-0.12203400
-0.56459400
0.08435430
0.47638400
-0.07561600
-0.32158100
1.27251000
-0.27016800
0.46047200
-0.09010310
-0.21207800
1.45461000
0.28963100
0.42280600
-0.01320230
-0.32622500
-0.39372500
-0.48749700
0.42539300
-0.00265609
-0.43346100
-0.53835600
-0.11515900
-0.54067400
1.75201000
0.01724150
-0.09485560
-0.14927500
0.40517400
-0.69229800
1.60345000
0.43699400
-0.85785200
-0.25726900
-0.41044900
-0.52583500
-0.26520400
-0.46034100
-0.78761300
-0.27951900
-1.32542000
-0.22738100
0.97743500
-0.67318800
-0.43004100
0.09365250
-0.94787900
-0.74440600
0.73439600
1.01493000
-0.01354360
-0.25279900
0.33294600
-0.59157300
0.09982590
-0.98233900
-0.54416100
-0.41444000
-0.63132000
-0.52245700
0.75078000
-0.19737500
-0.21282100
-0.43581300
0.15903000
0.19058700
0.03452300
-0.11493600
0.18614700
-0.74022700
-0.25001300
-0.03725910
1.00549000
-0.62015700
0.54223500
0.21771700
0.50962100
0.37334000
-0.05567240
-1.17565000
-0.69245500
-0.47315900
-0.49140200
-0.56516100
0.76608300
-0.06916400
-0.05957560
-0.10187900
-0.96563200
0.87228800
0.00327593
0.39317300
-0.62597600
0.71900300
-1.15147000
0.34072700
-0.56662900
-0.29569700
-0.17429900
-0.50084100
-0.12187000
-0.52349000
-0.20744100
-0.44025400
0.12072700
0.04559380
0.79451100
0.27039800
0.10711100
0.03442310
-1.02521000
0.42281100
-0.32349700
-0.56516200
-0.84284600
-0.01818400
-0.26153800
0.35276100
0.05467760
0.26180900
-0.59436300
0.13321300
-0.10808800
-0.34800300
-0.52245300
-0.09845780
-0.34878700
-0.25420000
-0.03049650
-0.28481500
-0.08002880
-0.49246900
0.05652310
0.21529500
-0.47511100
0.02497700
-0.22743300
0.25701700
0.32049900
-1.04089000
0.35127000
-0.26889000
-0.17659000
-0.52171700
0.07104240
-0.48699200
0.12034500
-0.40308400
0.37417200
-1.06768000
0.31484900
-0.41459400
0.28494700
0.35236500
0.25395900
-0.59635300
0.23749500
0.43011100
-0.26011900
-0.45331800
0.48111000
1.11842000
-0.41670400
0.22590800
-0.31226600
-0.61023900
-0.19469400
-0.26190200
-0.39691000
0.27358600
0.06834270
-0.28026600
0.40305000
0.01267270
-0.37503200
0.53721000
-0.46487900
0.02471070
0.36826500
-0.63522300
-0.53711000
-0.05149450
-0.14866100
0.57153400
2.33870000
-0.73925400
0.31948100
-0.75799800
-0.32963700
-0.16641400
-0.95515700
1.15202000
0.67137600
-0.20272200
0.43011100
0.01945590
-0.24142100
-0.01107430
0.89061000
0.34847200
0.03291110
1.61263000
0.74093300
-0.90125300
0.08298220
0.14113100
1.02612000
0.22223300
0.51669700
-0.35367600
-0.56142100
-0.24391600
0.71920700
0.59978000
-0.49456300
-0.32503500
0.16546400
-0.62316800
-0.71592400
0.04856370
0.98247800
1.49856000
1.13228000
1.21953000
0.76637700
1.01623000
0.53050500
0.44469200
1.35458000
0.56667500
0.40637900
0.51594900
0.81673600
2.09177000
-0.04909240
0.04655770
-0.10613200
-0.10017000
-0.59637100
0.23338300
-0.01406100
0.40615900
-0.26423300
0.64172300
-0.47350200
-0.52152900
-0.44875100
1.74317000
0.12303400
-0.50781900
-0.49760200
0.27599800
-0.31666100
-0.56797400
0.06231190
-0.32610800
-0.29057900
-0.59206400
-0.20839000
-0.00150323
0.02664690
-0.14816800
-0.59697300
-0.20407400
0.68224100
-0.58519500
-0.97233800
-0.20692700
-0.35217100
0.12661200
0.07813220
0.55220800
-0.02109140
0.56745300
0.57484800
-1.11325000
0.42151000
-0.16902100
-0.20532900
-0.20875800
0.22171500
-0.36868200
-0.25519400
-0.13059000
-0.33096600
-0.19188000
-0.89817700
-1.30604000
0.21439600
-0.37096900
-1.11682000
-0.52713400
-0.17019200
-0.40631800
0.06357510
0.07102930
0.26788700
-0.28994900
-0.26214100
0.19815900
-0.76994600
0.05706580
-0.75184200
0.13695600
-0.60488700
0.01055000
-0.14152100
0.04184500
-0.81586400
1.33198000
0.22430500
-0.65809900
-0.15479300
-0.06881780
0.00664097
0.18883600
0.17444900
-0.46037000
-0.46337900
-0.30078600
-0.18648300
0.05785970
-0.13346000
-0.27830500
0.25115200
-0.25226700
-0.75335600
-0.47412900
0.49464600
-0.42638000
0.19636300
0.06794410
-0.03624040
-0.68361100
-0.36790500
0.51890200
-0.27724600
-0.47426500
-0.03991030
-0.44373100
0.20855700
-0.63163600
0.36454800
-0.02063640
-0.20724500
-0.61958400
0.59742400
0.54703100
-0.24157400
-0.23208200
0.21947400
-0.24308400
-0.22600300
0.01129800
0.38532700
-0.18784300
-0.06936870
-1.11089000
0.47533800
-0.23477800
0.38909300
-0.87278900
0.43185300
-0.93800400
0.68706200
-0.53177200
0.04741100
-0.14897100
-0.38655900
-0.42692800
-0.18099500
-0.30405900
-0.56224800
-0.11451200
-0.00706732
-0.93410400
-0.38518300
0.16189600
-0.73163900
-0.43737800
-0.31873800
-0.39640500
-1.37468000
0.06923780
-0.07326130
-0.43349300
0.45203700
-0.30815300
0.12050400
-0.59516600
-0.61450500
-0.78491300
-0.17784800
0.08304360
0.58929100
-0.76959700
-0.55448000
-0.10450700
-0.01402750
-0.87640800
-0.11801600
1.04517000
1.99568000
2.53221000
0.55341500
0.53317900
0.21316100
-0.52720100
0.10720500
-0.03410600
0.59926800
0.02172300
-0.05554070
0.31760200
-0.38913600
0.10893700
-0.25765300
-0.03797210
0.18542400
-0.18668000
0.12543100
-0.36744200
0.32785200
0.49898400
-0.48035500
-0.38633500
-0.27281500
-0.01087040
-0.97192500
-0.32126500
0.48266500
-0.27044900
1.48343000
0.39760800
-0.06063300
-0.25402800
0.22062200
-0.22069300
-0.52695600
-0.06813400
-0.61146600
0.69968500
0.19227600
0.75082000
-0.54803400
-0.07630490
0.42284700
0.29044800
0.50240300
-0.14498300
-0.28277000
-0.26173200
-0.35710500
-0.67265000
-0.30308100
0.53154400
-0.54942700
0.15593600
0.02015680
-0.17779700
-0.03352480
-0.01910520
0.07315250
-0.02964460
-0.38552300
-0.11901500
0.06901460
0.11961200
0.22803700
2.09050000
-0.98966300
-0.91609400
-0.59736400
0.24592100
-0.37856500
0.81801300
0.28262200
0.39287800
1.14397000
0.65446000
-0.50458000
-0.35059300
0.05853560
0.04864620
0.14884100
0.01714060
2.24517000
0.27071600
-0.52627800
0.37499000
-0.56358600
-0.46571900
-0.37860200
0.60588000
0.58119400
0.24288000
-0.18238000
0.54459800
-0.54820900
0.54255900
0.57270900
0.16581200
-0.16698500
0.28499000
-0.12587700
-0.41537200
-0.41876700
1.06020000
0.74924900
-0.20196300
-0.12765300
0.10651000
1.14478000
0.86835400
-0.42473000
1.13877000
0.26545000
-0.31869400
-0.43253700
-0.52219800
-0.12894500
-0.29049900
-0.11227200
-0.24911800
0.06823060
0.30732100
-0.26787600
-0.87072900
-0.01229080
0.86236500
-0.20192700
0.32465000
0.80831100
0.05347140
0.38285500
-0.61741900
3.01154000
0.82176600
0.20503200
-0.25294000
-0.09003860
-0.17299800
-0.48167700
0.16119200
-0.01926870
0.09423530
-0.39994300
-0.42765100
-0.56820000
0.66113100
-0.18159000
0.01603990
-1.00640000
-0.62109400
-0.45199400
-0.21119600
-0.30094000
-0.04096730
0.18485700
0.17056700
0.10288800
-0.02759460
0.07115550
-0.07227340
-0.17224700
-0.02019070
0.06448260
-0.28967200
0.87572400
0.08225130
0.11006700
-0.30661400
-0.41192400
-0.50513700
-0.09293590
0.08296220
0.14546800
0.23882300
-0.32011600
-0.33489800
0.03531540
-0.38015100
-0.17155900
0.07925640
0.28006000
-0.15074400
-0.56657600
-0.32025700
-0.16339900
0.14279800
0.01447880
-0.08587760
-0.51915600
0.15188600
0.28828200
-0.54319500
-0.13099100
0.49125500
-0.80179800
-0.66433500
0.18292300
1.02705000
0.42255000
-0.04133520
0.07530440
-0.76436400
0.20417500
2.32378000
-0.02907730
0.23142300
-0.11941200
-0.12163300
0.27570800
-0.23930500
0.36560700
-0.44203300
0.07635840
-0.40064000
-0.00903553
0.06962150
0.28932100
0.31010200
0.00406042
0.27586600
0.51246300
-0.91563400
0.32689100
-0.70990900
0.41754900
-0.59745800
0.46550000
-0.46331000
0.30377600
0.12171900
-0.25885600
0.40954200
0.10948800
-0.06546500
0.22725300
-0.59352200
-0.22096200
-0.42321100
-0.19403800
-0.43326300
-0.11964500
-0.81360000
-0.05035190
-0.05938890
-0.43383800
0.03140790
-0.07675140
-0.43166800
-0.54781000
-0.59158000
-0.03906160
0.55481600
-0.31035600
-0.19387000
0.05641710
-0.38124700
-0.47719700
0.03190490
-0.24750100
-0.26263800
-0.22662800
-0.39346300
-0.52474500
-0.44342300
0.24828500
2.16216000
-0.33231100
0.97364200
-0.24144200
-0.02975110
1.17908000
1.36021000
0.04503290
-0.66780100
-0.89452100
-0.89691900
-0.01622880
-0.13272800
-0.52072600
-0.45674900
0.35564200
0.03924660
0.10779500
-0.22580100
-0.51209800
-0.12639200
-0.03091890
2.00414000
0.66510300
-0.98249600
-0.18671200
0.30240400
-0.16526900
-0.31324200
-0.04239530
-0.61350100
-0.53122300
0.09257490
0.40462500
0.41890300
0.28616200
0.14649300
-0.65796400
0.43277800
-0.24966200
-0.47641200
-0.06719950
0.82099000
-0.52836900
0.39670200
1.46237000
0.99755400
-0.17453500
-0.10616600
-0.86506000
-0.72142600
0.11861900
0.67835100
-0.79870800
-0.67589600
0.66837900
3.59404000
0.97782200
0.62401700
0.29987700
-0.10669800
0.10507600
0.29053700
-0.65407400
-0.74025900
0.08357540
-0.28480100
0.39209300
0.24676800
-0.37151500
0.35820200
0.56650800
-0.01689730
-0.18689300
-0.38596500
0.09122000
0.25623900
0.36402600
-0.34217000
0.35487800
-0.00342822
0.03510610
-0.34315600
-0.08002790
-0.08466040
0.28272600
1.87514000
-0.15624100
-0.45076800
-0.65342700
-0.80951700
-0.18532400
-0.25248700
-0.58285900
0.77893500
0.48176900
0.12688300
-0.19099200
0.22756700
-0.84886700
0.49912600
-0.50448200
-0.15298400
-0.06062080
0.29280600
-0.17990900
-0.14232800
0.11782700
-0.24433000
-0.65448200
-0.18309200
0.64219000
0.84515100
0.31602500
1.49802000
0.64321300
1.42129000
0.52918100
-0.24690300
-0.36114600
-0.15789300
-0.23382600
-0.05690850
-0.36398000
0.03487660
-0.17720900
-0.12137200
-0.24990500
0.13862200
-0.51147900
-0.15014700
-0.93825900
0.01669540
-0.67372100
-0.83236800
0.99173000
-0.78133000
0.48380800
-0.13209000
0.49122300
1.20025000
0.15926200
-0.31457500
-0.43444900
-1.02891000
0.10285700
-0.55012500
0.18783200
-0.01637700
-0.53916000
0.54528300
-0.52238100
0.49109700
-0.34209900
-0.48469500
-0.28982100
-0.26732200
1.02176000
-0.79649400
0.51343300
-0.69969200
-0.11558700
-0.44029900
-0.00261098
-0.38661500
-0.04975260
-0.25895400
-1.50647000
0.22249100
0.10500900
-0.98325300
-0.06909220
-0.19504400
-0.12892100
-0.42511500
0.11741800
-0.18149000
-0.13390800
-0.33610100
-0.22416000
-0.30638800
0.94322400
-0.47667800
-0.63986000
-0.10166400
-0.48950300
-0.47210400
-0.74837700
-0.25820600
-0.44217400
-0.29006600
-0.55120700
-0.27715200
-0.38903400
-0.13454600
0.67485400
-0.16644700
-0.21270700
0.15260400
-0.27926100
-0.26496600
-0.43865000
-0.06746990
0.05151170
-0.55577500
0.15160700
0.33813800
0.50324200
-0.98037300
1.15787000
-0.02419560
0.41569700
-0.62027000
-0.92523100
1.19718000
-0.32961700
-0.23204100
0.37704500
-0.24332600
-0.36361900
0.32701000
0.33272500
-0.42066900
0.12548300
0.30366100
-0.31072400
-0.47944900
-0.34353200
-0.74449600
-0.01722300
0.44976300
0.30133900
-0.27788300
-0.62969100
-1.29251000
-0.20918100
-0.21348400
-0.27594600
0.36947100
-0.34952400
0.38669800
-0.42502200
1.11582000
0.05002290
-0.33587400
-0.51247900
0.24156000
0.15592700
-0.06137280
-0.63740500
0.70424600
-0.13800600
-0.12127100
-0.07790580
0.01375740
-0.74480600
0.27406200
-0.23772200
-0.34518500
0.50685400
-0.55108000
0.49320600
-0.32885800
0.04712850
-0.43916600
-0.29417800
-0.33297700
-0.58239600
0.41920800
-0.63111200
-0.07133310
0.97441000
-0.19100300
-0.25939200
-0.01098860
0.51917900
-0.62396400
-0.21105300
-0.67829000
0.06163530
-0.72298600
0.26298300
0.50161500
-0.23653000
-1.27578000
-0.15943800
1.47265000
1.11539000
-0.67375800
-0.18283000
0.26808600
-0.19207800
0.65084600
-0.00399581
-0.41957400
-0.63492400
-0.51089700
-0.56883300
-0.40935500
0.06728070
0.22683200
-0.02412450
0.20898400
-0.16671000
0.22399600
0.23644700
-0.62322700
-0.37024700
-0.48422300
0.32749000
-0.24990500
-0.90447500
-0.48309700
-0.73265100
-0.17430200
0.94489300
-0.62747000
-0.82702500
-0.08029700
-0.54429400
-0.11136100
-0.54799500
-0.17906100
0.54271200
0.05417860
-0.60248200
-0.37060200
0.13663200
0.90250900
-0.58536500
-0.78975600
-0.32632800
0.20297400
0.38031400
0.33283600
-0.55882600
-0.47066000
-0.09556930
-0.35632200
-0.54726000
-0.60092900
-0.38761700
-0.17517600
-0.40948300
-0.16595800
-0.41976200
0.54390400
0.38357600
0.12299500
-0.43581900
-0.02389800
-0.61271300
0.08428410
-0.12299700
-0.25627600
2.29729000
-0.42230200
0.00678983
0.24191000
-0.05779740
-0.22803800
0.78250800
-0.29125200
0.11630600
0.20872200
-0.98326700
-0.55135300
-0.44403700
0.38094100
-0.09369740
-0.25357700
-0.37394900
-0.40966300
0.21514200
0.03355130
-0.24518200
-0.24820600
-0.36960500
-0.45112000
-0.32194800
-0.22949100
-0.17481500
0.64554600
0.49002600
-0.18921400
-0.37943500
-0.01182660
-0.25941000
-0.03740790
0.07723090
-0.14874300
1.38002000
0.16434000
-0.16304600
-0.71116200
1.39449000
-1.01276000
0.69952800
-0.05578780
0.29678700
-0.63205100
-0.24664900
-0.38016400
-0.57022400
-0.19369700
-0.70397400
-0.47986100
1.45925000
-0.03184930
0.15398900
-0.08299780
-0.43964600
-0.28919200
-0.28007800
-0.93114200
-0.73257800
-0.41721200
0.53441400
0.40861700
0.19937200
3.85713000
0.76244700
0.76470700
-0.11490800
-0.09701130
0.53848200
0.37176400
0.20637600
0.24352200
1.23865000
-0.96910400
0.12152500
-0.29828400
0.06455620
-0.53469600
0.04418360
-0.49785900
-0.02598890
-0.30200200
-0.51977100
-0.44647400
0.02686650
-0.41130000
-0.48062100
-0.09780720
0.82979800
-0.34452600
-0.59773100
0.01971400
0.29918500
1.25589000
0.29515700
-0.33468200
-0.07791930
-0.03026040
-0.26140200
-0.25015100
0.17669200
0.09386000
0.57531900
-0.22747800
-0.26759000
-1.10548000
-0.11557900
-0.45183900
-0.15612900
0.90622000
0.64572100
0.88134500
0.50881300
-0.64032400
-0.18443500
-1.12500000
0.45577600
-0.43175000
-0.33845700
-0.98325600
-0.58010900
-0.86697300
-0.48786400
0.04283880
-0.20675400
0.37277400
0.08635650
0.89763200
-0.22376200
0.73495200
-0.18856000
-0.15666300
-0.58344200
-0.04852740
0.11975200
-0.18786900
-0.54745500
-0.64017600
-0.20104300
-0.30065500
-0.43693300
0.60774800
0.18902300
-0.21380600
-0.82440400
0.31884400
-0.46689500
0.02284140
0.20896300
0.30857200
0.20768900
0.02426440
0.23013600
-0.85438700
-0.49447400
-0.11114700
0.30827600
0.08919860
-0.28230400
-0.21134300
-1.03751000
-0.12326500
-0.54473100
0.54339200
-0.42772000
0.22339100
-0.00660715
-0.97018100
0.38471200
0.84151400
-0.49938200
-0.46784000
-0.50123900
-0.38386800
-0.34815800
-0.50167500
-0.04185660
0.28946000
-0.48907000
-0.16431100
-0.52766500
-0.46429100
-0.91529000
-0.14931300
-0.75134400
0.27534900
-0.35796300
-0.33825600
-0.26107500
-0.02740040
0.05267200
-0.09094050
0.75980500
0.68822100
1.02095000
0.19703800
-0.63698300
-0.37330200
-0.19097900
0.15896200
-0.53060100
0.57283600
0.26631200
-0.66604000
0.22590100
-0.64553400
-0.18903700
-0.15509900
-0.22502900
-0.58150900
-0.14856200
0.06008710
-0.55488700
-0.28542500
-0.60105600
-0.61651600
-0.20103000
-0.38839300
-0.80371600
-0.42122900
-0.60986600
-0.03635260
-0.18105900
0.51434200
-0.31051600
-0.27783100
0.33922700
-0.18434600
0.33330800
1.23893000
-0.11851200
-0.36553100
-0.68407300
-0.63303500
-0.32573200
-0.63705800
0.23153900
0.23581500
-0.66793300
0.38054400
0.07456860
0.52820300
-0.17492500
-0.37597700
-0.08551380
1.33894000
-0.50920600
0.73630100
0.35894100
-0.30701500
-0.67212200
-0.09178300
0.65851900
-0.88242400
0.53455300
1.37458000
0.38667900
0.50004200
-0.42356900
-0.40384600
-0.60338900
0.20966900
0.37097500
1.19585000
0.05440230
-0.05086930
0.05009350
-0.56805200
-0.53139600
-0.63405400
0.39308400
0.73376700
-0.09941280
-0.34547000
-0.65683200
0.69385700
-0.78214300
0.25599300
-0.14870100
-0.96316200
-1.12069000
-0.38741600
-0.00601743
-0.53608000
-0.81065700
2.19390000
1.37627000
-0.43056000
0.31789900
-0.31506500
0.61933600
0.03841650
-0.68047500
-0.04665010
-0.22134200
-0.77972500
-0.53918200
-0.71984600
0.02407190
-0.63042400
-0.55849700
-1.42412000
-0.24620300
-0.25185100
-0.05863940
-0.71100500
-0.07821530
-0.71396400
-0.86240500
-0.67595300
0.28304900
-0.49759000
-0.87363300
0.65410400
0.52180100
-0.24175800
-0.89343200
-1.10121000
-0.03303010
0.04887800
-0.08177610
-0.68583800
-0.86855700
-0.81507900
0.41848500
-0.31331000
0.21016600
-0.08039180
1.25649000
-0.00515699
-0.19227400
1.31588000
-0.58895200
-0.44237700
-0.42607100
0.42763200
-0.30604000
-0.54213700
-0.20815700
1.71345000
0.65746500
-0.26350900
0.13656600
0.23391700
-0.11435500
-0.01908480
-0.35110500
1.30350000
0.89536600
0.27774800
2.76378000
0.16384700
-0.98100400
0.20367400
1.28020000
0.10433700
-0.46085600
-0.23320700
-0.51183500
-0.36944500
-0.26563100
0.18669300
-0.00692562
0.09456630
-0.64477500
-0.83704800
-0.07360730
-0.19191600
0.84766300
-0.27000000
-0.47257900
-0.75782300
0.14584800
-0.14397100
0.09272470
-0.72123000
-0.14978000
-0.06383160
-0.24344700
-0.23938400
-0.22890200
0.15002800
-0.39928100
0.87360400
-0.37935000
0.02062640
0.10682000
0.06295760
-0.97792100
-0.32232700
-0.92677300
0.16448300
2.65782000
1.67280000
-0.83581600
-0.45520400
1.21819000
0.03241410
-1.04046000
-0.79516200
0.78064700
0.50916200
0.05575300
0.12775700
-0.50100700
-0.13416200
-0.98970600
-0.50994600
-0.53264600
0.47491900
0.05656070
-0.57969600
-0.54413600
-0.36163200
0.16144900
0.30356400
1.30828000
-0.11931700
-0.23826000
-0.59320600
-1.21291000
-0.01784340
-0.12757400
0.18865600
-0.42123400
-0.16084100
-0.47223000
1.34562000
0.84382500
-0.21630900
-0.34184700
-0.71466500
-0.03931910
0.27466000
-1.04832000
-0.49419400
-0.68608200
0.02891820
-0.30606000
-0.21653100
-0.12492600
-0.73362300
-0.29176300
-0.41039400
-0.63973900
-0.50023000
-0.19363800
1.14383000
-0.50816600
-0.45962500
-0.48571300
0.19684300
1.34509000
1.15560000
0.09751450
-0.29327900
-0.04898740
0.53511500
-0.88658000
-0.14661500
-0.39680500
-0.29141100
-0.18826300
0.30784400
-0.16357400
1.24641000
0.61975000
-0.73691100
0.62382400
0.53103100
-0.42402800
-0.52440900
0.71638200
0.30384300
1.34378000
0.46895800
0.79880200
0.17837100
0.35913400
0.39257000
0.42871100
0.01922520
0.49559500
-0.21398300
0.01577800
0.30889300
0.78770400
-0.41155700
0.55347300
-0.39547200
-0.97955200
-0.21793700
-1.01927000
0.21181000
0.01724980
-0.45854600
0.01662890
0.02468690
0.54373800
-0.29866100
0.01846640
0.04741330
-0.22126800
-0.15883300
-0.18811400
0.13636700
0.17293300
1.41809000
-0.37863200
0.59548500
0.50264800
0.10813800
0.11099300
0.04713180
-1.02445000
-0.29372100
-0.11679000
0.65563000
0.66095100
-0.71292300
-0.67697200
-0.15487400
-0.28222700
-0.71690100
0.03324380
-0.18769400
0.33184800
-0.47805000
0.18762000
0.01097870
-0.49225700
-0.62941600
-0.34785600
-0.21686100
1.53819000
0.78826000
-0.30834800
0.84106000
0.24994900
-0.26148200
-0.15393000
-0.26179200
-0.73422200
0.26997800
0.49264200
0.29818000
0.55864600
0.55082200
0.18144100
0.42452000
1.34037000
-0.74364600
0.22173700
0.17622900
0.03317770
0.70207200
1.02626000
0.36236200
0.10047800
-0.36416600
-0.49708300
-0.00549859
-0.66736700
-0.00752411
0.77285200
0.19919300
1.49574000
1.78899000
0.25004700
-0.14158200
-0.02659070
-0.45779700
0.04480600
-0.03905900
0.11934900
-0.33522600
0.34750700
1.26468000
0.21171900
-0.54065100
-0.06891440
-0.21805900
-0.69548600
0.12001800
-0.78528500
-0.58232600
0.24578600
-0.44361000
-1.01389000
-0.34722200
-0.05546210
-0.96544500
-0.60688400
-0.97637300
-0.43429500
-0.37290600
-0.37847700
-1.00380000
-0.63957000
-0.79568100
-0.62178600
-0.17039500
-0.09371160
-0.69285100
0.56476300
3.17381000
-0.37950100
-0.60551800
-1.12565000
-0.44845000
-0.18875000
-0.09826540
-0.16750000
0.36351100
-0.31303400
0.10772800
-1.03582000
-0.01922850
0.32393500
0.18508700
0.72407800
-0.35417300
-0.24559900
0.11051300
0.43201200
-0.06248250
-0.48975100
0.17929100
-0.07750100
-0.54402900
-0.36630500
0.16006300
0.21796000
-0.64291900
-0.07141660
2.43859000
-0.41888600
0.03139190
-0.13166500
0.23293500
0.75949800
-0.07948190
-0.42017500
-0.04295360
-0.52254300
-0.63132000
0.02967750
-0.55116800
0.21883900
-0.09179810
0.19661300
0.23833100
-0.41851200
0.04442770
-0.17267300
-0.34818200
-0.16122100
-0.37637000
-0.34636700
0.08068470
-0.18411500
0.32683800
0.11530500
0.31536200
0.09862830
0.01392120
-0.11610100
-0.28330800
-0.27766100
0.12580400
-0.04304260
-0.86938300
-0.06548580
-0.12775700
1.21333000
-0.18491100
-0.47792000
0.10213800
-0.47891300
-0.75440600
-0.16294000
-0.34416600
-0.42910800
-0.40895300
0.24770100
0.47972900
-0.05422810
-0.58997500
-0.20391900
-0.34745500
0.44418300
-0.04712300
-0.37625200
0.06227040
0.36217500
-0.17386900
1.11134000
0.24931700
-0.23065300
0.48414200
-0.27899100
0.24418100
-0.42908600
-0.26827700
1.44979000
-0.79522600
-0.15965900
0.01670580
-0.54040200
-0.67209100
-0.37034200
-0.08585110
0.28289700
-0.08941800
-0.11258600
-0.85167300
-0.36239000
0.32806100
0.03709560
0.48186400
-0.73809300
0.07690080
-0.57255900
0.35450400
-0.03557120
0.21652700
-0.07130850
0.30619600
-0.58626500
-0.01499090
-0.33336400
0.32315700
1.15809000
-0.11628500
-0.63497800
-0.27483700
-0.17745600
1.17005000
0.30700300
0.44084600
-0.55883800
-0.60121400
-0.23937900
-0.25081700
-0.00345760
-0.85380000
0.01125930
-0.27189500
1.06998000
1.17971000
-0.23549100
0.57165000
1.13931000
-0.25562900
-0.34970600
0.43976100
-0.30497200
-0.33998600
-0.23611000
0.11495100
-0.56686500
-0.27875700
0.01915790
-0.35275900
-0.69699000
0.16507200
-0.27291100
0.10464200
-0.78498600
0.12809500
-0.16227400
-0.77540000
-0.06040450
-0.48210000
-0.75618500
-0.40178100
-0.88597000
0.28227400
0.14890900
-0.42643400
-0.58279900
-0.82000500
-0.09892390
-0.74734000
-0.18163200
-0.15289200
-0.27959600
-0.38006300
0.22413000
0.13412800
-0.08881750
0.50134900
0.43542000
0.13158600
-0.21647400
-0.51768600
-0.39510100
-0.27138800
-1.02817000
0.23944400
0.25074700
-0.39337400
-0.26345000
0.49938100
-0.47546500
-0.47789900
0.69463000
-0.09482280
0.24308200
-0.62368800
-0.16352900
0.39565000
-0.83447200
0.66518800
-0.33557000
0.08691860
-0.09121380
0.26750600
0.14181800
-0.11985700
0.21445700
0.20409200
2.67270000
-0.45329900
0.79230800
-0.61633000
-0.44843100
-0.50475000
0.09676310
-0.21038100
-0.53276600
0.08730210
-0.46506400
0.60417100
-0.22259000
-0.35867700
-0.21240400
-0.76018700
0.58543300
-0.58799600
-0.24190900
-0.38972000
-0.15417600
-0.20207100
0.58649300
-0.25785900
0.71898900
-0.62542100
-1.22763000
-0.10311100
-0.14038900
0.25795800
-0.20030000
-0.23908000
-0.14566600
-0.39701200
0.34275300
-0.34275900
-0.46415100
-0.60979900
-0.10626700
-0.94298600
-0.15259800
-0.34439600
-1.33105000
-0.54904300
-0.33198600
-1.18104000
0.05011870
0.15633600
-0.21241100
-0.39657300
-0.09936230
3.07330000
-0.54684000
-0.16132600
-0.30338000
0.01067560
0.13129300
0.61149600
-0.37781700
-0.85497500
0.07968480
0.14940900
0.23285200
0.34550600
-0.31075900
-0.22406200
-0.70963300
-0.29575200
-0.09458380
-0.01487700
0.00746174
-0.56896300
-0.41735100
-0.18517400
0.31764400
-1.15466000
0.17368100
0.83827700
-0.18494400
-0.29205400
0.45427000
0.50936600
-0.01633590
0.74595000
0.49361100
-0.65538500
-0.91795000
-0.19922400
0.25944500
-0.56429600
-0.21982200
-0.06908910
0.26913400
-0.02798600
-0.60805900
-0.28941700
-0.19368300
0.21177900
-0.37907100
-0.88837600
-0.46039600
-0.51684400
-0.10807400
-0.66307900
-0.50894400
-0.29035700
-1.12697000
0.41824100
0.85918200
0.46212700
1.13364000
1.86844000
0.28401000
-0.30087500
-0.41377900
-0.13045600
-0.15372200
-0.24050300
-0.71796300
0.46093300
-0.06658550
-1.04300000
-0.71004200
0.43129900
-0.50893200
-0.84582400
-0.09293330
-0.86945000
-0.36429000
-0.74246000
0.17380800
-1.26323000
0.27564900
-0.23010800
-0.64822500
-0.16868000
-0.48517300
-0.13189800
-0.37362300
0.07139390
0.29314400
0.00388195
0.12893800
0.25585800
0.08925470
-0.32207900
-0.24968100
0.10126300
0.17038300
0.83990600
-0.20971700
0.28433700
-0.89775300
1.56781000
-0.40832000
-0.47569700
1.20140000
-0.36466400
-0.19313800
-0.04492840
0.34065100
-0.23591100
-0.21816700
-0.60269100
-0.63156400
-0.35906300
0.82751700
0.78073200
-0.56063000
0.99107000
-0.29284400
-0.21794800
0.26325600
-0.95328600
-0.21235400
-0.10291600
0.15148000
-0.62941600
0.58710100
0.53865600
0.70024800
0.38701100
0.35058100
0.50476700
0.18532900
-0.95362000
-0.52939200
0.50673100
-0.63564700
-0.62164900
-0.48278300
-0.77662500
0.37839600
-0.24599000
-0.20268400
-0.11731500
-0.34578600
-0.58685700
-0.43094700
-0.74639100
-0.32265400
-0.55597400
-0.20971900
-0.08841940
-0.42950600
0.84586000
0.41397200
0.47508600
1.22614000
0.02879770
0.22529700
-0.39284200
-0.59773800
-0.06269990
-0.40881000
0.23984300
-0.24320900
-0.31017900
-1.13295000
-0.84296200
-0.07939450
0.65106500
0.13173100
0.27796700
-0.64278800
-0.28278500
-0.89131400
-0.35164200
-0.85389600
-0.53538400
0.22031500
-0.58207800
0.20984200
-0.59819300
0.84820300
1.76291000
0.59421200
0.08915350
0.29891200
-1.11870000
-0.82809500
0.54287400
-0.25903200
-0.49196000
0.08132800
-1.53733000
0.53511400
-0.21014000
-1.19052000
-0.06687020
-0.00471107
-0.47602300
-0.16027200
0.57144000
-0.44354300
0.00861107
-0.20630300
0.12134000
-0.07033990
-0.26377800
-0.72011500
-1.38363000
0.02869350
-0.57044600
1.14952000
-0.32004600
-0.14918100
-0.53238900
-0.04394060
-0.06091960
-0.17545100
-0.36529500
0.09870750
0.26894800
-0.15298400
-0.00855851
-0.35019000
0.38193500
1.58888000
-0.00946099
-0.58161100
-0.05892950
-0.20465100
-0.66179200
-0.93797500
0.29638900
0.24469100
-0.34765000
-0.11026300
-0.21313200
0.17234200
-0.11596500
-0.52458400
0.05258820
-0.37732500
-0.10507700
-0.31903200
-0.77810600
-0.24230600
-0.65251800
0.27497400
0.48310200
0.56472000
-0.00689479
-1.16836000
0.03040730
-0.39231000
-0.07176600
0.00640907
-0.62415500
-0.62994200
-0.47830400
-0.16112600
0.15063000
-0.09104970
-0.54571100
0.06508490
-0.15168800
0.09201900
-0.23595900
0.35980300
-0.54282900
-0.25749300
0.96261900
0.65094500
0.25603400
0.27966700
-0.09497550
0.66555000
0.17854900
-0.12583200
-0.71397800
-0.97756100
0.84338600
-0.27085700
1.58379000
-0.44976700
0.11928300
-0.68127200
0.13682700
-0.62162300
0.24035100
1.02764000
0.44578600
-0.14731400
0.00834683
-0.03596820
-0.23143000
-0.97904800
-0.80164900
-0.16327600
0.27536400
-0.53311400
-0.49989500
-0.15705200
-0.29318100
-0.51088600
-0.37121800
-0.70759900
0.08762430
0.09801340
0.01555830
-0.01923940
-0.85422400
1.28198000
-0.47610200
1.03419000
-0.39341000
0.48741000
0.18469300
0.09703870
0.90469500
0.67020300
0.60864400
-0.21851600
-0.67135900
1.01939000
0.09182040
-0.23994800
-0.65520900
0.43718300
-0.09230480
-0.09611010
-0.34704400
-0.86868600
-0.57147300
-0.16925500
0.44301300
0.41441900
-0.36901200
-0.52279700
-0.19230100
-0.61076800
-0.24279400
0.15540500
-0.41428200
-0.07434940
-0.11936300
0.30617700
0.06688890
-0.15098100
0.56324500
1.49515000
0.27352800
0.20648600
0.20939800
-0.03149240
-0.74651300
-0.23087300
-0.34821300
0.33320500
-0.55197200
0.12909200
-0.14361900
-0.06512010
0.47153600
0.24688500
0.36556000
-0.00897717
-0.53593800
-0.57820100
-0.35328500
-0.14824800
0.49077800
-0.27960000
-0.72225100
-0.30111300
-0.53239100
-0.54607400
-0.05994100
-0.46751700
1.12628000
0.10556700
-0.09685310
-0.18186600
-0.02892860
0.13919700
-0.11472200
1.02153000
-0.09606070
0.41621800
1.41051000
-0.05376990
0.29577000
-0.39206200
-0.20075300
-0.22930900
-0.35978400
0.76964500
-0.22991500
-0.34649800
-0.39846800
-0.53410900
-0.88128900
-0.33278800
-0.36291800
-0.09058400
-0.15313700
-0.16879000
-0.27166100
-0.94848600
-0.47025600
-0.47612400
-0.53128100
-0.59966400
1.37354000
1.15577000
0.42016100
-0.26151900
-0.08061050
1.09813000
-0.33101100
-0.22452900
-0.19289600
0.52284900
-0.82705700
0.42981400
-0.09124640
-0.84135700
0.20933800
0.43570500
-0.50403300
0.08795830
-0.73221900
-0.02327040
-0.42513200
-0.86397100
-0.57065200
-0.15691500
0.22820500
-0.61839700
-0.06948940
-0.54397600
0.98002300
-0.48481700
0.30766600
0.12632800
-0.53733300
0.16835200
-0.05775930
0.53009100
-0.77117000
-0.54153700
-0.24275800
-0.77975600
-0.73137900
0.05624550
0.18678300
-0.48540300
-0.67901300
0.57464900
-0.15920100
0.28135600
-0.39843500
0.21299800
-0.68155200
-0.20173000
-0.52653300
0.03158040
1.45672000
-0.03428740
-0.79543600
-0.55481200
-0.12014500
0.48226900
-0.57232100
-0.14028900
0.08410190
-0.58712800
-0.02776780
-0.38885800
-0.38774800
0.24854000
-0.07799990
-0.15099000
0.09981950
0.03297470
-0.09954700
-0.17282000
0.53206100
-0.92801300
-0.76862300
-0.67557700
-0.63299000
-0.81612600
-0.58091100
0.38974900
-0.34790300
-0.67773700
-0.55296300
-0.85404100
0.40184300
0.70955900
-0.46186700
0.23376900
0.07136050
-0.77211200
-0.31363700
0.41900400
-0.12724900
-0.38167600
-0.51448200
-0.12794400
2.27954000
-1.11497000
-0.22144500
0.00249178
-0.49010800
0.65007400
-0.16497200
-0.06744840
0.01144590
0.58922300
0.99056500
0.45368900
-0.02845030
0.08889440
-0.13053500
-0.17915400
-0.16623000
0.10710100
-0.27366200
-0.64793700
-0.90900100
0.49105400
-0.36329600
-0.58986900
0.01325130
0.02506950
-0.45445700
0.33133200
-0.20646800
-0.55908700
-0.95704300
-0.03412490
0.28368300
0.76345300
0.25638700
-0.19201700
0.36945300
-0.71392500
0.22986000
1.38583000
-0.82111100
-0.26303400
-0.08546970
-0.47195200
-0.85779200
-0.51224400
-0.10803800
-0.37174900
-0.39332000
-0.04018310
-0.12338100
-0.06719810
0.25138500
0.31634700
-0.50956100
-0.00408995
-0.19354800
0.22542800
0.07783740
-0.23864000
0.11671600
-0.11583700
-1.43154000
-0.53176300
-0.15019800
0.67421700
-0.21067700
0.22850000
-0.62891800
-0.63143800
-0.34708900
-0.74178800
-0.55901500
-0.98777200
-0.11903200
-0.20711800
-1.52775000
0.36913200
0.02264460
-0.64777300
-0.86961800
-0.15612200
-0.16714600
-0.92954100
0.00124456
-0.16820900
-0.77160500
-0.32049400
0.84342500
-0.92876000
1.30766000
0.15404100
0.41038400
-0.05865180
1.22950000
-0.36421000
-0.92407600
-0.27249200
-0.54492600
0.57322800
-0.25356600
2.01789000
0.82433600
0.82436500
2.51782000
0.32424700
1.44437000
-0.11002300
0.60901200
-1.07663000
0.24674200
0.22499700
-0.21920800
-0.76083600
-0.06085360
0.50832900
0.68688900
0.63703300
-0.39398700
0.08664490
0.12712300
-0.17651100
-0.31241300
0.41014900
1.55378000
0.68123100
0.85996300
0.37182200
1.08905000
0.55325500
0.26962800
-1.02453000
-0.49816100
-0.01623820
0.60634400
-0.13892000
-0.83200500
0.13591500
-0.54091100
-0.78505000
-0.06918790
0.17424400
-0.45327300
0.09413230
0.00763315
0.46368500
0.01151760
-0.15580500
-0.69402400
0.07180570
0.51402400
-0.64794900
0.16652600
-0.71580200
1.35295000
-0.50524100
-0.18027500
-0.13482500
-0.45086500
-0.44741200
-0.29794400
-0.09474420
-0.22032600
0.03924600
-0.45199400
-0.45560400
-0.64234200
-0.66462800
0.16723900
0.00256450
0.48337100
-0.11480900
-0.45847700
-1.10653000
0.04911460
-0.67810400
-0.56698900
0.30563500
-1.04289000
-0.42557400
0.08361020
1.60964000
-0.27892900
-0.46880700
-0.77446900
1.13536000
0.00631332
-0.00897848
0.23330900
0.13169300
-0.11126100
0.20570800
-0.30082600
0.13152500
0.40376200
0.32704400
0.87494600
-0.76836000
-0.76951100
-0.10910100
0.20002000
-0.53189800
-1.04388000
-0.22969200
0.10614000
-0.72437200
1.08600000
-0.14127000
0.27676500
-1.05749000
-0.23441900
0.08435330
0.42964500
-0.48862900
-0.71295200
1.14404000
0.50204200
0.97187300
-0.10657300
0.16171200
0.08790900
-0.95278600
-0.50439300
0.14921600
-0.33113600
0.15255800
0.09829910
2.43169000
1.06131000
0.03766190
-0.32442400
0.07199000
-0.82094500
-0.51828900
-0.91887700
-0.36889500
-0.07924990
0.15952600
-0.68908900
-0.27225300
-0.49004000
0.15720700
0.92716600
0.31217400
-0.78708600
-0.81370900
0.49954200
-0.40636800
0.04982820
0.14425000
-0.46841500
-0.63536800
-0.72345700
0.12689600
-0.57169600
-0.31791500
-0.29627500
0.53530900
-0.32617700
-0.47774800
-0.21521800
-1.19812000
0.06637470
-0.18373900
-0.85373000
-0.61282000
-0.00114910
0.12237600
-0.42927700
-0.25805400
0.71202500
0.26648400
-0.56218200
-0.81757000
0.04596430
-0.27193700
0.04769230
-0.36215500
0.46482700
-0.49858300
-0.36099500
0.05145180
-0.01972680
-0.01502270
-0.84334000
-0.95192800
0.40487600
0.01278830
-0.79718900
-0.26144700
-0.71520700
-0.37966400
-0.94381900
-0.66672400
-0.22007200
-0.68607700
-0.16525100
-0.04116370
0.19011600
-0.63161700
0.44590400
-0.19707500
-0.06253830
0.13100100
0.69647200
-1.01846000
-0.30942300
-0.22390300
-1.04717000
0.35064000
-0.08377630
-0.44878800
-0.63998800
-0.06983560
0.07208190
-0.35973300
-0.08318110
0.67035100
-0.22328100
0.96709400
0.23607400
-0.22020100
0.03916280
0.64420700
0.10856000
-0.70232300
0.81090500
-0.34884100
-0.40776600
-0.23173700
-0.45896200
0.02557960
-0.21215800
0.06626550
-0.40323500
-0.07279350
-0.60762500
-0.27766900
-0.32235000
-0.04475830
0.12866800
-0.70183100
-0.54096900
-0.18619200
-0.19166100
-0.28987800
-0.20360600
-0.12776400
-0.49300300
0.12419200
0.00349686
-0.03191170
-0.70583500
0.19536800
-0.03029400
-0.46854000
1.12866000
-0.15237000
-0.04083060
0.30520500
-0.31594000
0.33019900
-0.89994800
-0.62038200
-0.06202640
-0.50252700
0.11920200
1.53758000
0.11191400
0.08241050
-0.22273500
0.15233100
-1.00624000
0.11427500
-0.14784900
-0.20304200
-0.66633600
-0.30148800
-0.28158100
-0.02955010
-0.04077430
-0.13818700
0.24333200
0.57909500
-0.01261660
-0.45554800
-0.63278300
-0.67775100
-0.37197200
-0.04188270
-0.68138000
0.11973100
-0.93368800
0.96255500
-0.02484910
-0.41605300
-0.20200000
-0.77275100
0.06047910
-0.25605600
0.63811700
-0.18094000
-1.53390000
-0.05569170
0.65283900
-0.51305500
-0.31866500
-0.14670300
-0.10814500
-0.09881160
-0.36847100
-0.33203100
-0.57703200
-0.01656950
-0.40196000
-0.88379400
0.18716300
0.23750000
0.04630600
0.53414200
-0.74837900
-0.02515580
0.42099800
-0.55910300
-0.75636600
0.05830000
-0.05504640
-0.16628000
0.18313900
-0.26015300
-0.17717800
0.20988800
-0.29076200
-0.55164600
0.13842700
-0.50915500
-0.01316900
-0.89422800
-0.07882120
-0.98484800
-0.11748600
-0.29319100
0.64383300
-0.33340000
-0.11941500
-0.58415300
1.55050000
-0.28877500
-0.28604400
0.80423800
1.60019000
0.49657900
0.26424400
0.51990400
0.08758500
-1.14548000
0.52718900
-0.18585700
-0.08055010
-0.59928200
0.20574000
0.24568700
-0.18513500
-0.16120400
-0.57854100
0.19696400
-1.00336000
0.26989000
0.07173110
0.42029900
0.01291490
0.22353500
-0.36780700
-0.30285600
-0.32867700
0.00382596
0.13051100
0.33239000
0.13409200
1.42707000
-0.18272700
0.41994500
-0.51321800
0.14577100
-0.49882200
0.71804700
0.64586400
0.53156500
0.10189500
1.51039000
-0.72218000
0.75697000
0.06199800
0.07274420
0.41985900
1.08589000
-0.42953700
-0.13576400
-0.24704900
-0.32027000
-0.36403100
-0.58793900
-0.57470000
-0.21339300
0.03970780
-0.59718200
-0.86603700
0.58411700
-0.32946300
-0.19494700
0.43930900
-0.80960500
0.93938000
-0.81676400
-0.36684700
-0.04051280
0.10306800
-0.68663000
-0.38686400
-0.17708800
-0.59420400
-0.57944000
-0.28659400
0.53446700
-0.61481500
0.36900400
0.60285700
-0.88560100
-0.99741700
-0.31899800
-0.41714900
0.02060740
-0.10554100
0.46400300
-0.80438300
-0.31894200
-0.28184700
-0.12395500
0.23730900
0.38292700
0.33982200
-0.86109500
-1.08179000
0.38764700
0.32881700
-0.09276360
-0.33425200
-0.98634000
-0.26834700
-0.32870700
0.08056360
-0.52342400
-0.54600000
2.81644000
-0.39278300
0.32343500
-0.04762340
-0.70837200
0.11916400
-0.13168600
0.17734500
0.15285200
0.37451200
-0.02812380
0.35640500
-0.36756500
-0.69280900
-0.47050200
-0.37254400
-0.13754800
0.15679500
-0.69570400
0.96057000
-0.41711100
-0.59967300
-0.50387800
-0.46841200
1.86060000
0.31252900
-0.55988100
0.62507500
0.31766300
0.78585600
-0.66670100
0.37739500
-0.29179600
-1.20197000
0.83663900
0.15784300
0.11378900
-0.12409100
-0.91230000
-0.89406400
0.50529600
-1.03479000
-0.05856840
-0.04551320
-0.44716800
-0.76229900
-0.29846000
-0.00241816
-0.45869100
-0.10891400
-0.34903400
-0.56748300
-0.38602700
-0.46442700
0.27375800
0.39898500
0.62840600
-0.49499400
0.20251900
0.16672600
0.70900500
-0.28907800
-0.30987000
-0.04088700
0.07601340
-0.12571500
0.46433600
0.40512000
0.72836400
-0.35391300
0.28888800
-0.47583900
2.89872000
-0.40826100
-0.50945900
-0.56189600
-1.07620000
0.35527900
0.40848200
0.68977400
-0.84909200
0.45857900
-0.70586500
0.26257200
-0.68869400
-0.39859700
-0.36004300
-0.31943000
0.63459200
-0.04378990
0.03006820
-0.19279200
0.74006700
-0.04365330
-1.07144000
-0.67279700
0.20084400
0.18681300
1.46243000
-0.10627400
-0.27717100
-0.38476900
-0.63679500
0.19356900
-0.07303120
0.30824000
-0.34635000
-0.63484400
-0.42503200
-0.33194500
-0.96592100
-0.31297700
0.03899470
0.23362600
-0.34149300
0.56918000
-0.99529200
-0.50594700
-0.02880080
0.16167000
-0.75526900
-0.23938100
-0.23533700
0.52773200
0.69672700
0.36028100
-0.85504600
0.18277200
-0.04882010
-0.59695600
0.26100000
1.05680000
0.24407700
-0.02654980
0.91708300
0.54710200
0.59782500
-0.22069000
0.33549100
0.15318600
-0.40671900
-0.72450900
-0.75507500
-0.21453200
-1.05351000
-0.09646630
0.97367200
-0.29861200
0.31466700
0.08241050
-0.09821830
0.32399000
-0.25012900
0.01403810
-0.33940400
-0.19743000
-0.22881500
0.42190000
0.40273700
-0.48259700
-0.22054000
0.59827300
-0.43248700
0.01888790
0.73327000
0.23816600
0.15507200
-0.65230500
-0.68446300
1.61059000
-0.20161900
1.29356000
1.55966000
0.71560200
0.63975100
0.95139700
1.05462000
0.46024800
-0.47735800
-0.49316600
-0.38289400
0.13456800
-0.28615600
-0.14502300
0.04919520
-0.52301800
-0.90848700
-0.93888100
0.12088500
-0.45685300
0.13456800
-0.49984200
0.00187467
-0.72674300
-0.25636300
1.57260000
0.10866000
-0.54504300
-0.71560800
-0.60666900
-0.17926300
-0.09323280
0.12850300
-0.39222100
-0.16463300
-0.15706000
-0.42451100
-0.42401800
-0.37078000
0.17621100
-0.08392670
-0.77781500
0.27590700
-0.62930800
-0.43297900
-0.16166400
0.02881600
1.79927000
-0.37514900
-0.06078590
-0.10278900
0.24944300
1.47995000
-0.33059400
-0.45710100
-0.52705600
-0.30975300
0.13253000
-0.25817000
-0.17773600
0.44749300
0.18541200
-0.50144400
0.10448400
-0.34374500
-0.04556810
-0.60372500
-0.40256100
-0.39595400
0.59888800
-0.20711700
0.70384000
-0.56638700
-0.17885200
-0.41209000
0.26354200
-0.09581770
-0.26659500
-0.25498500
0.41725700
-0.22402000
-0.21144200
0.14186300
-0.63185800
0.47645000
0.05527660
0.05527660
-0.07400170
-0.63070800
-0.29268300
0.27436900
0.15915500
-0.32978100
0.54438600
-0.45656300
-0.05316420
-1.04058000
-0.12545400
-0.24516400
0.01109120
-0.32702900
-0.17748000
-0.56142100
0.33852600
0.12581300
-0.58511400
-0.03355270
-0.34317300
-0.18166800
-0.07034010
-0.13673000
2.08004000
0.27890400
-0.25383100
0.72977500
0.90885300
-0.28617600
-0.34986100
1.07422000
0.16279700
0.19715400
0.16271400
-0.33088300
-0.06409840
-0.55869700
-1.04540000
0.27543200
-0.85927900
0.13243500
-0.90696500
-0.38249500
1.38981000
-0.21544400
-0.51041900
-0.32058600
1.43349000
-1.18563000
-0.62641400
-0.26435400
0.26455700
0.83960500
0.24629300
1.49876000
0.47845300
-0.23003000
-0.50648000
-0.56899200
0.21663100
-0.29130400
0.35803600
-0.75470600
-0.67298200
-1.14936000
-0.01471160
0.15719800
-0.70835300
-0.33299600
-0.80313100
-0.77781500
-0.01232250
0.31241700
0.06063810
0.19110300
-0.44427600
-0.68400400
-0.32775800
-0.35955800
0.35528500
0.00547162
-0.07632550
-0.20125500
-1.00062000
-0.63518500
0.21764300
-0.30296100
-0.80466300
0.79192800
0.05982050
-0.12039500
-0.13151400
-0.19003200
-0.34297900
-0.05847190
-0.23551600
-0.73119600
0.16321100
-0.50836700
-0.50836700
-0.01186680
0.20203200
0.66363200
0.11405400
-0.29229700
0.01373390
-0.82706800
0.32418400
0.10895200
-0.02578400
-0.27520800
-0.00366482
-0.50321400
-0.07560390
0.00073585
-0.51045700
-0.40757600
0.02565760
0.78343100
-0.49136300
0.62455900
0.46278900
-0.17042300
0.96805400
1.84929000
0.27858000
-0.02355070
-0.30368400
-1.10933000
-0.78973400
-1.08583000
0.47343300
0.25746000
-0.49473100
-0.49893700
-0.46871000
-0.64835000
1.34633000
0.24714900
-0.85559700
0.35297900
2.37862000
-1.25110000
0.67517100
-0.85394100
0.26747000
-0.19696900
-0.88285500
0.01698930
-0.17217900
-0.57954100
0.00287235
-0.00077287
-0.51069100
-0.37161400
0.25119400
-0.61094500
0.58802900
-0.65693100
0.37725300
-0.09537680
-0.07128390
0.02538780
0.83097200
-0.11257500
0.33019100
0.47822800
0.38716800
-0.71092200
0.23651900
1.02797000
0.79284000
0.20291300
-0.20669500
0.33116200
-0.72015200
0.60693000
-0.35946600
0.18534900
-0.08590640
-0.02284140
0.37419400
-0.00607710
-0.25135100
0.20917200
-0.18176000
-0.18773900
-0.34816600
-0.30696400
0.05005850
0.35454900
-0.53885200
0.05549220
-0.04842130
-0.29763800
-1.00283000
0.18386800
-0.81295500
0.09691360
-0.27562200
-0.50853600
-0.37510600
-0.35674000
-0.43763600
-0.38758500
-0.08019580
0.25146500
1.44373000
0.03122970
1.37847000
-0.04725280
0.37530900
-1.07327000
-0.21085000
-0.71814700
0.47772100
0.02735190
-0.13888600
-0.26119900
0.93761800
0.40213100
0.48448600
1.06308000
0.27024400
-0.47614200
-0.51940000
-0.28988300
-0.49361000
-0.43171400
0.33034600
-0.60477800
-0.42846700
0.19154500
0.43311400
-0.67629700
-0.10283300
-1.07286000
0.37653400
-0.06669690
-0.91178200
-0.66877700
-0.41324900
-0.48650600
0.42004800
0.45023200
1.47774000
-0.99558200
-0.70109500
-1.11131000
-0.59009800
-0.47768800
-0.23400700
-0.84908600
0.10516400
0.26332200
-0.38102700
-0.84282100
-0.39494100
0.43418900
-0.14699600
-0.41335700
0.03778770
-0.22022500
-0.61461500
0.47799600
0.43762000
0.11923400
0.29769700
-0.44904600
0.08196230
0.36132200
-0.44227000
-0.42426000
-0.14374900
-0.15222100
-0.25050400
0.12298600
-0.33830700
0.54896400
0.00393712
-0.43007000
0.80158500
-0.51083200
-0.30401800
0.47278000
-0.29663800
0.25615700
-0.03181990
-0.06413800
-0.09644430
-0.21335000
-0.58866200
0.01036720
0.32615600
-0.53713300
0.16970100
1.75170000
1.38628000
0.80981500
0.11117900
-0.02650390
0.02060230
-0.17697800
-0.53334200
0.11449600
-0.62562100
-0.11074000
-0.78190600
-0.35572100
-0.27945400
0.08975630
-0.52757900
-0.88059100
-0.51735500
0.01879480
-0.68484600
0.05893150
0.37723700
-0.60697500
-0.64810300
-0.86068900
-0.59718600
-0.44988100
-0.41770800
-0.59038600
-0.52176300
0.19212600
0.38550800
0.19351200
0.03608590
0.11251300
0.28218900
-0.05657470
-0.51360000
-0.22888000
-0.56838700
0.13199900
-0.78786200
0.02825850
0.12810700
0.47120200
-0.20841500
0.08679860
0.26755800
0.00626666
0.21971000
-0.42909600
-1.03520000
-1.08295000
-0.26064700
0.40675700
-0.15255200
1.39360000
0.43023800
-0.31940100
-0.33894300
0.03839230
-0.48319200
-0.23891400
0.52702300
-0.50110200
-0.07034930
-0.66928900
0.08108190
-0.94853800
0.12626500
0.34835000
-0.59210600
-0.05508130
-0.23845800
-0.30280800
-0.11244300
-0.71227200
-0.25417500
-0.09616330
-0.10205600
0.38142800
-0.69413400
-0.43418600
-0.92418800
0.95951000
-0.41228700
0.19968300
0.31720500
-0.18937500
-0.55242700
-0.10846800
-0.00406619
0.41084800
-0.16916300
-0.86679600
-0.63502000
0.71216400
-0.54199200
0.11860500
0.09223300
-0.23639900
-0.27886000
-0.99440500
0.42599900
0.16883900
0.16144500
-0.57162500
0.88143900
0.03628700
-0.23590100
-0.60725700
0.72943100
1.09846000
-0.08331350
-1.20488000
0.45319800
0.75371400
-0.22729800
0.34364800
-1.21743000
0.32258200
0.01570770
-0.53933900
-0.16131100
0.44242200
-0.38876300
1.42137000
-0.72617000
-0.05193990
0.90172400
0.48521300
-0.09018500
-0.28076000
-0.45457000
0.28452400
-0.82717800
-0.13050800
-0.62162100
0.09860130
-0.07585000
-0.72997200
-0.08055010
0.18979100
0.57062200
-0.06966440
-0.66795900
-0.80896300
-0.52315200
-0.85675500
0.47810300
0.08919910
0.24849000
-0.12361700
0.59754200
-0.51515100
-0.09574000
-0.14969200
0.15439600
-0.10479800
-0.61944800
-0.47638900
0.38419500
-0.45805800
-0.43413900
-0.24880300
-0.39730000
-0.09184370
-0.32316100
-0.08324040
-0.54292300
-0.41671200
-0.50419000
-0.29418800
-0.30973200
0.27585600
-0.58917300
0.32729000
-0.86689300
2.39891000
-0.34526200
0.20000100
-0.15345100
-0.17500600
-0.32069900
0.75367900
0.38786000
0.41733800
0.70851100
-0.71887900
-0.51165400
-0.71833100
-0.26330900
0.70148200
1.06852000
-0.05037510
-1.18352000
-0.24124600
0.63827800
-0.56349700
-0.00517286
1.83660000
-0.38316900
-0.54502900
1.13125000
0.37767100
0.93485500
1.35154000
0.97015400
0.89753900
0.69141400
-0.84900800
-0.72652900
-1.55809000
1.49392000
1.71886000
0.58543600
0.91872300
0.59224400
1.30961000
1.24889000
0.36276200
-0.06964090
-0.01922010
-0.64142400
-1.10742000
-0.09787960
-0.39157200
-0.10748300
-0.09558850
-0.40214300
-0.76440600
-0.31468000
-0.04517290
0.21478100
0.15408200
0.76693500
0.90016300
0.07417100
0.39890400
0.06747780
0.25112800
1.01407000
0.87078200
1.22596000
1.26824000
-0.82801200
-0.41057500
0.03022890
-0.04042740
0.24981800
0.25233200
-0.23811500
-0.19430600
0.51312500
-0.04793510
0.70403900
-1.55137000
-0.88315100
-0.25462200
-0.05263790
0.15477300
-0.07904590
-0.37395900
-0.37575500
0.45580200
0.17721200
-0.25175600
-0.13171600
-0.92996900
0.28761100
-0.12468700
0.42443100
-0.17810200
0.78427000
-0.82319300
0.89592800
0.39310100
0.32643400
-0.02992670
-0.32908800
0.39768000
1.76020000
1.50202000
0.29458100
0.12497400
-0.42273000
0.13091400
-0.16671600
-1.18494000
-0.18606800
-0.86349600
0.36971700
-0.40302800
-0.32616800
-1.15098000
-0.13345200
0.05743290
0.19516000
-0.36260300
-0.32220700
-0.15300900
-0.27573300
-0.58090100
1.44601000
0.36769900
-0.12580200
-0.26798900
-0.49577000
-0.41866600
-0.08465680
-0.64747500
-0.52094500
-0.35284800
0.01653130
-0.55967900
-0.00667122
-0.09040490
-0.40388800
-0.47315200
-0.93389900
-0.52133800
-0.00891069
-0.45531400
-0.79576800
0.50794000
-0.60812900
-0.23824800
-0.85201000
0.41047300
-0.18949400
0.09851120
-0.15827100
-0.16999900
-0.65449800
-0.13170100
-0.38745100
-0.45387300
-0.64170000
0.51903100
0.16438900
-0.06898830
-0.28846100
0.03730840
-0.71070900
0.17318700
-0.35778200
-1.02331000
-0.30803300
-1.38063000
0.26029000
-0.46381300
-0.20921600
0.30818200
0.16901700
-0.20032100
2.94272000
0.62988700
-0.72513900
-0.01132970
1.04833000
0.01182070
-0.34368000
-0.25359200
0.39374000
0.33874500
0.06632810
0.71899000
0.10734000
0.02413110
0.29476100
-0.28235000
1.03572000
-0.45398800
-0.24616700
0.24250800
-0.20608700
-0.55772700
0.27838000
0.01110740
-0.14463300
-0.24134400
-0.24510600
0.02050150
0.08919350
-0.43549600
-0.40345100
-0.29439700
-0.21245800
-0.10107600
-0.44498500
0.27629600
-0.65603500
-0.72079900
-0.40866400
-0.71755300
0.36005300
-0.09844720
-0.39537900
-0.08770590
0.94981900
-0.26193600
0.44813900
-0.35891000
-0.63791800
-0.07663220
