4.81986000
6.85008000
5.40738000
5.14397000
6.16095000
5.52261000
5.07035000
5.19340000
5.02162000
4.94646000
-0.23015500
4.98896000
5.18709000
5.23271000
5.14998000
1.25537000
5.78151000
0.25239800
5.06184000
5.67309000
5.63141000
0.92997200
6.01296000
5.37560000
5.91578000
5.32897000
4.90291000
5.31558000
1.38921000
5.23529000
5.53441000
5.00149000
5.24639000
5.76091000
0.58737000
5.55217000
5.89258000
5.35875000
5.22770000
4.91733000
5.42060000
1.89638000
4.87355000
5.25587000
0.73995100
5.32207000
5.59655000
5.21524000
-0.32926000
0.32592800
-0.73296600
-0.21778900
-0.28455300
-0.21384400
-0.27092200
0.27013600
-0.43122600
0.18011900
0.44990300
0.54570200
0.16490200
-0.11146400
-0.24873900
-0.00147838
0.23455600
0.30637700
-0.46894000
0.37967000
-0.19636800
0.02803330
0.07960060
0.70354200
-0.09601450
0.84262500
-0.58880900
-0.16764900
-0.10894300
0.08686290
-0.10713100
-0.00216786
0.21355500
0.20443800
-0.07418670
0.25540500
-0.19000500
-0.18483500
-0.32270300
-0.45937300
-0.81280000
0.18291400
-0.40675300
0.01284580
-0.63643000
-0.46011500
-0.13226200
-0.08328020
-0.52717600
0.11985500
-0.09367700
0.06885600
0.85396700
0.15051600
0.18138400
-0.59491500
-0.11983300
-0.20676400
1.50821000
0.36585000
0.42440500
0.71758000
-0.73204700
1.57946000
1.05509000
-0.69888700
-0.75112200
-0.36967800
-0.30115000
-0.00888517
-0.07847420
0.12253300
-0.49293700
0.23776000
-0.01815800
0.47649700
-0.48165900
-0.21648800
-0.34049800
-0.26881800
0.06354770
-0.29921600
0.56171300
0.03667390
0.16022600
-0.41990000
0.10230800
0.98290600
-0.39603000
-0.44840100
1.23735000
0.79249600
-0.16635000
0.78635400
0.06873060
-0.01896060
0.01471190
0.05246470
-0.08171010
1.99446000
0.43268800
0.14955700
0.85927800
-0.38732900
0.38140200
0.26191200
-0.00784476
-0.05822820
0.29464700
-0.01016270
-0.11182200
0.18334300
-0.37538500
0.09429230
-0.27088100
-0.38976700
-0.96342000
0.24908200
-0.32212000
0.40303800
-0.56874700
0.16682300
0.76703000
-0.25377600
0.46234000
0.40126100
-0.33945300
0.02149150
0.13706100
0.38006300
-0.27830500
0.15818900
-0.20093300
-0.09371810
-0.02774310
-0.23568500
-0.43515900
0.28819000
0.75687300
0.05713530
0.17946300
0.67926800
-0.12687600
0.12426800
-0.33724400
0.35249900
0.07889850
-0.37966000
-0.09724060
0.42208800
0.50732900
-0.09984530
0.43085900
-0.00778560
-0.33089700
-0.52155400
-0.64527600
-0.50178800
-0.18153900
0.01771470
-1.00119000
-0.12264900
-0.17828500
0.11298200
-0.39845100
0.14102000
-0.64671400
0.34695200
-0.61078200
-0.10244400
-0.05060090
0.69184200
-0.35039800
-0.30342200
0.41469400
0.08175030
0.21682300
-0.28103200
-0.08954980
0.23524600
-0.40252200
-0.38981500
-0.32696900
0.02221040
0.01063710
-0.90098500
-0.25392500
0.38703500
0.20801700
-0.32570300
0.02013490
0.29048900
-0.64399300
0.37483700
0.02875060
0.37608800
0.54899900
0.67624000
0.24893200
1.38485000
-0.23019600
0.32378000
-0.42682200
-0.02194700
-0.13926200
-0.24666800
-0.39963200
0.03578220
-0.98159200
-0.54177600
0.25357900
1.49012000
0.33072000
0.19488700
0.38908600
-1.40724000
-0.37457200
0.35484000
0.77234300
1.00801000
-0.07571520
-0.25046600
-0.02077280
1.61094000
0.22476300
-0.47064500
-0.21174300
-0.14052500
0.46050900
0.44547400
1.16637000
0.05096980
1.54979000
-0.35006600
-0.18481600
-0.25735200
-0.41882700
0.24637700
1.24567000
0.31511900
0.34583500
-0.33214600
-0.48142300
0.29306800
-0.06969150
-0.03956380
0.22442100
-0.87470900
-0.37840900
-0.00717703
-0.66406400
0.11882800
0.01643520
0.62314900
1.78985000
0.03227270
0.15026900
-0.41979900
-0.33930700
-0.20097800
0.40331900
-0.52435000
-0.63684200
0.19521900
-0.10095900
1.15282000
0.02901970
1.04544000
0.58202000
-0.12256500
-0.38923500
-0.16378300
0.22908300
-0.12700400
0.52242400
-0.32656700
-0.12515500
-0.08405870
-0.73669700
0.63326500
-0.32858800
-0.30908100
0.09848540
-0.63952200
-0.19894200
0.20025200
0.28744600
-0.18536200
0.47846700
0.12740100
-0.59962300
-0.06085250
0.00232410
-0.10268000
-0.28176500
-0.09643160
0.45669500
0.23620700
-0.52433300
-0.27230800
0.13677900
0.35313000
0.80919100
0.51340600
0.12518500
-0.53340900
-0.37238500
-0.85599000
-0.86123900
0.09435650
-0.02751780
-0.41758100
0.42606100
0.02922440
0.08957750
-0.07858650
0.16107000
0.29706700
0.09582150
0.23449900
0.38877400
-0.20343600
-0.04012870
0.49052500
-0.09449680
0.44125700
0.08605700
0.12596500
0.26627100
-0.31435400
0.13642500
-0.11736000
0.33194700
-0.39070100
0.19036700
-0.30376400
0.63518000
0.11151700
-0.09693070
-0.44610100
-0.55503200
0.18227700
0.42569200
0.48338500
-0.45149700
0.55656700
0.05949330
-0.60448600
0.36904900
-0.94933000
0.73637500
-0.10110900
1.62539000
1.55370000
0.06225110
0.37052500
-0.21135000
0.10222800
-0.17054800
-0.47498700
0.38103300
0.24139900
-0.04223260
0.02400980
-0.23397200
-0.51425500
-0.26990300
-0.31426100
-0.09585250
0.11243600
0.02102230
0.54798400
-0.53793100
-0.00135948
-0.57119100
-0.41143900
-0.28352100
-0.20616800
-0.00102333
0.17628800
0.11165000
-0.14995700
-0.25749200
0.26024400
1.33351000
-0.17002400
-0.42253400
0.15167300
-0.41259000
-0.35703900
-0.72374700
0.58250800
-0.11602900
-0.58127500
-0.97954800
-0.21537100
-0.71773900
0.00983245
0.67083000
-0.61937200
0.33741800
-0.41730100
-0.11075900
-0.06270240
-0.05279700
-1.00924000
1.19709000
-0.45811600
-0.20177700
-0.71422000
0.84551700
0.08492190
-0.50762200
0.21485700
-0.18972100
0.42241400
-0.66680400
0.48497900
-0.23039600
-0.08841790
1.16355000
0.47071500
-0.53765800
-0.39144400
-0.48474900
-0.28364800
0.34660500
-0.14980800
-0.18083300
-0.25756900
-0.84249800
2.52904000
0.02111910
0.15978400
-0.13499400
-0.89451700
-0.15607400
0.22018900
0.00234669
0.47709800
1.02315000
0.35058700
-1.02819000
-0.17597700
-0.38383200
0.45276800
0.02616210
0.06401750
0.25309400
-0.02661270
-0.42790900
0.06842230
0.00432011
-0.87368400
0.10270100
0.12368000
0.02702500
-0.28958500
-0.14786300
-0.73076900
-0.24737200
-0.45804300
-0.45948700
-0.46257400
0.52770900
0.05042140
0.66046900
0.12898700
0.06183540
0.16055300
-0.48179800
-0.40827700
-0.08759480
-1.52478000
0.27949000
-0.00582486
-0.65748900
-0.37340400
-0.03931580
0.51151300
-0.94682400
-0.15575600
0.68252000
-0.17518900
-0.74415700
0.33822500
0.06965580
-0.08358940
0.42177000
-0.34164100
-0.19591200
1.03819000
0.46187900
-0.71744900
-0.31974400
-0.98582300
-0.05571650
1.04255000
0.39879300
-0.77986600
0.07715010
-0.41100600
-1.14380000
-0.34727700
0.25779000
-0.19946900
-0.36167000
1.13520000
-0.67210900
1.96124000
0.12592000
0.09941790
0.21715700
-0.06647980
-0.31869200
-0.35876100
-0.50091800
-0.31640300
-0.47090600
0.17571600
-0.54822800
-0.08052040
-0.37507700
0.57930200
0.66917400
-0.23824600
-0.63881800
-0.55018200
-0.23226200
-0.01207560
0.73659900
-0.01771350
0.45033700
-0.22212000
0.29107900
-0.59411900
-1.04911000
0.36889100
0.18612800
0.79205900
-0.33896600
1.15327000
-0.01477010
0.64103600
-0.32201200
0.13867000
-0.45582000
0.42927900
0.38367000
-0.06489670
3.39764000
0.07964950
0.21996800
-0.70835100
1.37270000
-0.04165980
-0.12608400
-0.37892400
0.14037000
0.24853100
0.51277300
0.38453900
0.09969990
0.12113700
-0.11543300
0.01104780
-0.68181900
-0.13863400
0.09849660
0.08939390
-0.59719400
-0.18749400
0.00101481
0.54885900
-0.08164400
0.19899400
0.18420400
0.69073100
-0.49575700
-0.43353700
1.35601000
-0.26531000
0.44409100
-0.01523070
-0.00176258
-1.07288000
0.21385900
-0.08854590
0.24168900
1.75426000
-0.49575500
-0.95157100
-0.37721800
0.49056700
0.97283400
-0.69889300
0.35437800
0.26127900
0.90506200
-0.50771300
0.46878900
-0.12141000
0.31478900
0.04046210
-0.89263800
0.13472900
-0.31958400
-1.13556000
-0.15066200
-0.71832300
-0.35312800
-0.13070900
0.14591100
-0.45128000
-0.27231600
1.18421000
-0.02878720
-0.17400800
-0.34313500
-0.71044900
-0.81920900
-0.40881800
-0.61748100
0.42487000
-0.72615100
-0.79374500
0.06217890
-0.53197300
1.43999000
-0.26572800
-0.04428600
0.50114600
-0.66684100
-0.14374600
-0.17670500
-0.15955100
0.72354600
0.07364790
-0.25367600
0.14067500
-0.81114600
-0.34494500
0.17916900
-0.53287600
-0.11868400
-0.79039900
-0.28896300
0.18366600
-0.92664000
0.09161570
0.44152300
-0.42788600
0.01831400
-0.33424600
-0.15861300
0.48087900
0.48806100
0.08440800
0.01524320
-0.12017300
0.16416000
0.19120100
-0.16335900
-0.29614200
-0.14870200
-0.41791300
0.16120500
-0.33404100
0.39806500
-0.28768600
-0.28359200
0.47434300
0.75077100
0.01220870
-0.62746300
0.69251900
-0.30909800
-0.19131000
0.01886050
0.42545500
0.53146000
-0.04533430
0.08872860
0.51341700
-0.50694500
-0.13161400
-0.60072800
0.52227400
-0.46441500
-0.15854300
-0.50869300
0.14749800
-0.09994280
-0.10720100
-0.52040800
1.09229000
-0.16794600
-0.47103900
0.27229300
0.42876900
-0.47799100
-0.64588400
0.10282600
-0.42354500
1.21092000
-0.05781920
0.07347130
0.34269300
1.11301000
-0.22667100
-0.27594800
-0.21535300
-0.18866200
0.03617260
-0.23122900
-0.66949600
-0.25724800
-0.07540630
0.25826300
0.21215200
0.08550170
0.94772900
0.03018450
-0.41777600
0.17649500
0.88843900
-0.70129400
-0.45180100
-0.80455500
0.00728469
0.56543000
0.44428200
-0.07223570
0.37387000
0.10311500
-0.57162100
0.21586400
0.07683040
-0.42814200
0.10296400
-0.47821300
0.10033000
-0.31287100
-0.05548800
0.00590045
-0.51405700
-0.01982420
-0.38288700
-0.15221200
-0.10385100
0.37851000
0.41826200
-0.64436800
0.01982570
0.61818900
-0.45392800
0.52870100
-0.22475700
-0.16790200
-0.39483400
-0.05911800
0.29203000
0.50189000
0.46680200
0.45213400
0.14078100
-0.63336100
0.03853920
0.37002500
-0.32355400
-0.19619800
0.22892800
0.17969300
0.43900500
-0.09150520
0.78752000
-0.47731400
0.35629200
-0.06215150
-0.78736100
0.00975954
0.37387000
0.01119800
0.38701100
1.76174000
0.27988100
-0.89357600
0.02635840
-0.48818500
-0.51087700
-0.01989450
0.36692600
-0.62238000
0.24088600
1.13315000
0.68796000
0.27553400
-0.12288200
-0.21346100
0.63111500
-0.57017800
0.69848000
-0.34553800
-0.52082600
0.17787600
-1.16826000
0.30746900
0.43018200
0.29957700
-0.96229200
0.52607400
-0.12413400
-0.21010500
0.71130900
-0.36213500
-0.11790000
-0.40773100
0.46022500
-0.16370800
-0.43621800
-0.21159600
-0.78871600
-0.41916500
0.07398490
-0.32070700
-0.22361500
0.67459100
-0.46588000
-0.48667900
0.01100810
-0.33201800
0.31092000
-0.32183200
-0.08088880
0.69242700
0.76642500
-0.18543000
-0.34908700
0.56940000
0.40838800
-0.33285300
0.51557900
-0.57748200
0.30715200
-0.39213900
0.43256300
0.65532600
0.04771450
-0.64082800
0.13446500
-0.27487200
0.10040700
0.16469600
0.91698600
0.29100500
-0.57353100
0.15496900
0.45786600
-0.81017800
-0.56911000
-0.07809230
0.35127100
-0.32228800
0.33267100
-0.12917500
-0.29083000
-0.38801600
0.07314890
-0.39610300
0.52713300
-0.10618700
-0.23806200
0.23226200
-0.22961400
0.10291700
-1.26237000
1.40140000
0.54276000
0.67328500
-0.15398400
0.14344500
0.28802000
0.87067300
-0.20579900
0.09150090
0.71970000
0.04812060
0.72828200
0.09944760
0.15377700
-0.32130800
-0.27214700
0.38602400
0.59265400
-0.14277100
-0.49120400
1.46154000
-0.32810600
1.02702000
-0.35289500
-0.10120900
-0.10014100
0.50308700
0.10818500
0.39228100
0.32542400
0.18975500
-0.01250170
0.39382600
-0.74772500
-0.02905370
0.59795600
0.49674100
-0.45634700
0.54066800
0.06177840
0.09483730
-0.03962170
0.87392300
0.50505200
-0.54674900
0.38741500
0.01264730
0.38703700
-0.17972700
-0.71836800
-0.16238300
0.35165700
-0.31126200
-0.91024900
-0.02435150
0.13378500
-0.41134900
-0.26985700
0.06030500
-0.40200200
0.65140200
0.92322800
0.04739900
-0.21978200
-0.23783600
0.42401300
-0.63032000
-0.04559250
-0.22358600
0.18167700
0.01552670
0.18214200
0.43658400
0.42399000
-0.19052800
0.89588500
0.31136700
-0.61919900
-0.25313200
0.32006400
1.57557000
-0.12066200
1.28700000
1.05947000
-0.21565400
-0.21774400
-0.35851100
-0.15327400
0.42818500
0.02047480
0.59072000
-0.26177100
-0.02046780
-0.04061390
0.32561600
-0.01073340
0.35590200
-0.62844600
-1.26310000
-1.18196000
-0.35902100
-0.42907000
-0.25249800
0.08751540
-0.12162900
-0.49518300
-0.43479400
0.18855900
-0.07472410
-0.18404900
0.05792110
-0.29356700
0.17004000
0.86504300
-0.17105600
0.49715800
0.13496500
-0.40901200
-0.00777158
0.13347800
0.90534500
0.55872400
0.64199700
-0.27978500
-0.12906200
-0.07965570
0.28411100
-0.84540400
-0.59773700
-0.21460400
-0.50526400
-0.46446300
-0.80844000
1.91905000
-0.27274900
0.10297300
-0.61042800
-0.30842600
0.02163120
-0.75044000
-0.22676300
0.20412200
-0.50299300
0.54717600
-0.32391300
1.07387000
-0.13766600
0.18165000
0.09490970
0.14157400
-0.30493700
0.50308700
-0.09542970
0.43707500
-0.34479800
-0.08545170
0.06751340
-0.22740800
-0.67359200
0.26914900
1.50751000
-0.44916500
-0.76891300
-0.43362400
0.16278000
0.17418100
-0.28573500
-0.69395100
-0.08904840
1.84280000
0.68908400
0.35750000
-0.22956500
-0.25295300
-0.32551700
-0.71328900
0.61807800
0.34315400
-0.20443700
0.16348700
-0.32215000
0.45087400
-0.28219800
0.53895200
-0.63037400
-0.14047600
-0.55965500
0.20305000
-0.66267800
-0.31514300
-0.10720100
0.63931100
0.22380400
0.45914900
0.43047700
-0.49743300
-0.37012100
-0.97547200
0.25048100
1.14045000
0.64445400
1.27259000
-0.10836200
1.66647000
-0.23375200
0.77247300
-0.35781300
-0.20227200
-0.14894100
0.19734200
-0.23188600
0.21259300
0.74724500
0.74752300
0.00434543
-0.23168900
0.22530300
0.06686500
0.56309600
-0.22672000
-0.59523900
1.15205000
0.22359800
-0.29972100
0.02139140
0.10499900
0.11068100
-0.33952300
1.70121000
-0.28786400
0.63639900
0.37516800
0.08148460
-0.22056200
-0.28503000
-0.54234300
-0.51607500
0.49542600
0.21939100
0.45918800
1.21171000
0.69021700
0.02064680
0.38230900
0.59521500
-0.21862800
-0.31253100
-0.85354200
0.30123600
0.28765500
0.19065900
-1.03425000
-0.30003100
0.03177980
-0.15819700
-0.54934300
-0.27045300
-0.18428700
0.01818780
-0.63971400
0.60590500
-0.11044500
0.95884400
-0.84698100
-0.02586690
0.93633600
2.13091000
1.31077000
0.52277800
-0.02009180
-0.13925200
-0.22977800
0.76051200
0.00244785
0.06453520
0.60746900
0.45728000
-0.61979400
0.72027000
-0.39557600
0.07223630
0.15848400
0.13331800
-0.16942800
-0.02857770
-0.46410300
0.07003980
0.08095910
0.25312800
-0.19583300
-0.25398100
0.16785800
0.01374720
-0.31965300
2.15944000
-0.20492000
-0.46509000
-0.05212840
-0.11154100
-0.98759200
-1.06495000
0.49440500
1.28934000
0.31064200
0.38023900
0.10912700
0.22713700
0.64572900
0.07434060
0.00446451
-0.22039400
0.25387600
-0.48396400
-0.08962970
0.52587400
-0.26584100
-0.01194070
0.62297700
-0.24339900
-0.07655630
0.63615300
0.10915800
0.35270400
-0.09754720
-0.25656800
-0.02172710
-0.24421600
0.60811100
-0.13370900
-0.36168400
-0.26655800
-0.26393900
-0.06300200
-0.02729600
-0.08918830
-0.13765900
-0.47899500
-0.34676300
-0.13994500
-0.23849000
1.22291000
0.08091840
1.58540000
1.07196000
-1.16045000
-0.54177500
-0.71254100
-0.09179760
-0.29735000
-1.22385000
-0.26110200
-0.60150700
0.11434200
-0.63416600
-0.46032600
-0.28028400
-0.23594100
-0.57088500
-0.10294000
-0.50405800
-0.35120800
0.37550600
-0.81197200
0.65778100
-0.42692500
0.00014791
-0.32626800
-0.03105820
-0.19612100
0.33679600
0.84182300
0.25871900
2.09870000
0.96625300
1.10337000
1.47405000
1.16245000
1.70918000
-0.22905800
0.11931200
0.46798000
0.47033800
0.06929830
1.02966000
0.43526900
1.70601000
0.39175000
0.43518300
1.82598000
1.03326000
0.53994800
0.17663300
0.63676400
0.11025300
0.45402800
0.37606700
0.15733800
0.43621600
1.41658000
-0.30375000
0.16862300
-0.06873380
-0.28018300
-0.34559100
-0.78945200
-0.14578000
1.41193000
-0.45993000
-0.76538900
-0.40971000
-0.32988300
-0.20153800
-0.34971600
-0.04935300
-0.12257100
0.07647230
-0.13675300
-0.02454390
0.33059200
0.30090000
-0.44100300
-0.28853200
0.40949400
-0.22313100
-0.01390980
0.15720800
0.09993730
-0.55945900
-0.66325800
-0.43017300
-0.29126900
0.01329530
-0.42874200
1.64000000
0.17645200
-0.35133600
-0.22577000
-0.45588100
0.38436000
-0.74574500
-0.59883200
-0.15096800
-0.16031200
0.26524500
-0.38845200
-0.05714170
-0.07615250
-0.26258400
-0.32056700
1.02390000
-0.48313400
-0.98848000
-0.67622500
1.07727000
0.67716700
1.23491000
0.58362800
-0.99736400
0.13741100
-0.37557600
0.43469600
-0.86648600
0.00949011
-0.28244400
0.01231520
-0.89133100
-0.47089600
-0.27190600
-0.32352400
-0.27651900
-0.53904400
-0.46671900
0.10649900
-0.96538600
0.22416400
0.21696100
-0.11820400
0.28363200
0.05334150
0.17573000
-0.27221200
-1.05157000
-0.41720000
0.43986300
-0.10939000
1.27447000
-0.74378600
1.27061000
-0.38818300
-0.26684800
0.09399780
0.97069000
0.39602000
0.24353600
-0.51661600
0.14895500
-0.48320000
0.00799172
-0.05295930
-0.08367750
-0.10031000
-0.15797000
-0.00216778
0.10142200
-0.17445800
0.79418300
-0.07689770
-0.40039600
1.62437000
0.58895200
-0.28421000
0.03052200
0.61772000
0.45885400
0.09105080
0.11191600
0.00559969
-0.21752400
-0.26675000
0.08679390
0.32592000
-0.44304600
-0.30795500
0.00727742
0.19860700
0.35406800
1.63036000
1.18688000
-0.05260300
-0.46198200
0.12899000
0.61366000
-0.66528700
-0.15483100
1.48232000
-0.38698700
0.28669100
0.76708500
-0.03784100
-0.76487400
-0.24596300
0.49560800
-0.39246200
-0.19049600
0.15401300
-0.37971400
0.56813800
-0.47279800
2.11701000
-0.23059800
0.28387800
-0.38827500
0.23356600
-0.12019900
0.24944400
0.65425700
0.06905910
-0.78009800
1.99647000
-0.24252700
-0.23135400
-0.41080300
-0.42941400
1.05701000
0.69310500
0.62879500
-0.05050650
-0.50785500
-0.81516300
0.53053800
-0.40395000
1.07098000
-0.18015800
-0.44754900
-0.01844060
0.07962650
1.75455000
0.84201300
-0.53204800
0.63049700
-0.56220600
0.16893000
0.60820100
-0.07359220
0.00927929
-0.27526800
-0.15648400
0.00152181
-0.19695600
0.24101900
-0.48177800
1.30879000
0.67313100
0.02055870
-0.54864600
0.32222100
0.08118000
-0.34467200
-0.20063400
-0.30265000
-0.13462000
0.26480400
-0.17395200
0.09424260
-1.12042000
-0.21174300
-0.83814600
-0.04870590
-0.53805800
1.96211000
-0.12437600
-0.52328600
-0.24342800
-0.10727100
-0.39598500
0.01095280
-0.06473730
-0.18438900
-0.05522810
-0.10446600
0.01996020
-0.63284400
0.08202190
-0.42877000
-0.37810700
0.35294900
0.16577700
-0.10122500
-0.60388000
0.17018800
0.39820200
-0.59868000
0.04562170
1.34821000
1.41518000
-1.12987000
0.02087880
0.07825610
0.03903970
0.89494500
-0.80240300
0.49713400
-0.44313700
0.00340620
0.13500800
-0.40572800
-0.42817700
-0.14566600
-0.90515300
0.48081900
0.19804400
0.52566300
-0.79369100
-0.57616700
-0.28655700
0.26893700
-0.20654700
-0.15876500
-0.10727100
0.25302700
0.03445020
-0.58283700
-0.06073580
-0.23093200
-0.42413600
-0.09197060
-0.22663100
-0.54453300
1.55045000
0.23455400
0.38858000
1.03672000
-0.10594900
-0.64932200
-0.29979700
-0.45267800
-0.25886900
-0.29946000
-0.77805600
-0.18545800
1.99273000
-0.93934300
-0.05771760
-0.38776400
0.05614830
-0.09454850
0.03743330
-0.68510700
-0.30808100
0.21345600
-0.10238500
0.54534200
-0.18486000
-0.20271600
0.17291600
-0.36599200
0.07538720
-0.68082000
-0.79498300
-0.46933300
-0.23807700
0.02819610
-0.05202320
-0.34829400
0.54669400
0.13493900
0.00074297
0.18284300
-0.63108600
0.86443300
-0.31700900
0.55472700
0.15016900
-0.49624700
0.34038100
1.52983000
-0.28954400
-0.18263500
0.11210400
-0.03290330
0.54190900
0.73436800
-0.03964860
0.81346800
0.29432100
0.05541860
0.08761130
-0.44797600
0.61639500
-0.05822170
-0.72531400
-0.19929300
0.31354000
3.07889000
-0.78597200
-0.09340170
-0.41677000
0.67507100
1.11708000
0.74671600
1.32554000
-0.16815300
2.41533000
1.70253000
0.31959600
0.89748900
-0.00587423
0.23187300
1.06590000
-0.89759100
0.42226800
-0.17895100
-0.07422560
-0.21466000
3.08788000
-0.19975300
-0.60237500
0.51878000
0.14902800
0.08426330
0.56049200
1.94780000
-0.19921300
0.21661300
1.51027000
-0.07130140
-0.43365400
0.21936200
-0.69022600
-0.08733250
-0.74097300
-0.49536500
0.33489000
0.10411100
-0.05252510
0.55956900
0.54872200
-0.69885800
-0.22578500
0.58079100
-0.39609000
-0.97279300
0.23481500
-0.85192800
-0.38254900
0.21012200
-0.17934000
-0.74267400
0.91026900
1.46285000
0.35941700
-0.28440800
-0.46967800
0.67264300
0.22396600
-0.05544860
0.55861300
0.11985200
-0.92894700
0.41649900
-0.33664500
-0.00786475
-0.03535980
-0.03363190
0.04009210
-0.68054500
-0.46187400
-0.75959100
0.89971800
-0.25463700
-0.27158100
0.37455400
1.17155000
0.56523100
0.40704800
-0.28573000
-0.64461700
-0.32044700
-0.40616000
-0.18795400
-0.41303100
0.04349940
0.06898890
-0.49888500
-0.17776100
-0.33389500
-0.10593400
1.29031000
-0.16633600
-0.94274800
-0.16951400
0.05386620
0.43531100
-0.05516470
-0.04680910
-0.21273700
-0.52835100
-0.48553000
-0.87612300
-0.20284500
2.19515000
-0.32377200
-0.02249590
-0.84184000
-0.19607000
0.95497400
-0.66062400
0.14619700
-0.54054600
-0.22372100
-0.09773160
2.25548000
-0.15478600
-0.41160300
0.76067700
0.39625600
-0.64971400
-0.60425800
-0.01716470
-0.01324910
0.15384100
1.03851000
0.49960600
0.77521500
0.26418500
1.66768000
0.90856500
1.07475000
0.05076440
1.15025000
0.15011100
1.23350000
0.00136057
-0.11363000
-0.36879900
-0.78823100
0.05426400
-0.28763600
0.33996800
0.44056900
0.10548600
0.08949020
-0.76659200
0.17690000
-0.63604300
0.83575500
0.06433820
0.53309500
-0.20694000
1.18301000
1.42311000
-0.45048200
-0.71290200
-0.37242900
0.21406500
-0.08574800
0.49215500
-0.64414100
-0.13704700
0.23318200
-0.61723900
-0.36377000
-0.08734940
0.09649290
0.26594400
0.87025600
0.19471700
0.29286900
1.07157000
-0.14466800
-0.18895200
-0.23702700
0.20743600
0.19881300
0.12187300
0.18131800
-0.60214600
-0.95119700
-0.39352200
-0.69364000
-0.40992400
-0.42863400
0.01695210
0.28654100
-0.36216800
-0.44454700
-0.09784670
-0.18122100
0.43790500
0.25698500
-0.23753300
0.25732300
-0.07400330
0.05885790
0.65297600
-0.68930700
0.00363087
0.12254100
-0.37561100
0.80208800
0.56377800
-0.29591900
-0.09521390
-0.10536200
0.27404000
-0.35957400
0.08314290
0.55997900
0.06715790
0.67083800
0.32931100
1.23018000
1.17405000
-0.33957300
-0.32735300
0.56677600
-0.49894700
0.19585700
0.60216400
-0.42865700
-0.59547400
-0.44274700
-0.27303100
-0.12102300
-0.65289600
0.70885700
0.83415000
1.08695000
-0.27081900
0.93189200
-0.43430500
0.10088500
0.52191300
-0.02343000
-0.04435920
0.16300800
0.59523800
-0.41914400
0.07993530
0.18446600
0.57869900
0.57869900
-0.25474600
0.09893640
-0.46707200
-0.55712000
-0.26694400
-0.15145800
0.19462600
0.84503000
-0.85005600
-0.02134260
0.40203100
-0.06141180
-0.21555600
-0.32919800
-0.33149000
-0.14703700
-0.60136900
1.90705000
0.43574000
-0.02463780
-0.54080700
0.44774000
0.32180900
0.40485400
-0.22077100
0.55453700
0.31401500
-0.33770700
-0.04289270
-0.66893900
-0.23330000
-0.50404900
0.00059674
-0.54106900
-0.15285000
-0.52510700
-0.17374200
0.42108500
0.34857700
-0.25488900
0.95775200
1.32112000
-0.45107600
0.07451270
0.18042100
0.25921200
0.49382100
-0.55165100
-0.13316200
-0.63076400
0.03198560
-0.62174200
0.03319010
-0.21560200
0.27840000
1.17911000
0.09349640
0.21067100
-0.26636300
-0.59671900
-0.43852700
0.50409100
-0.11839000
-0.17835800
-0.46696700
-0.19428300
-0.02599840
-0.35614700
0.34412100
0.13860500
-0.25361000
0.45000200
1.32017000
0.15289200
-0.32230600
-0.53224500
-0.16998400
0.21558400
-0.75193800
2.43035000
-0.21934100
0.47056600
0.19132000
-0.86698100
0.25112700
0.83749400
0.50972500
0.44197400
0.00733106
1.19817000
-0.47597000
0.29535300
-0.16664100
-0.27438300
-0.10803100
0.11137200
0.34435800
0.89661200
1.26449000
2.67464000
-0.59533100
-0.24112200
0.08546000
0.66208300
0.18422900
-0.03406110
-0.15252300
0.44563600
0.04063300
-0.56398100
-0.14534600
-0.23811100
-0.28431100
-0.19833300
0.30334600
-0.77638100
0.16505800
0.05086780
0.00345775
0.10567800
0.22963300
-0.44355400
0.45363700
0.10940700
0.51654300
-0.21857200
-0.53645500
-0.36114000
-0.12298000
-0.09367340
0.04554690
-0.76941200
-0.38488100
0.03812530
-0.06959160
0.28163700
0.42178200
-0.05840040
0.07070850
-1.10895000
-0.22747900
-0.60024000
-0.02217170
0.58106500
-0.05393520
0.19865100
-0.65667600
-0.41864000
0.63067800
1.05414000
-0.28266700
-0.77210600
0.41370500
0.22587000
-0.31236900
-0.22595500
-0.28785400
-1.23821000
0.14947900
-0.50707300
-0.03730470
0.05844770
0.27780800
0.31331000
0.21181400
0.66879600
0.06040710
1.75771000
0.75012000
-0.23472200
-0.14572000
-0.09616330
-0.53224100
0.03206030
0.58824200
-0.00086270
-0.33384500
1.39875000
-0.33507500
0.74169900
-0.13228000
-0.24741400
1.47044000
0.49124400
0.53027000
-0.06948190
-0.22755400
-0.48920700
-0.38633700
0.60698000
0.17259400
-0.40446600
-0.58706300
0.01150400
-0.45268700
2.05530000
0.15653500
-0.07385740
-0.00602072
0.45079900
-0.62707800
1.71558000
0.43799700
-0.48223300
-0.21012000
-0.33437900
-0.35229600
-0.16090500
-0.38542400
-0.62794500
-0.43874000
-1.18577000
-0.15198900
0.87184700
-0.69471000
-0.54248700
0.08814530
-0.87438000
-0.68970300
1.02487000
1.07185000
-0.00310774
-0.11611100
0.13219200
-0.72298800
0.28402800
-0.90456300
-0.64357100
-0.36348400
-0.69731800
-0.48160400
0.63933500
-0.27645700
-0.22281600
-0.36902400
0.16916900
0.33848300
-0.12995800
-0.02581320
0.39090800
-0.47256100
-0.24523500
0.07116090
1.49845000
-0.55393100
0.51653800
0.27512900
0.48310000
0.37265800
-0.14732600
-1.04798000
-0.62999300
-0.18856200
-0.18720300
-0.60400800
0.63504200
-0.07768810
-0.13242400
-0.18031600
-0.93975700
0.87895900
0.13663600
0.48641700
-0.42666800
0.87965800
-1.08857000
0.29942000
-0.64146600
-0.34770000
-0.05312460
-0.22934700
-0.07918550
-0.60007500
-0.29693800
-0.35757700
0.21876900
0.12177200
0.83721100
0.21685700
0.19177500
0.01520510
-0.74898100
0.33870300
-0.20764100
-0.60400800
-0.85043400
0.08023080
-0.15245800
0.39689700
-0.10348900
0.40713000
-0.59106900
0.08206050
-0.12781100
-0.31919800
-0.60344800
-0.06053180
-0.31010100
-0.28296300
-0.01404720
0.16173600
0.06195300
-0.51127200
-0.05400540
0.30338400
-0.40474300
0.09458820
-0.20069900
0.18660600
0.22325400
-1.11158000
0.57095900
-0.22934700
-0.16769300
-0.42673400
0.05102090
-0.36224600
0.09123930
-0.34806700
0.44229600
-1.01497000
0.50830800
-0.35046200
0.19158500
0.54240900
0.55454700
-0.41038500
0.26255400
0.44116300
-0.27550800
-0.44844800
0.49375600
1.23802000
-0.38908000
0.53384900
-0.09017760
-0.58516200
-0.18006300
-0.31709700
-0.44744800
0.12405200
0.23961300
-0.37579400
0.38624100
0.08320690
-0.25808600
0.43420200
-0.42908600
-0.13360800
0.45083400
-0.53980300
-0.50099200
-0.15961600
-0.15550400
0.54974000
2.46707000
-0.73432300
0.10956800
-0.75402000
-0.26849100
-0.10859500
-0.85002500
1.09869000
0.80080400
-0.18172900
0.44116300
0.08635780
-0.29762000
-0.05344950
1.36629000
0.49387500
0.23670900
1.67520000
0.68011300
-0.80757200
0.19384600
0.09689330
1.29711000
0.52001600
0.59705200
-0.31158000
-0.47664300
-0.21027700
0.91393900
0.75500300
-0.54365700
-0.21507900
0.36434100
-0.32743700
-0.53944200
0.07977740
1.36799000
1.44106000
1.18958000
1.64900000
0.92568500
1.22776000
0.96331500
0.48185100
1.75562000
0.88300700
0.41575000
0.59805800
1.04485000
2.46364000
0.02625500
0.46127500
-0.08956480
-0.17059300
-0.52757900
0.21721300
0.24404900
0.59083300
0.09993600
0.92802400
-0.45599600
-0.35464800
-0.24048000
1.85406000
0.04501110
-0.58157300
-0.54171300
0.29146300
-0.29567600
-0.62866600
0.13379000
-0.26343600
-0.32021000
-0.27547500
-0.06707310
-0.05488030
0.01628810
-0.12872500
-0.52253200
-0.10167800
0.65423100
-0.58280900
-0.95503300
-0.19359800
-0.29662700
0.29836800
0.19652100
0.23959400
-0.03948930
0.78562600
0.71808100
-1.10275000
0.62792900
0.58849400
-0.12505400
-0.22634500
0.29270000
-0.22367300
-0.21023700
-0.20750100
-0.42277800
-0.24699400
-0.92239500
-1.17501000
0.05837810
-0.49065400
-0.96314300
-0.54949300
-0.19009700
-0.40363300
0.09262940
0.31084000
0.38871300
-0.26962400
-0.20275500
0.18117200
-0.79866400
0.13196200
-0.72557400
0.26846700
-0.58662600
0.10422600
-0.02720080
0.00844671
-0.85568600
1.41813000
0.18447000
-0.64533600
-0.15553200
-0.16311600
0.00412914
0.34909300
0.07547380
-0.43649500
-0.21312200
-0.40695900
-0.13105000
0.18858100
-0.11423500
-0.21178500
-0.04695260
-0.25702100
-0.70792500
-0.47438100
0.37598400
-0.38981700
0.06133080
0.07071350
0.16480300
-0.53759200
-0.33240000
0.84597400
-0.21350800
-0.40347500
-0.08213800
-0.36218700
0.26341800
-0.46654500
0.51712900
0.04357920
-0.05877570
-0.39903100
0.64077900
0.64864200
0.01089830
-0.11630300
0.29430600
0.04064460
0.01407040
0.09390680
0.29934500
-0.21756700
-0.17655100
-1.11258000
0.82091100
-0.26274300
0.38559000
-0.88547900
0.44626400
-0.80735300
0.90469000
-0.37437000
-0.01942680
-0.16073700
-0.35455100
-0.51941000
-0.14847200
-0.29303000
-0.58554800
0.07022750
-0.01215170
-0.82019800
-0.30161500
0.04426020
-0.82178100
-0.44825700
-0.23393800
-0.10885000
-0.85893000
0.06708290
-0.02534430
-0.39257500
0.41465700
-0.12370900
0.17647900
-0.58355000
-0.43549700
-0.81434000
-0.06330980
0.04186190
0.75358900
-0.84146100
-0.42118200
-0.06639790
-0.00754064
-0.60133200
-0.02762660
1.47672000
2.07776000
3.09739000
0.61252800
0.46228800
0.67432400
-0.56835500
0.02395590
-0.01697680
0.60397200
0.24699900
0.32633100
0.22702200
-0.36486200
0.13905600
-0.16317200
-0.08463650
0.18625700
-0.12221600
-0.01043170
-0.51615900
0.52938100
0.61681900
-0.56443000
-0.37839800
-0.26807900
0.18669900
-0.65635000
-0.14134900
0.57813000
-0.11430700
1.60167000
0.60566300
0.10204400
-0.37368600
0.36507000
-0.23976000
-0.51989100
0.00148876
-0.64847100
1.17004000
0.50239000
0.88876700
-0.67057800
0.34421100
0.38090800
0.78696900
0.87790800
-0.19346600
-0.16889200
-0.04862200
-0.40738200
-0.60150300
-0.27463200
0.68729900
-0.33713900
0.36574000
0.06047660
-0.14970000
-0.07813690
-0.05249460
0.06937930
-0.05229020
-0.37119300
-0.00753550
0.10157600
0.11499300
0.21659500
2.17465000
-0.75974900
-0.67228300
-0.55086000
0.58971900
-0.35038300
1.11732000
0.42263600
0.43174900
1.17012000
0.69643000
-0.34588400
0.06538290
0.36949700
0.19994600
0.16117100
-0.17425600
2.43893000
0.84728600
-0.58336900
0.65233300
-0.62498000
-0.43265000
-0.52779900
0.68357200
0.81176500
0.44968200
-0.24132800
0.49610100
-0.47279200
0.45097400
0.67705500
0.17734100
-0.20233100
0.31426800
-0.06496890
-0.05028510
-0.20479400
1.35896000
0.86678800
-0.02295100
-0.15464900
0.20202600
1.38952000
0.82404500
-0.11580000
1.10716000
0.32623900
-0.34466300
-0.50420500
-0.46042700
-0.12467500
-0.33391900
-0.26347400
-0.39727000
0.15468800
0.36455000
-0.19107500
-0.73302600
0.15078100
0.98385800
-0.14365300
0.22662700
0.95061000
0.17940800
0.60667600
-0.39756600
3.26489000
1.05134000
0.28518600
-0.18521200
-0.06049500
-0.23270900
-0.55426700
0.30587600
-0.03023510
-0.07687720
-0.34070300
-0.46827400
-0.60611900
0.77472100
-0.24781600
0.38314100
-0.95573200
-0.63319200
-0.43706200
-0.12167900
-0.21983600
0.11329400
0.26153300
0.08148580
0.12543100
0.00536884
0.04532540
0.06766390
-0.23467100
0.01042010
0.03188220
-0.11641200
1.04959000
0.11219000
0.11465800
-0.29671100
-0.41153000
-0.50183700
-0.00256370
0.24896000
0.04039330
0.23442300
-0.35846100
-0.40070400
0.09807540
-0.27871800
-0.15986500
0.01674950
0.21756100
-0.15064500
-0.53071100
-0.14034400
-0.22122000
-0.08347710
0.10875300
0.07023610
-0.44044900
0.09458870
0.22632600
-0.36108700
-0.17036700
0.27630400
-0.77162700
-0.69230800
0.42650000
1.16346000
0.78149800
0.18564200
0.28680500
-0.73008900
0.31255600
2.47548000
-0.05846830
0.16950200
0.10062100
0.31505300
0.14641500
-0.20539200
0.48296800
-0.35112800
0.22205300
-0.46402600
0.01988290
0.30464900
0.29655100
0.30139600
-0.07090830
0.41719500
0.47859100
-0.91723400
0.22889700
-0.81892200
0.31003200
-0.63183500
0.35491100
-0.43494900
0.12902000
0.10401400
-0.16280300
0.60435100
0.22510600
-0.17607500
0.33519100
-0.38165100
-0.11590200
-0.32064300
-0.14524800
-0.47024100
-0.23455600
-0.75155900
-0.00352372
0.25261800
-0.47134500
-0.00483600
-0.06181270
-0.42988600
-0.39219700
-0.51792600
-0.04436140
0.78390700
-0.46005200
-0.36143700
0.11236300
-0.41892600
-0.42751200
-0.06898510
-0.22865100
-0.28679900
-0.22626200
-0.36055800
-0.18887200
-0.45238800
0.12634100
2.70410000
-0.29503000
0.99594000
-0.23817900
-0.16452100
1.20008000
1.60305000
-0.13459300
-0.71386900
-0.86564000
-0.86496800
-0.05231070
0.00141720
-0.39979500
-0.50189300
0.35007600
0.00472585
-0.04110680
-0.11195100
-0.57497100
-0.10679700
-0.04408180
2.15422000
1.01466000
-1.04377000
-0.28994000
0.21940600
-0.20246800
-0.26854400
0.05577570
-0.41309600
-0.49603500
0.00271133
0.39993900
0.19806500
0.46102600
0.25719700
-0.60524000
0.44065100
-0.22796400
-0.50552600
-0.19954000
1.17570000
-0.04907800
0.70547600
1.65338000
1.18677000
-0.00744867
0.15766000
-0.77475100
-0.73183100
0.07324980
0.74115700
-0.81943500
-0.47383900
0.82075000
3.90173000
1.07680000
0.77579700
0.39899900
-0.16573600
0.10348400
0.28999700
-0.48486700
-0.64318800
0.08621930
-0.29265600
0.49450800
0.36564600
-0.33874400
0.40122700
0.50330000
0.04727840
-0.06075850
-0.42815800
0.24325300
0.35817500
0.58372800
0.02648270
0.53914400
0.01740420
0.16416000
-0.28382400
-0.03692680
-0.13932900
0.64661300
2.11672000
-0.08129970
-0.53748300
-0.69798300
-0.87906100
-0.03241900
-0.25078900
-0.66433700
0.77691000
0.45328200
0.55640500
-0.11142400
0.13747500
-0.70076700
0.52817000
-0.51653700
0.11805300
0.05488240
0.61609200
-0.12674100
0.25689600
0.14785800
0.00579213
-0.66373200
-0.08518310
0.77786800
1.02596000
0.32184600
1.90011000
0.68664900
1.86824000
0.56151300
-0.15379300
-0.31139400
-0.16090400
-0.43007500
-0.05484870
-0.27077500
0.05795220
-0.17103100
-0.02720300
-0.36112100
0.13970600
-0.53744000
0.00923987
-0.91926000
0.13402400
-0.59845400
-0.93874600
1.13593000
-0.72055300
0.64409800
0.01618660
0.54303900
1.19202000
0.21718500
-0.19563600
-0.45406400
-0.98486300
0.21034500
-0.43255300
0.28934700
0.05902760
-0.60929400
0.53006800
-0.63882800
0.86657300
-0.31013500
-0.47617800
-0.18383400
-0.32794800
0.98137300
-0.76544900
0.46744800
-0.86654800
-0.07366550
-0.35045600
-0.01632020
-0.29971300
-0.15305400
-0.38552100
-1.55184000
0.19130900
0.17827200
-0.91830600
-0.06297580
-0.19566100
-0.08175900
-0.38436400
0.25503200
-0.18900700
-0.10574300
-0.33490900
-0.31258500
-0.28507600
0.81121400
-0.49552800
-0.79937300
-0.12574700
-0.57679300
-0.35583900
-0.63833500
-0.30950600
-0.46712600
-0.26845100
-0.49675200
-0.38534000
-0.41169800
-0.08682360
0.63915100
-0.11336600
-0.21462600
0.16292200
0.18042500
-0.26578700
-0.41573800
0.01526670
0.00841927
-0.66253400
0.31488800
0.06273900
0.52819400
-0.81232200
1.21256000
0.42905300
0.85853400
-0.39762900
-0.62925000
1.58223000
-0.44973000
-0.33872200
0.45724200
-0.24550300
-0.30866500
0.37485000
0.32507800
-0.44943700
0.04151860
0.58924600
-0.36753100
-0.54992800
-0.46191600
-0.44296200
-0.07093600
0.46975800
0.30898200
-0.30453400
-0.49397300
-1.28545000
-0.32074500
-0.26252600
-0.21400100
0.29823900
-0.25175600
0.29198300
-0.37140400
1.16724000
0.10714300
-0.28892000
-0.31919800
0.23698300
0.31205600
0.11804200
-0.54396100
1.02244000
-0.20147100
-0.14489800
-0.14136900
-0.00909945
-0.74625000
0.45295000
-0.16093600
-0.39721200
0.30077200
-0.40919400
0.59028800
-0.08351580
-0.00835534
-0.46800000
-0.10240000
-0.45524600
-0.59276500
0.46075800
-0.50607800
-0.03441590
0.99414700
0.06285960
-0.18559300
-0.05891680
0.51605300
-0.42164100
-0.09992930
-0.66447800
-0.01868490
-0.76954100
0.26650200
0.14205600
-0.27168500
-1.32405000
0.07725070
1.79732000
1.15996000
-0.64633000
-0.10304000
0.24498200
-0.14261700
0.58316400
0.15577700
-0.41214700
-0.64138200
-0.44250700
-0.43906700
-0.52079300
0.08810090
0.10953300
0.18473200
0.16334600
0.16481200
0.14330000
0.44981700
-0.26601700
-0.37428800
-0.28628500
0.32835400
-0.36112100
-0.88815500
-0.51426000
-0.78244500
-0.13895500
1.26598000
-0.45096500
-0.69603800
-0.14532200
-0.51725300
-0.10723500
-0.61885100
-0.21266000
0.45095600
0.01138580
-0.61443700
-0.34651100
0.04985020
0.86617100
-0.56920600
-0.75241600
-0.43153200
0.14380200
0.45348300
0.56416900
-0.75583300
-0.51699200
0.03920570
-0.36853900
-0.67321600
-0.62892300
-0.33217200
-0.01833260
-0.24652300
-0.33659200
-0.20911400
0.60947100
0.27953000
0.16696100
-0.24828200
-0.00419107
-0.56463300
-0.02980580
-0.06725310
-0.24970600
2.43897000
-0.46805400
0.02327080
-0.01709330
0.03970260
-0.25509700
0.74691300
-0.12139700
0.20467600
0.31557600
-0.99312600
-0.66533000
-0.41061300
0.43766100
0.26308000
-0.38950000
-0.58550800
-0.19862300
0.17727900
0.03792250
-0.05822760
-0.21437800
-0.09210280
-0.31841500
-0.35658000
-0.07419480
0.03070120
0.72674100
0.55687500
-0.24277100
-0.29044800
0.03237100
-0.25412400
-0.03359960
-0.01306360
-0.23010100
1.60074000
-0.03297570
-0.18961000
-0.72741000
1.62890000
-0.90872700
0.67180800
-0.15011900
0.27055900
-0.69288200
-0.15909300
-0.36646700
-0.50438900
-0.34410300
-0.70080600
-0.46312900
1.64282000
0.36758400
0.21160300
0.01303950
-0.44191300
-0.02113350
-0.12958500
-1.06928000
-0.60513800
-0.26261500
0.62922500
0.61474300
0.32985500
4.33445000
0.89153700
1.05472000
-0.21058300
0.15967500
0.88539100
0.65074400
0.61111200
0.29648300
1.61316000
-0.71128500
0.15361900
0.22198600
0.16978400
-0.56208000
0.18388400
-0.54016000
-0.00659369
-0.41421000
-0.47984500
-0.52814100
0.00693648
-0.41635300
-0.41681100
0.07638110
1.11003000
-0.25202400
-0.54378500
0.09108400
0.39683400
1.70388000
0.35632100
-0.32420500
-0.16465100
-0.05740490
-0.18171400
-0.15540000
0.27691200
0.46138200
0.69882900
-0.12713500
-0.12695300
-1.14805000
-0.16533100
-0.29732100
0.10256100
1.30637000
0.93351700
1.20582000
0.81269500
-0.68252500
-0.22549500
-0.92725300
0.54174200
-0.48933300
-0.30597500
-0.84303300
-0.50009000
-0.82659800
-0.41800900
0.21279400
-0.23883300
0.52957700
0.39049300
0.83052500
-0.17654600
0.75290600
-0.17071400
-0.19529800
-0.46580200
0.20895000
0.36580600
-0.22477300
-0.47888400
-0.66382000
-0.22020500
-0.11794900
-0.38325100
0.56987600
0.25473300
-0.20236800
-0.53403500
0.29486700
-0.45443300
0.01787640
0.10346700
0.54851700
0.06951500
0.02969660
0.26029100
-0.63873900
-0.42869700
-0.14053900
0.36752700
0.09867300
-0.33780000
-0.19805600
-1.03071000
0.10407000
-0.53304600
0.93824100
-0.10940300
0.10208800
-0.07866210
-0.98341700
0.42363900
1.16719000
-0.39679700
-0.42324700
-0.06722470
-0.25438300
-0.42882000
-0.52868800
-0.06790350
0.05260540
-0.65693700
-0.23431800
-0.61725800
-0.23600100
-0.77713300
-0.06978190
-0.68094800
0.48009300
-0.28064100
-0.32943100
-0.39486000
-0.04239980
0.05544390
-0.06853770
0.58878900
0.53611600
1.18104000
0.16122500
-0.63956000
-0.35784200
-0.23818500
-0.03908420
-0.59370400
0.76670000
0.33607400
-0.58332100
0.49262300
-0.67777800
-0.17738100
-0.18609200
-0.20260400
-0.54848800
-0.13033900
0.15958300
-0.47184200
-0.29922200
-0.54276300
-0.56652000
-0.30814100
-0.27932100
-0.70767800
-0.29710000
-0.55216900
-0.04339880
-0.12611600
0.79126200
-0.13062400
-0.36252800
0.47025900
-0.36847700
0.31534600
1.40538000
-0.13109900
-0.08053140
-0.41097500
-0.36643400
-0.02347790
-0.61401900
0.32335000
0.34195800
-0.61884100
0.38640800
0.17270900
0.63937200
-0.11872700
-0.38391400
0.25085200
1.64533000
-0.44957700
0.72491800
0.64067600
-0.36694800
-0.47277000
-0.24579900
0.73701200
-0.91392300
0.79705500
1.69807000
0.38098500
0.48428800
-0.34795400
-0.39471200
-0.59541800
0.26785400
0.61567700
1.24037000
0.03375170
-0.06235940
0.12854000
-0.53315800
-0.36839900
-0.49007200
0.32604900
0.38838800
-0.12485000
-0.25267800
-0.66825500
1.11756000
-0.53853500
0.60162100
0.05692650
-0.97530700
-1.06786000
-0.48123500
0.01056800
-0.64274300
-0.81497300
2.25353000
1.45900000
-0.43545000
0.39026300
-0.41055300
0.58225900
0.17329100
-0.73557200
-0.13769200
-0.09842410
-0.77026000
-0.39508300
-0.55722300
0.11592900
-0.55331400
-0.57402600
-1.27064000
-0.06570190
-0.28280700
-0.08992680
-0.59366800
-0.11527300
-0.51563700
-0.83988900
-0.62016100
0.22528900
-0.50163500
-0.79344400
0.62364200
0.56669600
-0.00889716
-0.81456900
-1.02782000
0.09972600
0.03373940
-0.13991300
-0.66340900
-0.93945500
-0.90074100
0.30495200
-0.27450600
0.37015200
-0.10875000
1.43012000
-0.06622740
-0.27162300
1.31669000
-0.51647900
-0.42457200
-0.46144300
0.85013100
-0.46119000
-0.31844700
-0.04861070
1.90560000
0.73558800
-0.30335600
0.21979900
0.26029400
-0.05868240
0.02976040
-0.38099600
1.42439000
0.91324100
0.30500900
3.02838000
0.66064700
-0.85045700
0.39247200
1.45284000
0.27806400
-0.38353700
-0.21059500
-0.42815200
-0.30922200
-0.24529900
0.18151300
0.06196890
0.31505700
-0.63506700
-0.76824400
-0.12362400
-0.07397630
1.08711000
-0.20950400
-0.43102700
-0.68816700
0.45919500
-0.14259200
0.21739300
-0.72061700
-0.16279800
-0.00353089
-0.26304200
-0.33501900
-0.32875000
0.12025000
-0.26423000
0.65417000
-0.28827900
0.12794500
0.05845190
0.01572790
-1.04217000
-0.33615000
-0.96045900
0.10151500
2.73002000
1.72356000
-0.81522700
-0.31799000
1.10131000
0.11443200
-0.83297300
-0.56295800
0.68674600
0.70292300
0.28330400
0.12795600
-0.45311500
-0.08670590
-0.91561200
-0.48827400
-0.51996600
0.57424200
0.13206800
-0.58620000
-0.41993600
-0.23169000
0.36688700
0.36808300
1.54539000
-0.19939600
-0.05643600
-0.43909900
-1.16193000
-0.00896655
-0.13605400
0.11693100
-0.38516400
-0.20676900
-0.36043300
1.51813000
1.31978000
-0.15759800
-0.18030500
-0.59550200
-0.08210810
0.23511500
-0.84335200
-0.57584600
-0.61329500
-0.03001030
-0.13412900
0.05376380
-0.18573400
-0.69665900
-0.30963600
-0.44062000
-0.67818300
-0.48438500
0.03975750
1.25547000
-0.53423200
-0.41686700
-0.43853800
0.23663900
1.63306000
1.50850000
0.27047200
-0.21907300
0.05975750
0.72994500
-0.81987700
0.04194550
-0.22222800
-0.26496700
-0.03966670
0.49799500
0.24991400
1.51080000
0.98568300
-0.64770200
0.98223000
0.54527800
-0.24581400
-0.51906600
0.65648500
0.56505100
1.44567000
0.65293500
1.09745000
0.19775300
0.46648400
0.39647100
0.69198900
-0.03146720
0.77888900
-0.42315100
0.00940638
0.29279600
1.09974000
-0.30251900
0.50574600
-0.43575900
-0.95195400
-0.14689500
-0.89566500
0.07503240
0.12996200
-0.45564000
0.18870900
0.10060600
0.54910900
-0.18624300
0.12396800
0.15550000
-0.15745400
-0.10459300
0.05608440
0.27371700
0.28138600
1.32409000
-0.27933300
0.77906900
0.76062500
0.19496000
0.10457700
0.34857200
-1.04726000
-0.36295900
-0.08281590
0.82445100
0.83068000
-0.70271300
-0.40198900
-0.09349550
-0.29758000
-0.73854000
0.06449180
-0.16871300
0.47658200
-0.36835300
0.17253200
0.10734400
-0.33794500
-0.42912800
-0.39127700
-0.21369700
1.61192000
0.83607900
-0.24056300
1.20377000
0.21148400
-0.24545400
-0.21448600
-0.19574300
-0.63438300
0.19954400
0.50151200
0.30282100
0.50123700
0.61109600
0.57510500
0.39243700
1.64735000
-0.76414300
0.20432800
0.12055400
0.20632500
0.69173300
1.37612000
0.42947100
0.11366200
-0.04971560
-0.23980700
0.15475400
-0.55313500
0.24599800
1.04057000
0.53240500
1.64338000
2.05000000
0.71121100
-0.19056800
0.17629900
-0.18754600
0.00652147
0.03970910
-0.07940970
0.82487400
0.42670700
1.59097000
0.24523800
-0.47671800
-0.11243200
-0.07889860
-0.66384700
0.13304900
-0.74794900
-0.45406900
0.32351700
-0.36574900
-0.94909100
-0.20538100
-0.04455440
-0.73692100
-0.49682700
-0.72931700
-0.34916600
-0.41900200
-0.45288500
-0.85967200
-0.56519800
-0.74649100
-0.63497300
-0.08843410
-0.10713100
-0.60683700
0.89474500
3.44010000
-0.17620600
-0.45900700
-1.12949000
-0.30927700
-0.38828400
-0.23279900
-0.16567700
0.25244700
-0.42435400
0.09780410
-0.97805200
-0.10921600
0.42475700
0.09539780
0.72500900
-0.30704400
-0.20952500
0.19791600
0.28012700
-0.11737700
-0.51164800
0.22029600
-0.08069990
-0.21665500
-0.37966500
0.42212500
0.19872800
-0.58416600
-0.03359680
2.48679000
-0.23958400
0.05213180
-0.15235700
0.23488000
1.05801000
-0.11004600
-0.38328100
-0.00318897
-0.24366200
-0.59380800
0.04188780
-0.42234400
0.29851600
-0.05107840
0.10537800
0.18762600
-0.44537500
-0.00312943
-0.14686600
-0.24136800
-0.06662910
-0.30255700
-0.38441600
0.08622110
-0.17754100
0.17240500
0.22035200
0.18237600
0.09156250
-0.02102430
-0.09864340
-0.30638700
-0.25737800
0.21933900
-0.03515290
-0.78561600
-0.01032240
-0.02818410
1.34055000
-0.21175800
-0.50282000
0.09012920
-0.36432000
-0.66562300
-0.05236530
-0.20013200
-0.26478600
-0.26819800
0.42239000
0.75298400
-0.19707300
-0.56460200
-0.22870700
-0.44603200
0.10448700
0.07160110
-0.32121600
0.05477630
0.31332300
-0.11605600
1.34557000
0.26847900
-0.31318600
0.44959200
-0.30557900
-0.04292030
-0.51637300
-0.17800400
1.55565000
-0.58308500
-0.25682200
0.09627970
-0.24752500
-0.24698300
-0.29827200
-0.08961020
0.42631300
0.34329200
-0.26626600
-0.85893900
-0.40719500
0.36224000
0.14719000
0.41476700
-0.58175700
0.03752800
-0.64923200
0.35051600
-0.04454790
0.42577400
-0.19118200
0.32162100
-0.58966000
0.06170790
-0.15229700
0.36069800
1.65124000
-0.15517100
-0.53100400
-0.17391600
-0.24954300
0.81514300
0.23454200
0.29240900
-0.57347200
-0.63269300
-0.00904523
-0.05742720
0.02059460
-0.86148900
0.04101750
-0.12478600
1.27907000
1.16440000
-0.34044200
0.90982500
2.21754000
-0.18648900
-0.21415100
0.45871100
-0.37046000
-0.34625900
-0.14215900
0.10299700
-0.24165300
-0.26329600
-0.03241700
-0.41486000
-0.59670200
0.28514800
-0.04959840
0.04008910
-0.86009400
0.23824200
-0.19981000
-0.79284900
-0.10107000
-0.58546900
-0.68953300
-0.38914700
-0.78137400
0.37211500
0.48767200
-0.60789600
-0.63306000
-0.78697800
-0.01763370
-0.62836200
0.06219890
-0.15899200
-0.29374500
-0.34357400
0.56320100
0.04990030
-0.12601300
0.46474500
0.69745200
-0.03687090
-0.06839520
-0.48954100
-0.22103400
-0.24419200
-0.65297200
-0.04180800
0.17840400
-0.46186100
-0.31371700
0.66140600
-0.46392900
-0.26558600
0.78234500
-0.16056200
0.35783000
-0.65127000
-0.20374000
0.61250000
-0.82272400
0.65091400
-0.30327600
0.19369600
-0.12672900
0.19839300
0.06149650
-0.14980400
0.21620100
0.11585500
3.00749000
-0.32921300
0.99050200
-0.45439700
-0.48120400
-0.51155500
0.06884130
-0.19535000
-0.28086500
-0.04051810
-0.42442300
0.62187200
-0.17644700
-0.43418800
-0.14757100
-0.69022500
0.69476800
-0.53563800
-0.27362400
-0.52911000
-0.10360300
-0.30172200
0.61955800
-0.15407900
0.85157400
-0.50379500
-1.01358000
-0.19770900
-0.04397730
0.20098100
-0.13529600
-0.19945300
-0.04489150
-0.42870600
0.51649000
-0.25913100
-0.45072900
-0.45419800
-0.15846700
-0.71200900
0.04054280
-0.20882100
-1.24170000
-0.42303900
-0.38566500
-1.03405000
0.11765100
0.23745900
-0.34238300
-0.40984200
-0.17284400
3.15183000
-0.59876400
-0.07735100
-0.24988600
0.18413200
0.16261500
0.58702500
-0.12894800
-0.60284800
0.19321900
0.11837100
0.38067700
0.49188100
-0.26056500
0.26480700
-0.55876800
-0.21664400
-0.03043080
0.05156620
0.15493400
-0.45174300
-0.29295700
-0.16976000
0.30317500
-0.94334100
0.06228060
1.04693000
-0.17270200
-0.12590300
0.57333900
0.60691700
-0.06943640
1.14640000
0.55263600
-0.68222500
-0.92047800
-0.21579700
0.35742400
-0.27149700
-0.30696700
-0.06225940
0.13045600
0.01469000
-0.52023000
-0.20949600
-0.28415700
0.18818800
-0.41326400
-0.79185200
-0.50923400
-0.51287600
-0.00847971
-0.54937800
-0.36111700
-0.31655600
-0.92233700
0.46602800
0.87731300
0.49344400
1.33166000
2.18054000
0.77864000
-0.26756800
-0.00684730
-0.18772500
-0.22139000
-0.39632000
-0.70362800
0.61522800
-0.10755100
-0.91463600
-0.49770200
0.78171600
-0.41684100
-0.61557000
0.20777400
-0.60485700
-0.26133400
-0.77560300
0.34137400
-1.11669000
0.19377200
-0.13080500
-0.67122100
0.12779100
-0.44383500
0.02731510
-0.39747400
0.09050640
0.24528700
-0.05275840
0.02471830
0.24640200
0.10167500
-0.10887200
0.20867400
0.04676090
0.48668200
1.18309000
0.06570010
0.44630400
-0.41233500
1.98369000
-0.30048900
-0.33813000
1.49748000
-0.47219600
-0.23661400
0.03872580
0.17425300
-0.23950000
-0.25360000
-0.43175800
-0.63351400
-0.30531900
0.90647600
0.95135100
-0.43156200
1.11768000
-0.20269200
-0.24997900
0.21876600
-0.98049600
-0.28236600
-0.17975200
0.43038700
-0.38804900
0.81395100
0.67462700
1.06087000
0.66760600
0.64042200
0.59116400
0.30070000
-1.00698000
-0.52128600
0.55313700
-0.73881400
-0.54700900
-0.31113100
-0.77975800
0.38533200
-0.24908500
-0.26769600
0.08534440
-0.26567700
-0.50273300
-0.52627700
-0.79001900
-0.34700100
-0.60262000
-0.29853400
-0.03681220
-0.27605500
0.96862800
0.66477900
0.73151900
1.28245000
-0.04630520
0.37297200
-0.34908900
-0.47065800
0.13288900
-0.56711200
0.47826100
-0.14997500
-0.16808600
-1.07099000
-0.69298200
-0.05502230
1.10359000
0.21257000
0.58359000
-0.61159700
-0.30643100
-0.87877600
-0.50613700
-0.70542800
-0.59636600
0.17048600
-0.36398300
0.17318300
-0.52525800
0.89214300
1.84027000
0.69803100
0.38707300
0.27808400
-1.01637000
-0.61687700
0.44748500
-0.24200000
-0.47980200
-0.03024440
-1.48532000
0.55831000
-0.16135700
-1.16333000
-0.03362410
-0.07101550
-0.43509600
-0.18079000
0.51886900
-0.37622700
0.27807300
-0.23881200
-0.05248070
-0.11794700
-0.24286600
-0.84130500
-1.36775000
0.02338540
-0.61184300
1.16334000
-0.29180900
0.02562300
-0.48483000
-0.11188000
-0.03954360
-0.16858600
-0.36209100
0.04209500
0.26898500
-0.20660100
0.06793810
-0.23844600
0.40001700
1.72736000
0.25361700
-0.34815100
-0.10945700
-0.26356100
-0.74889900
-1.11664000
0.46715300
0.60071000
-0.29223000
-0.22366200
-0.25778600
0.11712200
-0.09640140
-0.29460700
-0.01809990
-0.22567000
-0.11360700
-0.37635200
-0.62273900
-0.27158500
-0.70094200
0.21360900
0.67687400
0.76456000
0.04577740
-1.07661000
0.23474200
-0.41499000
0.08564160
-0.03760390
-0.73885400
-0.64604100
-0.43954300
-0.10027400
0.12412900
-0.06214620
-0.49410900
0.26750200
0.24390800
0.34456000
-0.36434500
0.39844800
-0.45815900
-0.27982600
1.29679000
1.15310000
0.62429100
0.30281700
-0.11558000
0.56525600
0.13178500
-0.12113500
-0.61610000
-0.92675900
0.93412100
-0.23522000
1.78021000
-0.45894300
0.18386600
-0.69450100
0.12880200
-0.57353000
0.17571200
1.14104000
0.54572500
-0.15846900
-0.11975400
0.11232000
-0.30978800
-0.69355900
-0.72764000
-0.14250300
0.42604200
-0.56695400
-0.57364700
-0.24234900
-0.29290300
-0.48285600
-0.36006100
-0.52710100
0.08109590
0.05195160
-0.01607240
-0.07916340
-0.84028600
1.52909000
-0.42578000
1.44099000
-0.34583100
0.73833700
0.12063800
0.07942660
0.98628700
0.35233100
0.92704400
-0.09972340
-0.66691200
1.17183000
0.24858700
-0.02180600
-0.64642500
0.42983300
-0.06036830
-0.14490900
-0.29764100
-0.66466800
-0.50396200
-0.16383000
0.38647200
0.73928100
-0.36704300
-0.37606100
-0.22489100
-0.69147200
-0.06866440
0.08568830
-0.31966400
-0.05455200
-0.13565000
0.50372400
0.01125950
-0.15022500
0.64129900
1.80141000
0.35659600
-0.05740580
0.20304200
0.12906000
-0.71521100
-0.23900600
-0.20466900
0.33522600
-0.37693400
0.03878780
-0.03737270
-0.24090100
0.55635200
0.44329900
0.41496000
0.03512180
-0.34359500
-0.43317000
-0.41620100
0.01407170
0.67871600
-0.23024600
-0.54206200
-0.29735500
-0.51236900
-0.47739800
-0.19045700
-0.43065700
0.97090000
0.09855980
-0.02810070
-0.17656400
-0.07315600
0.17830200
0.20774700
1.20944000
0.02850860
0.36633300
1.56756000
0.02983780
0.66309900
-0.20810500
-0.17583600
-0.00717412
-0.33765000
0.94492900
-0.11921200
0.09497650
-0.45722600
-0.25008900
-0.88196800
-0.25278800
-0.32878100
-0.12606500
-0.23034200
-0.18698900
-0.15416800
-0.93142800
-0.45387000
-0.39730300
-0.55629800
-0.51950800
1.83802000
1.31334000
0.43840100
-0.25881700
-0.09224470
0.97783600
-0.29074600
-0.29792500
0.08389630
0.46198100
-0.64218600
0.54935500
-0.09366390
-0.94038900
0.18781200
0.70258600
-0.56083100
0.04038930
-0.61051000
0.01908550
-0.46416400
-0.93201200
-0.42994800
-0.08594780
0.21864200
-0.56514300
0.01121980
-0.19583500
1.47279000
-0.58965900
0.42057600
-0.01098860
-0.41008200
0.29019300
-0.08129460
0.91507700
-0.87281600
-0.42090400
-0.08732760
-0.71572500
-0.69986700
-0.07454920
0.20947100
-0.47662400
-0.54757800
0.58346700
-0.14513300
0.55008100
-0.37210800
0.20147500
-0.50070500
-0.27197900
-0.65206200
0.07722010
1.81061000
-0.07549650
-0.81323300
-0.35180200
-0.09609620
0.38399100
-0.48680000
-0.08627470
0.11360800
-0.45763400
-0.14814000
-0.36973500
-0.33964600
0.24150000
-0.03452600
-0.07921150
0.12203100
0.04241820
-0.08020620
-0.25037300
0.76058700
-0.70878800
-0.79779100
-0.52310700
-0.63879600
-0.93933700
-0.56440900
0.71198400
-0.24091700
-0.69614400
-0.38367200
-0.73376900
0.29782800
0.96124000
-0.36337500
0.21145100
-0.02414570
-0.70148500
-0.30311800
0.36384000
0.11583900
-0.21893600
-0.43581200
-0.03561730
2.67138000
-1.02322000
-0.15220500
-0.06256830
-0.38532800
0.82479500
-0.14118500
-0.11611600
-0.08787920
0.57859800
0.98688400
0.53456500
0.00792572
0.06976470
-0.16659800
0.05378210
-0.13357700
0.22083800
-0.35446100
-0.40663400
-0.80725400
1.07280000
-0.08289900
-0.48700800
-0.13100900
0.01003160
-0.57799800
0.29989700
-0.11412600
-0.59702700
-0.70430400
0.01584170
0.19694900
0.87686200
0.31544300
-0.06431330
0.46521800
-0.76898700
0.16239800
1.62368000
-0.71992500
-0.40567200
0.17028000
-0.40004200
-0.77363800
-0.31420200
-0.02421120
-0.26043600
-0.38195600
-0.02419770
-0.28709300
-0.15235800
0.10436500
0.26706600
-0.50500600
-0.01152310
-0.17845100
0.24271000
0.07862970
-0.29596800
0.08474380
-0.20701500
-1.13272000
-0.18269000
-0.17911900
0.67700800
0.05113190
0.29808100
-0.61547200
-0.64914200
-0.35234900
-0.60005400
-0.41339200
-0.81012600
-0.30838200
-0.03987860
-1.34840000
0.53995800
0.15423700
-0.48426400
-0.71461100
-0.20251200
-0.20811300
-0.74474000
-0.01754080
0.00812687
-0.81108300
-0.28970200
1.25980000
-1.00616000
1.52917000
0.09043460
0.50348200
0.26334600
1.33601000
-0.27684900
-0.81961100
-0.23922000
-0.55169600
0.78621800
-0.20457000
2.29938000
0.98915800
1.24219000
2.70436000
0.40039900
1.77259000
-0.07536690
0.61259100
-0.96008700
0.26732000
0.38641300
-0.19455900
-0.65555800
-0.01118500
0.51073800
0.80313100
1.00871000
-0.18800900
0.19022700
0.25916300
-0.02980890
-0.24031700
0.36746600
1.92626000
0.86114400
1.05509000
0.53071900
1.45039000
0.64459900
0.34123900
-0.60750300
0.04181270
0.17658000
0.52515500
0.29309700
-0.65962700
0.26199400
-0.43550900
-0.73952200
-0.00975161
0.28796500
-0.32471500
-0.00951172
0.05857560
0.58672300
0.09571200
-0.13321500
-0.68665700
0.01550030
0.48384400
-0.33680600
0.15387500
-0.67663100
1.71062000
-0.21278300
0.05691310
-0.17349800
-0.43013300
-0.48337500
-0.38640300
-0.15968900
-0.22692900
0.12360600
-0.20294400
-0.08778610
-0.58917700
-0.55900200
0.24074400
-0.01399810
0.60375800
-0.05772430
-0.40444600
-1.08928000
-0.08224360
-0.59579000
-0.33969800
0.41022800
-1.06845000
-0.39578500
0.21757300
2.02978000
-0.12126300
-0.36266800
-0.57171300
1.22458000
0.14895000
0.22654200
0.24415600
0.23175300
-0.12174600
-0.04733840
-0.33548500
0.08599970
0.49240000
0.33818400
0.86281400
-1.01867000
-0.68200200
-0.15750700
0.21943000
-0.46026900
-0.66236200
-0.23866200
0.24590000
-0.63997000
1.26493000
-0.15547600
0.26837100
-0.95152000
-0.35618400
0.31284100
0.76868600
0.04404980
-0.63776900
1.49776000
0.75128800
1.33150000
0.03333060
0.41857900
0.06708090
-0.71751800
-0.48235100
0.04887470
-0.32635200
0.26966800
0.07980970
2.66751000
1.22410000
0.19050900
-0.06566790
0.05014350
-0.42931200
-0.48255600
-0.72409600
-0.46120600
-0.01268140
0.14652300
-0.65576400
-0.37206300
-0.06787090
0.14227500
1.06042000
0.39756900
-0.72158500
-0.73261600
0.54982400
-0.21001500
0.05643530
-0.11936500
-0.46714000
-0.52604800
-0.64827300
0.05264520
-0.53638200
-0.23252500
0.14690700
0.55979800
-0.29418900
-0.45259500
-0.10968600
-0.91665300
0.03998520
-0.13505900
-0.87797500
-0.56950200
0.25179100
0.13834000
-0.18635200
-0.26975600
1.11255000
0.57523400
-0.20105600
-0.84611600
0.28479800
-0.10084600
-0.04726420
-0.20879800
0.58140200
-0.53747300
-0.34014100
0.03522080
0.17833000
-0.03115150
-0.77335300
-0.78197200
0.52829300
0.13948000
-0.83036900
-0.16872600
-0.68648600
-0.34162400
-0.73291600
-0.78336700
-0.15936000
-0.71641300
-0.22817200
-0.01600870
0.14552400
-0.61259100
0.43159400
-0.21670800
0.16073500
0.11048700
0.67353400
-0.92009200
-0.48163100
-0.19340600
-1.07693000
0.40296300
0.08317380
-0.41042700
-0.52644200
-0.06535260
0.06288950
-0.37667500
-0.13282800
0.61743200
-0.25865700
1.20591000
0.40103200
-0.26129000
0.07192590
0.77421100
0.04653200
-0.67763800
1.00292000
-0.33106100
-0.53909900
0.07892390
-0.36918000
-0.14651600
-0.24049700
0.11744700
-0.38147500
-0.04508610
-0.71637400
-0.20148700
-0.33198100
-0.06417810
0.13171300
-0.66597800
-0.56146000
-0.11371000
-0.18879600
-0.19512600
-0.32141100
-0.02393110
-0.29161700
0.18968600
0.00252724
-0.04786990
-0.74527200
0.27174400
-0.08072250
-0.36661500
1.55109000
-0.06841400
-0.05897160
0.36716600
-0.36669600
0.31200600
-0.85212600
-0.70289700
-0.08988380
-0.52442300
0.08052680
1.80936000
0.28782100
0.05500160
-0.23758200
0.10815800
-1.01945000
0.11890000
-0.13396300
-0.02522890
-0.60478200
-0.00794728
-0.35475100
-0.04409040
0.26766400
-0.13011700
0.24836600
0.87513800
-0.08289000
-0.45522900
-0.80218900
-0.75807700
-0.43056100
-0.09341430
-0.72097700
0.22077400
-0.75184600
1.13044000
0.23282000
-0.43659300
-0.20597600
-0.36491700
-0.01339230
-0.24568700
0.76825900
-0.30693100
-1.20372000
0.13440300
0.39794100
-0.55318000
-0.31981000
0.15764500
-0.07149660
-0.15725700
-0.33297100
-0.30681100
-0.26320600
0.05844180
-0.34042500
-0.70414900
0.17003300
0.22455100
0.02069410
0.65371300
-0.48110700
-0.04798410
0.49119400
-0.44278600
-0.74262700
-0.05840350
-0.05862910
-0.07346030
0.22500900
-0.21270800
-0.13752300
0.35870500
-0.14635700
-0.61380000
0.11271900
-0.47875000
-0.03499310
-0.87286200
-0.02652820
-0.73929600
-0.09808930
-0.30688200
0.97792800
-0.29498200
-0.28634700
-0.33741200
1.80621000
-0.20855600
-0.20613200
1.10096000
1.80260000
0.47193600
0.50688700
0.70034700
0.31317600
-1.11596000
0.54168200
0.01062290
-0.11906600
-0.51204300
0.39324500
0.10937600
-0.20220200
0.02609370
-0.18858000
0.13285000
-0.98269200
0.36114900
-0.07738970
0.39975200
0.00094436
0.20294700
-0.24620600
-0.24498900
-0.06511430
0.06749810
0.08784170
0.27345400
0.38290100
1.81406000
-0.13643000
0.30847100
-0.27704800
0.33097700
-0.28244500
0.72199400
0.91402600
0.34655200
-0.01677630
1.72533000
-0.71589600
0.73815500
0.13250600
0.06100500
0.37401700
1.11275000
-0.39509100
-0.02477120
-0.12950400
-0.36854200
-0.17157500
-0.44485200
-0.62618000
-0.19714900
0.07380620
-0.47208600
-0.77083000
0.47684000
-0.30222900
-0.23322400
0.32715100
0.28674000
0.90177800
-0.64865500
-0.52191400
-0.12989300
0.23903200
-0.70812100
-0.22949200
-0.19271100
-0.45084700
-0.54252500
-0.19473900
0.54028600
-0.73220300
0.28467500
0.67500200
-0.74783100
-0.95071900
-0.31358900
-0.19266500
0.34812100
0.06057210
0.45353700
-0.76047100
-0.33995500
-0.30025700
0.05464720
0.14732400
0.42706700
0.36977900
-0.48457000
-0.80117500
0.34635800
0.31699700
-0.11718500
-0.26754200
-0.93067800
-0.32805400
-0.47175500
0.16312900
-0.46167600
-0.39547100
3.23566000
-0.40502200
0.47694200
-0.02737050
-0.70328900
0.06172350
-0.07512680
0.46282500
0.09853370
0.27202900
-0.01661520
0.29830200
-0.28178600
-0.67438400
-0.38625700
-0.38781900
-0.16228100
0.22060000
-0.74588800
1.49656000
-0.43918500
-0.61764500
-0.36499600
-0.58121600
1.87705000
0.28271300
-0.25468800
0.74092900
0.59014500
0.33780900
-0.67348000
0.46103600
-0.36595900
-1.16816000
0.93357500
0.18887300
0.10747700
-0.04781050
-0.81278000
-0.84964800
0.48731900
-0.63164100
-0.10165600
-0.01576660
-0.20610000
-0.54999500
-0.29417200
0.12217000
-0.41115500
-0.13328500
-0.31290800
-0.46794300
-0.32857700
-0.14183100
0.34138300
0.34614000
0.50129500
-0.44930200
0.24315300
0.37814400
0.65507100
-0.38429400
-0.30259600
0.18491800
0.30525100
0.23462300
0.84277000
0.31762200
0.51922200
-0.30207100
0.43381000
-0.02040420
3.11315000
-0.28897300
-0.58345700
-0.43427600
-1.00511000
0.60774900
0.49985800
1.06185000
-0.73730500
0.53898100
-0.35664100
-0.13986400
-0.64725500
-0.20188300
-0.38052600
-0.33784600
1.02723000
0.18551000
0.37081200
-0.22665900
1.17654000
-0.11983800
-1.18315000
-0.72787600
0.19812400
0.10418300
1.71795000
0.22749100
-0.23772300
-0.18198900
-0.71982200
0.07962560
0.01241810
0.37286800
-0.10357000
-0.65253800
-0.56302900
-0.37484200
-1.04126000
-0.10219500
0.21231200
0.11947800
-0.39939000
0.58646900
-1.01428000
-0.54317600
0.20416700
0.32972300
-0.58519700
-0.11270600
-0.38125500
0.70943600
1.18188000
0.52133500
-0.67821200
0.22042400
-0.04309380
-0.39555500
0.36408100
1.32058000
0.33907600
-0.00390531
1.11707000
0.68791000
0.76569300
-0.11234600
0.32239200
0.17888600
-0.35453500
-0.71332100
-0.70296300
-0.23612000
-0.98247200
-0.12117300
1.10810000
-0.10072900
0.30077800
0.05500160
-0.10102000
0.35431900
-0.27115100
-0.09266450
-0.28973900
0.12703200
-0.21883000
0.46125000
0.34169800
-0.43035100
-0.32388900
0.55858100
-0.41757100
-0.08785290
0.72291000
0.23452000
0.27135500
-0.55753400
-0.44101600
1.84137000
-0.23437800
1.36522000
1.60360000
0.94123700
0.84063500
1.22278000
1.17544000
0.32867400
-0.23591800
-0.57778100
-0.26503800
0.16311000
-0.03635420
0.01758640
-0.04446490
-0.43113300
-0.75207500
-0.87252200
-0.06322320
-0.52758400
0.16311000
-0.26088900
-0.05971860
-0.76264000
-0.11895900
1.68536000
0.08668980
-0.56901600
-0.62792100
-0.44032600
-0.08296660
-0.15245400
0.11932100
-0.35737900
-0.01638120
-0.07348580
-0.36601900
-0.47503500
-0.28192800
0.15270200
-0.09423070
-0.65189300
0.27828600
-0.21315100
-0.43091400
0.15345700
0.14715900
2.04871000
-0.34591700
0.22943500
-0.20253000
0.50592200
1.99683000
-0.36299200
-0.14068900
-0.26583800
-0.22261400
0.22738200
-0.24045200
-0.08449410
0.71884800
0.20840400
-0.55756400
0.06775360
-0.36523800
0.02006110
-0.58770400
-0.23206200
-0.39400300
0.78498500
-0.26328600
1.13501000
-0.38424200
-0.24413500
-0.14088500
0.34228900
-0.04413240
-0.18535600
0.01910870
0.34904600
-0.29182600
-0.16289400
-0.09145040
-0.70424000
0.54804100
0.24413300
0.24413300
0.12107700
-0.64031900
-0.01065050
0.46416200
0.17142700
-0.10910500
0.65071200
-0.38672200
0.03560260
-1.19179000
-0.12949800
-0.22499600
-0.07149450
-0.41265400
-0.17015200
-0.65120200
0.59927400
-0.01515810
-0.44978600
0.13561000
-0.30596200
0.01559600
-0.07273950
-0.19543800
2.37197000
0.34198000
-0.03963030
0.92047600
1.35547000
-0.27017400
-0.33740700
1.33770000
0.20064800
0.20982500
0.17815700
-0.56187100
-0.13555800
-0.55509500
-1.11875000
0.51806900
-0.78944000
0.21000100
-0.76544400
-0.53533700
1.56741000
0.02209790
-0.38641200
0.00945663
1.72914000
-1.09124000
-0.64763500
-0.31001100
0.72740300
0.86120100
0.21998300
1.82402000
0.52442700
-0.20011500
-0.53917100
0.05743340
0.19461100
-0.15303600
0.52027500
-0.55781700
-0.55570400
-0.96706000
0.07409260
0.34754400
-0.65758600
-0.29130400
-0.73065900
-0.65189300
0.04958200
0.26592300
0.14617700
0.19403100
-0.29576400
-0.57082100
-0.07263250
-0.27026100
0.39596900
0.06022700
-0.15315500
-0.00733069
-1.03032000
-0.55500000
0.38433600
-0.27064500
-0.72829800
1.02656000
0.02703840
-0.16836100
-0.15822500
-0.23793000
-0.39517700
-0.04147870
-0.12164500
-0.68483900
0.16950900
-0.57452500
-0.57452500
0.13996200
0.22332600
0.84698000
0.50045100
-0.22499100
-0.04758470
-0.85451900
0.33510600
0.29017500
-0.10196200
-0.22025600
-0.01447060
-0.38402400
-0.22073200
-0.09500610
-0.43414000
-0.38618900
0.07593840
0.77226000
-0.33906100
0.92309500
0.83388700
0.13021600
0.99728000
2.06071000
0.42314100
0.06430300
-0.25103600
-1.06288000
-0.71828500
-1.09734000
0.42563000
0.12283900
-0.41350700
-0.42973600
-0.60547300
-0.44139200
1.64875000
0.19042600
-0.70823800
0.25580300
2.61692000
-1.34371000
0.55460000
-0.75643700
0.11598700
-0.15859100
-0.92829200
0.09151400
-0.03002200
-0.43551400
-0.01148870
0.09690580
-0.53285600
0.05873080
0.24815800
-0.61993100
0.89742200
-0.54522800
0.29386200
-0.23319300
-0.08542800
-0.02170710
0.76932600
-0.08616370
0.25107700
0.46588400
0.68800000
-0.52037700
0.33687700
1.17707000
1.09086000
0.38437800
-0.24617300
0.31552800
-0.67506500
0.44519900
-0.33973600
0.08996300
-0.24764600
0.27165900
0.50088400
0.00449161
-0.31997200
0.28892600
-0.24746800
-0.08650680
-0.34421500
-0.23785000
0.07222620
0.27787100
-0.46514300
0.16884800
-0.18341400
-0.38513800
-0.83411000
0.28399700
-0.81775800
0.25095200
-0.28678800
-0.43358200
-0.31487100
-0.21496000
-0.31711500
-0.40250900
-0.03978360
0.33952100
1.86636000
-0.06958100
1.56881000
0.06183520
0.40785900
-0.95727200
-0.18048000
-0.64367200
0.53682000
0.16877500
-0.00060138
-0.23625000
0.93740200
0.33572100
0.65989100
1.37309000
0.16820500
-0.34425600
-0.49113200
-0.29472900
-0.48874600
-0.34624300
0.37329500
-0.61762100
-0.27883900
0.43523300
0.39895100
-0.30029400
0.04537040
-1.04857000
0.43759800
-0.17220300
-0.64308400
-0.60146800
-0.27417200
-0.27849700
0.22093300
0.60256800
1.71432000
-0.80116800
-0.67170000
-1.00586000
-0.63044600
-0.47612200
-0.29365800
-0.88915400
-0.01399300
0.29580800
-0.41343900
-0.72373200
-0.25934900
0.46766400
-0.10797100
-0.45683200
0.05847900
-0.23003300
-0.64906000
0.17141000
0.56834200
0.36006900
0.48795800
-0.41340900
0.23724200
0.33702100
-0.46992700
-0.27445900
-0.03773570
-0.28644800
-0.21152200
0.24182300
-0.40850400
0.55405000
0.02920160
-0.63336800
0.78700500
-0.15854800
-0.38499200
0.54208800
-0.09367260
0.21291500
-0.04046940
0.04914590
-0.10026500
0.01913490
-0.64482500
0.07606540
0.42853200
-0.39851800
0.07710900
2.24093000
1.75372000
0.89171700
0.54269600
0.18074200
0.04220080
-0.19360200
-0.17226400
0.24550800
-0.62477700
-0.14160300
-0.71700100
-0.04672540
-0.19650900
0.09607620
-0.44708100
-0.91002600
-0.56852400
-0.00283878
-0.67377200
0.32199200
0.33412900
-0.45042300
-0.62090900
-0.94431200
-0.56313500
-0.43302300
-0.21572300
-0.74509600
-0.51287900
0.21629500
0.26980700
0.12216400
0.02770860
0.11694900
0.23034000
0.00764502
-0.58031200
-0.23765600
-0.39098000
0.13993400
-0.73930900
0.07084650
0.38514200
0.25506300
-0.18922600
0.16814900
0.12250400
0.01058530
0.22428600
-0.35504000
-1.08165000
-0.99367800
-0.36818500
0.40867400
-0.00196211
1.57173000
0.76913800
-0.35624300
-0.17645700
0.09849890
-0.49592800
-0.26298900
0.49907300
-0.39123300
0.08578560
-0.60215700
0.16679500
-0.87614200
0.06893980
0.26300600
-0.50873400
0.01709330
-0.22227100
-0.10361500
0.13507800
-0.70017200
-0.19839100
-0.13480600
-0.10219300
0.44934200
-0.56591800
-0.45964700
-0.94425100
1.13543000
-0.46836300
0.24239500
0.43217000
-0.10818400
-0.52716900
-0.18706400
0.09926760
0.27851400
0.08993020
-0.63752800
-0.59850600
0.67829400
-0.51382600
0.14550400
0.20556300
-0.36978300
-0.23122100
-1.07084000
0.28114200
0.23693300
0.11059600
-0.46978800
0.93617600
0.02957500
-0.21018100
-0.56096300
0.68427800
1.24824000
-0.03209390
-1.05620000
0.49161200
1.05367000
-0.09575380
0.40236700
-0.87219300
0.64567100
0.03961470
-0.29991600
-0.03410900
0.67459700
0.00919171
1.44194000
-0.47776700
0.00023874
1.35575000
0.54538300
0.07613960
-0.32315500
-0.19133900
0.28459400
-0.81269000
-0.20197200
-0.56204800
0.01707840
-0.07427550
-0.75254400
-0.11906600
0.06984190
0.48849300
-0.09317880
-0.89717000
-0.90567900
-0.54418600
-0.80415900
0.42360700
0.13618100
0.18073400
-0.08309990
0.58818400
-0.58005400
-0.21190800
-0.10378800
0.40463100
-0.07401430
-0.63874100
-0.47321800
0.49810200
-0.38889900
-0.41226100
-0.08993870
-0.43126400
0.02860690
-0.24947600
-0.06253850
-0.45208800
-0.42076600
-0.47648500
-0.32655000
-0.28431500
0.24247600
-0.45987200
0.61823100
-0.67470800
2.65576000
-0.29742200
0.24279200
-0.19212400
-0.06726220
-0.36776500
1.20432000
0.69302000
0.40794500
1.00728000
-0.54083000
-0.41683400
-0.52380800
-0.27812900
0.74316300
1.29900000
-0.09338030
-1.31386000
-0.10141800
0.69068000
-0.70185500
0.11495000
1.83488000
-0.46941300
-0.45509200
1.31328000
0.56936300
1.07261000
1.69382000
1.39096000
1.29928000
1.21088000
-0.60680300
-0.62157700
-1.42705000
1.56647000
2.17295000
0.85110400
0.98828800
0.77230400
1.47441000
1.42464000
0.75144500
0.03821480
-0.05706550
-0.52487100
-1.07700000
-0.12232100
-0.18760600
-0.07831570
-0.11714500
-0.33959700
-0.71332700
-0.17663500
-0.00409383
0.29735800
0.13202200
0.84139600
0.99137300
0.23652100
0.71364200
0.32345600
0.41969600
1.18208000
1.32916000
1.63265000
1.61403000
-0.48946700
-0.29194700
0.00491305
0.08136890
0.50755300
0.40371000
-0.19804300
-0.10085900
0.60172600
0.16820300
0.92402900
-1.21782000
-0.67000100
-0.13017300
-0.04709500
0.09382480
0.32070600
-0.32993900
-0.27776700
0.54754100
0.38305400
-0.28394600
-0.14477000
-0.44472100
0.27624200
-0.05387350
0.40821400
-0.16987700
1.16406000
-0.58590700
1.25287000
0.86193300
0.58307800
0.26212800
-0.23619400
0.44947300
2.16080000
1.95261000
0.39455000
0.49893400
-0.30429900
0.04947970
-0.17479800
-1.08230000
-0.09599180
-0.92519300
0.22287700
-0.40329400
-0.38855300
-0.86955400
0.02278430
0.01190520
0.32120500
-0.37358000
-0.19996400
-0.18958900
-0.28142200
-0.40522500
1.58082000
0.33805600
-0.00468626
-0.01387170
-0.55034700
-0.44622500
-0.00931680
-0.69659600
-0.28567500
-0.33903600
0.07128520
-0.53743300
0.01904400
-0.15890400
-0.24479600
-0.14284400
-0.82756000
-0.56705100
-0.00384091
-0.43154100
-0.75364700
0.58377600
-0.54031000
-0.20804300
-0.89479800
0.48569900
-0.07142840
0.59814800
0.25626000
-0.09488360
-0.84203100
-0.08233130
-0.42042000
-0.30061700
-0.61131100
0.42845000
0.01673440
-0.03740550
-0.28430400
-0.01174440
-0.64623700
0.17416100
-0.18284200
-1.07687000
-0.32110700
-1.34937000
0.21999300
-0.32279900
-0.25167000
0.33666400
0.09355880
-0.13212200
3.13777000
0.81002700
-0.65256900
0.04484120
1.14447000
0.07612410
-0.34345700
-0.22236500
0.49844900
0.47171100
0.35809300
1.03757000
0.46374800
0.01029370
0.30365400
-0.30878300
1.29342000
-0.44775100
-0.27731900
0.21445700
-0.16492200
-0.50511400
0.19827900
-0.04962630
-0.34852800
-0.20315600
-0.23852700
0.03755430
0.15893500
-0.46764400
-0.35259700
-0.24695600
-0.09015630
-0.16953600
-0.44837800
0.31268100
-0.58228900
-0.78100700
-0.42536000
-0.61868800
0.24464800
-0.04837080
-0.41580500
-0.06015410
1.07780000
-0.23752100
0.30496000
-0.35267600
-0.47682800
-0.04078490
