4.68941000
6.66596000
5.24500000
5.08541000
6.01206000
5.36344000
4.96978000
5.04208000
4.85714000
4.83823000
-0.38258200
4.67703000
5.03540000
5.10845000
4.96119000
1.02293000
5.50876000
0.29013600
4.83830000
5.49529000
5.39073000
0.98127700
5.58879000
5.24580000
5.63155000
5.05207000
0.63791100
5.16148000
1.23942000
5.16084000
5.41360000
4.86872000
5.01200000
5.49729000
0.48214200
5.47550000
5.63474000
5.17922000
5.01857000
4.73802000
5.27875000
1.37746000
0.71384000
5.13227000
0.59877900
5.12556000
5.43524000
5.07561000
-0.30788700
0.25643700
-0.68357400
-0.33422100
-0.31712500
-0.36053300
-0.25077600
0.30860200
-0.37763000
0.13010700
0.22905700
0.66230200
0.19936000
-0.43431200
-0.30572900
0.09913810
0.27283700
0.38354500
-0.47578400
0.47550900
-0.21909900
0.07365990
-0.05820060
0.65479700
-0.04536960
1.03171000
-0.92330400
-0.37229800
-0.26515700
-0.17497200
-0.10072300
0.07748070
0.05772950
0.02700800
0.03649560
0.30285500
-0.07156330
-0.17429000
-0.32249100
-0.59041600
-0.84155200
0.12444000
-0.28155300
0.05336050
-0.57935300
-0.36767800
-0.34226100
0.04612610
-0.58255900
0.20465300
-0.18533700
0.12803900
0.90340500
0.29058300
0.02645200
-0.63698500
0.01792000
-0.31093200
1.30110000
0.22221400
-0.02737880
0.33106000
-0.78898300
1.39715000
0.67780600
-0.82082800
-0.84303900
-0.21701600
-0.23390900
0.05903300
-0.13536900
-0.08032540
-0.43466300
0.08326620
-0.09771770
0.38073900
-0.59071300
-0.77539700
-0.37758900
-0.18409200
-0.02952380
-0.41585000
0.67433500
-0.03207530
0.11327700
-0.46453100
0.12783400
0.96716000
-0.46831900
-0.43779200
1.06529000
0.43080000
-0.35769100
0.49523200
-0.23924200
-0.05100330
0.07923850
0.00228530
-0.24363100
1.80203000
0.33366900
0.07929820
0.68059100
-0.42781600
0.18045900
0.21848500
-0.00374415
-0.20577100
0.25466400
-0.07014220
-0.06977090
0.28786500
-0.36179300
0.10320000
-0.36232800
-0.65953300
-1.15284000
0.26224300
-0.30817300
0.24469100
-0.75197000
0.25492900
0.57746700
-0.43729400
0.31820800
0.16313200
-0.46544300
-0.25176300
-0.03396690
0.43030200
-0.41560600
0.14172000
-0.38629700
-0.15929200
-0.12126100
-0.31201100
-0.48934300
0.20031700
0.59461100
-0.15620400
0.20127400
0.57900200
-0.39086100
-0.02990950
-0.33347400
0.29755800
0.03341000
-0.21386600
-0.07972930
0.38949100
0.46878500
-0.15526300
0.37990400
0.00361926
-0.23158800
-0.92368100
-0.60538000
-0.60526700
-0.39584200
-0.16422300
-1.10123000
-0.35664400
-0.14503300
0.25972600
-0.65064500
0.14073500
-0.51981800
0.02261060
-1.10223000
-0.23642600
-0.14132000
0.57048200
-0.40406900
-0.60005800
0.47101900
0.08534800
0.02826800
-0.29660700
-0.17252400
0.14091000
-0.73675300
-0.42965300
-0.39312400
0.17121300
0.10951000
-1.08432000
-0.23967500
0.34155200
0.02399800
-0.41691300
0.01907980
0.33591600
-0.60912500
0.26378200
-0.15832800
0.36498300
0.36524300
0.60415600
0.11706200
0.93848500
-0.44565800
0.13843900
-0.43161600
-0.09711560
-0.37590700
-0.27222100
-0.45146500
0.03046660
-1.21421000
-0.64213300
0.44796800
1.31233000
0.03976450
0.02038400
0.00717467
-1.37941000
-0.64182300
-0.20051200
0.20016300
0.89065900
-0.31725200
-0.16824000
-0.08501130
1.49426000
-0.09979290
-0.50197500
-0.44714400
-0.48843800
0.18259400
0.04672000
0.94860400
0.01779610
1.26440000
-0.20598200
-0.09154930
-0.32841300
-0.33873200
0.13484700
1.10262000
0.15810400
0.26308800
-0.35608700
-0.48309500
0.29490200
-0.12808400
0.09261000
0.18819000
-0.84999800
-0.51867200
-0.12107900
-0.68809400
-0.19493500
-0.03474550
0.59352800
1.53392000
-0.17745500
0.06048840
-0.44969100
-0.46088700
-0.33506400
0.52768300
-0.45287400
-0.94062700
-0.21379600
-0.18755900
1.12280000
-0.25999400
0.91021200
0.32412300
-0.20980400
-0.44858300
-0.08128810
0.03762550
-0.08981480
0.51490200
-0.39099100
-0.37597300
-0.07444860
-0.88072600
0.27969500
-0.39497800
-0.47478000
0.03302090
-0.61374800
-0.26778300
0.01793460
0.32971300
-0.08023870
0.45291300
-0.03607590
-0.57033800
0.13677200
-0.02608970
-0.15005000
-0.44736000
-0.11626700
0.56105100
0.20938800
-0.63744400
-0.21069800
0.19463900
0.19305400
0.49168900
-0.31765700
0.19185500
-0.56655400
-0.43482600
-0.88828200
-0.91902000
-0.11368800
-0.13412700
-0.49400300
0.31203900
0.02041470
-0.04253600
-0.23547300
0.24760600
0.02224210
-0.27348200
-0.10378600
0.17131100
-0.24600400
0.04666950
0.27343100
-0.11976600
0.17723600
0.14398600
-0.15487500
0.29630500
-0.94321100
0.01228670
-0.29517900
0.36806800
-0.44774500
0.13703400
-0.45369900
0.52995000
-0.09815600
-0.16114400
-0.85731700
-0.73651300
0.07809010
0.53365200
0.14751000
-0.75840000
0.55525600
-0.16128700
-0.51288600
0.23262400
-1.12237000
0.50485000
-0.26430800
1.12113000
1.26365000
-0.31711600
0.27415500
-0.34402500
-0.28068000
-0.17559800
-0.63852700
0.37893200
-0.23833400
-0.41676700
0.34885200
-0.25378700
-0.69631100
-0.27840300
-0.30243300
-0.13948400
-0.12039600
0.06024810
0.46789800
-0.62151000
0.13460500
-0.61856100
-0.73088100
-0.05042070
-0.35009100
-0.04232910
0.20712200
0.18379200
-0.35006600
-0.33075500
0.28182800
0.86361600
-0.38210800
-0.36265200
0.00984146
-0.73381300
-0.43770100
-0.74047200
0.64114100
-0.53265300
-0.60317400
-1.01144000
-0.39767100
-0.89268600
-0.35707700
0.31463200
-0.61187800
-0.11488200
-0.35560400
-0.17868600
0.07674220
-0.14654100
-1.35092000
1.22376000
-0.79308300
-0.08099200
-0.77758800
0.57243100
0.06744190
-0.53593700
0.09211900
-0.16049400
0.25136000
-0.65806000
0.32824700
-0.26416700
-0.36794300
0.96476500
0.18966400
-0.69593600
-0.40819200
-0.53349300
-0.26712600
0.28185000
-0.21276100
-0.45628500
-0.33771200
-1.23598000
2.26253000
-0.39137100
-0.25892200
-0.69383000
-0.93029600
-0.11507500
0.15668400
-0.07565400
0.31121700
0.94310800
0.30156800
-1.07025000
-0.37300000
-0.63840000
0.31195000
-0.03770080
0.05415080
0.02780210
0.04486480
-0.37877100
0.01360960
-0.14859800
-0.83406300
0.03008050
-0.05081820
-0.04375740
-0.27719200
-0.36129700
-0.68702300
-0.24325400
-0.64034600
-0.37736900
-0.56417500
0.45440000
-0.07678380
0.47342300
0.08941260
-0.35842800
0.17585900
-0.34419500
-0.44990800
-0.16430700
-1.63559000
0.39904700
-0.31024900
-0.76810300
-0.36573100
-0.28544800
0.60273200
-0.97106000
-0.02607330
0.52126200
-0.18764600
-0.93076400
0.49552700
-0.17503100
-0.19898500
0.22883300
-0.54648000
-0.21505900
1.02636000
0.37716700
-0.70689000
-0.39174100
-1.08839000
0.06919720
0.99348300
0.23730800
-0.88443000
0.04944800
-0.49698800
-1.12183000
-0.17679300
0.28245700
-0.02197110
-0.28827200
1.04555000
-0.84900200
1.58826000
0.05425270
0.01867730
0.14542900
0.04468910
-0.25007500
-0.30755800
-0.64425300
-0.29607300
-0.40318700
0.26916400
-0.62717300
-0.09923630
-0.42111300
0.51649300
0.49077800
-0.09245120
-0.67944400
-0.70158300
-0.40061000
-0.11442700
0.49220700
-0.04016650
0.37688300
-0.74538800
0.39096700
-0.98065800
-1.05542000
0.40734500
0.27672100
0.63057100
-0.35874200
0.88248700
-0.08838630
0.44354100
-0.33305400
-0.03867950
-0.56849100
0.16363600
0.38977000
-0.11595000
3.19584000
0.13836300
0.26153400
-0.92366600
1.08697000
-0.12524700
-0.32181400
-0.52021400
0.06386080
-0.12836000
0.21407700
0.15182400
-0.41679800
-0.15798300
-0.17604400
-0.04090850
-0.81686400
-0.64939100
-0.10764400
0.12074600
-0.61672000
-0.44430500
-0.07967400
0.36459800
-0.21245400
0.13345400
0.04506120
0.43472100
-0.56273400
-0.84377300
1.16167000
-0.39751200
0.33372600
0.08564690
-0.23527100
-1.26265000
0.71521200
-0.01186790
0.42110800
1.38280000
-0.46640900
-0.88229200
-0.64579500
0.31416300
0.61368900
-0.84978700
0.37272700
0.39244900
0.83143500
-0.56008900
0.58995200
-0.08949640
0.15782900
-0.02865080
-1.01248000
0.15025600
-0.25884800
-1.31863000
-0.14902700
-0.61711700
-0.33544300
-0.20746300
0.16230400
-0.54946200
-0.26904700
1.17358000
-0.06222950
-0.12122000
-0.48015300
-0.83814100
-1.06507000
-0.59009700
-0.70765900
0.41261400
-1.28889000
-0.80916400
-0.27708700
-0.50702300
1.11992000
-0.36164800
-0.02898770
0.40334600
-0.64767100
-0.20478300
-0.51720500
-0.16425700
0.60305700
0.15969300
-0.56240700
0.19052300
-0.84768800
-0.31687600
0.07360370
-0.63157300
-0.14406700
-0.69668000
-0.27458200
0.11956700
-0.99562200
0.23300400
0.48282400
-0.44321800
0.06375100
-0.60401500
-0.25545500
0.39987300
0.20087100
0.03471510
-0.12273800
-0.21210200
0.26542700
0.19223600
-0.17033700
-0.43013800
-0.34816900
-0.58170500
0.22952000
-0.34735400
0.13088200
-0.21322000
-0.17805600
0.56743000
0.19789300
-0.16639000
-0.84274300
0.61375300
-0.31654500
-0.12145500
0.02096100
0.34269500
0.46380500
-0.15023200
-0.13272000
0.53116500
-0.31520400
-0.11461800
-0.58308700
0.43718800
-0.59527700
-0.02023260
-0.49125000
-0.02461720
-0.10263500
-0.21827400
-0.62061300
0.96743400
-0.35178600
-0.49056800
0.25732000
0.37451500
-0.56222700
-0.60288900
-0.08297430
-0.28017200
1.17024000
-0.02166050
-0.11664400
0.18373300
0.75184200
-0.32654500
-0.39851800
-0.21621600
-0.26116900
-0.09050860
-0.49029300
-0.89628600
-0.73683500
-0.26092100
0.33227300
0.29946500
0.27978800
0.87360700
-0.17307000
-0.40966700
0.27000000
0.71852400
-0.58982300
-0.41463900
-0.75619000
0.05835430
0.48846500
0.04586110
-0.17067400
0.37782300
0.12831500
-0.61803300
0.37644100
-0.08149080
-0.39901000
-0.03196760
-0.49756600
0.02397560
-0.41077700
0.01033850
-0.02347860
-0.57310900
-0.02475090
-0.35612100
-0.02535040
-0.48317500
0.12203300
-0.00397159
-0.89406900
0.11440600
0.56076500
-0.41817300
0.23235900
-0.46325300
-0.21317500
-0.23063200
-0.00190793
0.35445300
0.55365900
0.52815600
0.37374100
-0.03636260
-0.82202000
0.14707500
0.21095800
-0.37003000
-0.40023800
0.17574200
-0.09438420
0.47615100
-0.08567550
0.90519200
-0.34751200
0.25115000
-0.11950600
-1.14102000
0.03793000
0.37782300
-0.50946800
0.47358000
1.54879000
0.27780600
-0.95114000
-0.07877970
-0.50290300
-0.51504200
-0.24366400
0.23914300
-0.73718500
0.13147400
0.83966000
0.45067500
-0.07230330
-0.30087900
-0.35194200
0.56049900
-0.75325100
0.78056300
-0.40374400
-0.46825500
0.10206700
-1.42696000
0.00461002
0.28218000
0.22686900
-0.90089100
0.19592700
-0.20822600
-0.26572000
0.45151700
-0.37145700
-0.20986200
-0.56485900
0.51252800
-0.48228400
-0.44680800
-0.05643690
-0.84249000
-0.27163700
-0.25589600
-0.51493600
-0.31529300
0.52398000
-0.41734800
-0.47245300
-0.20630800
-0.34656900
0.08470150
-0.21686300
0.02207330
0.69827300
0.60301900
-0.20476000
-0.19271400
0.35268100
0.15843600
-0.53412100
0.26107400
-0.68355100
0.16883100
-0.54229400
-0.12300800
0.60404600
-0.16664800
-0.78680400
0.03244680
-0.51285000
0.06284220
0.23034900
0.75676500
0.33810300
-0.83382100
0.17162700
0.40156500
-0.83836400
-0.50780500
-0.42166600
0.63782400
-0.70676100
0.04947840
-0.31057900
-0.31564800
-0.46932100
0.08756530
-0.41669900
0.42691900
-0.09717990
-0.09385310
0.49946600
-0.28974500
-0.02878230
-1.40679000
0.98633800
0.54920500
0.49204500
-0.02465000
-0.10328500
0.09339240
0.55165700
-0.14996700
0.04645260
0.78616100
0.30111100
0.70432300
0.22977900
0.07219540
-0.53903300
0.06904580
0.01164360
0.34937800
-0.26881000
-0.95445600
1.18440000
-0.70042800
0.98531400
-0.70379300
-0.03700430
-0.08657210
0.59676000
0.14976200
0.26888700
0.02238340
-0.01240360
-0.08837470
0.35447000
-0.71719000
0.14552300
0.53773600
0.36023800
-0.70230300
0.41694900
0.07710120
0.10182100
-0.04140660
0.81027100
0.47810600
-0.51502300
0.08212390
0.10695800
0.40245800
-0.15253300
-0.67964300
-0.12362700
0.24444000
-0.31288100
-1.04220000
0.04104750
0.05795950
-0.45485300
-0.09650070
0.36576000
-0.43965400
0.59664800
0.78429300
0.09589810
-0.15415500
-0.34646100
0.45667900
-0.64997800
-0.23096900
-0.51953600
0.12418500
-0.25753400
0.28262500
0.36334300
0.24947800
-0.12225400
0.83173900
-0.04385810
-0.46003100
-0.29720800
0.23927600
1.24605000
-0.38925400
0.96650600
0.97891500
-0.31941200
-0.12602000
-0.21263000
-0.15266200
0.37080900
0.02226690
0.28716200
-0.18634700
-0.11514400
-0.00892949
0.29486400
-0.14156500
0.31227400
-0.66599900
-1.25264000
-1.05451000
-0.39791900
-0.33402400
-0.32473300
-0.18194000
-0.40661600
-0.47245400
-0.46402600
0.13755100
0.23644100
-0.38046300
0.00773679
-0.32290000
0.13318200
1.02446000
-0.19136600
0.41652900
0.06476510
-0.41392300
0.08613430
-0.02147780
0.92083800
0.63097200
0.38154600
-0.17034700
-0.04428800
-0.13498300
0.06832650
-0.78175300
-0.63368600
-0.18264400
-0.75299700
-0.39495800
-1.02172000
1.58736000
-0.59217900
0.09441250
-0.67957900
-0.46022200
0.03813990
-0.72502200
-0.15419000
0.13414800
-0.57068600
0.69822200
-0.43006500
0.65009900
0.18411800
0.36468000
0.08575360
0.02007490
-0.23964000
0.59676000
-0.22210700
0.51440600
-0.73789200
-0.34147000
-0.13524200
-0.37073400
-0.57616500
0.17571500
1.46812000
-0.35602100
-0.79475400
-0.53738500
-0.04847020
0.25388300
-0.44534500
-0.46299100
-0.13399600
1.80425000
0.24542900
0.32754600
-0.40796000
-0.26843500
-0.76126300
-0.81445900
0.42089400
0.01043250
-0.71039900
-0.06276430
-0.39185200
0.41684900
-0.25760400
0.51869400
-0.68706500
-0.32021100
-0.55106100
0.19703500
-0.61814400
-0.21718000
0.02335820
0.55472800
0.14823400
0.53352100
0.41455800
-0.52610100
-0.22933800
-0.93755400
0.22643400
1.18155000
0.50904800
1.22892000
-0.13624100
1.34781000
-0.29698300
0.63323100
-0.63744900
-0.06827160
-0.06618930
0.19201900
-0.19011400
0.14567700
0.36337600
0.92028400
-0.09060080
-0.28675900
0.35410600
0.06246840
0.68902300
-0.24420800
-0.82530400
0.91681700
0.25371600
-0.29923200
-0.12197300
-0.22666400
0.02760840
-0.34278300
1.45204000
-0.32868200
0.56040700
0.21639100
-0.16415400
-0.34635800
-0.52061400
-0.43991200
-0.30310000
0.38186500
0.17635400
0.48857000
0.82665100
0.35688600
0.12958000
0.31320100
0.46748200
-0.24019800
-0.55686000
-1.15962000
0.33196800
0.33290100
0.04009940
-1.00233000
-0.36072900
-0.16884400
-0.38174800
-0.29886200
-0.16152400
-0.40283300
0.01174660
-0.64114700
0.45115000
-0.15104000
0.77217800
-1.10877000
-0.21705300
0.69156800
1.91189000
1.08307000
0.59668800
-0.01767050
-0.18631800
-0.18319500
0.85221500
-0.03840270
-0.08681650
-0.03997780
0.33000200
-0.82493900
0.71510100
-0.44718300
0.20816300
-0.08046220
0.12316000
-0.27926800
-0.04998740
-0.47891200
0.04116220
-0.00249629
0.23697100
-0.14656600
-0.58324800
0.33436700
-0.09074320
-0.66906800
1.83264000
-0.29083300
-0.34598200
0.07225200
-0.14133000
-0.91816100
-1.36982000
0.75597300
1.08778000
0.15494100
0.13972400
0.12188300
0.33336500
0.47536300
0.04850940
0.02552970
-0.12066400
0.18670900
-0.74802300
0.08144750
0.36807300
-0.21823900
-0.00541010
0.36466800
-0.24273700
-0.27610600
0.42399300
-0.15623900
0.24547200
-0.26209800
-0.23086800
0.13784800
-0.18988200
0.55646200
-0.19076100
-0.47817600
-0.24374000
-0.48005700
-0.03939010
-0.03926260
0.14530700
-0.49609600
-0.58873900
-0.51608800
-0.04265640
-0.36069000
1.07563000
0.14116200
1.38301000
1.01066000
-1.57556000
-0.66957600
-0.73657000
-0.11825900
-0.43351400
-1.39251000
-0.18358300
-0.72534800
0.10449500
-0.73871900
-0.30160400
-0.23210400
-0.22579400
-0.54432000
-0.10635200
-0.62476500
-0.47495600
0.36122400
-1.11739000
0.50810700
-0.93831400
-0.18394000
-0.30232500
0.02301970
-0.31853300
0.30836000
0.78461100
0.22449400
1.81736000
0.84827500
0.88096700
1.07142000
1.03479000
1.23841000
-0.11432500
-0.10775600
0.08006670
0.41507500
0.01005200
0.85380300
0.29046700
1.71826000
0.24278000
0.04509270
1.79693000
0.69607200
0.73104300
-0.08089890
0.16992500
-0.06899530
0.51001400
0.26763300
-0.00452948
0.23500600
1.24594000
-0.21534200
0.01916400
-0.51520300
-0.15711200
-0.69599600
-1.26227000
-0.27240200
1.12804000
-0.53149300
-0.68377000
-0.49498100
-0.37967300
0.00127310
-0.31400200
-0.14918700
0.00224273
-0.04465200
-0.15685400
0.35604000
0.37856800
0.49563100
-0.42268800
-0.44979700
0.32666200
-0.22566200
-0.17307300
0.00933564
0.08243800
-0.74869300
-0.88798200
-0.50732500
-0.63031900
0.00462039
-0.59802600
1.48383000
0.19735100
-0.35033000
-0.30136300
-0.43883800
0.55023200
-0.66521800
-0.89926500
-0.47769000
-0.05563080
0.25242400
-0.41853300
0.00090998
-0.17363700
-0.37997300
-0.41226400
1.06011000
-0.70505500
-1.21515000
-0.76495400
0.92482900
0.36586700
0.96354100
0.41639500
-1.05900000
-0.02041940
-0.29949600
0.46821800
-0.78113800
-0.14003900
-0.24667100
0.08433030
-1.00199000
-0.59438500
-0.34918100
-0.43339100
-0.19954300
-0.47518200
-0.56759200
0.03154560
-1.05980000
0.22998400
0.21008500
-0.17503800
0.14561300
0.14455900
0.26923700
-0.09211370
-1.02439000
-0.34590200
0.29443800
-0.11034300
1.00758000
-0.69096900
0.88960300
-0.40760400
-0.31603500
0.12382900
0.68977100
0.43724900
0.31111200
-0.57822700
0.12854400
-0.56944800
-0.19647200
-0.32516200
-0.60275000
-0.22843100
-0.17829300
-0.32103900
0.16344900
-0.40436200
0.46198000
-0.14000500
-0.49848200
1.15081000
0.56147500
-0.37849300
0.10981900
0.52883100
0.47610100
-0.00988482
0.29716800
0.10086400
-0.10345300
-0.18689200
-0.00826526
0.28556300
-0.27914500
-0.17659100
-0.21524100
0.02686580
0.31501800
1.34831000
0.83770100
-0.09725230
-0.40748700
0.31836800
0.54265600
-0.57660700
-0.16142500
1.38304000
-0.38120700
0.43212200
0.35192200
-0.27438400
-0.62036300
-0.37080700
0.07819480
-0.49602000
-0.13993200
0.16397200
-0.45636600
0.48444000
-0.51426200
1.86576000
-0.44595400
0.18530200
-0.23017600
0.14892600
-0.01975500
0.43909800
0.60246200
-0.57187800
-0.65056100
1.81383000
-0.55287000
-0.37315800
-0.85789900
-0.44425500
0.90885700
0.26157700
0.41268800
-0.36844400
-0.81863700
-1.04468000
0.53609800
-0.61922900
1.00446000
-0.70452600
-0.57072300
-0.05310780
0.06224850
1.36366000
0.37372100
-0.71167000
0.58144200
-0.65515800
-0.06268470
0.36714000
0.02286200
0.21697900
-0.19958200
-0.28583400
0.11017700
-0.17044200
0.30462800
-0.54901900
0.88550800
0.44873900
0.02745900
-0.66581700
0.62454700
0.15565900
-0.35693800
-0.18562000
-0.35811500
-0.47179700
-0.14100400
-0.01287400
0.25551600
-1.18570000
-0.05392590
-0.74535600
-0.07012270
-0.86086900
1.48440000
-0.26851400
-0.44457400
-0.20186200
0.08068500
-0.44754900
0.04925310
-0.13431600
-0.23468700
-0.03194930
-0.12543400
-0.02949630
-0.64921700
0.01218290
-0.48976600
-0.55272200
0.30825700
0.14809800
-0.12141200
-0.82306500
0.34070200
-0.08400710
-0.64255900
-0.20881900
1.24570000
1.12191000
-0.99729900
-0.11093000
0.02358670
0.05143550
0.79829400
-0.63933100
0.38799500
-0.30468000
-0.08742400
0.12824800
-0.57116200
-0.51737200
-0.04574650
-0.86842100
0.42902200
0.07509500
0.65490400
-0.72207700
-0.48923900
-0.16039100
0.35766600
-0.40199200
-0.26524800
0.08068500
0.26372600
-0.08216490
-0.57752300
-0.31807900
-0.17455300
-0.69172500
-0.24977800
0.04246790
-0.84591200
1.29338000
0.01764200
-0.05214950
0.94333300
-0.08670010
-0.56881100
-0.24889200
-0.41877900
0.05615060
-0.20310000
-0.63580000
-0.08669000
1.89717000
-1.24999000
-0.35230800
-0.47363400
-0.02112120
-0.01857860
0.01593760
-0.52888000
-0.62457700
0.36560200
-0.24600700
0.35956400
-0.16160200
-0.30916200
-0.08260560
-0.19619400
0.07214850
-0.74175600
-0.75443600
-0.47997300
-0.50849100
0.20931500
-0.15233900
-0.50532600
0.45434200
0.08149540
-0.21497200
0.21162100
-0.52975200
0.83746600
-0.26951200
0.25539600
0.11547100
-0.61405500
0.15965100
1.46151000
-0.30432900
-0.32867400
0.06707790
-0.06593280
0.56777300
0.68404400
0.02841380
0.77891400
0.39098300
0.35934400
-0.08778180
-0.59444300
0.55655000
-0.14229200
-0.68027400
-0.31995200
0.20810500
2.42101000
-0.93656100
-0.11529100
-0.46043300
0.83656900
1.08111000
0.46737400
1.27329000
-0.04998200
2.05410000
1.40829000
0.03429410
0.82075200
-0.18305500
-0.10073600
0.78376500
-1.25683000
0.23165300
-0.32157600
-0.18647400
-0.18056500
2.87643000
-0.68235600
-0.62377100
0.17430300
0.15408700
0.07985390
0.71848800
1.63476000
-0.47508300
0.22623000
1.06312000
-0.02511800
-0.57918800
0.14784600
-0.55628700
-0.15578600
-0.69136700
-0.47383800
0.20538600
-0.09589620
-0.13990400
0.39325700
0.37252300
-0.60462000
-0.28685900
0.49768100
-0.50682100
-0.99798500
0.11974700
-0.84652700
-0.30901500
0.17797800
-0.03439800
-0.63175200
0.66867100
1.11535000
0.22153500
-0.39491300
-0.41901300
0.26073000
0.31410800
-0.15567700
0.26862600
0.01757610
-1.05836000
0.29369000
-0.37052500
-0.12157000
-0.29410100
-0.17826400
0.02355830
-0.57985000
-0.35605700
-0.55238400
0.89504600
-0.18103000
-0.26241800
0.37208700
0.95699300
0.45285600
0.22109200
-0.51405600
-0.49308900
-0.30496400
-0.36320000
-0.19686400
-0.58151300
-0.16872500
0.04114380
-0.51091100
-0.29361600
-0.48201300
0.03296600
1.17018000
-0.34468900
-1.31156000
-0.40407700
0.07302780
0.32215000
-0.15370500
0.12770900
-0.25087200
-0.55701200
-0.46113600
-0.94924100
-0.16263100
2.01661000
-0.36653300
-0.06677500
-1.13641000
-0.33056300
0.39540000
-0.74640200
0.12123200
-0.34947000
-0.33202100
0.00510375
2.04225000
-0.33419100
-0.34775600
0.33523600
0.21359600
-0.70237600
-0.56678900
0.03361650
-0.11796400
0.11522600
0.90862700
-0.00073428
0.84310100
0.10246600
1.22264000
0.75133000
0.71146400
-0.38562200
0.91915700
0.00720236
0.99068000
-0.09079400
-0.35829800
-0.37131400
-0.83213300
0.33267400
-0.56679200
0.11194600
0.34084500
0.49910500
0.04670220
-0.69301100
0.06280580
-0.52084000
0.68236400
0.11822400
0.49478800
-0.30107600
1.04209000
1.12857000
-0.44998300
-1.22572000
-0.53619000
-0.00073883
-0.20589600
0.41790400
-0.58701000
-0.01266370
0.22080400
-0.51001800
-0.59578300
0.04670960
-0.04046540
-0.04548440
0.91365900
0.26252000
0.47159400
0.70310300
-0.21185500
-0.16549500
-0.13951400
0.17563300
0.18004200
0.16830400
0.10343400
-0.65818000
-0.79187300
-0.37678300
-0.74377400
-0.43064000
-0.38819700
-0.09675970
0.20534500
-0.51651600
-0.51049400
-0.32327600
-0.10329600
0.38098700
0.14903700
-0.22319200
0.28291900
-0.12792900
0.01499250
0.24972700
-0.82834200
-0.06313520
-0.06994450
-0.47515800
0.34270100
0.52944400
-0.19416300
-0.23526700
-0.21958500
0.19818100
-0.56165900
0.16395800
0.20916000
-0.11630100
0.41617400
0.15092700
0.93144000
0.81529300
-0.54349400
-0.40764000
0.47642600
-0.64696200
0.21004300
0.48618900
-0.29867800
-0.51635100
-0.46872800
-0.21870800
-0.07624830
-0.64628200
0.51151400
0.56614200
1.04032000
-0.37232600
0.63545300
-0.56831900
-0.06712300
0.40873000
0.07165840
0.00705811
0.06614990
0.47618800
-0.43772800
-0.08442690
0.11334500
0.54812300
0.54812300
-0.37907700
0.10297200
-0.35463200
-0.50338900
-0.26737600
-0.20415300
0.22766200
0.67249200
-0.86252200
-0.06372490
0.25983700
-0.09150890
-0.13674500
-0.40444000
-0.43573800
-0.10930500
-0.82485500
1.40574000
0.25303200
-0.08608640
-0.86622800
0.09991410
0.03881670
0.09558040
-0.40039000
0.40953700
0.12814400
-0.25285000
-0.02151050
-0.80619000
-0.21759000
-0.50885100
-0.27650200
-0.45908300
-0.30253100
-0.94925400
-0.25210000
0.50829300
0.16333700
-0.62527700
0.84374600
1.17384000
-0.56297100
-0.33082800
-0.10396600
0.20878900
0.27341900
-0.73783900
0.01489110
-0.59311500
0.04932030
-0.59245000
-0.09193510
-0.12478300
0.34077100
0.65956600
-0.09982190
0.16469700
-0.21348700
-0.91444100
-0.31978400
0.29682000
-0.12190200
-0.23349500
-0.46313700
-0.21260100
-0.02932450
-0.18272300
0.47165100
0.14036100
-0.28957900
0.54018500
1.32482000
0.13810600
-0.49736600
-0.57938400
-0.17523000
0.34101100
-0.70131800
2.06052000
-0.42279000
0.41371300
0.27356600
-1.44656000
-0.09389700
0.47799300
0.37127800
0.37311500
-0.05185760
0.59305800
-0.53335200
0.24773500
0.05535070
-0.30147900
-0.07256280
0.04723670
0.17325000
0.65545600
0.68444700
2.36283000
-0.67795400
-0.17060300
0.21455300
0.60370100
0.14386800
-0.06150120
-0.22419700
0.30717900
-0.09305020
-0.68476300
-0.16178500
-0.16343600
-0.29882600
-0.39765000
0.09290400
-0.71301700
0.09458870
-0.18109000
0.17809700
0.01276950
0.25499300
-0.57427400
0.32121900
0.11194600
0.54888600
-0.15172300
-0.49135100
-0.41246400
-0.18820200
-0.20348500
-0.02507750
-0.88173700
-0.44473400
0.11308000
-0.11480100
-0.11250800
0.36237100
-0.34529200
-0.19564900
-0.97977500
-0.31927200
-0.71646200
-0.15015700
0.52428300
0.03504680
0.17469900
-0.73804600
-0.47191100
0.41410000
0.98871100
-0.91102000
-0.70467000
0.29339700
0.08180540
-0.24296000
-0.24838300
-0.32009600
-1.44537000
0.00698927
-0.64018400
0.02551250
0.10377700
-0.22088700
0.00916348
-0.07071850
0.49081200
-0.15274300
1.66092000
0.60066400
-0.19139200
-0.23340600
-0.06459170
-0.57443300
0.07315810
0.58048900
-0.10944500
-0.33916200
0.93667100
-0.41212400
0.52240900
-0.04746690
-0.33304900
1.45926000
0.38446300
0.44988100
-0.20768400
-0.45247800
-0.42507500
-0.64967200
0.37214000
-0.03796160
-0.41666400
-0.69616800
-0.07270250
-0.47002700
1.82630000
0.00413336
-0.20293200
-0.15573100
0.41761600
-0.75387300
1.79641000
0.40832500
-0.84260500
-0.40782700
-0.39035600
-0.55201200
-0.29838100
-0.46488200
-0.72999500
-0.26249300
-1.39027000
-0.27235300
0.91246900
-0.66805300
-0.49108400
0.03345630
-0.86023900
-0.67546700
0.55144500
0.96636700
-0.23533100
-0.33099100
0.12674800
-0.78283200
0.02675630
-1.08617000
-0.48305900
-0.31961800
-0.74443500
-0.54503000
0.34253800
-0.08619220
-0.15075000
-0.50975800
0.19240700
0.23845900
0.00623236
-0.19005600
0.18793800
-0.74980500
-0.39788200
0.01621990
1.01131000
-0.52907100
0.56483300
0.14200200
0.53613300
0.37898100
-0.06927730
-1.13555000
-0.71070400
-0.76844700
-0.37255200
-0.57817500
0.57302700
-0.06910960
-0.07448910
-0.15362700
-0.95808000
0.73654200
-0.10941100
0.23672200
-0.60498500
0.71889100
-1.12394000
0.34113600
-0.55631500
-0.25938500
-0.20688200
-0.57768800
-0.14583000
-0.49318200
-0.40511200
-0.46707000
0.06482740
-0.04040930
0.86744500
-0.11553700
0.10972200
0.08053920
-0.95182700
0.45593000
-0.42230600
-0.57817700
-0.92862100
-0.10384100
-0.21854100
0.29571700
-0.06244320
0.29169700
-0.57219200
-0.01823970
-0.06280200
-0.27404200
-0.47156200
-0.14500100
-0.39906800
-0.35510800
-0.15086300
-0.39724500
-0.05152120
-0.46594000
0.09264910
0.27024000
-0.46498000
-0.04760980
-0.23832700
0.28203700
0.41264600
-0.93081600
0.41694100
-0.45833000
-0.33298100
-0.52316100
0.06878520
-0.54882500
0.13323300
-0.34473400
0.45807500
-1.07966000
0.37023900
-0.50662900
0.32720100
0.44528400
0.23715900
-0.59266500
0.31795900
0.45990400
-0.12991900
-0.36692800
0.55972000
1.16723000
-0.37759100
0.26342400
-0.17400100
-0.73888700
-0.17858100
-0.32772300
-0.39080600
0.34489000
-0.02600030
-0.26564800
0.41461600
0.00372399
-0.33553200
0.52621800
-0.41385800
-0.00181422
0.31915100
-0.57403000
-0.48140700
-0.13437100
-0.10682200
0.30736900
2.41835000
-0.74780700
0.31228200
-0.66082000
-0.36851100
-0.14711600
-0.93110100
1.25996000
0.70372600
-0.15092300
0.45990400
-0.06713330
-0.24357400
-0.07544340
0.77817000
0.41464600
0.00274683
1.62219000
0.74102000
-0.90803100
0.03412570
0.00204970
1.00933000
0.13669300
0.54581300
-0.30313600
-0.65305400
-0.39817200
0.80842800
0.52629600
-0.57781100
-0.38240300
0.18417100
-0.59652500
-0.80989200
0.14417800
0.90536200
1.50334000
0.89988700
1.19844000
0.71088600
1.02681000
0.69245500
0.44974300
1.35283000
0.51680600
0.30119100
0.45072000
0.86082400
2.05614000
-0.10387600
0.14206200
-0.26772100
-0.07074690
-0.64267400
0.10208300
-0.12966900
0.44977400
-0.33598200
0.50590200
-0.45471600
-0.77752100
-0.44823700
1.69970000
0.06822290
-0.50173700
-0.54452500
0.32690000
-0.25567900
-0.47079200
0.22026700
-0.30047900
-0.35356100
-0.57430200
-0.31906900
-0.06380970
-0.08113030
-0.11376400
-0.53915300
-0.15887900
0.39473900
-0.63343200
-0.93890100
-0.47568100
-0.29862900
0.28171200
-0.03634740
0.53638500
-0.03249170
0.63047400
0.57775600
-1.05555000
0.51486700
-0.14950100
-0.27690900
-0.30456500
0.22071000
-0.41488400
-0.24550300
-0.21673200
-0.38161300
-0.26384200
-0.74831300
-1.31053000
0.12089700
-0.28309600
-1.04312000
-0.67229100
-0.07620620
-0.42159400
0.01394070
-0.03378580
0.31204800
-0.41786400
-0.25619500
0.10113000
-0.71578800
0.13873200
-0.69231300
0.02854970
-0.61850600
0.12974100
-0.10769500
-0.05925030
-0.86510900
1.25874000
0.24421900
-0.77489600
-0.11808900
-0.08482160
-0.07111240
0.11605100
-0.05836620
-0.53390300
-0.55111900
-0.28839300
-0.13713700
0.13636400
-0.14648000
-0.41798400
0.28706400
-0.28027700
-0.73006400
-0.42018400
0.46967200
-0.43243000
0.21495600
0.09536330
-0.02620240
-0.76805500
-0.32480800
0.53829600
-0.32273800
-0.67421100
-0.07293950
-0.44866900
0.12820500
-0.63887300
0.06925810
-0.12267200
-0.20824600
-0.70583700
0.56526500
0.78580300
-0.25229800
-0.18455800
0.19910400
-0.23168000
-0.24845500
-0.02682830
0.26743800
-0.06131120
-0.34993800
-1.08468000
0.40753300
-0.28273200
0.45730400
-0.81451700
0.40651000
-0.85648100
0.70037400
-0.47214300
0.07630370
-0.21907300
-0.36854700
-0.38973700
-0.19872600
-0.40521100
-0.58408700
-0.06205190
-0.02388620
-0.90197100
-0.37916300
-0.19761600
-0.65174000
-0.47749500
-0.26393800
-0.39313700
-1.33192000
0.04641500
0.03899890
-0.52775200
0.38706100
-0.44173700
0.08741910
-0.60778000
-0.64879200
-0.76222900
-0.17182200
-0.08559900
0.51269800
-0.61875500
-0.51280800
-0.10901300
-0.06246010
-0.85737400
-0.10026500
0.97459800
1.77966000
2.58606000
0.51827200
0.49339300
0.09715030
-0.47559600
-0.02688590
-0.14811900
0.65074400
0.19437200
-0.17337700
0.27772600
-0.31632600
-0.07957080
-0.19337900
-0.16097100
0.11477000
-0.08494530
0.06281290
-0.28606100
0.37327400
0.54544900
-0.60237800
-0.36102800
-0.32340400
-0.11204900
-1.06030000
-0.34099200
0.49587300
-0.62747100
1.49242000
0.30429200
-0.26467700
-0.24546400
0.34311600
-0.18824700
-0.48386400
-0.04250420
-0.55210600
0.68044800
0.28670700
0.88659100
-0.63083000
0.05866560
0.43956700
0.37878200
0.35550600
-0.07776530
-0.36114800
-0.26240700
-0.32286400
-0.67307600
-0.25869200
0.49452600
-0.60605700
0.07990460
0.05859170
-0.24585500
-0.21583100
-0.10062800
-0.00236814
-0.03540340
-0.33811900
-0.01276490
0.06158720
0.07392200
0.33039000
2.36249000
-0.94466200
-0.91087500
-0.51247600
0.79769400
-0.47777200
0.82707000
0.24417700
0.35157600
1.03709000
0.59610800
-0.51156100
-0.32968000
0.08329940
-0.05726530
0.04963810
0.07992940
2.34230000
0.26768200
-0.55853200
0.40853200
-0.67381300
-0.45457600
-0.32515000
0.51663700
0.49228300
0.21815500
-0.16815400
0.48678900
-0.48741400
0.58353300
0.45410700
0.20251600
-0.16972900
0.37687600
-0.11360400
-0.53235200
-0.36677700
0.80032600
0.74479000
-0.12364400
-0.13058900
0.07949860
1.26304000
0.76283100
-0.48377000
1.04481000
0.18659700
-0.45694900
-0.45817800
-0.34823100
-0.22648800
-0.26462800
-0.24186800
-0.18935300
-0.07088790
0.34372500
-0.32152100
-0.88473000
0.02619810
0.82017800
-0.15441000
0.16679100
0.60252900
-0.34098100
0.37779100
-0.60958700
3.09793000
0.81163800
0.26269500
-0.18141600
-0.06364420
-0.17663600
-0.44338700
-0.29351200
-0.06326950
-0.07229140
-0.38264100
-0.36357200
-0.54742300
0.35323700
-0.20898800
0.04922800
-1.04658000
-0.68645400
-0.46509900
-0.18567600
-0.25338800
-0.00160343
0.16054400
0.09312940
0.00173453
-0.04506250
0.17167700
-0.26516400
-0.07322130
-0.29790000
0.06556400
-0.31507600
1.00014000
0.05326210
0.02443120
-0.32643100
-0.51171000
-0.41491200
-0.03275080
0.15904900
0.13335100
0.19827700
-0.31511500
-0.33213000
0.07610180
-0.37376700
-0.34331900
0.08286500
0.28996500
-0.17621900
-0.51723800
-0.16321500
-0.14640500
0.28333900
-0.08428860
-0.22075200
-0.58364400
0.12662500
0.30618400
-0.73639600
-0.22101700
0.15745500
-0.81748600
-0.61098600
0.12646100
1.03288000
0.53130100
-0.11276600
0.03907810
-0.64088300
0.04390920
2.17415000
-0.06625320
0.24831100
-0.04628240
-0.02052500
0.15956000
-0.18311200
0.15339800
-0.42270300
0.07364740
-0.38595000
0.01136260
0.21647300
0.30755400
0.31539600
0.03459150
0.19472300
0.56391600
-0.88556300
0.26194000
-0.66118300
0.39527900
-0.64132000
0.56051900
-0.42011600
0.25637100
0.09156230
-0.34259400
0.41916800
0.10717600
-0.06811600
0.33285100
-0.58638000
-0.26992300
-0.45325100
-0.10161200
-0.43413300
-0.12808900
-0.82411100
-0.10980000
-0.01515510
-0.48182700
-0.00850271
-0.07030190
-0.43260100
-0.60107400
-0.63706800
-0.04831530
0.61409800
-0.41549800
-0.28483800
-0.01609230
-0.43121800
-0.42747400
-0.06483120
-0.20155300
-0.49754200
-0.25119500
-0.35768800
-0.53067300
-0.51497300
0.04713660
2.11895000
-0.33571400
0.97586000
-0.40743100
-0.07171790
1.09383000
1.30852000
0.06197620
-0.57722800
-0.90630500
-0.74230200
0.01213980
-0.10998600
-0.50370800
-0.40848500
0.35818000
-0.03619800
0.03022080
-0.19593700
-0.55936300
-0.10725100
-0.11469700
2.12850000
0.68285200
-0.93466800
-0.12423700
0.14079600
-0.18424800
-0.15225400
-0.02296450
-0.59283000
-0.66091200
0.07600470
0.42140400
0.45474300
0.43221700
0.21816700
-0.51711600
0.37787000
-0.36063400
-0.43672600
-0.07388530
0.97075800
-0.49566700
0.38969900
1.50847000
0.89234600
-0.26291400
-0.33803200
-0.96119200
-0.63519600
0.14464400
0.24719200
-0.89241900
-0.73573100
0.28821600
3.68336000
1.10041000
0.46711700
0.31778100
-0.06603500
-0.09436400
0.18585400
-0.62063000
-0.84302000
0.13876800
-0.27749200
0.46860500
0.36991400
-0.26525500
0.39397200
0.57212800
-0.08191730
-0.09112820
-0.31305000
0.07991490
0.00564300
0.19749600
-0.39114100
0.33475800
-0.01265890
0.13182200
-0.30449500
-0.13011100
-0.06665120
0.11282300
1.93278000
-0.26584200
-0.46234200
-0.74637300
-0.84353100
-0.19407700
-0.25778000
-0.59107600
0.79373300
0.52012700
0.08363100
-0.21981800
0.05374230
-0.81205100
0.66783900
-0.41197300
-0.04698850
-0.15978700
0.28187000
-0.18084700
-0.18540200
-0.10565800
-0.42678200
-0.74516900
-0.26271200
0.63297900
1.03257000
0.14874400
1.47509000
0.56516600
1.32364000
0.45817900
-0.28685000
-0.39535500
-0.18126600
-0.29067800
-0.07976630
-0.36750100
0.05041020
-0.14633200
-0.05914530
-0.33846900
0.01638220
-0.51050200
-0.09301120
-0.76129200
0.01510590
-0.53045500
-0.90402900
0.55944500
-0.89701700
0.49406200
0.01112310
0.36656100
1.18807000
0.15627300
-0.54846700
-0.39364300
-1.04543000
0.10859200
-0.52556000
0.20000800
0.02898430
-0.52906100
0.61000100
-0.58259600
0.69563800
-0.29684600
-0.41827400
-0.31054200
-0.28681900
1.09621000
-0.73830000
0.52062000
-0.68471800
-0.12078100
-0.35503200
0.09657740
-0.31362200
-0.27325400
-0.24845100
-1.56172000
0.12250100
0.07960290
-1.00642000
-0.02226920
-0.35558400
-0.26525100
-0.39280500
0.14157100
-0.29277300
-0.28824800
-0.37519600
-0.19111700
-0.23864200
1.04443000
-0.42786200
-0.62833300
-0.08923920
-0.54658600
-0.46597000
-0.83677600
-0.24716300
-0.53846800
-0.32059100
-0.54878600
-0.21735000
-0.25855800
-0.11909200
0.67566300
-0.14736600
-0.10382100
0.24406900
-0.24553600
-0.23297500
-0.46240000
-0.07776960
0.06404110
-0.60038800
0.27523000
0.42413200
0.28729400
-0.83620200
1.12277000
-0.05385540
0.33387000
-0.65242600
-0.98440600
1.19042000
-0.31311400
-0.14041500
0.45713000
-0.27945300
-0.36253700
0.20772400
0.20263100
-0.48319900
0.05310240
0.32817300
-0.36368500
-0.41986600
-0.30576600
-0.66092500
0.06635520
0.40106500
0.15991000
-0.25616400
-0.65853800
-1.27533000
-0.17932500
-0.14695500
-0.54086700
0.20628700
-0.34952600
0.16116500
-0.38637700
1.08247000
0.11162400
-0.25960700
-0.17382800
0.19865200
0.06343760
-0.06324820
-0.64896900
0.76082600
-0.28904700
-0.12396900
-0.02823720
-0.05537770
-0.86527000
0.11460400
-0.21541300
-0.22012300
0.62692800
-0.51676000
0.30587500
-0.46731300
0.04660410
-0.38511100
-0.14638600
-0.32442300
-0.55946800
0.23244400
-0.53702500
-0.12957400
0.99705200
-0.31861700
-0.30124000
-0.00334305
0.57291500
-0.67475100
-0.18741100
-0.58818200
0.00663500
-0.78816100
0.15666800
0.33805900
-0.28428900
-1.32378000
-0.17390700
1.56447000
1.02454000
-0.63670100
-0.11383400
0.29176300
-0.13086300
0.66577900
0.03424850
-0.48172200
-0.57427300
-0.50150800
-0.66272500
-0.45208500
-0.08087810
0.16538800
-0.04045290
-0.03398640
-0.36710800
0.16188200
0.04916870
-0.70212900
-0.37822600
-0.35825200
0.20517300
-0.33846900
-0.85382200
-0.45560600
-0.83549100
-0.25580200
0.88220100
-0.64307500
-0.89547800
-0.01028690
-0.54321000
-0.29828300
-0.54333600
-0.28184300
0.40054600
0.08236640
-0.54073900
-0.33425600
0.22941400
0.89595800
-0.68030100
-0.80164100
-0.39694000
0.05271140
0.28958200
0.23541000
-0.70466800
-0.46594000
-0.13270600
-0.33604000
-0.57543700
-0.54960000
-0.33914100
-0.26378900
-0.43433900
-0.13912600
-0.56180300
0.63569400
0.39224900
0.13553400
-0.35471300
-0.24647900
-0.80897900
0.11831300
-0.10285400
-0.25580700
2.11127000
-0.43729500
0.01935950
-0.03402470
-0.18083500
-0.39193400
0.58202400
-0.30120600
0.34561000
0.20534500
-1.01123000
-0.57048300
-0.44102500
0.37208700
-0.03990680
-0.19012500
-0.41377800
-0.41492200
0.14947200
-0.10300200
-0.31354600
-0.28947900
-0.37120000
-0.49660200
-0.28817700
-0.23961400
-0.25907500
0.54355500
0.53377500
-0.35810200
-0.37221000
-0.07130660
-0.20989800
-0.04216500
0.07606770
-0.14167800
1.32718000
-0.13814000
-0.13727100
-0.67955300
1.28642000
-0.98414200
0.72832600
-0.11679300
0.22869400
-0.57484300
-0.26353700
-0.44094400
-0.52362500
-0.15671200
-0.65101400
-0.52936300
1.36477000
-0.01916720
0.01406780
0.03275700
-0.40637400
-0.29569000
-0.17330400
-0.90812800
-0.81321400
-0.51828300
0.37420000
0.58738000
0.25573400
4.18810000
0.76222800
0.72790100
-0.12811100
-0.16660600
0.56893500
0.24190000
0.18265900
0.23718800
1.10530000
-0.96000500
0.06466860
-0.47317700
0.00600156
-0.55226700
0.10349100
-0.58268800
-0.01365120
-0.38697700
-0.66017600
-0.42290600
-0.12329400
-0.38250900
-0.52103700
-0.24080000
0.67251600
-0.35983100
-0.62625000
-0.15340300
0.19731300
1.21319000
0.24375000
-0.35671600
-0.09743510
0.01895510
-0.22605200
-0.14968900
0.01965690
0.09763770
0.55600900
-0.12738600
-0.20716400
-1.11580000
-0.01708300
-0.45130100
-0.30014500
0.96668900
0.66784400
0.96599900
0.51099500
-0.54450900
-0.16656800
-1.20219000
0.35420100
-0.36078300
-0.43687800
-1.15693000
-0.70441900
-1.06258000
-0.51147200
-0.12123000
-0.20623900
0.08188920
0.00283782
0.86867300
-0.18419800
0.62649500
0.02147660
-0.15071500
-0.62571300
-0.13676500
0.07385310
-0.18252000
-0.59362600
-0.74225500
-0.23343500
-0.31609900
-0.49340600
0.61273400
0.24537200
-0.19280800
-0.77180900
0.38639500
-0.45941100
-0.05423270
-0.13769900
0.42420800
0.15835000
-0.19420000
0.28060700
-0.73779300
-0.47420600
-0.12862300
0.42213300
0.09725280
-0.32236800
-0.23076900
-0.93001500
-0.22857800
-0.52181300
0.58500600
-0.47630300
0.18581000
-0.19119100
-1.06510000
0.28837800
0.80318600
-0.42572900
-0.38486700
-0.60599500
-0.47123900
-0.28005300
-0.48132800
0.11547800
0.21206700
-0.58358900
-0.09251060
-0.57854500
-0.31918200
-0.92172400
0.02704050
-0.63819900
0.31029300
-0.27074000
-0.35112600
-0.30757800
-0.02923800
0.10118300
-0.15939600
0.70868000
0.56880800
1.00909000
0.27276800
-0.63216700
-0.39054700
-0.21887000
0.09513690
-0.47491800
0.50598900
0.31041900
-0.73455200
0.25949900
-0.65431100
-0.07624360
-0.28194700
-0.11025400
-0.64409700
-0.07762740
0.05803650
-0.48365300
-0.41100700
-0.67102100
-0.57074700
-0.23571700
-0.35427000
-0.72822000
-0.34190000
-0.56416100
-0.12151900
-0.10357400
0.44990900
-0.24990100
-0.22109900
0.27363500
-0.17127400
0.30787400
1.26052000
-0.10754000
-0.30072000
-0.66979900
-0.68804100
-0.44333800
-0.76135400
0.17303200
0.16007400
-0.63594200
0.42969200
0.08344340
0.56868000
-0.18745600
-0.39377400
-0.14076300
1.17521000
-0.58882600
0.67594400
-0.05098030
-0.44228900
-0.75862000
-0.22837400
0.56881100
-0.92303700
0.57513600
1.39906000
0.39439700
0.53341400
-0.47875500
-0.57136200
-0.51682700
0.25988900
0.48035900
1.20910000
0.02235540
-0.05204280
0.04387020
-0.71407700
-0.53023600
-0.79193800
0.39234600
0.65650000
-0.03187010
-0.25042900
-0.62977800
0.48289000
-0.99260100
0.25703800
-0.07058100
-0.99699700
-1.06901000
-0.63273700
0.05725700
-0.40839900
-0.91323200
2.32748000
1.57672000
-0.47156100
0.37769700
-0.43210300
0.55825700
0.00476622
-0.65988800
-0.09598400
-0.27018500
-0.78939800
-0.41423100
-0.53303600
-0.00011868
-0.76117000
-0.56124300
-1.41646000
-0.25266300
-0.17162300
0.01814480
-0.70549800
-0.05903920
-0.80283000
-0.82575000
-0.78137600
0.38297500
-0.45774000
-0.80855800
0.63610700
0.67875800
-0.23919100
-0.83793800
-1.15025000
0.05272070
-0.08514000
-0.21167700
-0.65414800
-0.94156000
-0.91791400
0.34508500
-0.29276400
0.15299200
-0.05713100
1.25652000
-0.15867500
-0.29781900
1.10527000
-0.60136100
-0.49020200
-0.42598300
0.32675800
-0.30006200
-0.52777500
-0.15628900
1.62943000
0.43956400
-0.13848700
0.04532260
0.24525600
-0.04576500
-0.11125200
-0.38823400
0.89670000
0.67213200
0.29952700
2.93420000
0.12278300
-1.10595000
0.13912000
1.48252000
0.36069800
-0.54965700
-0.42684000
-0.49196300
-0.42469300
-0.35069900
0.08977000
-0.05204570
0.20215100
-0.76212700
-0.87005300
-0.04257580
-0.25674800
0.52131700
-0.38740500
-0.67378600
-0.83981000
-0.12781700
-0.05999730
0.08220390
-0.69425500
-0.09332350
-0.19611900
-0.23950000
-0.23939800
-0.22665700
0.14971400
-0.47632400
0.63310600
-0.39570600
0.09913310
0.10122400
0.09783520
-1.06667000
-0.36303100
-0.97004600
0.07163880
2.70043000
1.68588000
-0.75648800
-0.44680600
1.06117000
0.04676490
-1.05623000
-0.77387500
0.61033300
0.58629400
0.02414180
0.12851100
-0.54293700
-0.15650600
-1.11415000
-0.45247800
-0.43197600
0.39557100
0.06302250
-0.58278900
-0.49438400
-0.50852600
0.23920900
0.17434200
0.92359400
-0.18838500
-0.29589100
-0.73696000
-1.28926000
-0.03551140
-0.18387400
0.11860000
-0.32011800
-0.11312800
-0.44499000
1.34099000
0.89034500
-0.16406600
-0.46266400
-0.85009000
-0.07236850
0.21479400
-1.10670000
-0.49005000
-0.55399200
-0.01669060
-0.36909300
-0.30997800
-0.13659700
-0.73293900
-0.37024700
-0.40060000
-0.56274500
-0.44444000
-0.15974400
1.17667000
-0.47430200
-0.51174100
-0.53002700
0.03476150
1.32595000
0.98949300
0.01129580
-0.31263000
-0.07169410
0.49688200
-0.87127600
-0.16080600
-0.45284700
-0.43261600
-0.22241800
0.41928000
-0.12054800
1.15571000
0.56891800
-0.80016500
0.67422000
0.42201000
-0.46850900
-0.65842600
0.76053200
0.24236100
1.25554000
0.37537900
0.83482700
0.15740100
0.34490500
0.01711240
0.51058500
-0.12687900
0.56489700
-0.26908200
0.14642000
0.37904900
0.76500400
-0.35505700
0.23878900
-0.53571600
-1.02155000
-0.24554400
-0.97530200
0.25474800
0.05571820
-0.43589700
0.03475350
-0.12196400
0.52433700
-0.46279500
-0.26213600
0.02368720
-0.24139300
-0.25471700
-0.18418600
0.15562000
0.14366200
1.33463000
-0.35322200
0.68274500
0.47520200
-0.33652500
-0.17637600
0.04019200
-0.97295000
-0.29966300
-0.29540100
0.42339900
0.72740300
-0.71390800
-0.73057900
-0.21075500
-0.36666300
-0.59961900
0.12806000
-0.25973500
0.03798860
-0.42303600
0.09596820
0.00121529
-0.53070600
-0.72261200
-0.40184100
-0.22974800
1.63122000
0.67746700
-0.46918900
0.93379700
0.26770800
-0.20890400
-0.19905500
-0.34948600
-0.68506400
0.25612900
0.41781000
0.27951200
0.44793400
0.59789900
0.22011800
0.52122900
1.41852000
-0.70038800
0.15602800
0.15492500
0.06993040
0.34065800
0.96142600
0.39690500
0.22844200
-0.50601900
-0.48173200
-0.02107480
-0.89376700
-0.12457200
0.90408900
0.16043000
1.60531000
1.81852000
0.12320400
-0.17328300
0.02695420
-0.44772700
-0.00810518
-0.04656010
-0.07842500
-0.27749700
0.36230400
1.21417000
0.14011500
-0.50020900
-0.00655029
-0.24362400
-0.77993500
0.06846010
-0.76765500
-0.58776700
0.27927400
-0.45056600
-0.99834300
-0.33849100
-0.01934210
-1.11081000
-0.65081500
-1.00440000
-0.50107200
-0.36030400
-0.57449800
-0.99634100
-0.56556700
-0.81172800
-0.64136600
-0.17547300
-0.08198810
-0.70326900
0.63376200
3.19713000
-0.42260100
-0.64837700
-1.22846000
-0.43992000
-0.16077000
-0.15274200
-0.20867900
0.42230700
-0.30706500
0.07560530
-1.13902000
-0.00810844
0.40478500
-0.06190520
0.56955800
-0.27364300
-0.15496200
0.15787500
0.45820200
-0.00460717
-0.37259100
0.05027660
-0.00707783
-0.53104800
-0.28565000
0.73217400
0.19464900
-0.56972800
-0.03874450
2.38200000
-0.34890000
0.00496625
-0.12567900
0.19429000
0.58662200
-0.08721600
-0.38593700
-0.08356680
-0.44934400
-0.64466700
0.08233310
-0.56453800
-0.09623980
-0.08997890
0.13428500
0.14809500
-0.41187300
-0.07296110
-0.11629700
-0.32116200
-0.40915300
-0.40362800
-0.54321300
0.04172530
-0.20705800
0.32817200
0.02896800
0.07618370
0.03092080
0.05231230
-0.11394600
-0.19452000
-0.29629600
0.07908830
-0.04303370
-0.82798300
-0.04645730
-0.33848200
1.16813000
-0.19944000
-0.53589100
0.15189600
-0.53965800
-0.74724600
-0.10324900
-0.25383700
-0.50209700
-0.41295900
0.25536400
0.62390600
-0.09135890
-0.80739300
-0.12070700
-0.32539900
0.56534300
0.02988830
-0.46091500
0.05029690
0.25474300
-0.18158500
1.18706000
0.18784200
-0.26439900
0.47591500
-0.36385400
0.17018300
-0.37028200
-0.17772800
1.21273000
-0.85775600
-0.13124200
0.09188900
-0.62061400
-0.70718600
-0.65161200
-0.04254550
0.34132400
0.03947690
-0.19445000
-0.89614400
-0.38410700
0.33037100
0.08801020
0.38766300
-0.75464800
-0.02691360
-0.55908400
0.36706700
-0.00374147
0.07404230
-0.00002926
0.28068500
-0.60098000
-0.03684410
-0.40515600
0.18791300
0.86187000
-0.12581700
-0.72742100
-0.41498900
-0.14103300
1.01982000
0.37077900
0.45999000
-0.50937100
-0.61836100
-0.23089900
-0.25179100
-0.12745300
-0.81635200
-0.16296600
-0.27603800
1.06964000
1.21753000
-0.26013100
0.58830400
0.91257000
-0.53269300
-0.39364000
0.65557400
-0.34531600
-0.43385600
-0.14262200
0.14951700
-0.52341200
-0.26165700
-0.03783110
-0.40622600
-0.78547000
0.32510600
-0.32910200
0.10113100
-0.79427600
0.00132000
-0.18189800
-0.66445600
0.02270130
-0.52130500
-0.81008200
-0.31427300
-0.87195300
0.37242900
0.21670200
-0.32431500
-0.60486900
-0.87850700
-0.19744900
-0.76217700
-0.22573400
-0.02039930
-0.35241500
-0.42269100
0.36755500
0.12453300
-0.01670980
0.45671200
0.40689400
0.19905600
-0.30054200
-0.48477000
-0.36366100
-0.24953100
-1.11678000
0.15849200
0.26133500
-0.93173400
-0.22770400
0.34174300
-0.53213100
-0.56680600
0.72663500
-0.11786100
0.18307400
-0.69423200
-0.17713000
0.74504900
-1.01228000
0.58596200
-0.33642200
0.11765000
-0.09358030
0.27146100
0.18243600
-0.19219600
0.21710900
0.05773260
2.82127000
-0.43676100
0.77245600
-0.68188300
-0.31066400
-0.49749200
0.16010400
-0.24981200
-0.42141400
0.04049490
-0.42659500
0.48413400
-0.17305700
-0.42481800
-0.29498100
-0.71818800
0.58212700
-0.62667700
-0.23042800
-0.59814300
-0.22919400
-0.23749000
0.34940200
-0.25335200
0.61943600
-0.62709200
-1.28909000
-0.07779190
-0.36874100
0.19931400
-0.13517200
-0.24831400
-0.05471180
-0.40137500
0.45904500
-0.37203800
-0.49982700
-0.66269000
-0.20835400
-0.93886400
-0.19460100
-0.25895900
-1.24158000
-0.51012600
-0.34372400
-1.30214000
-0.28421100
0.19731600
-0.26173900
-0.33666300
-0.13724600
3.13548000
-0.64822400
-0.19193800
-0.30229400
0.04844910
0.15158800
0.56070700
-0.38425600
-0.86998600
0.17323200
0.09555690
0.22840400
0.35770400
-0.23260700
-0.28616500
-0.70703200
-0.21792300
0.09116240
-0.00910768
-0.00495937
-0.60270600
-0.47467600
-0.32739600
0.23218700
-1.04237000
0.00871784
0.92697800
-0.23698000
-0.21106900
0.36837300
0.43919700
-0.27650200
0.56767500
0.54758400
-0.63904100
-0.84033200
-0.15139100
0.17425100
-0.43255900
-0.26498100
-0.11127000
0.20998300
0.07413170
-0.67555800
-0.34410400
-0.22282500
0.18109700
-0.28013200
-0.93130100
-0.45630000
-0.57681900
0.01356930
-0.74206800
-0.47001200
-0.30871100
-1.02501000
0.47707200
0.87481100
0.41846600
1.08974000
2.02858000
0.27015900
-0.38281100
-0.45013800
-0.10370500
-0.18074900
-0.36361400
-0.84821200
0.38520100
-0.07941390
-1.09649000
-0.73116400
0.23661600
-0.48323800
-0.70259800
-0.11082700
-0.72177400
-0.32051400
-0.68417600
0.14823200
-1.17693000
0.22385600
-0.23595200
-0.62397100
-0.02801700
-0.49436500
-0.21192300
-0.38193900
0.00805838
0.42878800
-0.12303200
0.03208920
0.07713270
0.09320330
-0.41659800
-0.30582200
-0.05197840
0.18150700
0.87666000
-0.14336300
0.12969200
-0.92068100
1.74592000
-0.42413900
-0.42850000
1.17654000
-0.35717300
-0.26887900
-0.11387500
0.36195900
-0.37404900
-0.32225200
-0.58914500
-0.55786900
-0.28399900
0.69724700
0.98837100
-0.53956500
0.87097800
-0.34635400
-0.24508300
0.24355000
-0.99815300
-0.15461100
-0.16548200
-0.12785000
-0.54139300
0.78286700
0.54464300
0.56409100
0.25503300
0.26055000
0.58927100
0.18256800
-0.98349600
-0.65666900
0.60576400
-0.66728200
-0.55495900
-0.39613000
-0.79817900
0.47209700
-0.18293200
-0.12472200
-0.09869340
-0.36232300
-0.67635500
-0.40142800
-0.62443300
-0.23338300
-0.59836800
-0.27098000
-0.11811900
-0.64382800
0.66518800
0.35984800
0.41441400
0.87249800
-0.27188800
0.38096100
-0.48682800
-0.51146700
-0.18222000
-0.36265500
0.07088030
-0.29783000
-0.34760300
-1.13931000
-0.89634900
-0.14805400
0.59346700
0.19481400
0.31682400
-0.64814700
-0.41114600
-1.01854000
-0.41413300
-0.88121600
-0.47415700
0.25156500
-0.61044900
0.20900400
-0.57981900
1.01618000
1.87689000
0.60599600
0.06081940
0.25908500
-1.17860000
-0.82914600
0.55710900
-0.22106400
-0.61829300
-0.01565500
-1.52599000
0.29362400
-0.26046500
-1.35441000
-0.11019900
0.08996020
-0.52900500
-0.17421500
0.41309900
-0.47654600
-0.07668260
-0.13829600
0.19173400
0.01359540
-0.18693500
-0.70509500
-1.58138000
-0.00519108
-0.51539500
1.27570000
-0.26795800
-0.27664900
-0.48977100
-0.12050500
-0.04054110
-0.21414100
-0.37656400
0.15857100
0.34112500
-0.15698000
-0.00528087
-0.41388500
0.34703700
1.41657000
0.04498530
-0.53840800
-0.10003500
-0.24014900
-1.04656000
-0.98531400
0.20637300
0.26351400
-0.31992600
-0.14888200
-0.20973100
0.13303000
-0.13315300
-0.59291200
0.01672320
-0.27936100
-0.17093700
-0.30084800
-0.76767800
-0.26280700
-0.59167500
0.22550000
0.43601200
0.61167100
-0.00013785
-1.12881000
0.07069470
-0.50042000
-0.10409100
-0.11889100
-0.62452900
-0.63728800
-0.41017800
-0.16653800
0.06906550
-0.06168290
-0.65039100
-0.38578300
-0.20300700
-0.37616000
-0.26866600
0.36409700
-0.50418000
-0.24398900
1.08928000
0.73680200
0.41295200
0.25791200
-0.11423000
0.63515700
0.24967300
-0.09958690
-0.73326000
-0.88537300
0.80362700
-0.36830300
1.67654000
-0.55945700
0.17945800
-0.72125800
0.23902900
-0.87949500
0.22703800
1.11016000
0.30402700
-0.22751000
0.04607670
0.01896760
-0.16032100
-0.83438500
-0.84850900
-0.24392400
0.34836400
-0.40922300
-0.37028500
-0.13751900
-0.22841800
-0.51609600
-0.38360900
-0.53696800
-0.00482133
0.12644200
0.00965629
-0.21476200
-0.88045900
1.46241000
-0.56999100
0.80135700
-0.35015600
0.53716600
0.10611600
0.12949400
0.85130700
0.57364200
0.66328400
-0.08353530
-0.61145900
1.00393000
-0.01339070
-0.22715300
-0.61350000
0.45660100
-0.03293690
-0.11955500
-0.37142400
-0.85162800
-0.65902700
-0.23443400
0.44427000
0.40283400
-0.42517500
-0.49158700
-0.07179250
-0.63607400
-0.40694800
0.16279100
-0.40709000
-0.11723600
-0.08244080
0.13985700
0.02453100
-0.23249600
0.38070700
1.43959000
0.35098700
0.27501700
0.20711700
0.08577140
-0.69891600
-0.28986900
-0.30283600
0.14078600
-0.53410500
-0.12689800
-0.24842100
-0.31263800
0.48020300
0.24610700
0.35038500
-0.25863500
-0.47896200
-0.71311000
-0.30554300
-0.09224580
0.22170600
-0.24710100
-0.76263600
-0.50280200
-0.52758900
-0.52071500
-0.06755420
-0.45766900
1.07844000
0.12036900
-0.23916100
-0.19912800
-0.04218900
0.00409874
0.21655200
1.02653000
-0.45841200
0.45802300
1.48663000
-0.04830360
0.71402000
-0.38519900
-0.27497800
-0.31375700
-0.35310400
0.69760900
-0.16805400
-0.32205900
-0.38983500
-0.44952200
-0.96762200
-0.62322900
-0.46795000
-0.15960000
-0.18053300
-0.12481700
-0.24868600
-0.87020100
-0.50788700
-0.46378300
-0.50865300
-0.70931800
1.31179000
1.11469000
0.45813300
-0.41492200
-0.09128650
0.86589900
-0.22499400
-0.24092000
-0.20773900
0.57153600
-0.84594000
0.41923200
-0.17816600
-0.79074400
0.19920200
0.53536900
-0.45535700
-0.04113630
-0.73275700
-0.09903380
-0.47416400
-0.94651000
-0.60204100
-0.19121100
0.22376900
-0.60670000
0.02083750
-0.57120500
0.91691000
-0.58469900
0.17181900
0.12918900
-0.48515700
0.15176100
-0.02170900
0.45405000
-0.78216700
-0.62526800
-0.20313800
-0.67646400
-0.83010400
0.02110690
-0.03824720
-0.38776300
-0.59979700
0.48605300
-0.17307400
0.30004300
-0.51557000
0.06966300
-0.90187300
-0.19416700
-0.49140500
0.01623770
1.60245000
0.00871184
-0.90033900
-0.41864000
-0.04899660
0.42308000
-0.49565800
-0.09882600
0.10204900
-0.60249200
0.06370720
-0.39739800
-0.51243000
0.32414400
-0.03334050
-0.11395700
0.22291200
0.12257600
-0.11582200
-0.16264900
0.47723400
-0.99151700
-0.73405100
-0.56185300
-0.65976900
-0.90178700
-0.59255800
0.36664100
-0.37017800
-0.69866300
-0.55764800
-0.97192600
0.44323700
0.79093500
-0.40134100
0.30022500
0.08111540
-0.74377900
-0.34864000
0.36165400
0.15900700
-0.29557300
-0.50341600
-0.12302400
2.37829000
-1.31442000
-0.24403300
0.13952800
-0.51274200
0.68243100
-0.18540000
-0.15854300
-0.15886500
0.67938400
0.42511900
0.33491200
-0.09054050
0.13443400
-0.04425300
-0.28120800
-0.08391390
0.15559700
-0.35602600
-0.75725900
-0.91895100
0.52444100
-0.40125200
-0.63933900
0.00440537
0.04679620
-0.48637100
0.27120700
-0.19292300
-0.50349400
-1.08642000
-0.08784310
0.22543900
0.73913400
0.31214700
-0.04429950
0.37473900
-0.67187600
0.24855600
1.39207000
-0.76375200
-0.29085700
-0.08816320
-0.39949300
-0.92804700
-0.55422700
-0.09122780
-0.47971400
-0.50047600
-0.08335840
-0.11289700
-0.17667700
0.20755400
0.46351700
-0.52585000
-0.05125420
-0.12055000
0.24387000
0.06896120
-0.25804400
0.03821290
-0.13403600
-1.40745000
-0.54458800
-0.06241690
0.61322300
-0.21951200
0.25344400
-0.72078800
-0.63711100
-0.35789800
-0.75577700
-0.58606600
-0.95236900
-0.16677400
-0.14099300
-1.51652000
0.40275200
0.05705950
-0.72651100
-0.95895500
-0.27830900
-0.31405100
-0.90192600
-0.30584700
-0.16525900
-0.72195900
-0.34398300
0.90759200
-0.98544200
1.48357000
0.22368300
0.38880100
-0.02848290
1.14329000
-0.28703700
-0.92406200
-0.17888800
-0.53668100
0.55812900
-0.18499800
1.84123000
0.87998900
0.74109400
2.53691000
0.45999200
1.09923000
-0.08794870
0.60838500
-1.02836000
0.29200500
0.38866500
-0.09543990
-0.62624900
-0.00152037
0.54455500
0.55169000
0.56149700
-0.58804900
-0.07890280
0.14138000
-0.19548600
-0.41801200
0.43750600
1.45949000
0.71083100
0.85587700
0.18758900
0.96741700
0.61053900
0.22910700
-1.04484000
-0.49084300
-0.01692190
0.59880900
-0.23342400
-0.85517500
0.08725830
-0.63126400
-0.79012900
-0.08259270
0.14765000
-0.41435700
0.16126600
0.00270100
0.40371300
0.12362600
-0.23698900
-0.74327500
0.09146590
0.47923100
-0.68962400
0.15388400
-0.65010600
1.36551000
-0.57010700
-0.15284100
-0.15357500
-0.37626300
-0.51012200
-0.29311600
-0.17257600
-0.18556300
0.08299130
-0.42429500
-0.52277200
-0.62711200
-0.65335400
0.05397140
-0.01877060
0.57909200
-0.15720800
-0.53880400
-1.07881000
-0.03623250
-0.72115200
-0.52555500
0.29788900
-1.00407000
-0.46279900
-0.02391300
1.60994000
-0.36902200
-0.37707800
-0.76466400
1.28494000
0.06401490
-0.10867700
0.25089200
0.11904100
-0.10502000
0.06666290
-0.27958900
0.13012900
0.41200400
0.39542700
0.61299600
-0.68016400
-0.81525000
-0.11577300
0.27835900
-0.47628700
-1.24230000
-0.17975200
0.07190250
-0.71251900
1.13655000
-0.14734200
0.35185000
-1.12768000
-0.14851800
0.16998900
0.36648900
-0.53459300
-0.72116800
1.12443000
0.33311000
0.91840500
-0.10763000
0.21001100
0.06121650
-0.92407300
-0.46463300
0.18842900
-0.62665100
0.20939000
-0.01341020
2.47748000
1.15836000
0.04542290
-0.26410900
0.13601400
-0.86057900
-0.40944800
-1.10569000
-0.42043200
-0.11468300
-0.01423710
-0.55236600
-0.39090200
-0.41483100
0.07680050
0.79771400
0.30111700
-0.83575800
-0.79046300
0.53523600
-0.50482700
0.01581920
0.11235300
-0.37315900
-0.62726300
-0.79583600
0.08423610
-0.56053500
-0.29428700
0.11742100
0.60635600
-0.33288100
-0.52385400
-0.17501900
-1.36260000
0.08670750
-0.14388800
-0.87272700
-0.69391700
-0.12531100
0.13732500
-0.37559000
-0.40638700
0.70649500
0.14418700
-0.65102500
-0.81888500
0.21244100
-0.56432500
0.02989170
-0.32094900
0.46237700
-0.53458400
-0.35648100
0.10740600
-0.00392727
-0.06373560
-0.90937300
-1.26468000
0.46221300
0.00873202
-0.95082900
-0.27789000
-0.72779900
-0.40152000
-0.95224400
-0.65173800
-0.20273500
-0.70793000
-0.21050300
-0.15290900
0.08146110
-0.78396100
0.42436200
-0.17022500
-0.09286560
0.01838410
0.58167600
-1.09450000
-0.64900400
-0.32152300
-1.13273000
0.41628100
-0.02982010
-0.43610800
-0.53855200
-0.04398870
0.09396760
-0.29023400
-0.21877200
0.70823500
-0.17834200
0.96371500
0.29387400
-0.34928500
-0.20480100
0.46807300
0.01525810
-0.74127500
0.88966700
-0.43309500
-0.38428700
-0.22436700
-0.37995500
-0.03191470
-0.24823600
-0.13921800
-0.36650900
0.01429190
-0.57443600
-0.21095400
-0.23811600
-0.03733940
0.12219100
-0.81405500
-0.61850300
-0.24222900
-0.28428300
-0.42870700
-0.15113200
-0.08581300
-0.50578100
-0.03933760
-0.01816180
-0.05790280
-0.65395600
0.28392200
-0.03022840
-0.48466400
1.23891000
-0.08063330
-0.00311898
0.34376800
-0.44571800
0.34074000
-1.01510000
-0.70805900
-0.06327220
-0.55819600
0.26328600
1.63038000
0.23455800
0.12649600
-0.19167100
0.07775110
-1.04548000
0.15897000
-0.04236530
-0.16268200
-0.62665500
-0.37406000
-0.29007500
-0.06278750
0.01695820
-0.18788500
0.17549900
0.61136200
0.05541320
-0.42476400
-0.70553400
-0.64723300
-0.51047400
-0.69813700
-0.83214100
0.06007280
-1.01246000
0.93002800
0.04206940
-0.41449100
-0.21375700
-0.80046600
0.05210190
-0.37490000
0.65740000
-0.20440900
-1.65888000
-0.07473490
0.69200800
-0.49650600
-0.30219700
-0.14452900
-0.10560800
-0.13700800
-0.38916100
-0.40447300
-0.55264700
0.15748300
-0.49839800
-0.91682900
0.24834200
0.23326700
0.04864290
0.57026200
-0.86045100
0.10154800
0.33226200
-0.56721800
-0.63843600
0.14747300
0.02341570
-0.17678800
0.17579200
-0.30269000
-0.19549600
0.17893300
-0.35823600
-0.54573800
0.08832730
-0.41937200
-0.05153140
-0.77120400
-0.11172100
-0.92970300
-0.21040500
-0.35914000
0.64659500
-0.34246800
-0.04055260
-0.60849100
1.60260000
-0.32927200
-0.25774000
0.83275800
1.13911000
0.04347130
0.40776200
0.50032100
0.05769000
-1.12592000
0.45851700
-0.16591900
-0.07711560
-0.58229800
0.10872700
0.26639900
-0.14715000
-0.18587500
-0.71814400
-0.15119400
-0.97474800
0.25107500
0.05438060
0.03875090
-0.02045680
0.35101900
-0.32744200
-0.32944800
-0.40248200
0.09241560
0.18729800
0.34304700
0.02363750
1.45597000
-0.25141800
0.49433200
-0.69566700
0.12196700
-0.46719800
0.73519000
0.62244100
0.55605500
-0.02291820
1.41929000
-0.80653300
0.62216000
-0.08570750
-0.11521500
0.39614100
0.49230500
-0.58516300
-0.13372100
-0.34415200
-0.31149100
-0.37554500
-0.65886100
-0.65298800
-0.14181300
-0.02892980
-0.63916100
-0.92381200
0.53331500
-0.51194900
-0.18770600
0.19881600
-0.84350300
0.71723400
-0.74797800
-0.41133100
-0.05187890
0.17320300
-0.71249600
-0.69502900
-0.19502100
-0.60168400
-0.55947300
-0.24980500
0.60224600
-0.59995400
0.42741300
0.59139000
-0.91647200
-0.99049000
-0.33804300
-0.40257300
0.09754810
-0.16014500
0.30971400
-0.84448000
-0.43908000
-0.22733000
-0.16620200
0.22223000
0.50648300
0.29989100
-0.76900100
-1.08946000
0.49483600
0.32512700
-0.10201100
-0.29690200
-1.06401000
-0.23898200
-0.28010200
0.11813500
-0.44678600
-0.47463600
2.88221000
-0.39168100
0.31439400
-0.14114700
-0.70496600
-0.07350720
-0.01135120
0.10229800
0.19150200
0.36812800
-0.04551510
0.34424200
-0.27619700
-0.70536700
-0.40413000
-0.40262600
-0.04830790
0.17009700
-0.69013600
0.95765400
-0.40584800
-0.57595100
-0.41189500
-0.47935900
1.92132000
0.12172100
-0.55071200
0.63549000
0.35500000
0.33512400
-0.79548100
0.46976900
-0.29324100
-1.23345000
0.42245800
0.19897900
0.08822010
-0.01645500
-1.07073000
-0.94519300
0.57890600
-1.08017000
-0.17148100
-0.04183690
-0.65993900
-0.61601500
-0.37164200
0.05429240
-0.52286400
-0.07205730
-0.57510400
-0.62218300
-0.60380100
-0.56154100
0.18650300
0.42325300
0.66527200
-0.36689200
0.29675600
0.19201500
0.71048200
-0.42586000
-0.66872100
-0.02267590
-0.16178900
-0.34693800
0.44541100
0.50363500
0.60604800
-0.56427300
0.18581200
-0.35172500
2.81149000
-0.39123000
-0.58407300
-0.51149500
-1.01557000
0.27779700
0.37434300
0.79916700
-0.84355000
0.20286200
-0.62984100
0.21154000
-0.69330500
-0.35510800
-0.32833100
-0.36451600
0.63710800
-0.13492500
-0.02358320
-0.12091000
0.80776900
0.02300590
-1.04411000
-0.70488000
0.12301300
0.23588200
1.40185000
0.03301490
-0.29136100
-0.42072500
-0.60474000
0.05680040
0.01213450
0.21382100
-0.35504200
-0.68685700
-0.54106900
-0.34100900
-1.04213000
-0.37275200
-0.02610750
0.17870200
-0.23722100
0.61284100
-1.05105000
-0.52458800
-0.07597860
0.05391150
-0.94331100
-0.21966400
-0.31114500
0.65169700
0.79840900
0.31567700
-1.01005000
0.17776800
0.07160240
-0.57364500
0.28781800
0.97338300
0.19517100
0.00331805
0.76076100
0.74887900
0.45305400
-0.10745800
0.26524400
0.16693800
-0.48570100
-0.75702200
-0.80863800
-0.23507400
-1.01147000
-0.09608230
0.68560400
-0.40067200
0.15266400
0.12649600
-0.08645360
0.18901700
-0.20598900
0.02677650
-0.28983800
-0.20646900
-0.17874600
0.33202700
0.37033100
-0.42466600
-0.25822700
0.62103400
-0.40817400
0.04501920
0.54943800
0.03165770
0.14583700
-0.60767900
-0.66258400
1.66205000
-0.17808900
1.04326000
1.41249000
0.38866100
0.47356000
0.96289400
1.00287000
0.47900200
-0.40000500
-0.50394200
-0.32273300
0.16139600
-0.19675500
-0.21390600
0.00090328
-0.51993000
-0.97604600
-0.99542600
0.15606400
-0.39803800
0.16139600
-0.41861600
-0.07833890
-0.65846000
-0.20423600
1.34234000
0.14287600
-0.52844500
-0.77760100
-0.61857400
-0.20325100
-0.29898100
0.16291900
-0.43543300
-0.14194800
-0.21143400
-0.47707500
-0.52783600
-0.33035600
0.21536100
-0.18034900
-0.77318700
0.37250900
-0.60290200
-0.49193300
-0.14000900
-0.13478200
1.82173000
-0.30776000
-0.15162100
-0.07601080
0.17495500
1.57949000
-0.40428200
-0.49994400
-0.57571700
-0.24491500
0.22160400
-0.41094300
-0.18737800
0.46232500
0.26083600
-0.48598300
0.04295280
-0.33751500
0.04412900
-0.70610200
-0.34688400
-0.43625600
0.67783200
-0.21785900
0.70542000
-0.71716800
-0.17914400
-0.33168800
0.43626800
-0.02863840
-0.42823200
-0.22638700
0.30650400
-0.29949300
-0.21072100
0.05129010
-0.56887600
0.36196500
0.15133800
0.15133800
-0.25658400
-0.59227200
-0.28617100
0.49615300
-0.12030000
-0.31442600
0.26380300
-0.37799700
-0.03012340
-1.12239000
-0.22539000
-0.36286300
-0.04357430
-0.32943800
-0.24489100
-0.46697800
0.23667500
0.12616700
-0.60965800
0.11458600
-0.37227100
-0.02783390
-0.09023400
-0.09115180
1.66512000
0.24769500
-0.21707400
0.66762800
0.85005400
-0.40738600
-0.46192200
0.92435000
0.03320830
0.24939700
0.07569620
-0.33557800
-0.09743880
-0.61235100
-0.92249900
0.17232700
-1.01124000
0.16307100
-0.88042000
-0.44936300
1.25964000
-0.20605300
-0.51742900
-0.35470600
1.49164000
-1.25141000
-0.77907000
-0.22804100
0.25007900
0.70937000
0.14165700
1.62525000
0.53292300
-0.19680800
-0.47128400
-0.54915700
0.19789200
-0.35371600
0.29367400
-0.88545700
-0.65166600
-1.14954000
0.01512520
0.17437400
-0.71520300
-0.44539700
-0.62746000
-0.77318700
-0.08268470
0.27396400
0.06196620
0.20620400
-0.46584700
-0.72436500
-0.37318500
-0.43941900
0.23197400
0.14901700
-0.03944320
-0.15562000
-0.99451300
-0.58312700
-0.12907100
-0.29438500
-0.86230400
0.75688900
0.07793640
-0.06611960
-0.19422300
-0.18329100
-0.35139100
-0.02894910
-0.12703900
-0.83614000
0.09710150
-0.60032200
-0.60032200
0.02692870
0.20815500
0.65890700
0.04422850
-0.29701300
0.03034230
-0.84805100
0.32519400
0.25014000
0.04328910
-0.19583600
0.08570420
-0.43384300
-0.11165500
-0.05720600
-0.54587700
-0.40761000
0.00221505
0.40840000
-0.47969300
0.63627100
0.50028900
-0.20440900
0.50216300
1.85772000
-0.05599970
0.07820210
-0.32220100
-1.14940000
-0.65136000
-1.09558000
0.48407800
0.37407600
-0.49553000
-0.45558100
-0.43887100
-0.64931100
1.34050000
0.35721300
-0.94655800
0.30368300
2.16436000
-1.30861000
0.69730900
-0.78795200
0.09785990
-0.17002200
-0.83165200
-0.03373580
-0.28729100
-0.46623500
0.00997582
-0.07327300
-0.55417900
-0.35855100
0.18875100
-0.57613400
0.73958700
-0.72379700
0.32273100
-0.08844090
-0.03402640
-0.00625419
0.92684100
-0.20733000
0.22957100
0.41120500
0.35391800
-0.69551200
0.29639400
0.92208300
0.78402500
0.10930200
-0.24100400
0.30610800
-0.75071200
0.50745300
-0.51303400
0.18673000
-0.15518700
0.03521400
0.43497600
0.05570280
-0.22999300
0.15006200
-0.26623500
-0.16965800
-0.43556200
-0.32518400
0.10606600
0.30178000
-0.57759200
-0.25269500
-0.04484780
-0.47928700
-1.05565000
0.23675300
-0.79548500
-0.16181200
-0.23787900
-0.41909200
-0.33416600
-0.40224700
-0.49763200
-0.30340000
-0.02375660
0.02732520
1.40943000
0.01171530
1.25659000
-0.04464960
0.34478900
-0.94553500
-0.13858600
-0.86477200
0.48089000
0.03748240
-0.15841000
-0.25355900
0.95503600
0.24036700
0.67572400
1.15886000
0.22759700
-0.36630500
-0.63325500
-0.29410400
-0.49440600
-0.42747700
0.24112200
-0.53155200
-0.39925900
-0.01828830
0.47587000
-0.60853100
-0.13484100
-1.09428000
0.27341800
-0.10492400
-0.86089000
-0.51724900
-0.27521600
-0.50645500
0.36660600
0.49786200
1.36852000
-0.97474100
-0.68584400
-1.00240000
-0.58520100
-0.58571000
-0.24310400
-0.92114300
0.09083370
0.09623590
-0.52975300
-0.76873800
-0.40965000
0.14613100
-0.11468900
-0.50422400
0.03025530
-0.34166300
-0.53335100
0.32607700
0.45934200
0.05363580
0.07646160
-0.45544200
-0.08638560
-0.01084770
-0.52445400
-0.45070000
-0.06250390
-0.03903070
-0.23349900
-0.31548000
-0.48337800
0.59270800
-0.07739120
-0.57005300
0.67255900
-0.52139900
-0.42128000
0.32979600
-0.20982900
0.18075100
-0.02863090
-0.02774920
-0.06370400
-0.17454500
-0.61200100
0.10987400
0.38705900
-0.56923500
0.01673350
2.00979000
1.47528000
0.73591900
0.02051750
-0.13680600
0.07532150
-0.16760400
-0.53457700
0.17680900
-0.49458200
-0.11130100
-0.78919900
-0.35426700
-0.11157500
0.12080600
-0.48217300
-0.72992600
-0.46035300
-0.12240400
-0.68729900
-0.01256940
0.46978400
-0.63952800
-0.64965000
-0.78712100
-0.41500700
-0.53718000
-0.44844700
-0.55270300
-0.50413600
0.27350000
0.29766600
0.04615770
-0.02129260
0.16779000
0.28217500
-0.15828400
-0.45955400
-0.19468600
-0.58125400
-0.03727470
-0.82743100
-0.03098540
0.19815600
0.42762200
-0.21596900
0.10938400
0.22968300
-0.00870840
0.10479200
-0.45310400
-0.98547400
-1.03412000
-0.30966900
0.26153900
-0.05805610
1.47363000
0.36711000
-0.22664700
-0.31834700
-0.18895200
-0.48922500
-0.35589100
0.37578600
-0.53924200
-0.18505000
-0.63773700
0.02984160
-1.03401000
0.17124200
0.31097300
-0.60495700
-0.30119300
-0.13034600
-0.33734500
-0.04325320
-0.72564800
-0.22726500
-0.04550030
-0.08719370
0.09955920
-0.68042600
-0.50322400
-0.92854800
0.94118500
-0.36424300
0.08894370
0.22695100
-0.17965900
-0.52871200
-0.18653100
-0.17614800
0.45978300
-0.18549400
-0.84371600
-0.51116800
0.67208700
-0.61314300
0.08175380
0.04443220
-0.27731400
-0.30104600
-0.97448500
0.33830300
0.12050400
0.15201400
-0.58522300
0.81489200
-0.02341220
-0.14091300
-0.68912300
0.68168800
1.19989000
-0.06543850
-1.27060000
0.43582200
0.66621500
-0.33619500
0.07205930
-1.26581000
0.79089800
-0.10052300
-0.53795100
-0.21469200
0.47305900
-0.29538500
1.07800000
-0.72042400
-0.04949230
0.75797800
0.21883900
-0.50350500
-0.31500800
-0.61470600
0.38727700
-0.84653700
-0.13741800
-0.54362300
0.08165520
-0.17161100
-0.80341200
-0.07711560
0.18645700
0.62487100
-0.02122920
-0.66716500
-0.89504900
-0.44790300
-0.90494200
0.44124300
0.03245430
0.17951900
-0.22992400
0.63403200
-0.56902700
-0.22136100
-0.23173700
0.71869700
-0.00259540
-0.64086600
-0.42013100
0.42048900
-0.49613500
-0.40016100
-0.17949200
-0.33170700
-0.10712000
-0.33977500
-0.11482500
-0.55417000
-0.45384800
-0.61418500
-0.34932300
-0.27176800
0.31519600
-0.55440300
0.35461700
-0.80292500
2.46492000
-0.35130700
0.19279800
-0.16264100
-0.12052000
-0.42247400
0.65716600
0.39354000
0.31674000
0.76750200
-0.81758500
-0.55565100
-0.77371700
-0.32188200
0.70304400
0.96943500
-0.05177240
-1.23474000
-0.25995000
0.48117700
-0.58245000
0.07929570
1.80716000
-0.29310300
-0.53444200
1.10828000
0.33792900
0.86676500
1.25266000
0.95755900
0.86694400
0.74623000
-0.96784000
-0.53449000
-1.60011000
1.60001000
1.72988000
0.45465300
0.96462200
0.65317400
1.21922000
1.12526000
0.30454500
0.08934910
-0.03758600
-0.61917000
-1.13022000
-0.12380500
-0.30318100
-0.09141290
-0.06988720
-0.44864000
-0.70764100
-0.37159800
-0.04758260
0.25861500
0.06941990
0.68168800
0.85728200
0.14210500
0.16979000
0.72735000
0.22646100
1.08349000
0.88606600
1.29107000
1.32669000
-1.01465000
-0.48357300
0.09118400
0.00467954
0.34877000
0.22362500
-0.28246800
-0.29787200
0.23124600
-0.07631290
0.71275300
-1.52227000
-0.83647200
-0.36304000
-0.09926540
0.07228090
-0.03045410
-0.32667800
-0.50379400
0.39948100
0.14772200
-0.42967100
-0.31321700
-0.75007200
0.23948300
-0.10027700
0.33107900
-0.14963900
0.73826700
-0.85223800
0.90788300
0.34413400
0.42338900
0.00431854
-0.41343900
0.48735800
1.57038000
1.74265000
0.14259800
-0.11945900
-0.68010000
0.12890000
-0.37873400
-1.21777000
-0.39676400
-0.88178000
0.30333900
-0.69094000
-0.26852000
-1.16255000
-0.13521300
0.08327410
0.00040063
-0.46429200
-0.23266700
-0.25429100
-0.42349300
-0.51304400
1.64172000
0.45282500
-0.05704670
-0.26765900
-0.53476000
-0.39585700
-0.12459300
-0.60579100
-0.73684300
-0.37292700
0.01566860
-0.52451200
0.05526470
-0.13250400
-0.35854600
-0.46283400
-0.86879000
-0.54930300
-0.05075040
-0.45549800
-0.81144100
0.18582300
-0.60251000
-0.36308900
-1.00760000
0.41511700
-0.49354500
-0.05726290
-0.18565500
-0.45607300
-0.91173900
-0.05914430
-0.45145300
-0.60792100
-0.62357200
0.46604300
0.08409610
-0.05704080
-0.36985400
0.06257330
-0.77326200
0.01697660
-0.22335600
-0.96219300
-0.35326000
-1.47833000
0.16387300
-0.36800600
-0.12986400
0.19794900
0.20753600
-0.37907600
2.91877000
0.51077700
-0.69550000
-0.01092780
0.83188400
-0.10331400
-0.35054600
-0.29885500
0.47329400
0.43689100
0.02952190
0.71911800
-0.02199390
-0.01718280
0.19830500
-0.32878100
1.01065000
-0.37930400
-0.22381000
0.31228500
-0.18551200
-0.52838100
0.12515500
0.05699810
-0.12909200
-0.26105200
-0.21193600
0.11919600
0.11740200
-0.39152200
-0.42483300
-0.24379300
-0.15624100
-0.06762260
-0.55689000
0.11345300
-0.68115000
-0.76507400
-0.41508100
-0.69027900
0.25575100
-0.09043780
-0.36497800
-0.13966700
1.03505000
-0.39287700
0.46212900
-0.34924400
-0.57212300
-0.02065360
