4.77309000
6.80061000
5.37368000
5.04564000
6.11241000
5.49159000
4.99356000
5.16631000
4.98421000
4.83434000
-0.37594500
4.86770000
5.13056000
5.14855000
5.11279000
1.15700000
5.69396000
0.25932600
4.98439000
5.63941000
5.57996000
0.96496600
5.96025000
5.29052000
5.86586000
5.31727000
4.86890000
5.26039000
1.25809000
5.21674000
5.52627000
4.95390000
5.18938000
5.67545000
0.49912100
5.51949000
5.78609000
5.33223000
5.17140000
4.84560000
5.38455000
1.80136000
4.87111000
5.18732000
0.65713800
5.28747000
5.52470000
5.12354000
-0.34088100
0.29464900
-0.73329100
-0.21705000
-0.28580800
-0.23850600
-0.28786100
0.25591100
-0.44633000
0.18179700
0.43471500
0.56965500
0.20449800
-0.13990500
-0.27809400
-0.02025750
0.24080800
0.25034400
-0.45311200
0.42339900
-0.20489500
0.04253550
0.02965340
0.66613500
-0.06053900
0.85763700
-0.66333000
-0.18793000
-0.11884700
0.14797300
-0.14073100
0.03316580
0.23604000
0.14609800
-0.07247390
0.26373100
-0.13681200
-0.18201700
-0.27363700
-0.51124900
-0.80548400
0.10457900
-0.39912500
-0.00460681
-0.66534300
-0.43236500
-0.18678800
-0.09383960
-0.41954000
0.16663400
-0.10966500
0.11100800
0.88496100
0.18380600
0.15858900
-0.54074800
-0.11851900
-0.22357600
1.47159000
0.33971600
0.40730100
0.69999700
-0.76981300
1.56094000
0.94275700
-0.70951500
-0.76987500
-0.15843500
-0.27532500
-0.01838320
-0.06821160
0.11358100
-0.50257700
0.21521400
-0.00581342
0.46470600
-0.52259100
-0.22063000
-0.35014100
-0.30088800
0.08305740
-0.30522000
0.57425800
0.03948530
0.09754040
-0.38156900
0.07074800
0.97887300
-0.42196900
-0.45783400
1.12830000
0.69856400
-0.17131500
0.67608200
0.01109900
-0.04277390
0.00607015
0.06941890
-0.11507800
1.90213000
0.47982000
0.09978780
0.89013700
-0.39649100
0.36109600
0.22934300
-0.03419640
-0.05638320
0.31112500
0.02429420
-0.05741590
0.16344200
-0.35535100
0.09497760
-0.24368200
-0.40001100
-1.03321000
0.22695600
-0.33071800
0.31282000
-0.60127000
0.20959600
0.65940000
-0.27529300
0.39681000
0.36815400
-0.34531000
-0.02988160
0.09005630
0.41041000
-0.29377900
0.19074100
-0.21275100
-0.09527300
-0.03826920
-0.22406100
-0.46301300
0.25423500
0.67721800
0.02087220
0.21540200
0.68120300
0.14526300
0.16317000
-0.37237800
0.36667600
0.06572450
-0.31961300
-0.10394200
0.43569200
0.49990700
-0.18011800
0.44471500
0.00148292
-0.35840400
-0.50763800
-0.61879700
-0.51592000
-0.28551700
-0.04372670
-1.03187000
-0.07022710
-0.19207400
0.16374900
-0.41227300
0.11254800
-0.63548300
0.37468700
-0.61159700
-0.06240940
-0.09390700
0.57561000
-0.34663500
-0.34855400
0.45455700
0.08613680
0.16374500
-0.29415000
-0.05129100
0.25703100
-0.40036300
-0.39119000
-0.34800000
0.03090790
0.02646470
-0.95448500
-0.15474600
0.35532100
0.19526900
-0.31309800
0.00693625
0.29966600
-0.57806800
0.36528900
-0.03981350
0.39564900
0.50959800
0.58664900
0.17934100
1.29337000
-0.26277600
0.29754300
-0.45227500
-0.04632430
-0.17885600
-0.23039100
-0.40024500
0.05479870
-0.98607200
-0.60876200
0.22861000
1.37625000
0.35230600
0.22407500
0.37608700
-1.43906000
-0.37087600
0.32839200
0.68641900
0.96573700
-0.06641970
-0.25336700
-0.01468920
1.56115000
0.08513770
-0.44398800
-0.24323400
-0.20747700
0.50939200
0.45163700
1.16818000
0.02759120
1.45747000
-0.33915800
-0.22188200
-0.27483000
-0.36582500
0.22006200
1.19518000
0.42121400
0.28995200
-0.32807900
-0.49855900
0.30104300
-0.09988500
0.00661621
0.22468100
-0.93621900
-0.37922600
-0.03319230
-0.70187500
0.12525000
-0.01572240
0.63444500
1.69471000
0.02568700
0.15176500
-0.42503400
-0.36984800
-0.19115900
0.41715100
-0.49350300
-0.69120600
0.09843950
-0.07334020
1.13156000
-0.00504946
1.03272000
0.51376900
-0.16062400
-0.42176800
-0.16713000
0.20935900
-0.10103200
0.53732600
-0.34446400
-0.12088200
-0.01573210
-0.73263200
0.57455100
-0.39404200
-0.32031900
0.10892800
-0.65566900
-0.22482700
0.08052650
0.28685700
-0.16853000
0.45495100
0.11459300
-0.60026100
-0.07125120
0.01152810
-0.12924100
-0.32089200
-0.07776940
0.45992800
0.21438900
-0.53913800
-0.30370800
0.11113100
0.34525700
0.84575800
0.42800600
0.16110200
-0.54229600
-0.34757300
-0.82916300
-0.83914800
0.14558400
-0.02095970
-0.43660400
0.40776400
0.07092130
0.11036700
-0.13555700
0.17896600
0.29984200
-0.01415150
0.17738600
0.43083000
-0.19965900
-0.02800050
0.43793200
-0.08677690
0.43060900
0.05382940
0.11135500
0.27571900
-0.34085300
0.15586000
-0.11227600
0.32969300
-0.37978100
0.17241000
-0.30979400
0.59918700
0.02143810
-0.17794500
-0.44487100
-0.56756000
0.12021900
0.46476500
0.46561500
-0.48139900
0.50446800
-0.01051640
-0.56411400
0.34390800
-0.97221600
0.67875800
-0.16946200
1.55598000
1.49042000
-0.06598660
0.32233500
-0.17722200
0.00113622
-0.17454900
-0.49212700
0.38031700
0.25885700
-0.05485670
-0.01911350
-0.26839400
-0.57237600
-0.28133700
-0.28877000
-0.06545330
0.09184440
0.00668085
0.57133400
-0.53656000
0.02232650
-0.64821600
-0.44522200
-0.24810500
-0.22486600
-0.05863930
0.17647500
0.09965010
-0.17638700
-0.32430600
0.27024200
1.21353000
-0.11712400
-0.42913500
0.14677000
-0.44083900
-0.37126000
-0.72396400
0.60284700
-0.23056200
-0.59950500
-1.03402000
-0.30095600
-0.66281200
-0.03834480
0.55089000
-0.62869300
0.34641900
-0.37116600
-0.11337700
-0.10071000
-0.09110750
-1.03803000
1.22343000
-0.53948700
-0.21378100
-0.73572300
0.74301800
0.08478610
-0.48863700
0.20869100
-0.21472900
0.38405600
-0.68690100
0.44788700
-0.24873500
-0.10821300
1.03600000
0.38682500
-0.53042800
-0.38957800
-0.48847700
-0.28740700
0.38129300
-0.20127200
-0.25691300
-0.28862300
-0.91782100
2.42016000
-0.01615370
0.11315500
-0.14002300
-0.87416600
-0.12761300
0.15926200
-0.01347810
0.52366000
0.98862500
0.37723300
-1.07343000
-0.17876000
-0.34060700
0.45773400
0.06478930
-0.00416959
0.27690200
-0.01173200
-0.40109100
0.06396820
-0.07912400
-0.87929300
0.09266670
0.15576700
0.03241570
-0.31432400
-0.16005600
-0.72323600
-0.23777200
-0.50313500
-0.43995800
-0.50496200
0.48798100
0.00185357
0.60501400
0.06411060
-0.06720450
0.18003000
-0.46128900
-0.41149600
-0.08885010
-1.51822000
0.27875700
-0.04820050
-0.66112800
-0.36911000
-0.08802480
0.48609500
-0.92534100
-0.13623700
0.66552000
-0.18572300
-0.72040300
0.28474100
0.11379700
-0.12295700
0.39983100
-0.39010300
-0.15103200
1.00951000
0.45319300
-0.80632800
-0.32948600
-1.14333000
-0.03081910
1.05778000
0.40591400
-0.79695300
0.05043160
-0.41913400
-1.17005000
-0.26055600
0.27449500
-0.17837800
-0.34085300
1.06362000
-0.82086300
1.89658000
0.09944410
0.07389110
0.22347300
-0.05240050
-0.32046000
-0.39130000
-0.53156000
-0.32150600
-0.45311000
0.15391200
-0.57374700
-0.03711560
-0.38490900
0.57272000
0.57621800
-0.25408100
-0.67960500
-0.56411000
-0.26015600
-0.04922990
0.63397300
0.01078570
0.35744400
-0.25679700
0.31155600
-0.60865800
-1.10901000
0.31319200
0.23831100
0.77849800
-0.32444300
1.13557000
-0.01275160
0.61832600
-0.35315800
0.19516200
-0.41221700
0.42192500
0.38090600
-0.03673570
3.28666000
0.07070490
0.22581400
-0.82539800
1.35529000
-0.02306150
-0.15019300
-0.35617400
0.10959000
0.24382100
0.46072400
0.39434600
0.06701360
0.06246440
-0.09256140
0.03512950
-0.63776600
-0.16953700
0.06360420
0.05159990
-0.59255300
-0.24534200
-0.05418610
0.57875700
-0.08866850
0.24750400
0.16534000
0.64400000
-0.48519300
-0.46795900
1.30343000
-0.28511900
0.39151800
0.03272050
-0.00423161
-1.05545000
0.18239200
-0.07309320
0.27562500
1.68116000
-0.45894000
-0.92514500
-0.40652600
0.49546200
0.95404800
-0.72716700
0.33130000
0.24548600
0.92481900
-0.50295900
0.47378900
-0.08865180
0.34109500
0.05323830
-1.01113000
0.11531700
-0.34170300
-1.11013000
-0.14111900
-0.67626800
-0.36131300
-0.12199600
0.10840600
-0.46863200
-0.27418300
1.14238000
-0.07112530
-0.16013700
-0.34653300
-0.65909800
-0.83491300
-0.49684500
-0.68230600
0.43337600
-0.78313600
-0.79545000
0.05190270
-0.60104000
1.38715000
-0.28783000
-0.05143250
0.52429500
-0.66065100
-0.12870100
-0.20197100
-0.17578200
0.67606900
0.08356740
-0.32942900
0.14648200
-0.83364700
-0.33701100
0.20770400
-0.49205400
-0.09769770
-0.79772300
-0.31623400
0.18148600
-0.94544700
0.06460860
0.38337600
-0.46938100
0.01601460
-0.34399400
-0.14799700
0.46837600
0.44705700
0.07335970
0.02137970
-0.16518700
0.22755800
0.19168800
-0.18882500
-0.33718300
-0.16568600
-0.46568900
0.17282000
-0.31984200
0.38076400
-0.25225900
-0.30029000
0.50408100
0.71812700
0.03507620
-0.65698900
0.69191600
-0.31716600
-0.21592200
-0.04139600
0.43733100
0.52870800
-0.15124800
0.06348130
0.49347600
-0.50479500
-0.07900210
-0.57921600
0.43886700
-0.43988400
-0.15124500
-0.49950300
0.14389600
-0.10449900
-0.12938200
-0.52415000
1.10047000
-0.26382700
-0.37745400
0.31416400
0.38307200
-0.48093600
-0.63677000
0.09572730
-0.42415900
1.26827000
-0.04790770
-0.03484040
0.20241800
1.02358000
-0.24881300
-0.24822500
-0.25301700
-0.19721100
0.02662940
-0.21218000
-0.69458900
-0.32950900
-0.04526680
0.29105400
0.18929900
0.10202300
0.94489400
-0.00073503
-0.41817000
0.18990100
0.85441000
-0.71198000
-0.43503400
-0.88157600
0.02946130
0.55336800
0.44324600
-0.11912500
0.42711400
0.09522450
-0.60093300
0.13264500
0.06950010
-0.43234300
0.08047900
-0.49462700
0.09143680
-0.31519300
-0.09949160
-0.08549180
-0.50320800
0.00106344
-0.36293600
-0.18021700
-0.05857540
0.36684700
0.39982200
-0.72820300
0.03747440
0.57669200
-0.42344100
0.51083500
-0.24971900
-0.17047100
-0.39514700
-0.03984510
0.32433000
0.53689300
0.49915300
0.49549100
0.15501800
-0.70869600
0.01469040
0.34249700
-0.34994900
-0.23735000
0.22462500
0.17631200
0.46957800
-0.05322120
0.69040600
-0.46299200
0.34845900
-0.05752120
-0.87251900
-0.02770460
0.42711400
-0.05425640
0.41569800
1.67141000
0.24264700
-0.92104600
0.00191808
-0.56634900
-0.54837500
-0.08249690
0.32041900
-0.61757200
0.16003700
1.08141000
0.60630000
0.18217400
-0.12001900
-0.25250700
0.50567800
-0.58683400
0.68462700
-0.32274400
-0.54815400
0.14624400
-1.20162000
0.33400000
0.38444600
0.26486900
-0.98657400
0.49136900
-0.19904100
-0.20868000
0.67096800
-0.38714100
-0.16212200
-0.42981100
0.42789600
-0.18764100
-0.43189300
-0.20349600
-0.80717000
-0.43258100
0.07591530
-0.25795800
-0.22552400
0.69641500
-0.47129700
-0.46768400
-0.01852540
-0.32289000
0.28790400
-0.33297100
-0.10227500
0.62776800
0.77309400
-0.25282100
-0.34179300
0.51074300
0.36864100
-0.28918500
0.43134800
-0.59326800
0.25972100
-0.36048900
0.40236300
0.66724500
-0.00831782
-0.62776600
0.15013100
-0.28613800
0.09084840
0.13690200
0.87530200
0.25206000
-0.58707800
0.17660700
0.44279300
-0.78371300
-0.60982600
-0.09394010
0.29557700
-0.33170800
0.41312900
-0.19220100
-0.28805900
-0.38724900
0.07036220
-0.43621000
0.49595000
-0.10682600
-0.18080200
0.24522000
-0.21875700
0.12291200
-1.32518000
1.31358000
0.55281500
0.54244300
-0.13116900
0.14779000
0.27555500
0.82198400
-0.22142100
0.08228110
0.70054000
0.05276710
0.69720700
0.07924150
0.07782390
-0.41507500
-0.24987800
0.36029300
0.60878500
-0.08888670
-0.57620600
1.27652000
-0.37278800
0.89931200
-0.36593600
-0.05917320
-0.08474890
0.51463000
0.10007900
0.37805000
0.30033200
0.17319400
-0.01733790
0.41503300
-0.74459200
-0.04071100
0.55050400
0.36539100
-0.51915900
0.49588600
0.04565620
0.11894000
-0.02697480
0.80540000
0.44246800
-0.56809700
0.40365500
0.02239690
0.36537800
-0.15623300
-0.72297000
-0.11741800
0.32570300
-0.26123200
-0.88430200
-0.01780280
0.12387700
-0.44425900
-0.22583300
0.10314100
-0.35804700
0.69320200
0.83839500
0.08329930
-0.23936000
-0.26470100
0.46038600
-0.64079600
-0.13308200
-0.21174300
0.11362100
0.04848300
0.16315200
0.38555900
0.43326800
-0.14002300
0.84337000
0.22199500
-0.64642700
-0.22586900
0.31355100
1.50114000
-0.18063900
1.20480000
1.03956000
-0.30722200
-0.19760100
-0.34734200
-0.13583900
0.38339600
-0.05219640
0.54022900
-0.27732500
-0.11597000
-0.04067600
0.18498400
-0.04629250
0.32982200
-0.71101100
-1.23734000
-1.17881000
-0.35373400
-0.42777200
-0.28116500
0.07827780
-0.11119800
-0.54668800
-0.38845600
0.19409900
0.25384500
-0.20525200
0.13638100
-0.25594700
0.16336700
0.86612100
-0.17810600
0.47547700
0.09329170
-0.40283800
0.01795960
0.10918900
0.93350600
0.58004400
0.63003600
-0.26935000
-0.09183420
-0.12372500
0.28035800
-0.96806800
-0.59733800
-0.23916500
-0.48366400
-0.49256200
-0.81492500
1.88767000
-0.25217700
0.11546400
-0.56526300
-0.32093800
-0.00767455
-0.73026500
-0.25593000
0.18195300
-0.51135800
0.57158900
-0.34788000
0.91972300
-0.12445900
0.20744400
0.03538640
0.13408100
-0.30871100
0.51463000
-0.08188650
0.43221900
-0.35420400
-0.09198020
0.07471360
-0.23990900
-0.60218000
0.27693800
1.44020000
-0.48125600
-0.78169100
-0.38592500
0.19164100
0.15185300
-0.32016000
-0.68359900
-0.10091700
1.85566000
0.60080500
0.26363200
-0.19386900
-0.20703100
-0.32187300
-0.68147300
0.59886400
0.31840900
-0.24633600
0.04347530
-0.34064300
0.45462600
-0.29621300
0.52621400
-0.66023000
-0.15543600
-0.53158300
0.20822400
-0.64460000
-0.32537700
-0.10011500
0.59173700
0.18838900
0.43357500
0.37764700
-0.51143200
-0.30119000
-1.05692000
0.27290200
1.11407000
0.54756900
1.25079000
-0.13725300
1.65339000
-0.26171000
0.78825400
-0.43184400
-0.13586000
-0.13066300
0.14546500
-0.16226200
0.19048600
0.70363000
0.76351500
-0.00943609
-0.23707000
0.21912900
0.09195040
0.58219000
-0.26980000
-0.65300300
1.06145000
0.22093600
-0.30580100
-0.00259136
0.10740300
0.11662800
-0.33346300
1.65112000
-0.21718100
0.63003500
0.37158000
0.07896350
-0.21919800
-0.31093200
-0.55086500
-0.46080400
0.48200100
0.19230800
0.49046400
1.14934000
0.55390600
0.06467920
0.33277800
0.56453500
-0.21413800
-0.48350400
-0.92046400
0.30895300
0.27692400
0.15026500
-1.06703000
-0.26572000
0.04048420
-0.15383800
-0.50527600
-0.22416200
-0.20214300
-0.04212040
-0.65443100
0.60867500
-0.14918200
0.89032900
-0.92566200
-0.11984600
0.82167600
2.08269000
1.27154000
0.47846900
-0.03015290
-0.13527100
-0.21022500
0.81906900
-0.00497950
-0.06457170
0.57030300
0.39139400
-0.68378600
0.66167700
-0.40537700
0.03932850
0.03435990
0.13951600
-0.19740400
-0.04259480
-0.49147900
0.09663520
0.04068880
0.26637100
-0.18266500
-0.23430500
0.21114900
0.01579240
-0.33074000
2.11631000
-0.20190500
-0.46528800
-0.00268269
-0.08345470
-0.99237200
-1.09985000
0.39086300
1.19510000
0.18642300
0.26450000
0.13188300
0.24805200
0.66298500
0.11796800
-0.06908590
-0.25044400
0.22581800
-0.49498900
-0.12050600
0.53038000
-0.28608800
-0.02346320
0.56071700
-0.24122200
-0.12889400
0.62565200
0.07298480
0.33662300
-0.16839300
-0.18952000
0.04944670
-0.19579400
0.62231200
-0.14312600
-0.36485300
-0.28234300
-0.29880000
-0.08147490
-0.01409030
-0.11115700
-0.14898600
-0.48752500
-0.37224800
-0.16682200
-0.23644900
1.13753000
0.09750840
1.48176000
1.03162000
-1.20024000
-0.54924200
-0.70348400
-0.12645900
-0.31838100
-1.29513000
-0.31674300
-0.52083100
0.09024230
-0.66598400
-0.45985800
-0.20560100
-0.25847700
-0.58313800
-0.12762900
-0.50781300
-0.37005400
0.28511400
-0.82545000
0.59425900
-0.44161500
-0.00105766
-0.36052700
0.01357310
-0.15498700
0.34653100
0.75606800
0.23631200
2.00313000
0.95515900
1.02802000
1.35291000
1.04555000
1.54529000
-0.24507800
0.01711300
0.44590900
0.41981100
0.01222420
0.94543500
0.42967200
1.68694000
0.33442500
0.34929900
1.76913000
0.90324000
0.41120400
0.09579560
0.55399100
0.08566790
0.47641800
0.36015600
0.06615940
0.34617100
1.31372000
-0.26687000
0.12873500
-0.11460300
-0.27878000
-0.39543400
-0.78220300
-0.21274900
1.38625000
-0.47515300
-0.79718900
-0.35906400
-0.29927100
-0.18907000
-0.34258100
-0.06020620
-0.13120400
0.05519840
-0.13589500
-0.06242920
0.34919300
0.28095100
-0.44805000
-0.27337900
0.45105900
-0.22572300
-0.03556850
0.04707950
0.10294900
-0.53282700
-0.68989100
-0.35303900
-0.33274700
0.03096280
-0.43702300
1.70398000
0.15316100
-0.38589400
-0.15479100
-0.46997500
0.39125700
-0.73825700
-0.63146700
-0.20297700
-0.18687300
0.26554800
-0.40831700
-0.04142820
-0.06277500
-0.29913200
-0.38021700
0.97900300
-0.50258700
-0.95666000
-0.70605200
1.00146000
0.63462600
1.15895000
0.45900100
-0.97142400
0.11552700
-0.35915200
0.44173000
-0.86639700
0.02556590
-0.31462300
0.01060950
-0.88754700
-0.45265100
-0.29542100
-0.33189900
-0.28605200
-0.54427300
-0.47477500
0.13257200
-0.91732400
0.22039600
0.20142500
-0.15511400
0.22151200
0.06396750
0.19165300
-0.25981800
-1.08447000
-0.43101500
0.39375400
-0.14056400
1.20906000
-0.75987400
1.15099000
-0.35749900
-0.31371200
0.08466430
1.00322000
0.39010600
0.27804600
-0.45833200
0.07000710
-0.52983300
0.01485900
-0.04956930
-0.11877800
-0.06032630
-0.16463600
-0.03636400
0.05326870
-0.20990900
0.78184500
-0.09845140
-0.45455800
1.52318000
0.56511100
-0.32142600
0.02558440
0.61233300
0.43470400
0.09258780
0.13992800
0.02316620
-0.21184100
-0.25441400
0.06306910
0.29951600
-0.40465400
-0.30105400
-0.10400800
0.17723400
0.28533700
1.52775000
1.07753000
-0.09977140
-0.51310400
0.17302200
0.56819100
-0.69009900
-0.10709700
1.47328000
-0.43241100
0.26156600
0.69473900
-0.03930740
-0.76121900
-0.26134200
0.47093000
-0.39161600
-0.16142700
0.16799200
-0.38875600
0.47844100
-0.46207000
2.00903000
-0.24168400
0.33196300
-0.33938100
0.24411900
-0.09945250
0.21904000
0.60929700
-0.01687110
-0.74889800
1.90333000
-0.27677800
-0.23435200
-0.39874700
-0.43632700
0.93210100
0.66450400
0.55089200
-0.10075100
-0.53916700
-0.84984800
0.45384800
-0.42597000
1.02184000
-0.21020000
-0.48177400
-0.04849000
0.06087220
1.60889000
0.78846900
-0.55897100
0.52413700
-0.64010300
0.03645000
0.52440600
-0.08946620
-0.01049070
-0.23078300
-0.17424300
0.04541720
-0.22255400
0.14706300
-0.48649900
1.25072000
0.57607200
0.07685310
-0.56688500
0.27191400
0.06902580
-0.28285200
-0.20827500
-0.34331800
-0.10941600
0.13062400
-0.16275300
0.07606300
-1.19238000
-0.19165200
-0.85551200
-0.02576030
-0.57753900
1.82908000
-0.09627220
-0.52961200
-0.26936700
0.17194300
-0.43769500
0.04037950
-0.07262820
-0.17454200
-0.07783090
-0.15092100
0.02514730
-0.69610900
0.08120030
-0.47156600
-0.39343100
0.36438400
0.16096900
-0.04221220
-0.59955700
0.21641800
0.39884300
-0.60205500
-0.01195740
1.27561000
1.36030000
-1.11736000
0.02326970
0.06495440
0.03459460
0.86941400
-0.85335000
0.46500400
-0.42522900
-0.00191555
0.14411300
-0.38007300
-0.39481000
-0.10611100
-0.94075400
0.46775300
0.22643300
0.54027500
-0.81341900
-0.56027500
-0.30346500
0.28084800
-0.26906600
-0.14973800
0.17194300
0.27951800
0.07012700
-0.61686400
-0.06399180
-0.15448600
-0.45613800
-0.09603200
-0.23882500
-0.50126600
1.43096000
0.14892200
0.31775100
0.99238200
-0.09884590
-0.66862400
-0.28499200
-0.42128900
0.05372200
-0.27069300
-0.76446500
-0.17484100
1.87082000
-0.96835600
-0.11232800
-0.41137600
0.08466920
-0.08663720
0.04209350
-0.71248500
-0.30843600
0.19177800
-0.08672950
0.52831500
-0.16991500
-0.22735100
0.15670900
-0.33153100
0.04874540
-0.68639100
-0.83202500
-0.47549600
-0.21084600
0.08319250
-0.13112100
-0.36391100
0.55973600
0.10487400
0.01070710
0.16339700
-0.62806300
0.82025600
-0.29045700
0.52084500
0.08974910
-0.54276000
0.28385400
1.45859000
-0.22719400
-0.18430000
0.09471070
-0.04393800
0.50442000
0.72079600
-0.05257910
0.64763300
0.30066100
0.09692810
0.04509240
-0.39591800
0.49835700
-0.06595750
-0.70805300
-0.22843300
0.36467700
2.94292000
-0.78275300
-0.11726000
-0.42966600
0.68524500
1.03563000
0.67867000
1.24071000
-0.23194200
2.36510000
1.66073000
0.27904000
0.79211400
-0.04460350
0.19949200
1.01594000
-0.92275700
0.39044000
-0.23310100
-0.05076100
-0.17466500
2.99731000
-0.17526300
-0.65921500
0.48821000
0.10949600
0.07604660
0.55836100
1.84972000
-0.31421600
0.19469300
1.44837000
-0.09695110
-0.38153800
0.16543500
-0.68197100
-0.09860110
-0.76324900
-0.44715400
0.32208500
0.07171430
-0.08104520
0.59953300
0.57908500
-0.71042000
-0.22610500
0.54604100
-0.38339700
-0.95952100
0.11186300
-0.87378700
-0.45051200
0.20100900
-0.17405500
-0.72878100
0.85808000
1.33280000
0.38158400
-0.29631400
-0.50101900
0.65144600
0.24418900
-0.14279300
0.51205200
0.07356340
-0.95311000
0.43657100
-0.38408100
-0.13901000
-0.06804920
-0.04330990
0.01738460
-0.66747100
-0.46525300
-0.72031800
0.83509000
-0.25117800
-0.27917000
0.29316200
1.05783000
0.46741900
0.36165100
-0.25938300
-0.68648500
-0.35066400
-0.41000800
-0.27028000
-0.41866200
0.03404170
0.10337400
-0.51714800
-0.14707800
-0.36440600
-0.06593270
1.29715000
-0.22580000
-0.97423100
-0.27514500
0.07897300
0.38739900
-0.05063250
-0.09460440
-0.21453200
-0.51515700
-0.45217800
-0.87756900
-0.12593200
2.14278000
-0.35051100
0.19964600
-0.85865500
-0.20080100
0.91324600
-0.67489900
0.13022900
-0.40918500
-0.19894000
-0.03044480
2.14238000
-0.16849100
-0.41787500
0.66737700
0.29257600
-0.66951000
-0.60124500
-0.03967020
-0.02778520
0.13878400
0.98292200
0.38737500
0.74695200
0.18935200
1.60632000
0.83264400
0.98848400
-0.03241170
1.08412000
0.08341990
1.15789000
-0.07313320
-0.18631200
-0.39400500
-0.79234900
0.02113380
-0.31372200
0.38026100
0.38948900
0.10161600
0.03634420
-0.78026900
0.20859600
-0.60127300
0.77356300
0.02416500
0.48161200
-0.18281600
1.12610000
1.39846000
-0.46750100
-0.72992300
-0.39139600
0.11490400
-0.13163500
0.49972600
-0.63543000
-0.10963100
0.22929400
-0.60168200
-0.37590600
-0.06611750
0.03815820
0.24908600
0.86582700
0.21790600
0.35395800
1.09952000
-0.17428000
-0.19668700
-0.24579700
0.16557600
0.15693700
0.08280900
0.19149200
-0.56465100
-0.95844200
-0.39926500
-0.76035400
-0.41526200
-0.47532900
0.02109460
0.29843700
-0.37851600
-0.44634500
-0.10698700
-0.19229000
0.40966900
0.26185900
-0.22353300
0.21598300
-0.09134380
0.06219310
0.64217200
-0.71101100
0.00480964
0.13191100
-0.38064100
0.77665100
0.57216300
-0.23195300
-0.12263000
-0.11016000
0.25605400
-0.34542200
0.07326120
0.51758600
0.04926790
0.63011400
0.34441700
1.12392000
1.01090000
-0.26557700
-0.27969200
0.59514300
-0.44827100
0.16852700
0.62961600
-0.39541300
-0.57375800
-0.45989400
-0.19970600
-0.04313450
-0.66785500
0.66677400
0.85478600
1.12073000
-0.34113400
0.82168100
-0.47633600
0.09920380
0.43722300
-0.04524310
-0.05295000
0.12662700
0.51671600
-0.45186200
0.08854950
0.17339200
0.57474900
0.57474900
-0.24277700
0.07923510
-0.45380100
-0.59074100
-0.20474700
-0.18837000
0.19051000
0.72079900
-0.80350200
-0.07961790
0.44631600
-0.05774580
-0.23421500
-0.27096700
-0.37810900
-0.13775600
-0.60472600
1.81607000
0.43499500
0.00085820
-0.55774600
0.32488300
0.25509400
0.29929600
-0.26954300
0.58491600
0.26972600
-0.31872200
-0.10171800
-0.70178300
-0.22972800
-0.51919200
-0.01972950
-0.52906800
-0.15331100
-0.52571400
-0.15212400
0.36227500
0.31171000
-0.26051100
0.96380300
1.27432000
-0.50970900
-0.00147469
0.15570500
0.19695000
0.46668800
-0.58256900
-0.14308900
-0.63554300
0.05255020
-0.65622000
0.03369650
-0.22022100
0.30442800
1.14827000
0.00491579
0.19388100
-0.23638900
-0.61878900
-0.36736400
0.46747300
-0.12395800
-0.19869300
-0.50869400
-0.18816500
-0.01548830
-0.35889900
0.37415000
0.13541600
-0.24454700
0.41630500
1.30316000
0.08968650
-0.32459800
-0.50513500
-0.19956900
0.27347300
-0.72930400
2.33118000
-0.29220900
0.38597100
0.09432960
-0.92115500
0.18725600
0.75347800
0.51134500
0.39050800
-0.02368620
1.10331000
-0.44931900
0.27589200
-0.11399900
-0.26884600
-0.10854500
0.17816400
0.26375200
0.94436000
1.20350000
2.60126000
-0.61274800
-0.24481200
0.06601390
0.68957900
0.17904600
-0.05953880
-0.14235300
0.44355900
0.04928480
-0.52874400
-0.18461200
-0.25164600
-0.30853600
-0.25694700
0.32617900
-0.79219900
0.18956700
0.11824100
0.06453530
0.15686900
0.15877100
-0.47912500
0.46794300
0.11660400
0.50447300
-0.21101900
-0.47294800
-0.35172500
-0.13600300
-0.09935510
0.03496670
-0.79449500
-0.39620800
0.02944300
-0.06146190
0.27397400
0.40624600
-0.10627900
0.01951840
-1.11547000
-0.22584700
-0.63758900
-0.02251360
0.56619200
-0.02000770
0.14352300
-0.63369700
-0.45147000
0.47448800
0.98121700
-0.27061100
-0.76140200
0.41088800
0.15622000
-0.30646100
-0.20104400
-0.38156400
-1.31549000
0.14043800
-0.54309400
-0.00529343
0.09038500
0.21342300
0.27909300
0.21048800
0.67591500
0.04769960
1.69281000
0.73993100
-0.23928600
-0.13242700
-0.12366900
-0.54986400
0.02152050
0.56666600
-0.01545990
-0.41625100
1.40191000
-0.32883600
0.72862200
-0.15039900
-0.26099900
1.44370000
0.49242300
0.48518000
-0.05817690
-0.31653300
-0.46413900
-0.44882500
0.59058300
0.21623800
-0.40470300
-0.60464700
-0.07267420
-0.51464200
2.01065000
0.07929710
-0.14638200
-0.07909770
0.30834300
-0.65368300
1.67184000
0.44047900
-0.55515700
-0.22548300
-0.37188600
-0.33743400
-0.20325200
-0.41723000
-0.62563000
-0.39880100
-1.16880000
-0.13372300
0.86097800
-0.68446900
-0.51084400
0.08677940
-0.86177200
-0.70684500
0.93785900
0.99563600
0.06190920
-0.10284500
0.17103600
-0.64852100
0.19922600
-0.91889100
-0.59357200
-0.41436300
-0.72064200
-0.48496200
0.68878000
-0.24922100
-0.28809000
-0.39229700
0.14614300
0.32865800
-0.07953890
-0.00293920
0.41174100
-0.42909800
-0.30044300
-0.01792560
1.36623000
-0.52634000
0.54937200
0.30409700
0.52114700
0.37383800
-0.13204600
-1.04858000
-0.62608200
-0.23446300
-0.29810800
-0.59598500
0.66130000
-0.09723910
-0.10383200
-0.19073600
-0.98520200
0.81493100
0.10406800
0.54124500
-0.52766400
0.81865200
-1.09032000
0.28740400
-0.61836500
-0.32571100
-0.07224790
-0.25219400
-0.11307600
-0.57774200
-0.31794000
-0.37522100
0.20593100
0.08736300
0.85939100
0.18846500
0.17179600
0.01289610
-0.78527700
0.34330400
-0.20427400
-0.59598700
-0.85464200
0.03704500
-0.15385900
0.36043700
-0.12019300
0.38466300
-0.60411800
0.10292100
-0.14751000
-0.30314600
-0.61099500
-0.09984610
-0.37351400
-0.28037600
-0.00835954
0.15872800
0.14122700
-0.46717300
-0.07323280
0.38608100
-0.43658700
0.11759000
-0.21821400
0.24462300
0.23291700
-1.08704000
0.50298400
-0.26731100
-0.17649600
-0.45201000
0.04566210
-0.39951000
0.08126700
-0.34738600
0.43064900
-1.06321000
0.46908100
-0.34351000
0.24377300
0.42658400
0.38495400
-0.44736700
0.23775600
0.44423400
-0.28234400
-0.41273000
0.43987600
1.16687000
-0.43373600
0.49298500
-0.19183600
-0.52098400
-0.17095600
-0.31950100
-0.44444900
0.15623000
0.18170000
-0.39855500
0.40782100
0.07713690
-0.27599500
0.47282900
-0.41986700
-0.14475300
0.41842600
-0.56649900
-0.52733400
-0.17909200
-0.18602600
0.54687300
2.44346000
-0.73530800
0.04801980
-0.75607700
-0.26738200
-0.10027900
-0.89091800
1.09230000
0.75239000
-0.18315400
0.44423400
0.09854760
-0.27473900
-0.05232390
1.25220000
0.38477900
0.15553000
1.55313000
0.66003900
-0.87367300
0.21125100
0.08130480
1.26481000
0.49048600
0.55120800
-0.34772600
-0.50798400
-0.24578700
0.80226300
0.65129500
-0.55765100
-0.24124100
0.31494100
-0.34724600
-0.57685100
0.01959250
1.32594000
1.34260000
1.19092000
1.54654000
0.82282700
1.13494000
0.93928700
0.40188700
1.72353000
0.82083500
0.38104900
0.59925800
0.95176100
2.33372000
-0.04061080
0.37968900
-0.08613210
-0.08644130
-0.53547500
0.23432800
0.16248400
0.49738700
0.02210540
0.82895900
-0.51784900
-0.36027400
-0.27133200
1.88680000
0.05575430
-0.57576500
-0.53074100
0.23294300
-0.29193100
-0.59223500
0.09152810
-0.19934800
-0.32349600
-0.27394000
-0.09232980
-0.05374760
-0.02327120
-0.08659210
-0.50184000
-0.08359400
0.65851300
-0.59358900
-0.96900300
-0.17219700
-0.41315700
0.17524300
0.14109200
0.17683700
-0.05413980
0.65936000
0.68076900
-1.14649000
0.52957500
0.51821300
-0.11956700
-0.22800100
0.30838300
-0.20053100
-0.25666200
-0.17147000
-0.40130000
-0.22933000
-1.04118000
-1.22485000
0.06182950
-0.46831700
-1.00473000
-0.58309400
-0.16007700
-0.45389600
0.11570300
0.35785300
0.36519700
-0.27893200
-0.21351100
0.19889300
-0.84470900
0.11136900
-0.70649700
0.27500300
-0.63131500
0.09732010
-0.03312140
0.06125210
-0.88290900
1.43556000
0.17568000
-0.64355200
-0.16636200
-0.17203500
-0.00680740
0.26013900
0.06858960
-0.44646400
-0.22711400
-0.34945300
-0.12713300
0.15998300
-0.13245900
-0.25707900
0.23843000
-0.28225800
-0.73711200
-0.48395300
0.35805200
-0.35058600
0.13957800
0.07185330
0.14676700
-0.52402200
-0.35480400
0.73148600
-0.21449000
-0.45868000
-0.09478680
-0.38028300
0.30745500
-0.48965700
0.52448000
0.02975760
-0.08743540
-0.48109000
0.61284400
0.61827400
-0.05721140
-0.18709300
0.27917900
-0.00611005
-0.10587900
0.15771300
0.32653600
-0.20946400
-0.18242000
-1.12687000
0.89874100
-0.25520200
0.39509200
-0.97013500
0.42193400
-0.86431700
0.83214100
-0.43434800
0.01377260
-0.15958500
-0.39185600
-0.53695100
-0.13236800
-0.29600500
-0.62170500
0.04465040
-0.04153150
-0.81271100
-0.29335200
0.08542500
-0.80863300
-0.49076200
-0.21274800
-0.17816500
-0.90177100
0.07963820
-0.01145890
-0.39937100
0.42449600
-0.10951500
0.07313030
-0.60429100
-0.45934400
-0.88012800
-0.06015420
0.06331210
0.74166300
-0.85755000
-0.43033400
-0.07732630
-0.01869100
-0.57972200
0.00208825
1.35950000
2.04495000
2.99007000
0.59168500
0.46641400
0.63165900
-0.52978800
0.02217370
-0.01432420
0.54927500
0.17733000
0.33213300
0.23177200
-0.39618300
0.15343900
-0.14274900
-0.14409200
0.09958390
-0.09919600
0.00622400
-0.53364400
0.49155200
0.51411600
-0.54599600
-0.35970600
-0.23148300
0.15181900
-0.73389800
-0.13000500
0.50774800
-0.10912700
1.52716000
0.49111700
0.02497190
-0.40541100
0.35759900
-0.23143900
-0.54638700
0.01333490
-0.63439100
1.05579000
0.42744500
0.88034200
-0.61523100
0.24737100
0.33988200
0.71477500
0.78731600
-0.13023300
-0.16612100
-0.15246700
-0.41117200
-0.59202300
-0.23884700
0.63200900
-0.34698100
0.33248400
0.08113620
-0.15965200
-0.09760230
-0.02462880
0.08076850
-0.01018630
-0.35951600
-0.04191180
0.10511100
0.11594900
0.23447600
2.16327000
-0.83189500
-0.72935500
-0.62552200
0.49217400
-0.37183500
1.05269000
0.34792600
0.36319400
1.07402000
0.58186700
-0.40641400
-0.03172740
0.29506900
0.16113400
0.18037300
-0.14997200
2.45034000
0.80778800
-0.53785500
0.58620800
-0.63382500
-0.47099400
-0.53823200
0.70062600
0.68866500
0.44236600
-0.23821100
0.54539100
-0.48032000
0.48095500
0.62902500
0.20107900
-0.20740700
0.31629000
-0.06070350
-0.06508370
-0.24096500
1.31920000
0.83976300
0.04891340
-0.13876600
0.14891900
1.31725000
0.78907900
-0.23069800
1.09590000
0.30730700
-0.31867500
-0.52148300
-0.41313100
-0.11979100
-0.35995400
-0.24214900
-0.43393800
0.17418800
0.41957500
-0.21575500
-0.75431900
-0.00178665
0.95426400
-0.11827300
0.27972500
0.87110300
0.19775000
0.58011400
-0.38734100
3.19179000
1.03377000
0.27184800
-0.20600400
-0.08105970
-0.23327300
-0.54382500
0.26323700
-0.03434750
-0.08923260
-0.37235200
-0.44571600
-0.52745900
0.76144200
-0.27384300
0.40330500
-0.99542100
-0.58499300
-0.46531700
-0.10078800
-0.28805600
0.08688220
0.25739900
0.11319600
0.02225580
-0.03608650
0.02488000
0.04746860
-0.22079400
0.01340240
0.01848350
-0.06924050
0.98714100
0.13032300
0.02318920
-0.39156500
-0.41925000
-0.49456400
0.01107580
0.18165400
0.01846780
0.23154200
-0.36973900
-0.39628400
0.09861710
-0.29986500
-0.14640300
0.04527750
0.28007800
-0.17069000
-0.51886800
-0.13399400
-0.22025600
-0.10326000
0.09040910
0.09503890
-0.47168300
0.06088210
0.20179100
-0.40879900
-0.15221300
0.34372000
-0.81650200
-0.72461500
0.41216000
1.16680000
0.72027900
0.13478900
0.27379200
-0.78206500
0.31449200
2.44573000
-0.02688050
0.18997900
0.05631140
0.31244900
0.16347600
-0.25884200
0.39215100
-0.46719200
0.08377870
-0.41535600
0.02936770
0.31803500
0.32377900
0.33332300
-0.01723570
0.32664500
0.51031800
-0.89872500
0.24099800
-0.84175000
0.32159000
-0.62163500
0.35057700
-0.38864900
0.13783200
0.11238100
-0.13028900
0.57917400
0.16516100
-0.14139500
0.27864600
-0.40674100
-0.12099100
-0.33447300
-0.15041300
-0.45176100
-0.20500600
-0.77815000
-0.00637843
0.24073600
-0.46803300
0.00172151
-0.08521480
-0.41279900
-0.41105500
-0.54612000
-0.06527830
0.71094300
-0.40415100
-0.38051900
0.18534100
-0.42926900
-0.38205700
-0.04400180
-0.25970800
-0.27096800
-0.15952700
-0.37789800
-0.24235900
-0.47918200
0.08245450
2.62378000
-0.29285600
0.98341700
-0.21507000
-0.12800700
1.19986000
1.54759000
-0.14455400
-0.68308800
-0.92154900
-0.86085900
-0.08787250
0.01250770
-0.40811500
-0.51962400
0.35469400
-0.01957880
-0.04339270
-0.12038900
-0.61187400
-0.12324200
0.00734361
2.04829000
0.98505200
-1.08746000
-0.27288800
0.18924900
-0.16320900
-0.24966800
0.00598412
-0.40737700
-0.51043200
-0.01126750
0.39888200
0.13872300
0.37188400
0.24419100
-0.58603700
0.45838200
-0.23447300
-0.50889200
-0.19119300
1.07523000
-0.08747990
0.64971900
1.57227000
1.10409000
-0.00495883
0.11566500
-0.82461700
-0.69269500
0.05566360
0.69730500
-0.79236100
-0.48072600
0.81884900
3.86603000
1.05052000
0.74897900
0.29304100
-0.20624800
0.10876500
0.23165800
-0.54503500
-0.69308500
0.08047830
-0.24899400
0.49316700
0.34800900
-0.36121400
0.45434200
0.53487000
0.04161740
-0.10666200
-0.39351200
0.25899300
0.29274400
0.58440200
0.07629760
0.47619200
0.00875027
0.09212320
-0.30598500
-0.02986650
-0.11382200
0.61746200
1.90812000
-0.07175800
-0.54361300
-0.66176400
-0.91768300
-0.05607910
-0.25630200
-0.68160700
0.75880100
0.45972900
0.50284300
-0.14208800
0.15134400
-0.75170300
0.48763300
-0.57177800
0.01730270
0.02823440
0.52885700
-0.16562400
0.18127400
0.11848100
-0.06597240
-0.63489600
-0.09482950
0.84352000
0.94259000
0.32585700
1.75153000
0.58731400
1.79505000
0.60174100
-0.16835000
-0.29213300
-0.18141500
-0.36668300
-0.07047550
-0.29118400
0.06022800
-0.16354000
0.01172790
-0.35551400
0.14862100
-0.58724600
-0.00123022
-0.90954000
0.10828000
-0.56257400
-0.95995200
1.06621000
-0.76590500
0.56574400
-0.02521120
0.50012800
1.22193000
0.18541800
-0.21090200
-0.49148600
-0.98358000
0.17971100
-0.50952700
0.25739300
0.06753940
-0.58956500
0.55597500
-0.66444100
0.77920300
-0.30702000
-0.51824100
-0.15753400
-0.31413700
0.96650400
-0.75551600
0.47278400
-0.91020500
-0.06436000
-0.40089200
-0.01631420
-0.28611800
-0.16382000
-0.39315400
-1.56353000
0.20850800
0.19022900
-0.86783400
-0.09940280
-0.20809300
-0.06999120
-0.60220100
0.24508100
-0.17249000
-0.24416100
-0.33207700
-0.29850500
-0.31931300
0.81487100
-0.50316200
-0.78840200
-0.10821800
-0.59157700
-0.39038800
-0.62909200
-0.31238400
-0.50248700
-0.24649800
-0.53996300
-0.36963000
-0.48459800
-0.04959500
0.67530500
-0.11062500
-0.20364400
0.16400100
0.07850800
-0.26964100
-0.42610500
-0.01190660
0.03880280
-0.60520500
0.27551900
0.00844566
0.47625100
-0.86825500
1.14983000
0.33470500
0.78143900
-0.41494000
-0.65404500
1.47282000
-0.37916600
-0.31309400
0.42450700
-0.24200300
-0.30367100
0.36337400
0.33098500
-0.38266900
0.03999270
0.53600100
-0.35111300
-0.57106500
-0.44579200
-0.47159100
-0.03049240
0.46449300
0.31891400
-0.33214600
-0.52941900
-1.35682000
-0.32374600
-0.28022900
-0.17854500
0.27482700
-0.27309700
0.26449000
-0.31193400
1.10353000
0.09342210
-0.31269800
-0.32289100
0.26855200
0.29574800
0.04887490
-0.53364900
0.98679100
-0.22636400
-0.11169400
-0.13007300
-0.00995842
-0.72713700
0.44116100
-0.15810200
-0.41280500
0.23964000
-0.47026600
0.60538400
-0.04059150
0.00810497
-0.48298400
-0.09545390
-0.42945800
-0.55490500
0.41808200
-0.54635600
-0.07388850
1.01489000
0.01488330
-0.23907000
-0.04434080
0.46636800
-0.42338100
-0.02982580
-0.67265300
-0.00973111
-0.81537600
0.24531500
0.07504010
-0.35602000
-1.29694000
0.03162720
1.69287000
1.08576000
-0.59228700
-0.09880990
0.21292600
-0.14347600
0.57822600
0.12310800
-0.40807700
-0.62543600
-0.42461000
-0.44669500
-0.52483700
0.04771660
0.08706550
0.19938000
0.16933300
0.08640290
0.12129000
0.42402400
-0.30862300
-0.33886100
-0.26496400
0.33400300
-0.35551400
-0.88702500
-0.53490800
-0.74409300
-0.11952100
1.23838000
-0.47479200
-0.74666700
-0.07667850
-0.51948400
-0.10278900
-0.64614100
-0.21754200
0.43574700
0.00402396
-0.69290200
-0.31399400
0.04971510
0.81537100
-0.60667900
-0.81279200
-0.44480300
0.16092300
0.40901300
0.58944300
-0.74598500
-0.52764300
0.02500290
-0.36018800
-0.59916100
-0.57819200
-0.34491300
-0.03303870
-0.21749900
-0.34082300
-0.21843700
0.57844800
0.29978700
0.22796800
-0.26449400
0.08831340
-0.62279500
-0.03142730
-0.00537775
-0.27581800
2.42851000
-0.48677700
0.01142880
-0.11516100
0.04050410
-0.32242700
0.77125100
-0.16385500
0.20978700
0.29081800
-1.04550000
-0.64971700
-0.45110300
0.41493600
0.18707600
-0.37157900
-0.54439300
-0.18106200
0.17700400
0.06618990
-0.04342400
-0.22785000
-0.16397200
-0.33218800
-0.34606800
-0.07805170
0.03249890
0.66093800
0.55728800
-0.20233800
-0.30909800
0.04743590
-0.29397200
-0.02025730
-0.00031875
-0.22626800
1.48018000
-0.09173730
-0.13861000
-0.74726200
1.63196000
-0.91929900
0.63833400
-0.15507800
0.30247100
-0.71808400
-0.19301800
-0.35790700
-0.55242700
-0.33791000
-0.71067800
-0.47010400
1.59957000
0.37968400
0.20760100
-0.12041900
-0.46833500
-0.03657020
-0.14777700
-1.03795000
-0.54278100
-0.26900400
0.58433700
0.57247700
0.22959300
4.23700000
0.85825800
0.98466000
-0.14445000
0.12959900
0.76571700
0.57092400
0.61912600
0.29226100
1.55415000
-0.77578300
0.12499600
0.18884300
0.16651300
-0.59816500
0.15076800
-0.54859800
-0.00671084
-0.40262300
-0.46950500
-0.49974400
0.01852200
-0.41471900
-0.41386000
0.02284300
1.02700000
-0.22968100
-0.47828400
0.08652560
0.32904000
1.59091000
0.36850700
-0.32137100
-0.15356500
-0.11004900
-0.21136500
-0.17690400
0.26151700
0.35155000
0.60840600
-0.19902500
-0.18229100
-1.15588000
-0.17465200
-0.30147700
0.04727780
1.26411000
0.92878600
1.18900000
0.74817900
-0.68110700
-0.21695100
-0.96306800
0.53234500
-0.53945300
-0.28176300
-0.96639100
-0.47950000
-0.86031100
-0.34309400
0.12731000
-0.26189500
0.49319600
0.37457200
0.82796300
-0.17667400
0.71379400
-0.19400800
-0.15898200
-0.46703300
0.17689700
0.31030000
-0.24019500
-0.50448500
-0.67241300
-0.19720400
-0.15121500
-0.43466800
0.60183500
0.23991100
-0.22890600
-0.55565500
0.29756100
-0.45687200
0.04285940
0.07821440
0.53687000
0.06880680
0.00906502
0.24615800
-0.63623800
-0.43919600
-0.11232200
0.32753600
0.09793620
-0.36165200
-0.16251800
-1.06276000
0.08569180
-0.51545600
0.85709200
-0.12002200
0.09711230
-0.14742200
-1.01171000
0.42605700
1.02643000
-0.45644600
-0.45828000
-0.09657950
-0.29320600
-0.40180200
-0.55341100
-0.06557090
0.01590660
-0.63847000
-0.27375600
-0.58131800
-0.26754300
-0.81568200
-0.05156670
-0.66235100
0.47965500
-0.30570200
-0.30677000
-0.34474200
-0.04774280
0.08126440
-0.09740190
0.60492800
0.43767100
1.13979000
0.11944200
-0.64471500
-0.36839400
-0.23923500
0.13070800
-0.65297100
0.67879200
0.33012500
-0.62311900
0.44842700
-0.64243700
-0.15171600
-0.17807200
-0.19632000
-0.55398900
-0.16912900
0.04777010
-0.48474500
-0.33306400
-0.53525400
-0.59105500
-0.30800800
-0.29704800
-0.71947200
-0.31071900
-0.53580700
-0.07002530
-0.10539800
0.73871700
-0.15045900
-0.32066200
0.42380500
-0.43893400
-0.03589940
1.33746000
-0.16256100
-0.12730400
-0.44673800
-0.41866700
-0.14597300
-0.66305200
0.24336100
0.28952200
-0.62346400
0.36163000
0.18394000
0.56097300
-0.16946000
-0.37464100
0.25766300
1.50831000
-0.47957400
0.76910300
0.60149000
-0.37562000
-0.48368900
-0.13212900
0.61478900
-0.91926400
0.74842100
1.62603000
0.40379900
0.47409500
-0.37750500
-0.42189200
-0.58893200
0.27615800
0.50231900
1.23247000
0.03883790
-0.06109710
0.16166500
-0.52127700
-0.42305900
-0.52711300
0.37111600
0.33287100
-0.10354300
-0.27750600
-0.64028300
1.06345000
-0.60230200
0.53678800
-0.05713320
-0.98809000
-1.05838000
-0.53566000
0.00745257
-0.62952300
-0.81419700
2.20737000
1.37482000
-0.49288300
0.36402400
-0.40788300
0.59954700
0.19322000
-0.75958900
-0.12084100
-0.09557270
-0.82041200
-0.44742300
-0.64170900
0.11302000
-0.56442900
-0.58549700
-1.26702000
-0.08048670
-0.25809000
-0.08125440
-0.59603200
-0.14640900
-0.49094200
-0.76238800
-0.65905200
0.21855400
-0.46404500
-0.80191900
0.64371300
0.55127700
-0.04314130
-0.86635600
-1.02545000
0.08639340
0.03293620
-0.15580500
-0.66686200
-0.94613400
-0.92728000
0.25335500
-0.28839700
0.37187000
-0.09968030
1.26288000
-0.04935080
-0.27484400
1.27735000
-0.54006000
-0.43036300
-0.44904000
0.75205100
-0.50275500
-0.36228100
-0.06418380
1.85964000
0.72996100
-0.30617200
0.17148300
0.26855200
-0.02779170
0.00997536
-0.42126800
1.41302000
0.86627800
0.30010100
2.93576000
0.59107300
-0.83314600
0.37762800
1.42079000
0.20849700
-0.38277600
-0.21106800
-0.42151000
-0.31954200
-0.24922500
0.19381200
0.11360500
0.24462500
-0.64068700
-0.82153200
-0.11950400
-0.12133900
1.05777000
-0.23471400
-0.41166400
-0.69762100
0.39113400
-0.15379400
0.21586800
-0.68532900
-0.09891670
-0.04401750
-0.27413500
-0.31468400
-0.30777300
0.09727710
-0.29251900
0.69321900
-0.29608900
0.15709900
0.07058110
0.03786430
-1.06743000
-0.39193700
-0.99452500
0.03844920
2.64847000
1.69787000
-0.79808600
-0.35548600
1.11210000
0.09147470
-0.89457800
-0.60270600
0.70288400
0.72823600
0.28400000
0.11532300
-0.48394600
-0.10957800
-0.89763400
-0.51039800
-0.55580200
0.51194800
0.13539800
-0.60453800
-0.42105300
-0.33826800
0.28156900
0.37617500
1.51898000
-0.14404200
0.02444390
-0.50945700
-1.19515000
-0.05169570
-0.11399100
0.07238030
-0.45503900
-0.19818300
-0.35982600
1.40943000
1.23529000
-0.15525500
-0.21496700
-0.54848500
-0.02624580
0.25332400
-0.87254700
-0.59041700
-0.62766800
-0.01623260
-0.13137700
0.01388370
-0.17876400
-0.67518000
-0.30929900
-0.43740400
-0.67028100
-0.54402200
-0.01285980
1.23975000
-0.53923500
-0.44412500
-0.51690900
0.21951500
1.52724000
1.41752000
0.25067800
-0.30590600
-0.00933055
0.67559000
-0.86512800
-0.00704747
-0.30955900
-0.29888500
-0.08787870
0.42990100
0.23423800
1.46825000
0.93497900
-0.62731600
0.85765500
0.42266200
-0.26818900
-0.59136800
0.64164800
0.54229800
1.35278000
0.69853100
0.96913900
0.15261000
0.49988600
0.36284000
0.67896000
-0.07071190
0.70860700
-0.41169800
0.00280312
0.26520300
0.98327100
-0.32448000
0.53875800
-0.40629400
-0.90416700
-0.17118300
-0.90468300
0.02847590
0.12100000
-0.51027300
0.15709800
0.06478510
0.55810100
-0.21893600
0.11234000
0.16990400
-0.20096500
-0.09760870
-0.02262050
0.23679200
0.19732200
1.30482000
-0.35004000
0.74204600
0.63788300
0.15521800
0.10328400
0.29102500
-1.09326000
-0.35901600
-0.15232900
0.70613600
0.73871800
-0.66728200
-0.41510200
-0.10707000
-0.23918400
-0.75115100
0.04353380
-0.15240300
0.44242200
-0.32860300
0.17928600
0.07981170
-0.35600000
-0.46299200
-0.38633500
-0.16705200
1.50540000
0.73348100
-0.27432500
1.19717000
0.23953900
-0.25429600
-0.21232900
-0.23249000
-0.65024400
0.22712000
0.44100800
0.29747000
0.49846100
0.60968300
0.47666600
0.40467400
1.65744000
-0.76622700
0.23370400
0.12993300
0.19211300
0.69492400
1.24357000
0.37499000
0.08753330
-0.19691500
-0.24303400
0.12257000
-0.56471100
0.07803790
0.96071400
0.49364900
1.56785000
1.94567000
0.61604400
-0.19729300
0.06784090
-0.18622700
0.00161660
0.02517690
0.23179200
0.77883500
0.40109700
1.49276000
0.23876700
-0.49160100
-0.13181100
-0.09848420
-0.70820200
0.12772900
-0.75942000
-0.44181300
0.31316300
-0.32812200
-1.03752000
-0.24352700
-0.04034120
-0.69677700
-0.52362600
-0.72537900
-0.37045600
-0.40113900
-0.48451700
-0.90540800
-0.60511600
-0.75448300
-0.60465000
-0.07242510
-0.09546550
-0.62562800
0.77051500
3.41662000
-0.20804500
-0.51668200
-1.12569000
-0.33422400
-0.39153800
-0.23440200
-0.19084700
0.29410400
-0.41901600
0.10957800
-0.93951800
-0.04797900
0.43346200
0.06958700
0.73659700
-0.30202400
-0.16599200
0.18959500
0.29136900
-0.10015400
-0.46001300
0.19983900
-0.03714020
-0.25566500
-0.39487300
0.33233000
0.22573000
-0.58563000
0.00887494
2.43726000
-0.33423900
0.04686160
-0.16587200
0.22453000
0.95469400
-0.10900100
-0.37814100
-0.01054410
-0.24112300
-0.57564600
0.07168070
-0.41710900
0.27819000
-0.09088010
0.16085200
0.17447000
-0.42848200
-0.01397550
-0.16215900
-0.30500900
-0.10097600
-0.37177400
-0.40027100
0.07066740
-0.19187400
0.16360800
0.21321600
0.08960830
0.10868000
-0.03344630
-0.07639670
-0.28938700
-0.27575000
0.21038500
-0.01730230
-0.85226600
0.00504322
-0.01815890
1.25852000
-0.19342800
-0.50790600
0.14133700
-0.29213800
-0.64402200
-0.04039280
-0.19439700
-0.31567700
-0.26026500
0.43909500
0.63839600
-0.14057200
-0.56640400
-0.20309000
-0.42725000
0.06805970
0.09243620
-0.34560000
0.05461400
0.33202200
-0.14174300
1.16759000
0.26984300
-0.29599000
0.45888400
-0.33281000
-0.05863410
-0.54771100
-0.22464900
1.52306000
-0.66330400
-0.27967500
0.05705420
-0.35399400
-0.35405200
-0.30519700
-0.07265810
0.38262700
0.29996800
-0.24241500
-0.80381400
-0.36061600
0.38555300
0.13199700
0.41217000
-0.57139300
0.04904580
-0.65684100
0.35730700
-0.01104220
0.41154800
-0.18327100
0.31918100
-0.57431400
0.01857120
-0.24053500
0.42863000
1.56759000
-0.16268300
-0.56596400
-0.19417000
-0.26449400
0.78102600
0.24303000
0.28702100
-0.58979400
-0.71463400
-0.07186560
-0.07520120
-0.01818160
-0.83020800
0.03114370
-0.12816700
1.23926000
1.16392000
-0.38298600
0.80465400
2.12215000
-0.20815700
-0.23445400
0.41323400
-0.38780200
-0.31272000
-0.14247000
0.10872400
-0.26432600
-0.30071500
-0.02787060
-0.38660200
-0.60507900
0.21754500
-0.01433490
0.07790670
-0.87705700
0.18888100
-0.24476700
-0.79862000
-0.10120600
-0.52436400
-0.66714500
-0.42582600
-0.79821300
-0.02682160
0.46811500
-0.54139200
-0.57372200
-0.78044100
-0.00737229
-0.62602600
0.03990630
-0.16467200
-0.27765700
-0.34910300
0.52158900
0.05725040
-0.10571500
0.45674400
0.65412300
0.02015810
-0.05001040
-0.49851000
-0.29128500
-0.28173000
-0.73590200
-0.06500720
0.22472100
-0.50523300
-0.27851500
0.66264500
-0.45711700
-0.24627700
0.76240100
-0.16303200
0.32748400
-0.59297200
-0.18981000
0.49453200
-0.84109200
0.64291100
-0.34062800
0.18108000
-0.13685000
0.20466900
0.08753370
-0.08905990
0.20610400
0.11972400
2.89419000
-0.29586300
0.89510900
-0.51004000
-0.46986800
-0.47156900
0.05459960
-0.19661700
-0.25228000
-0.04013050
-0.46249300
0.61043000
-0.15626700
-0.41999800
-0.07725610
-0.70839000
0.64587600
-0.57586800
-0.23588700
-0.55093800
-0.14287300
-0.30223600
0.59365500
-0.19531700
0.85082200
-0.47039800
-1.00354000
-0.22141800
-0.08088360
0.20228500
-0.16813000
-0.22019700
-0.01390810
-0.39525700
0.42597700
-0.30181500
-0.51710400
-0.55759900
-0.18448000
-0.78666800
-0.00342863
-0.15964200
-1.22838000
-0.48131500
-0.41071200
-1.09696000
0.12205400
0.27652400
-0.32087600
-0.40795800
-0.19789700
3.11524000
-0.58513300
-0.06383890
-0.22683500
0.19203100
0.11980600
0.58126300
-0.12745500
-0.61016900
0.06805700
0.15997200
0.30222100
0.47370600
-0.32509200
0.19342300
-0.62048800
-0.22514800
-0.00314861
0.05783360
0.20118800
-0.46282000
-0.33119100
-0.17001900
0.31652600
-0.95483300
0.06964660
1.04956000
-0.18386300
-0.14418000
0.54190300
0.57322900
-0.04388380
1.05680000
0.55600400
-0.68152500
-0.92902700
-0.17013300
0.32488500
-0.35066000
-0.35569000
-0.12984300
0.12898000
-0.04042050
-0.53811300
-0.13311800
-0.28568100
0.19598800
-0.38719200
-0.84768200
-0.54129400
-0.53108000
-0.03681790
-0.61230800
-0.37987200
-0.30197200
-0.89129900
0.41813700
0.81366200
0.47012700
1.29625000
2.08327000
0.72503700
-0.30111800
0.00765789
-0.17158800
-0.20336400
-0.42763000
-0.73472000
0.59787800
-0.14407200
-0.87876500
-0.53126000
0.69705100
-0.44197900
-0.67690400
0.16359100
-0.61490000
-0.25817000
-0.78925200
0.28812300
-1.07150000
0.21323500
-0.11937300
-0.65017600
0.04144050
-0.42679400
-0.03101670
-0.37672100
0.05973030
0.26700900
-0.04774780
0.09987860
0.29513400
0.09478560
-0.13882700
0.15105800
0.00349180
0.36338900
1.04966000
0.02943520
0.38556200
-0.46801800
1.93303000
-0.30966200
-0.31125500
1.43706000
-0.48796100
-0.21164800
0.02008790
0.15310400
-0.32245200
-0.24660300
-0.53321800
-0.60542000
-0.26552600
0.81861400
0.89060100
-0.40400600
1.09181000
-0.23574100
-0.19815000
0.22528300
-1.06906000
-0.25852200
-0.20686000
0.33659200
-0.43561300
0.77634200
0.66907600
1.00848000
0.63675400
0.56414200
0.63511900
0.27900600
-1.06634000
-0.55621300
0.52651900
-0.69203200
-0.52641600
-0.31582100
-0.84458000
0.38893000
-0.21671700
-0.22856000
0.02839040
-0.27962800
-0.53197900
-0.50411600
-0.76913900
-0.36436500
-0.62612400
-0.27735500
-0.04136740
-0.27906200
0.86999800
0.63946200
0.72300500
1.24584000
0.20718500
0.18040200
-0.40142800
-0.48379900
0.11614100
-0.50596800
0.45490800
-0.14922300
-0.16766700
-1.11885000
-0.78635900
-0.00236017
0.98613200
0.21120700
0.50501700
-0.64171000
-0.35075900
-0.87388100
-0.45855000
-0.80741700
-0.61020300
0.15313700
-0.43128900
0.18838600
-0.51895600
0.89561000
1.77390000
0.66740100
0.30397300
0.26005400
-0.99651000
-0.65926400
0.41326300
-0.21461400
-0.53984100
-0.06089340
-1.51063000
0.47197100
-0.17112900
-1.12972000
-0.01950910
-0.02299870
-0.44107000
-0.17821300
0.52718500
-0.38650000
0.25675000
-0.19610800
0.00969860
-0.08886360
-0.24330400
-0.84905200
-1.43577000
0.02111470
-0.60825800
1.08672000
-0.34779800
0.05756210
-0.54267400
-0.09144780
-0.01527960
-0.15754700
-0.34292500
0.05665170
0.28993800
-0.18715500
0.06267180
-0.24785600
0.42115500
1.70538000
0.26192100
-0.42673700
-0.09190060
-0.25047700
-0.74495200
-1.09371000
0.51844700
0.53015900
-0.25548500
-0.20779100
-0.26347200
0.04600590
-0.07004280
-0.31955100
0.03453700
-0.27083600
-0.13756200
-0.35997600
-0.61785000
-0.23610100
-0.73611000
0.23181800
0.59399100
0.70963000
0.05610610
-1.07666000
0.23005300
-0.42036500
0.03040970
-0.04889280
-0.71261100
-0.65511400
-0.45438900
-0.10350400
0.12166800
-0.06416070
-0.52446000
0.18129400
0.24985400
0.33806700
-0.34063200
0.40731900
-0.51125100
-0.27414000
1.22187000
1.05575000
0.55345300
0.31456800
-0.09323480
0.60059600
0.14264700
-0.16205100
-0.65040700
-0.92267100
0.88197700
-0.23340400
1.67734000
-0.44101800
0.18388000
-0.68997200
0.13027800
-0.50822200
0.19079600
1.04281000
0.45809300
-0.14876600
-0.13232800
0.12726700
-0.27392900
-0.75993100
-0.69224100
-0.15465400
0.39083100
-0.55885100
-0.54863200
-0.22176300
-0.29836100
-0.51531600
-0.38927300
-0.55580100
0.09004790
0.07191080
-0.00846875
-0.11872700
-0.89249800
1.50137000
-0.50862500
1.37225000
-0.36011400
0.66090900
0.13861700
0.11135700
1.01327000
0.26558300
0.85609400
-0.11192200
-0.70389700
1.08088000
0.17057200
-0.04907790
-0.65429600
0.43131800
-0.13350100
-0.11160600
-0.31325700
-0.71420000
-0.53803000
-0.13792100
0.38845800
0.62172300
-0.39820700
-0.39953900
-0.21537000
-0.66734200
-0.05991770
0.05970260
-0.35451700
-0.08098270
-0.14926500
0.49683200
0.04546630
-0.14605600
0.59543700
1.71624000
0.31861400
0.02116690
0.20207000
0.19852700
-0.68626800
-0.22929500
-0.19462300
0.35107400
-0.41816600
0.08545740
-0.02601240
-0.00894663
0.50093200
0.41149300
0.40700300
0.07654770
-0.34319000
-0.44764700
-0.39862400
-0.05177900
0.62979400
-0.24895400
-0.56451300
-0.29307200
-0.48806700
-0.42699400
-0.18309500
-0.45877900
0.95238700
0.12742400
-0.11043900
-0.20916000
-0.08208120
0.14109900
0.10005800
1.12628000
-0.02498010
0.38287900
1.49273000
0.03413340
0.59736500
-0.30914200
-0.23618800
-0.03863300
-0.38039800
0.83400400
-0.13763300
0.02843720
-0.49717700
-0.31090300
-0.75049600
-0.27022400
-0.33012400
-0.10496800
-0.21022200
-0.13544400
-0.08311040
-0.96375000
-0.45581000
-0.36232300
-0.48497400
-0.50784800
1.73725000
1.30466000
0.25231700
-0.25409500
-0.11031800
0.89982100
-0.28754800
-0.30518200
0.01979150
0.46612800
-0.70021700
0.51766100
-0.07396400
-0.91401000
0.18815100
0.66689000
-0.56027600
0.07720880
-0.64596500
0.03438050
-0.52161400
-0.90002000
-0.44240600
-0.07626410
0.23090300
-0.57945900
-0.00576862
-0.24646800
1.34679000
-0.66604200
0.34775000
0.00276536
-0.43347800
0.25520000
-0.07139520
0.88643600
-0.85659400
-0.54521100
-0.05762400
-0.72734700
-0.74521300
-0.06286860
0.19256700
-0.50915000
-0.55089500
0.57413100
-0.17490600
0.50101900
-0.37708100
0.23343100
-0.48660400
-0.28506700
-0.66709100
0.09218990
1.77682000
-0.04915820
-0.80039600
-0.39254000
-0.10732100
0.40585300
-0.52289400
-0.12050700
0.07532750
-0.47422700
-0.11970300
-0.37084000
-0.34195000
0.22386300
-0.04652520
-0.08869560
0.09350140
0.03226490
-0.07015630
-0.26892300
0.77315600
-0.71321600
-0.78395500
-0.62532200
-0.63746800
-0.91200000
-0.59039800
0.65264500
-0.23843400
-0.72828500
-0.45199800
-0.70498400
0.29145900
0.80550200
-0.37162700
0.20246900
-0.04805550
-0.69516900
-0.34309400
0.32560000
0.01655680
-0.25658700
-0.52898500
-0.03426690
2.60330000
-1.06055000
-0.22096500
-0.02750170
-0.40290800
0.73292800
-0.15950500
-0.15414600
-0.08022460
0.58123400
0.97285000
0.47298600
0.02906690
0.06930960
-0.16892700
0.03785830
-0.08453560
0.21415800
-0.34367900
-0.39394300
-0.86241200
0.95228800
-0.11059400
-0.46417900
-0.08955660
0.01400050
-0.57611800
0.33915000
-0.11970500
-0.60369200
-0.71401700
0.00572569
0.17982200
0.83861000
0.32772000
-0.21909200
0.47695300
-0.77901800
0.17039800
1.60831000
-0.74427500
-0.42125500
0.16674900
-0.41890400
-0.82888000
-0.32606900
-0.01699010
-0.27437600
-0.37985300
-0.03919110
-0.27394500
-0.07740680
0.42097100
0.28304400
-0.47031600
-0.02899950
-0.22460100
0.22356000
0.08582580
-0.31983300
0.10010400
-0.19827700
-1.15830000
-0.19042800
-0.15206600
0.66362400
0.02272150
0.24833100
-0.64449200
-0.67399700
-0.32613800
-0.61882000
-0.42050500
-0.85204700
-0.36328900
-0.12433900
-1.36184000
0.54390800
0.14296400
-0.40129800
-0.72987000
-0.25453600
-0.21278300
-0.74890600
-0.02555280
-0.02618490
-0.75980700
-0.33464300
1.15882000
-1.06465000
1.49734000
0.08793750
0.43224400
0.21501400
1.30667000
-0.29786800
-0.82555300
-0.23660000
-0.57357200
0.71935400
-0.23936800
2.18442000
0.94334100
1.09649000
2.67670000
0.34990100
1.67090000
-0.07609810
0.52841400
-0.97264600
0.30556500
0.30530700
-0.19991900
-0.61001100
-0.01018300
0.49467700
0.74909700
0.88324300
-0.24824300
0.14160400
0.19767900
-0.08933430
-0.27153000
0.33755200
1.88769000
0.84980900
0.99117300
0.47306500
1.35608000
0.53259000
0.25460900
-0.61108100
-0.01606000
0.15702200
0.56556600
0.28448600
-0.68972800
0.25082800
-0.41965200
-0.73748100
0.01023700
0.22837800
-0.36910500
0.02851250
0.07341030
0.58874700
0.08542810
-0.14546700
-0.69272300
0.01491850
0.46808800
-0.44415600
0.16220000
-0.66971900
1.62089000
-0.24016400
-0.05124650
-0.19996500
-0.43627000
-0.55025400
-0.39649100
-0.15449300
-0.24792900
0.13059200
-0.23296300
-0.06445910
-0.55175700
-0.59954900
0.30056200
-0.08331310
0.57034200
-0.10812100
-0.36478100
-1.09951000
-0.12563500
-0.65394900
-0.40035800
0.39591700
-1.02324000
-0.40161100
0.22360200
1.94195000
-0.13553900
-0.42881400
-0.63305800
1.18985000
0.12220900
0.20787200
0.24336500
0.24153100
-0.14354300
0.27221200
-0.35755000
0.10551300
0.49417100
0.26763500
0.82505000
-0.93511600
-0.73672100
-0.16086200
0.19498800
-0.42267800
-0.77011600
-0.31977800
0.17720800
-0.64119900
1.17789000
-0.12963800
0.28746400
-0.90687800
-0.33013300
0.21964900
0.67930900
0.04009700
-0.64178300
1.34137000
0.68517300
1.25572000
0.10996800
0.36669700
0.06499410
-0.75993300
-0.55559100
0.06665660
-0.31221000
0.21359300
0.04744680
2.63986000
1.09795000
0.17185400
-0.13355700
0.06072390
-0.43374500
-0.47618800
-0.76322000
-0.46645600
-0.05214040
0.14733300
-0.66838900
-0.36568400
-0.09483430
0.15259500
1.03711000
0.41476500
-0.86773000
-0.75887600
0.54108200
-0.25556400
0.02402120
-0.16722100
-0.46595400
-0.50380400
-0.64110700
0.08345080
-0.55927900
-0.29588100
0.16316200
0.50836900
-0.28969100
-0.45523800
-0.11446700
-0.97001700
-0.00629610
-0.11399200
-0.85376000
-0.50450900
0.20638500
0.15290100
-0.24919200
-0.29792200
0.93145700
0.55410600
-0.22876400
-0.87207600
0.22791300
-0.07868180
-0.06554180
-0.23800900
0.58373400
-0.57448200
-0.42013800
0.01044530
0.11370000
-0.06358040
-0.77268900
-0.83323700
0.46593800
0.13555700
-0.83736600
-0.18579700
-0.70554700
-0.35706100
-0.76614300
-0.86635000
-0.18223500
-0.78121500
-0.22713600
-0.05190150
0.14290100
-0.60214000
0.43730100
-0.25508500
0.06553940
0.10226000
0.66223000
-0.87392900
-0.41650900
-0.22695700
-1.09355000
0.31482700
0.09728970
-0.43438900
-0.52785400
-0.06219580
0.10953300
-0.41004700
-0.09891060
0.65117200
-0.23899500
1.11891000
0.37820600
-0.29718300
0.04106260
0.80692200
0.07350010
-0.68795200
0.96985900
-0.31037800
-0.49260600
0.08710690
-0.36488400
-0.11328500
-0.24903300
0.11203000
-0.38839500
-0.08039160
-0.71868200
-0.15241400
-0.37518500
-0.05959650
0.11148500
-0.65040800
-0.54080000
-0.12316700
-0.19003300
-0.27840900
-0.30423500
-0.07699290
-0.31551900
0.16912800
-0.02522690
-0.03267410
-0.74657500
0.20527000
-0.08652280
-0.42561200
1.44446000
-0.06552010
-0.01782510
0.36367500
-0.26373100
0.36468700
-0.82411600
-0.61012700
-0.10436400
-0.51366300
0.13270800
1.74903000
0.29217900
0.09129120
-0.25752000
0.07007540
-1.07574000
0.11884500
-0.06295950
0.00486959
-0.56469300
0.00629272
-0.35238100
-0.00225959
0.26924300
-0.08842920
0.25007500
0.80344800
-0.06109330
-0.47682700
-0.67410800
-0.75716800
-0.40241300
-0.10958900
-0.78675500
0.24889700
-0.79912500
1.08029000
0.12405600
-0.42766900
-0.19260200
-0.43594800
-0.03572010
-0.22758200
0.75923300
-0.26855600
-1.15716000
0.12549800
0.42385700
-0.53952600
-0.31902100
0.11387200
-0.06490140
-0.15720500
-0.35431600
-0.37543700
-0.29715600
0.06002010
-0.36662800
-0.66368600
0.17506000
0.21524600
0.01456340
0.64836000
-0.49925100
-0.03248220
0.48964900
-0.46128400
-0.75451800
-0.02448890
-0.03907780
-0.05028450
0.21519700
-0.25008800
-0.09173470
0.27847900
-0.18261100
-0.67797500
0.03697820
-0.48914200
-0.05639430
-0.95021800
-0.08357770
-0.77569400
-0.10239400
-0.28368400
0.80657500
-0.31689300
-0.21273000
-0.39430700
1.70109000
-0.27175800
-0.26405500
0.99612700
1.77194000
0.42116800
0.41757700
0.66799900
0.34790600
-1.11695000
0.51449500
0.00510541
-0.11317200
-0.48584300
0.24614900
0.12905900
-0.21162100
-0.00969835
-0.25015300
0.16764400
-0.98331500
0.33761100
-0.02370620
0.32812600
-0.02728170
0.22987300
-0.24688700
-0.24180500
-0.04522920
-0.01748400
0.09820780
0.27487600
0.28062300
1.66483000
-0.18433500
0.31227400
-0.28597600
0.27540500
-0.33918000
0.68530100
0.82076500
0.32544100
-0.03081330
1.59519000
-0.77065600
0.69094400
0.12406800
0.05404120
0.39826800
1.11924000
-0.41427200
0.01229450
-0.13362500
-0.38187700
-0.19413300
-0.52166000
-0.65696700
-0.16159900
0.05519130
-0.54231800
-0.76491400
0.50274500
-0.28989600
-0.18881300
0.35627600
0.23253900
0.40833300
-0.76463800
-0.62053400
-0.12128000
0.22752000
-0.71376300
-0.28596900
-0.22127300
-0.51033400
-0.54882600
-0.19559600
0.54126100
-0.70331800
0.29729000
0.71477800
-0.71097800
-0.96823300
-0.30043100
-0.21827400
0.32371000
-0.00235346
0.44215000
-0.73760000
-0.36526900
-0.30491500
0.05308410
0.21680500
0.43563600
0.42035600
-0.46719000
-0.89862200
0.33014900
0.31508900
-0.10236900
-0.28564400
-1.00749000
-0.26351900
-0.46493100
0.15941800
-0.47708000
-0.41371600
3.12915000
-0.43006100
0.48620100
0.01915040
-0.72729500
0.08327290
-0.11485300
0.47425000
0.08669430
0.26425800
-0.03028930
0.29614600
-0.31430400
-0.68229500
-0.39866400
-0.37203600
-0.16706600
0.24340500
-0.76422800
1.33900000
-0.43929900
-0.62741400
-0.42024400
-0.53837900
1.87053000
0.38004500
-0.38281300
0.69046300
0.44416200
0.29581800
-0.70597100
0.45277100
-0.31548400
-1.20765000
0.92394900
0.16625800
0.10173000
-0.09177660
-0.84614500
-0.82404300
0.43613000
-0.67327000
-0.07244650
-0.03972280
-0.22235500
-0.59683900
-0.29132500
0.09967430
-0.40751400
-0.14079200
-0.34096900
-0.40868600
-0.33882600
-0.22510400
0.31801200
0.35563600
0.46196600
-0.47592900
0.26680300
0.38005800
0.65482300
-0.37165700
-0.28261000
0.18848100
0.21235500
0.16270700
0.64632700
0.33405500
0.55711500
-0.29295400
0.38018100
-0.14891600
3.08411000
-0.36495900
-0.57334900
-0.47926200
-1.07986000
0.53769400
0.42787100
0.99277400
-0.85239000
0.49848400
-0.41692600
0.15131300
-0.61281600
-0.20578600
-0.42361400
-0.35426000
0.97260600
0.16441100
0.37212300
-0.20105100
1.18371000
-0.09049710
-1.21157000
-0.71721300
0.17149100
0.15208600
1.61281000
0.13679900
-0.25589500
-0.25407200
-0.72287000
0.05337700
0.00130835
0.43563500
-0.15757100
-0.61636600
-0.49520600
-0.31654300
-1.02223000
-0.10222200
0.18963700
0.06460650
-0.45345400
0.60314300
-1.02437000
-0.51531700
0.13867800
0.34370300
-0.58175200
-0.13329400
-0.39391000
0.68906000
1.09658000
0.53177000
-0.72595600
0.13557800
-0.02573610
-0.41202700
0.36913600
1.22810000
0.34010400
-0.01158090
1.08636000
0.65829200
0.67961600
-0.21184900
0.29493300
0.20773600
-0.35715400
-0.73597400
-0.72310100
-0.21635600
-0.97104300
-0.09241600
1.08615000
-0.10343400
0.27628200
0.09129120
-0.09156670
0.35536900
-0.26015600
-0.05282450
-0.30137400
0.12545700
-0.25833700
0.48699800
0.30987900
-0.43938200
-0.32685000
0.57163500
-0.46311300
-0.09023980
0.74676700
0.27189500
0.24934000
-0.55605800
-0.47960100
1.78025000
-0.27505200
1.26364000
1.51399000
0.90967000
0.77862100
1.12475000
1.10610000
0.35678600
-0.20428500
-0.56639100
-0.28785200
0.15505200
-0.08567950
-0.01366260
-0.06456000
-0.43902200
-0.84803700
-0.88169300
-0.03944370
-0.53568000
0.15505200
-0.26975500
-0.05223170
-0.73063900
-0.17639400
1.64913000
0.08762990
-0.58919700
-0.65406600
-0.43274100
-0.09823770
-0.11404100
0.09693260
-0.40255700
-0.02630330
-0.06992790
-0.37206400
-0.48531000
-0.25580900
0.15228600
-0.10669000
-0.70049400
0.28102900
-0.25043400
-0.40734500
0.12904100
0.14727600
1.96438000
-0.26369600
0.18989500
-0.11035800
0.45169900
1.86251000
-0.35425400
-0.30075600
-0.31838300
-0.22310500
0.14216200
-0.19255600
-0.11943300
0.69235800
0.15783300
-0.59601000
0.05435730
-0.36628500
-0.02649160
-0.55165400
-0.23568900
-0.46470900
0.74252500
-0.30344000
1.06827000
-0.48386600
-0.27191500
-0.14745100
0.33621200
-0.06317870
-0.17354300
0.01198930
0.39641200
-0.29635300
-0.14329900
0.16902300
-0.73223000
0.52871400
0.21451400
0.21451400
0.08855710
-0.68231400
-0.04921020
0.42553400
0.09612240
-0.15246400
0.62095400
-0.40707300
0.00394718
-1.15932000
-0.13238700
-0.21982500
-0.09107650
-0.45893500
-0.17252800
-0.63076600
0.49870900
-0.07943270
-0.45335700
0.14852900
-0.30069200
-0.06610020
-0.08377290
-0.20280800
2.28136000
0.26622500
-0.07812900
0.96084200
1.24002000
-0.29283200
-0.32559400
1.28246000
0.19962300
0.21008500
0.18453100
-0.59963600
0.12605200
-0.58376900
-1.12613000
0.53609700
-0.86055300
0.21439600
-0.88114500
-0.48701400
1.52409000
-0.03596150
-0.38261300
-0.03157480
1.62876000
-1.11761000
-0.60707400
-0.30496500
0.60415000
0.83498800
0.18382500
1.72233000
0.52704800
-0.21602700
-0.54419800
-0.02591230
0.18715900
-0.18959500
0.45367800
-0.66553600
-0.56028900
-0.99152600
0.02570780
0.22028600
-0.70542900
-0.32770300
-0.75670600
-0.70049400
0.01868140
0.24301000
0.14917700
0.18154400
-0.34369300
-0.59275100
-0.21572700
-0.29830900
0.38298000
0.02637190
-0.14530600
-0.02024640
-1.04486000
-0.59179400
0.30345000
-0.27364100
-0.76880400
0.98990500
0.04091990
-0.27796000
-0.15284500
-0.25154200
-0.36839700
-0.01843280
-0.08829370
-0.66567900
0.17060600
-0.53028300
-0.53028300
0.11366600
0.20423600
0.80244700
0.29173300
-0.20023000
0.02543030
-0.93039500
0.28893900
0.21976000
-0.06234160
-0.21387500
0.01407340
-0.38303600
-0.18946400
-0.06077350
-0.43370700
-0.42383000
-0.02451110
0.73285700
-0.38083100
0.86461100
0.79010300
0.03727590
0.93015900
2.03136000
0.28190000
0.07197410
-0.24661700
-1.04658000
-0.71884900
-1.11417000
0.41613900
0.12479100
-0.41477900
-0.43784400
-0.60393000
-0.46887500
1.52865000
0.16011000
-0.67284900
0.30587900
2.58567000
-1.34878000
0.58338200
-0.79024900
0.08879130
-0.18070400
-0.99541100
0.06113150
-0.04348990
-0.47615400
-0.05949030
0.10118700
-0.55250300
0.01783550
0.19837900
-0.59308000
0.80618300
-0.58178000
0.35017900
-0.23435400
-0.08482680
0.01088290
0.82197000
-0.06289280
0.31207000
0.44939200
0.70122300
-0.59186200
0.27936000
1.13537000
1.00322000
0.31128200
-0.25582800
0.33755600
-0.73052200
0.46387400
-0.36433100
0.08955130
-0.19257200
0.24989100
0.45853200
0.02188870
-0.34792100
0.26571700
-0.18216100
-0.08276500
-0.35764800
-0.26496200
0.08582760
0.28902500
-0.49530600
0.10357900
-0.15239900
-0.36423300
-0.83645600
0.32593400
-0.82573500
0.23636300
-0.31852800
-0.49512800
-0.25201200
-0.27527300
-0.31687800
-0.37472400
-0.08897770
0.28137700
1.74113000
-0.08046310
1.49075000
0.02360920
0.39277000
-0.95381900
-0.18047200
-0.60994100
0.56250200
0.19090900
-0.00168045
-0.21568100
0.93627500
0.31545900
0.60013600
1.26188000
0.18837100
-0.36013000
-0.46762400
-0.25246800
-0.45959800
-0.31709200
0.38709300
-0.59229300
-0.25480000
0.36295300
0.43704500
-0.40478500
0.02432500
-1.07183000
0.45627000
-0.12897700
-0.62890500
-0.63115500
-0.29251700
-0.26669100
0.27529600
0.50545500
1.61441000
-0.88492800
-0.69059100
-1.00744000
-0.62902100
-0.50515400
-0.29078300
-0.89175700
0.00929553
0.24681200
-0.48339500
-0.77305900
-0.27026800
0.42353100
-0.11444600
-0.41875500
0.05363980
-0.19202800
-0.68736900
0.09563090
0.47015000
0.34563800
0.42326800
-0.43536500
0.17145500
0.33503100
-0.52296900
-0.33448600
-0.01406970
-0.25534000
-0.22418300
0.23998700
-0.36352500
0.58437300
-0.01217840
-0.66519200
0.78067300
-0.18257100
-0.39791900
0.54631000
-0.12839900
0.28282700
0.02008020
0.05658020
-0.09159930
0.01585170
-0.63243800
0.08761960
0.38934400
-0.38636700
0.12160100
2.15935000
1.62479000
0.80265100
0.44937800
0.17546300
0.01207560
-0.21769300
-0.21304300
0.22450600
-0.62465600
-0.09772260
-0.69866600
-0.09406650
-0.16466100
0.07534040
-0.48584500
-0.84988300
-0.55895600
0.02657250
-0.70760400
0.25495000
0.35546300
-0.44102700
-0.63419000
-0.88595600
-0.58024300
-0.41718100
-0.19455100
-0.64977700
-0.51631400
0.18148900
0.26957800
0.10699300
0.04914400
0.15044800
0.22382200
0.03150880
-0.59016600
-0.24842400
-0.43289500
0.08586560
-0.78006300
0.08186940
0.35622500
0.30869700
-0.20990800
0.18171400
0.16348000
0.03446430
0.21108600
-0.36504700
-1.14455000
-1.05740000
-0.32766300
0.39136600
-0.04940180
1.50622000
0.67987700
-0.30742000
-0.23795900
0.05567180
-0.49909800
-0.26442400
0.49537500
-0.39343700
0.07067470
-0.58746400
0.17219600
-0.90206000
0.02570640
0.24105400
-0.52993600
-0.03872840
-0.23048300
-0.09747250
0.09746650
-0.67048200
-0.19248000
-0.13925600
-0.09694470
0.44959300
-0.60579000
-0.39927100
-0.92386400
1.11306000
-0.44468400
0.20185900
0.35470100
-0.10430300
-0.55254400
-0.20072800
0.08488420
0.36110700
0.05490400
-0.68749100
-0.61518900
0.74467400
-0.55627400
0.15644100
0.16059200
-0.37585600
-0.22171700
-1.08454000
0.25027100
0.23754600
0.10303500
-0.47233200
0.93543100
0.03450610
-0.22368900
-0.59322000
0.69850200
1.21741000
-0.02974120
-1.09673000
0.50968400
0.92455000
-0.16817200
0.35210200
-0.88874900
0.51553500
0.04651490
-0.33340600
-0.08422140
0.59058400
-0.07751860
1.39822000
-0.49763600
-0.07801220
1.27792000
0.51571200
-0.05838930
-0.38340000
-0.20658300
0.29374400
-0.83574100
-0.20170000
-0.56014600
0.03987710
-0.06940540
-0.76083000
-0.11317200
0.09898790
0.47584400
-0.06486020
-0.91216000
-0.93698000
-0.61174700
-0.80272600
0.45506800
0.15961500
0.16516500
-0.08121570
0.59421300
-0.61831000
-0.21451500
-0.06909300
0.36212700
-0.13285700
-0.64484500
-0.46163800
0.47192400
-0.31874700
-0.45104200
-0.07053890
-0.40030400
0.04435790
-0.19084100
-0.06949610
-0.47651000
-0.44272700
-0.51713400
-0.36143400
-0.28695900
0.23098200
-0.43667900
0.56523100
-0.70597900
2.55126000
-0.28212700
0.25416400
-0.16584900
0.00323213
-0.33525000
1.17831000
0.61069500
0.40048000
0.91164300
-0.59181600
-0.42787100
-0.52669100
-0.27989900
0.64382300
1.17534000
-0.10322100
-1.26109000
-0.10763800
0.68080800
-0.66226200
0.11153200
1.73945000
-0.46905900
-0.44669100
1.22866000
0.51537000
0.99154600
1.61841000
1.23320000
1.18084000
1.05926000
-0.71674200
-0.69652400
-1.50751000
1.53380000
2.04790000
0.75759200
0.91563800
0.64836500
1.42111000
1.37265000
0.64224000
0.06024970
-0.03976780
-0.54845400
-1.16572000
-0.16341400
-0.17053500
-0.07782550
-0.13064800
-0.34386100
-0.70426300
-0.15973000
-0.00349827
0.34636000
0.12452200
0.81624400
1.00396000
0.21003600
0.58782300
0.24226200
0.33972200
1.16593000
1.23255000
1.53555000
1.60489000
-0.56832200
-0.32716200
-0.04030410
0.07445540
0.50756100
0.33714700
-0.21654900
-0.14984300
0.61399700
0.11036100
0.86210300
-1.27207000
-0.71612500
-0.19142600
-0.03780140
0.14107700
0.28765400
-0.32052400
-0.32470500
0.55960400
0.28420200
-0.32348500
-0.14941400
-0.51829000
0.26158400
-0.03645030
0.39696600
-0.21606700
1.04527000
-0.58478500
1.14524000
0.81484400
0.44268000
0.21112800
-0.26265300
0.36474700
2.07787000
1.86623000
0.40424100
0.44312700
-0.38923100
0.02624700
-0.17144800
-1.12138000
-0.10312200
-0.92375300
0.24177600
-0.44084800
-0.33692500
-0.91936800
0.03702830
0.02245570
0.26930800
-0.37125100
-0.23228100
-0.16536900
-0.28406300
-0.45233200
1.49397000
0.34246000
-0.07726280
-0.02391530
-0.48348200
-0.45483200
-0.00674592
-0.68400000
-0.30064900
-0.36194700
0.06891790
-0.53002300
-0.00365671
-0.14464000
-0.27651800
-0.14424300
-0.87526200
-0.58047200
0.07938730
-0.47179400
-0.72191000
0.55963000
-0.62501800
-0.24729200
-0.90916000
0.44050000
-0.07671810
0.54253100
0.25352500
-0.13652200
-0.79657000
-0.11667700
-0.43389700
-0.30891900
-0.58222700
0.44096700
0.02555310
-0.01509620
-0.29367000
-0.02323410
-0.63911900
0.18276200
-0.29284000
-1.06646000
-0.34430700
-1.38303000
0.21795500
-0.37788300
-0.19091300
0.29779400
0.09902160
-0.12283300
3.09886000
0.70096300
-0.67658400
0.04894630
1.10258000
0.03744750
-0.31303300
-0.21558300
0.46685100
0.43665900
0.27768700
0.96006600
0.34232000
-0.00723397
0.29456600
-0.35698200
1.28423000
-0.44430800
-0.24082300
0.26943800
-0.19076700
-0.53967300
0.22117600
-0.06902860
-0.33590500
-0.20143500
-0.21025000
0.05522780
0.16450300
-0.44435400
-0.37706400
-0.31515500
-0.11454900
-0.18817500
-0.44452500
0.31029800
-0.57937200
-0.81503700
-0.43907700
-0.59577000
0.22845900
-0.08709260
-0.42756100
-0.07773580
1.07257000
-0.19202900
0.26418000
-0.31481100
-0.48959700
-0.01261230
