-0.08360470
0.49944800
0.16932200
1.07412000
-0.29465500
-0.41536900
-0.40182400
-0.48958300
-0.08683650
-0.01459280
-0.26191400
1.17934000
0.16053900
-0.19809000
-0.10209100
0.88790700
0.84262300
0.23832200
1.64061000
0.99644000
0.99597300
-0.05387280
0.50482300
0.22417600
0.51864500
5.49154000
0.09831760
0.34335000
0.92622200
1.02079000
0.40895400
5.34362000
5.28163000
0.77917700
0.09005590
0.90020000
1.19995000
1.36614000
5.43474000
1.52584000
0.98870900
0.88612900
1.27782000
0.34918700
0.54374800
0.56946500
0.68469100
0.56856900
-0.33335700
-0.03933180
-0.13980700
-0.32739600
-0.16198900
-0.44473500
0.22895900
-0.40748600
-0.23810500
0.10665900
-0.05131300
0.01926780
-0.10586500
-0.06597350
-0.28360100
-0.14643800
-0.56492000
0.09258120
-0.40604200
-0.24232400
-0.07579190
-0.16210200
-0.37512200
-0.19954800
-0.08311590
0.42617800
-0.32807200
-0.32541000
-0.34210800
-0.08852730
-0.44228700
-0.23596900
-0.22483700
-0.09104080
-0.05703560
0.12232700
-0.29855300
-0.22781100
-0.21692000
-0.20188400
-0.69895600
0.57337500
-0.25863400
-0.39400500
-0.34818700
-0.02953510
-0.35174200
-0.04546420
-0.10290600
-0.25779900
-0.32043700
-0.17231900
-0.29092700
0.13045200
-0.30007300
-0.24145700
-0.32505700
-0.62357900
1.29559000
0.28207300
-0.33947500
0.43546500
-0.31096500
0.19978400
-0.30049000
-0.28786500
-0.31484600
-0.09914330
-0.38752500
-0.21738000
-0.04792680
-0.49226500
-0.37600700
-0.05047650
-0.38512000
0.14584200
-0.21402200
-0.15155800
-0.17938400
-0.33823000
-0.10463000
-0.13218200
-0.16759300
-0.03306430
-0.65023400
-0.22666500
-0.14351900
-0.15541800
0.23040800
-0.23870000
-0.40038100
0.20459300
0.28331400
0.97398100
-0.15161700
-0.11841400
-0.24620100
-0.04615340
0.52515000
0.39690000
0.17346900
-0.34740200
0.18045100
-0.33088000
-0.10631300
-0.18277300
-0.16660700
-0.22693600
-0.24160700
-0.18678700
-0.25962800
-0.19637500
-0.42652000
-0.24872000
-0.34161700
-1.01716000
-0.30088800
0.02934610
-0.25431300
-0.29575600
-0.32040300
-0.18512900
0.86965800
-0.45387200
0.26942800
-0.23399600
-0.30188800
-0.50864300
-0.23433000
0.68542000
-0.17590000
-0.25257200
-0.13344800
-0.08210130
-0.03274780
-0.31865100
-0.13275000
0.75227900
0.77813000
-0.05915580
0.03281040
-0.42707500
-0.33200900
-0.16270400
0.00413594
0.09591570
-0.40151800
-0.23057100
-0.14665600
-0.33726200
-0.21557100
-0.31652500
-0.50159000
-0.14481600
-0.38242400
-0.41414200
-0.27522800
-0.49041400
0.68710600
-0.42944600
-0.29245500
-0.18744600
-0.38297300
-0.18202600
-0.24161800
-0.56367800
-0.18778300
0.08757640
-0.39480000
-0.10457500
-0.14488000
0.40480400
-0.31327000
0.09869770
-0.16564700
-0.21508300
-0.47999100
-0.04412210
-0.39931100
-0.08532670
-0.43198900
-0.25922200
-0.41079400
-0.04279630
-0.17273000
-0.57386500
-0.07913210
-0.28419800
-0.36356000
-0.28728100
-0.38614300
-0.03576030
-0.13133400
-0.41041400
0.27750400
-0.38688000
0.49078400
-0.00008676
-0.10027600
0.80017100
0.16853300
-0.02490850
-0.00726846
-0.53096700
-0.40586200
-0.18484500
-0.41299200
-0.26472900
-0.44759400
-0.15487400
-0.11159200
1.04108000
0.29400400
-0.10688300
-0.03847090
-0.42720900
-0.57908600
0.25175500
0.01135930
0.40109400
0.19031200
-0.17952200
-0.13229500
0.41643400
0.64968800
-0.13280800
-0.36895200
-0.24978400
-0.31058700
-0.10815800
0.03445070
-0.17784500
-0.93141200
-0.51577800
-0.51978400
-0.34049100
-0.09515990
-0.08335770
0.67149800
0.02096050
-0.36105600
-0.16995100
-0.28705800
-0.14625500
-0.21162500
-0.10431400
-0.10536700
-0.27978100
-0.10847500
-0.06977070
-0.14878000
-0.39863000
-0.08680650
-0.25425400
0.86760400
-0.26300600
-0.17592200
-0.36073500
-0.70587700
-0.45225800
-0.01851940
-0.36417000
-0.40210900
0.41711500
-0.39383500
0.15636400
0.04094290
0.69703600
1.03262000
0.24563100
-0.36698100
-0.34543500
-0.22423800
-0.37351300
0.28637600
-0.00504284
-0.29380800
-0.13777600
-0.39209000
0.11868200
0.18226700
-0.48140900
0.04851450
-0.11305100
-0.30501800
0.41239700
0.17524900
0.05878890
0.09815800
0.00789643
-0.55525300
-0.13586700
-0.29093000
-0.14727300
-0.49374400
-0.14772800
-0.16116100
0.14190000
-0.64124700
-0.32084100
0.34661200
-0.07785060
0.58268300
-0.11660200
-0.14908300
-0.18778100
-0.45648900
-0.28739500
-0.25073400
-0.40408400
-0.55166500
-0.15550800
-0.18641600
-0.06280900
-0.12719100
-0.23254500
-0.25218100
0.02695040
-0.22931000
-0.22858300
-0.11795900
-0.13036100
-0.06624730
0.39958800
-0.23372300
-0.31964900
-0.33822900
-0.15022900
-0.15571900
0.15672600
-0.06485780
-0.09143240
-0.05733150
-0.30163500
-0.34829700
-0.09466020
0.55622600
0.25015600
-0.17477200
-0.36381400
-0.49551900
-0.24242900
-0.32869600
-0.10674500
-0.31274800
-0.25601600
0.24156500
-0.20311200
0.14274100
-0.41449000
0.51154200
0.00732371
0.72706000
-0.04991830
0.18541300
-0.26073000
-0.03797320
1.38407000
-0.49329000
-0.48283500
0.96231500
0.02211450
-0.50977500
-0.12176900
-0.28604400
-0.43917300
-0.49855800
-0.23503000
-0.36979700
-0.24116900
-0.83901800
0.13368300
-0.28827700
-0.26495700
-0.11865800
-0.56336200
-0.26439100
0.40544300
-0.55844200
-0.32362400
-0.10575400
-0.13728700
-0.32331300
0.00738087
0.04348680
-0.10821400
-0.45627600
-0.34512200
-0.38667800
-0.43425300
-0.19355800
0.00084077
0.05871360
-0.19685400
0.05135130
0.55090100
-0.36712700
-0.61518800
1.22704000
-0.45135300
-0.23096400
-0.30649400
-0.09354140
-0.06512480
-0.23492200
-0.49935700
0.30077100
-0.09528770
-0.03209060
-0.13541500
1.20819000
-0.38354200
-0.50973200
-0.20917500
-0.44934100
0.18296400
-0.22045100
-0.05408140
-0.62915500
-0.44076300
1.27658000
0.53575100
-0.60447000
-0.16353400
-0.26511300
-0.18747700
-0.10566000
-0.07964060
0.09597690
-0.46313400
0.16136900
0.29600900
0.21198400
-0.43169500
0.05967660
-0.37974700
-0.09871670
-0.04733820
-0.21861400
0.00557591
0.64631300
-0.08023640
-0.34533500
-0.16400700
0.06873430
-0.21084100
-0.27268900
0.31736400
-0.07603580
0.03981260
-0.03958530
-0.15237200
-0.91579100
-0.26053300
0.35779600
-0.09772170
-0.11416600
-0.22184600
-0.27125200
-0.26640500
0.14651100
-0.68910800
-0.33512000
-0.22291700
-0.04825660
-0.08008500
-0.11792400
-0.21662700
0.18027100
-0.16751500
-0.46465900
-0.28207500
-0.11664900
-0.61252900
-0.02767850
-0.20948900
-0.16507500
-0.29057100
-0.65489600
-0.05694040
-0.24912200
-0.32274700
0.23960200
-0.42970200
-0.39737600
0.13933700
-0.23081400
-0.09526490
-0.03755430
0.35982100
-0.17220500
0.12210500
-0.44998900
-0.49658900
-0.32398200
-0.26873800
-0.33993000
-0.20468600
0.45861500
-0.45312900
0.02731060
-0.12166000
-0.27026700
-0.39729300
-0.26059400
-0.25401800
-0.28804600
0.91449500
-0.54921200
0.25023100
-0.48740900
0.15175100
-0.33971800
-0.16367300
-0.24978500
-0.29777200
-0.07484700
-0.27955700
-0.42710700
-0.44324000
-0.73177900
-0.37966200
-0.15558100
-0.14913900
0.48447200
-0.28619700
-0.10121300
-0.34015000
-0.28508400
-0.16610400
0.43201500
-0.00487811
0.41848500
-0.25410500
-0.36729400
-0.02893660
-0.35175400
0.10060900
-0.18882700
0.16495700
-0.31561200
-0.40684400
-0.06248910
-0.02656800
0.01457760
-0.13813000
-0.16010800
-0.45008100
-0.26136700
-0.28347400
0.14702400
0.14809500
-0.29434500
-0.38155000
0.33651000
-0.30317500
-0.27539800
-0.22384900
-0.53485300
-0.05985830
0.10273500
-0.36344000
0.64222000
0.07629190
-0.20448800
-0.16414500
-0.31926700
-0.09253350
0.18325100
0.46816200
-0.30946300
-0.24586300
0.23122100
-0.17742600
-0.12647900
-0.47099200
0.68075000
0.00606238
-0.16030200
0.01071010
0.98520300
-0.35421900
0.18583200
-0.03403090
-0.01730220
-0.21936800
-0.22185400
-0.12420000
-0.47395600
-0.10451600
-0.27794500
-0.33070200
-0.22639200
0.21964400
0.42411100
-0.30728600
0.23620200
0.05987060
0.21691500
-0.54136300
-0.50527400
-0.17336100
-0.12193600
0.10149000
-0.14635000
0.05397420
-0.25149800
-0.32748100
-0.06838300
-0.20376500
-0.17467400
0.09628880
-0.12515200
-0.24546200
-0.27559500
1.22408000
0.41861700
-0.18010100
-0.27284800
-0.21850100
-0.52760900
-0.23317000
-0.02721120
-0.31831300
-0.13619400
-0.08334410
0.14759900
-0.35397200
-0.05331710
0.19749600
-0.23112300
0.10855500
-0.39813800
-0.36149300
-0.07712220
-0.25323900
-0.25688200
0.16672100
-0.45648900
-0.14769800
-0.39334700
-0.00772459
-0.34388200
-0.74910100
-0.17519100
-0.34695000
-0.20320200
-0.29479600
-0.06234140
-0.25705500
-0.13895100
-0.12714300
-0.19615700
0.03094140
-0.43415100
-0.31308600
0.04409650
-0.46132000
-0.13137500
-0.13945000
0.00924225
-0.36396600
0.21755400
-0.46686600
-0.12947600
-0.07004790
-0.34926200
-0.08113730
-0.37614000
0.16634800
-0.78488500
-0.16084500
-0.28966000
-0.06753820
-0.47258500
-0.24706000
-0.14791000
-0.32457100
0.09993370
-0.11549100
0.38444100
0.55600700
-0.14326600
0.53052700
-0.19827100
0.11332900
-0.32014800
-0.32136300
-0.28431600
-0.31197900
-0.29626500
-0.15713000
-0.21221000
-0.41570300
-0.17154400
-0.07011080
-0.14413600
-0.33173500
-0.03600100
0.20964500
-0.11239000
-0.34852900
-0.07198800
-0.13201300
0.30481700
-0.32293700
0.40405600
-0.40706300
0.40241300
-0.32153900
-0.09422560
-0.25436200
-0.35261100
-0.29810400
-0.10648200
-0.45924700
0.12316000
-0.23528700
-0.12992600
-0.20773600
-0.03940310
0.07755280
-0.18899600
-0.30654300
-0.18561800
-0.16832900
-0.23720500
-0.40505500
-0.37481700
0.00045881
0.51190200
-0.01181810
-0.32243200
-0.32587300
-0.07772990
-0.27298500
-0.42387800
-0.16679500
-0.27306800
-0.15299700
-0.05712600
-0.13256100
-0.19122300
-0.27179100
0.47315500
-0.16425200
0.03296050
-0.15592200
-0.61660000
-0.49228700
-0.58232400
-0.31383400
-0.23559800
-0.04459200
-0.11160900
-0.05316400
-0.00780858
-0.01453530
0.34508800
0.06195530
-0.27809300
-0.15251900
-0.16409700
-0.22329800
0.20707300
-0.28602100
0.20069500
0.17022600
0.02710980
-0.14238100
-0.66696500
0.23245800
0.08778610
-0.10212300
-0.21568000
-0.06605290
-0.12888800
-0.31429800
-0.12649600
-0.24469600
-0.41197700
-0.32587300
-0.21020200
0.36024800
-0.10531100
-0.32655800
-0.19536400
-0.28357900
-0.02029560
-0.68155800
0.03740550
0.07947550
-0.05642060
-0.01994780
-0.10748800
0.27533200
0.31607500
-0.16198500
-0.41580000
0.65007800
-0.27742300
0.62472500
-0.20416500
0.16716500
-0.00531150
-0.11203200
-0.13324700
-0.22302400
-0.07690780
-0.41553900
0.44075500
0.00233685
-0.36700200
-0.15246300
-0.29593900
-0.25316400
-0.54614700
-0.05215470
-0.54463000
-0.20437000
-0.36800000
-0.07604880
-0.38954400
-0.47169100
-0.55704200
0.07532130
-0.09248650
-0.22163200
-0.30346300
-0.20214400
-0.52081100
-0.17363400
-0.10285400
-0.07506930
0.50453900
0.02781890
-0.42184800
-0.40040800
0.59336000
-0.56026200
0.05987040
0.83323200
-0.17632800
-0.41003900
-0.11150000
0.01543660
0.03460270
-0.11819700
-0.07030600
-0.28333900
0.02279440
-0.24001100
-0.22404400
0.34927100
0.08939250
-0.14918600
-0.14827000
-0.24753700
-0.37714000
-0.29712200
-0.27900700
-0.33359000
-0.33962600
0.06638190
-0.47074200
-0.39826300
-0.18186700
-0.09351100
-0.41235800
-0.03367680
-0.30499800
-0.08779280
-0.35460800
-0.28454200
-0.17697900
-0.69325800
0.76553600
-0.35949200
0.56216000
-0.30292500
0.16209200
-0.38300500
-0.07797210
-0.24701900
0.09225380
-0.29304800
0.09594190
0.64375500
-0.22085400
-0.04025080
-0.59303200
-0.29576000
0.13948200
0.11593400
-0.31532300
-0.19965800
0.32258300
0.12118200
0.87449000
-0.11089000
-0.32078600
-0.14762400
0.66834300
-0.16699200
0.01518010
0.01133810
-0.43202700
-0.24212200
0.18817400
-0.25578900
-0.15825200
0.10257300
-0.19139800
-0.07199010
0.03129030
-0.16773000
0.06424370
-0.23673100
0.39759800
0.29096900
0.18865400
0.19371900
-0.03852850
0.03331170
-0.02470400
-0.29317200
-0.13044300
-0.34495700
-0.18048000
-0.00643656
-0.23270100
0.32080300
-0.48739500
-0.33440600
-0.04435930
-0.54131000
-0.12954800
-0.10429300
-0.31112300
-0.20049000
-0.24890900
-0.20772000
-0.35291000
-0.21754500
-0.15460100
0.25111800
-0.35547000
-0.36691500
0.26872600
0.05790960
-0.53603000
0.43956200
-0.54258900
-0.19631300
-0.24893400
0.06905230
-0.35826200
0.33699200
0.53348200
-0.85892400
-0.20712200
-0.16092800
-0.05671110
-0.31119600
0.50561400
0.04801400
0.15233000
-0.08756500
-0.00876081
-0.34461000
0.11597400
-0.02059130
-0.33804100
-0.39084900
-0.93467700
-0.55807100
0.04212750
-0.11815500
-0.18507600
-0.04418340
-0.00271881
-0.36508200
-0.07744420
-0.04356500
0.04896530
-0.14219700
-0.21908100
-0.27446500
-0.14582300
0.05491440
-0.08117120
-0.55537000
-0.52104800
-0.25640900
-0.09607830
-0.08714560
0.13211800
-0.16358600
0.13597400
-0.25378200
0.05107090
-0.09496710
-0.11794300
0.15613900
-0.27405600
-0.40573300
-0.45079600
-0.50225500
-0.59007300
0.65134100
-0.02087140
-0.05007450
-0.42751000
-0.12635900
0.39501600
-0.25085200
-0.25904400
-0.18502100
-0.47174900
0.09881350
-0.25562400
-0.04006950
-0.31169300
0.00694844
-0.31050800
0.00691644
-0.13367300
0.66834300
-0.31975100
0.45730900
-0.37845900
-0.57811700
-0.13431300
-0.11498300
-0.25959200
-0.12765700
-0.55864900
-0.34025800
-0.13825400
-0.36055100
-0.25755700
-0.04863140
-0.38111600
-0.42849600
-0.12318000
0.09015130
-0.21991500
-0.08505060
-0.44681300
-0.50685400
-0.43076200
-0.34959500
0.16712000
-0.56125300
0.25637400
0.53616200
-0.39875900
0.09953300
-0.45368100
-0.00560402
-0.19517700
-0.47919500
-0.17212300
-0.20255600
-0.31889800
-0.18410800
-0.12682900
0.18773300
-0.04523740
-0.01223720
0.19972500
-0.42744100
-0.21081500
-0.38816600
0.02192750
0.26028400
-0.37092900
0.27472000
-0.02155440
0.70253500
-0.03207530
-0.00478546
0.45114700
-0.12673900
-0.00768091
0.39440900
-0.16826000
-0.06762610
0.54114300
0.27313600
-0.32226800
-0.36895400
-0.41942700
-0.32122700
-0.17657800
0.08300420
-0.35715300
0.04577030
-0.02388980
-0.18263100
-0.31001200
-0.42052600
0.12757900
-0.23890700
-0.13363000
-0.22549600
-0.10032300
0.04171560
-0.22953300
-0.38064400
-0.62341200
-0.22249700
-0.40397400
0.46249300
-0.24165400
-0.18456300
-0.34057600
0.48739800
-0.07365580
0.33374100
0.13670000
-0.15714600
0.07739060
-0.45702600
-0.18178600
-0.34976000
0.03869580
-0.29024000
0.09279890
-0.18769300
0.01835300
-0.34454400
-0.40257300
-0.15361200
0.36266100
-0.37178300
-0.13615800
-0.35221200
0.00273430
-0.46198900
0.13401800
0.24854000
-0.09960450
0.22209400
0.12379500
-0.35956700
0.00629507
-0.58887300
0.43565300
-0.51708600
-0.42923900
0.42423800
0.39459500
-0.67115100
0.31342300
-0.21343900
-0.15227800
0.37101100
0.19935000
-0.04345190
-0.17257600
-0.12798500
-0.44402900
0.28399700
-0.06341080
-0.25868700
-0.17805800
-0.40113900
0.01939320
-0.17888700
-0.01478560
-0.42259800
-0.08549180
-0.37907700
-0.33345600
-0.61927100
-0.31246200
0.22513200
0.71194100
-0.17441400
-0.60257500
-0.06679920
-0.25549400
-0.02520400
-0.28110000
-0.42102200
-0.24380500
-0.46692400
-0.20984100
-0.13284900
-0.40995800
-0.21811800
-0.06952570
-0.44589200
-0.03566460
-0.43040700
-0.04339550
-0.04952030
-0.17112100
0.00809307
-0.08199850
-0.10242700
-0.22635700
0.32808500
0.25073900
-0.49193500
-0.17487700
-0.47823600
-0.14156200
-0.33887500
-0.14404700
-0.31011700
-0.15624000
-0.19674200
-0.23694600
-0.34610800
0.05205010
-0.32308000
-0.45105600
0.40297500
-0.23517900
-0.42018500
-0.34741000
-0.06629920
-0.32371600
-0.46484700
-0.53330700
-0.36282300
0.04715360
-0.07963210
-0.21523000
-0.17046200
-0.40914500
-0.20776800
-1.18982000
-0.36823500
-0.35896600
0.60363200
-0.60136200
0.14304300
-0.11025200
0.03622550
-0.35590900
-0.12665400
-0.16978600
-0.43693000
0.30446400
-0.04524350
0.64596500
-0.21383500
0.00410270
1.13837000
0.90840900
0.32582600
-0.52615500
0.29645500
0.37385100
0.21481300
-0.66077400
0.76902100
0.10629400
-0.72469000
0.37448600
0.75139600
-0.02628400
0.12511900
0.76244100
-0.12364400
0.59501000
-0.28527400
-0.28755200
-0.09174670
0.10407400
0.73118400
-0.30516500
-0.13800400
0.12705900
0.26319600
-0.25088800
-0.37710400
-0.65387800
-0.06178390
0.27236700
-0.22310600
-0.26335600
-0.83044100
-0.24442000
-0.09809690
-0.21851000
-0.30885800
-0.32822800
0.10639100
-0.24892600
-0.34823800
0.12259000
-0.12111900
0.39197000
-0.35326300
-0.01461770
0.05533800
0.11098400
-0.58781300
-0.19840800
-0.40231200
-0.28915400
-0.62925800
-0.08701670
-0.28962600
-0.07179990
0.16681900
-0.07517340
-0.28380200
-0.04971440
-0.12593500
0.15964100
-0.41886400
-0.45256400
-0.43089000
-0.08845720
0.09070240
-0.26275300
0.17177100
-0.16863100
0.03807060
-0.52804800
0.98055500
-0.66829600
-0.34986900
-0.12423300
-0.27524300
0.19663400
0.39291300
-0.01480700
-0.47008700
0.02311770
-0.43811500
-0.12926900
-0.24044200
-0.26884800
-0.23773500
-0.18509100
-0.23807000
-0.31769300
0.05417840
-0.10571200
-0.14678300
-0.46907800
-0.35993400
-0.12905300
-0.45212700
-0.29477100
-0.22282400
0.12992600
-0.47045900
-0.28704400
0.00502168
-0.24666200
-0.27512800
-0.19918100
-0.30274000
-0.09780460
0.18093400
-0.38559100
0.00439626
-0.42877300
-0.67656800
-0.22212200
-0.01714650
0.15015200
0.03570350
-0.57214500
-0.28511200
-0.04651950
-0.13953400
0.06815270
-0.02176360
-0.21585200
-0.00544925
-0.18040000
-0.33944300
0.02579460
-0.14786300
-0.43671000
-0.55838400
-0.14119000
-0.14213200
-0.70951600
-0.14445300
-0.10535600
0.36004200
-0.13591900
-0.52576800
-0.26154200
-0.13978500
-0.06808210
-0.16172700
0.03286320
-0.32611000
-0.25105500
0.49389900
0.20003600
-0.47470200
0.89840600
-0.90079700
0.56443300
-0.41566400
-0.53093100
0.23888400
-0.27067300
-0.15867700
0.18182800
-0.46613700
0.35178400
0.30494400
-0.21571300
-0.57219300
-0.04534820
0.46475100
-0.20938300
-0.10214500
0.07224750
-0.06054420
-0.34426500
-0.30727100
0.05239590
-0.16080600
0.18412000
0.18890100
-0.04473980
-0.18491500
-0.04173240
-0.38676000
-0.36801300
-0.23534300
0.86656900
-0.41321500
-0.50022200
-0.24559400
-0.33540000
0.61738700
0.33160900
0.39493500
0.09702670
-0.27063400
-0.43640200
0.15529400
-0.50828600
0.05779070
-0.52943300
-0.26413500
-0.34971500
-0.66254700
-0.10642000
-0.46808900
0.21254200
0.15237500
0.08916330
0.19839100
0.07547540
-0.36467500
-0.25694400
-0.59867800
-0.49686300
-0.41442000
0.03089590
-0.18401800
-0.31176300
0.40263400
-0.32896300
-0.09691060
-0.20117300
0.08620590
-0.00990022
-0.08358180
-0.18652700
-0.41898300
-0.43647600
0.52771400
-0.09618100
-0.13793100
-0.52050800
0.03923480
-0.49293700
-0.01611790
-0.28043900
-0.32122800
-0.29850200
-0.41687200
-0.38359700
-0.23833500
-0.21798300
-0.26467400
-0.63716000
-0.51671700
-0.19831400
-0.08030370
-0.31223400
-0.12346300
-0.14986500
-0.48165200
0.07070240
-0.21197600
0.13904300
-0.34516400
-0.27278700
-0.37775400
0.07436200
-0.44489700
0.21773600
-0.29088700
0.04484460
-0.39676000
0.03713430
-0.13727000
-0.20518500
0.23747000
-0.38029900
0.27811600
-0.22030200
-0.21584900
-0.37282700
-0.20716400
-0.47122600
-0.26439500
-0.86415800
0.26053600
0.28944300
0.52784400
-0.31600900
-0.27028300
-0.29983100
-0.31868400
-0.41418900
-0.46033900
-0.23833500
-0.33801900
-0.25663300
-0.55180100
-0.33273600
-0.22992300
0.10655700
-0.20320000
-0.35256600
-0.20048400
0.60455100
-0.26064200
0.30063000
0.11065500
-0.33885100
-0.57089100
-0.00258643
-0.19567800
-0.09636990
-0.13440400
-0.07321140
-0.10560400
0.92786200
-0.23935900
0.10793900
-0.39107200
-0.25389700
-0.29528700
0.02787950
-0.35290700
-0.18524700
-0.21812200
0.04834310
-0.18217500
-0.58015900
-0.35958000
0.18668200
-0.24366700
-0.39590600
0.03182310
-0.39668100
0.03610000
-0.09698350
-0.11680700
0.03125320
-0.13066000
0.06598100
0.06238460
-0.24707000
-0.03649090
-0.36267400
0.48324000
-0.02672690
-0.07707960
0.24695300
-0.18261400
-0.11681700
0.54582000
-0.35180100
-0.11392500
-0.20288400
-0.31255600
-0.03356970
0.02290490
-0.32474000
0.60690700
-0.15031700
-0.46597300
0.34564100
-0.34253600
-0.29616900
-0.06964770
-0.29332600
-0.14013000
-0.12920600
-0.13925500
-0.28976800
0.11033700
-0.40188400
-0.27459100
-0.18455700
-0.19602800
0.53017000
0.18629800
-0.73280400
-0.06665140
0.12140600
1.06548000
-0.83088300
0.30693800
0.66144100
-0.18369300
-0.26427600
0.26502400
-0.03742880
0.03741520
-0.57080600
-0.29234200
-0.13431800
-0.78584700
0.67573500
-0.13661400
0.22570300
1.01750000
-0.07650230
0.24353800
0.06203910
0.30100800
-0.34260600
-0.64453000
-0.07739290
-0.53455200
-0.08980200
-0.23810200
0.18703600
-0.02056500
-0.45188600
-0.28360300
-0.21953900
-0.19270400
0.12205000
-0.40838900
-0.41882300
-0.31919800
-0.10614500
-0.43509600
-0.65408100
-0.40678000
-0.22068400
-0.53789300
0.35695700
0.79901600
0.03713610
-0.48909900
0.11451700
-0.15785700
0.66178300
0.72206100
-0.11564800
-0.03378270
-0.48555000
0.21230000
0.10540900
0.23113700
-0.41035200
-0.37102800
-0.04694590
-0.41341400
-0.42327600
-0.32213800
0.74817100
-0.19955600
-0.29811300
0.15405000
1.14581000
0.50163000
0.08874810
-0.02165940
-0.53548400
-0.38677300
-0.12639700
-0.28169900
-0.00276518
-0.09820830
-0.12252800
-0.06766150
-0.15908600
-0.06163610
-0.37436900
0.26804900
-0.37493500
-0.36392900
0.06439180
-0.15613600
-0.26140500
-0.22846200
-0.12139500
-0.01387220
-0.32597600
-0.42391200
-0.45432300
-0.21033600
-0.08809220
-0.79467400
-0.27621400
-0.49306900
-0.37482800
0.56359600
-0.34315900
-0.54867000
-0.59938000
-0.26825400
-0.05711870
0.31606900
-0.40269300
-0.32065600
-0.50170400
0.00459883
-0.36462400
-0.12930500
-0.00615452
-0.46141400
-0.31024900
0.66265100
0.47498500
0.37608000
-0.17209900
-0.09165220
0.03068370
0.55978000
-0.80513400
0.70965300
0.37896600
0.90572200
-0.46362900
-0.13375100
-0.28228800
-0.36246400
-0.49361100
-0.37480000
-0.32327500
-0.18275200
0.39056100
-0.27874500
-0.52169100
0.09822080
-0.23373100
0.49230400
-0.56873500
0.12181600
-0.52141300
0.67935900
-0.49996600
-0.41147100
-0.66735600
-0.40427700
-0.10726400
-0.10562400
-0.38085000
-0.53273200
-0.08411260
-0.53376100
-0.32247000
-0.20849000
-0.01846490
0.26536700
0.16129900
0.61938800
-0.18113800
-0.02311320
-0.32079400
-0.72202800
-0.36092600
-0.19436800
-0.29590900
-0.11495800
-0.03110500
-0.46702100
-0.38735700
-0.54839400
-0.12197400
-0.33691900
-0.32397500
-0.09589510
-0.00799934
-0.56771400
-0.19579900
-0.01392860
-0.17546600
-0.42082500
0.10261700
-0.18044000
-0.32525600
-0.23071600
0.06517340
-0.19413900
-0.27339900
-0.37469800
-0.04948230
-0.28612800
-0.39385700
0.12042900
-0.18991600
-0.30085500
-0.24863400
0.01091820
-0.22656200
-0.28798500
-0.40791000
-0.09439850
-0.38257500
0.71137100
-0.25778400
0.22609900
0.60701600
-0.43887900
-0.02393000
-0.19763200
-0.21196100
-0.10778600
0.24385100
-0.11572000
-0.79240100
-0.36094000
-0.22777000
-0.09571070
-0.37377200
0.40874300
0.23768500
-0.03574070
-0.22896800
0.09092540
-0.26907100
-0.15005300
-0.66226200
-0.64400400
0.04969480
-0.21364000
0.19611600
-0.51414000
-0.32619800
-0.23466000
0.11913700
0.11913700
-0.25774200
0.26185400
-0.26000900
-0.16001300
-0.31816800
-0.38657400
-0.27925700
0.25355600
-0.59843600
-0.17311800
0.09936270
-0.05554960
-0.01166040
-0.20273700
-0.10302600
-0.23796000
-0.27505900
-0.10375100
-0.08717560
-0.15604300
-0.28856000
0.38625000
0.16830200
0.95754400
0.28729700
-0.12899900
0.19367600
-0.15053100
-0.22281600
-0.64534500
-0.29387000
-0.12117800
-0.20995200
-0.29774500
-0.05542020
-0.36935500
-0.24810000
-0.51830600
-0.31454900
-0.26920900
-0.06051300
0.02905840
-0.41827800
0.46980600
0.27088300
0.06936140
0.05708960
0.19672400
-0.03654520
-0.36052900
-0.29558600
-0.30557600
-0.26871900
0.01111080
-0.21728500
-0.26654200
-0.47895300
-0.35407400
-0.34895900
-0.45590800
-0.25532900
0.31811900
-0.11291900
-0.43808100
-0.34801100
-0.32123200
-0.00738541
0.11617600
-0.36291400
-0.28678600
-0.04947460
0.33497900
-0.26159700
0.00582923
-0.38762200
-0.51312500
-0.20692500
0.13747900
-0.49268500
-0.39093500
0.16905600
0.39534900
0.56756400
-0.24507400
-0.10749300
-0.15723300
0.06627000
-0.15541100
-0.36673600
0.55842100
-0.79975300
-0.24528500
-0.06640780
-0.15350600
0.09550920
0.27417600
-0.56555700
-0.45766500
1.09284000
-0.15604100
-0.02569790
-0.02275700
0.16363600
-0.24098900
-0.14863000
-0.20765700
-0.09776020
-0.21522200
-0.38619200
-0.22038300
-0.14613800
-0.39360900
-0.04525860
-0.06186630
-0.07316780
-0.31862600
-0.08367830
-0.12677300
-0.45969600
-0.43900400
-0.41131300
-0.22231900
0.02636810
0.31963800
-0.00320537
-0.24901900
-0.12175200
-0.00035691
0.13752300
-0.33493700
0.42382500
-0.05542780
-0.23239000
-0.02085400
-0.13517700
0.28279100
-0.02420960
-0.03176050
-0.20888500
-0.20047100
-0.36157300
-0.16976800
-0.38482100
0.11055800
-0.39410100
-0.11164600
-0.46043800
-0.14079900
0.81333900
-0.09933370
-0.36134000
-0.07745390
-0.08311510
0.80098500
-0.21403900
-0.09527620
-0.41322000
-0.36353100
-0.15376000
-0.34118800
-0.31274900
-0.46745900
0.01569530
-0.41532700
-0.24976800
0.24919800
-0.46645900
0.86945400
-0.05437870
0.10256800
-0.10422700
-0.30265100
-0.44990800
-0.33592300
-0.26686600
-0.25383900
0.14066000
-0.39086200
-0.23994800
0.61777000
-0.16401300
-0.54094000
-0.01633800
-0.15983800
-0.50696700
-0.43995400
-0.21397500
-0.08979150
-0.25086800
0.25724400
-0.38775200
-0.25888000
-0.57629000
-0.35698000
-0.69911000
0.04859000
-0.47278600
0.03384300
-0.28626200
-0.27052000
-0.36532100
-0.29571500
0.00034721
-0.04369970
-0.24136900
-0.07561020
-0.38111100
-0.42446300
-0.53541900
-0.28206100
-0.35889400
-0.26650400
-0.20678900
0.62912100
-0.59460900
-0.24623300
-0.18106800
-0.37958900
-0.47307800
0.93913500
0.34974700
-0.20922400
-0.03295170
-0.09494770
-0.73603200
0.14541300
-0.20134400
-0.09336550
0.09594180
-0.49742600
-0.32022100
-0.01771360
-0.25317600
0.38101400
-0.29451500
-0.43518300
0.19632100
-0.11788600
0.00256512
0.18510100
-0.42324700
-0.50827900
0.03276830
0.42554800
-0.01854660
-0.15649300
0.24184700
-0.16471100
-0.12281600
-0.44030000
-0.49886400
-0.33226700
-0.84948600
0.80546900
-0.59567200
-0.23534000
-0.09405890
-0.22721400
-0.33788200
-0.67920500
0.97481700
-0.16746000
0.51036900
-0.01315490
-0.29715600
-0.50846500
-0.08477420
-0.17400700
-0.31035800
-0.12439200
-0.37913100
-0.22241000
-0.48867500
-0.27735600
-0.22892200
-0.15521400
-0.28321800
-0.08336750
-0.09612330
-0.14851500
0.26686800
-0.34959600
-0.01310000
-0.43429800
-0.59567400
-0.54028900
-0.16694500
0.17124800
-0.55940800
-0.18023700
0.06971140
-0.26408800
0.05257810
-0.48039300
-0.15421900
-0.05623360
-0.27097200
-0.10329100
0.06725190
0.03360570
-0.18153600
-0.21872000
-0.47862500
0.02125390
-0.14930500
-0.10719800
-0.39900200
-0.19944600
-0.01660690
-0.18990000
-0.39672600
-0.03090110
-0.17821000
-0.16510700
-0.17546500
0.31907600
0.06375090
-0.22373800
-0.43182900
-0.29850700
-0.04340240
-0.29823700
-0.11106600
0.07483700
0.16799400
0.62505100
-0.34066500
-0.34204700
0.32537500
-0.00302611
-0.34468500
-0.60525500
-0.31239000
-0.54716700
0.24723500
-0.05929790
-0.11554600
0.26049500
-0.32970500
-0.56641500
-0.15363800
-0.02085580
-0.22958300
-0.20032600
-0.09023130
-0.44464300
-0.16727200
-0.34437600
-0.17025600
-0.24401500
-0.41362300
-0.28511000
-0.35319200
-0.04612490
-0.29987400
0.15842000
-0.28049500
-0.34716600
0.02031200
-0.15679200
-0.18642800
-0.36449500
0.35887900
0.38543000
0.05196910
0.32537500
-0.24560500
-0.30637400
-0.11337200
-0.15463300
0.10859600
0.44336400
0.44972200
-0.33461100
-0.36857500
0.38346600
-0.19701300
-0.23301600
0.69705600
0.01307760
-0.04516030
-0.49576000
0.06060280
0.33965900
0.39636700
-0.22437100
-0.37073600
0.30355500
-0.38445900
-0.08772610
0.32857200
-0.20900300
-0.36013300
-0.10947100
0.30296800
0.80705400
0.64835900
0.02645360
0.01015860
-0.48618500
0.60473100
0.25088000
-0.07773600
-0.35899200
0.73150600
-0.16846300
-0.03543980
-0.04970360
-0.40440400
-0.31683500
-0.12674500
-0.25484800
0.83646800
0.15655000
0.88280800
-0.22443300
-0.27753200
-0.21762900
0.18833400
-0.04432410
-0.55165500
-0.31346100
0.48591200
-0.11599800
-0.65391300
0.23508800
-0.30697100
-0.17547500
-0.42926800
0.43522100
-0.37490900
-0.44836200
0.08270180
0.11330900
-0.30582000
0.12246400
-0.45331300
-0.39067300
-0.56676300
0.40850800
0.28690000
-0.25958100
-0.48656600
-0.34690900
0.52901400
-0.65581700
-0.19068400
0.01133150
0.35031900
0.00514862
0.04633120
0.02983570
-0.16282200
-0.29759600
-0.35666900
-0.73580300
0.04726030
-0.46862800
-0.39460100
-0.10975900
-0.33168300
-0.40620700
-0.37044800
-0.05472570
-0.28492800
-0.10023800
0.29717100
-0.42218400
-0.26765700
-0.20266400
-0.16477600
-0.35777000
0.20738000
-0.33148900
-0.27725700
-0.20565600
0.16491700
-0.20399500
-0.28848800
0.09878590
0.03070370
-0.23610600
-0.52483100
-0.36726400
-0.05103210
-0.18998100
0.24732600
-0.03806340
-0.33746800
-0.47672500
-0.35139400
-0.29697300
-1.15363000
-0.24417500
-0.40058900
0.02106290
0.02348260
0.04238080
-0.33094300
-0.47697900
-0.38717900
-0.21519600
-0.06837700
0.01561410
-0.18280200
0.14622500
0.65234300
-0.36064500
-0.59840600
-0.25305800
-0.20163900
0.29572000
0.13555300
0.10591900
-0.12102400
-0.13216800
0.17964900
-0.50143900
-0.12657600
0.05603390
-0.43970500
-0.05872540
0.31201500
-0.56643700
-0.09738810
-0.02121750
-0.05597430
-0.43629800
-0.34676600
0.63657100
-0.34130400
0.04873080
-0.33483000
0.62129000
0.16772800
1.16781000
-0.16079600
-0.26119900
-0.07015190
-0.49930600
-0.28343100
-0.23527700
-0.27575700
-0.50749500
-0.46006600
-0.40373500
-0.58558500
-0.35215000
-0.05404110
-0.25391600
-0.22945200
0.04705660
-0.65906700
-0.35778000
-0.22541200
-0.02080000
-0.12850600
0.10942400
-0.11519500
0.04243760
-0.25798800
-0.54428100
-0.33363300
-0.52386800
-0.36731400
0.00459831
-0.22594500
-0.22712000
0.08656330
0.00351170
-0.31131800
0.06817480
-0.53949600
0.08130590
0.48097600
-0.40430100
-0.26534300
0.24937600
-0.13433400
-0.10353500
-0.42577800
-0.53257700
-0.43452600
-0.14047600
-0.17592200
0.01733750
-0.20194300
-0.10623900
-0.52198500
-0.28217200
-0.37550200
-0.14989400
-0.35836300
0.18940400
0.58774700
-0.57452800
-0.10299100
0.03878210
-0.16076300
-0.44166700
0.02147620
0.04865020
-0.01680620
-0.13251100
0.47143400
-0.02182980
-0.28459500
0.19231100
-0.36132300
-0.34889700
0.14196600
-0.62314900
0.80198700
0.26298600
0.65453800
-0.08491710
0.06684710
-0.51882100
0.64267600
-0.49299100
-0.06575500
-0.11802700
0.03429950
-0.27170900
-0.37496000
-0.22961500
0.35583500
-0.05483490
-0.43851800
-0.14622200
-0.11142600
-0.02878100
-0.25036200
-0.30520500
-0.49983000
-0.09649910
0.29246700
0.18611400
-0.15623400
-0.22281300
0.12952900
-0.59457500
-0.49961000
-0.06117260
-1.02909000
-0.23637000
0.03454780
-0.49041200
-0.32148300
0.68691900
0.21480400
-0.53192500
-0.04270330
0.40147300
-0.21942900
0.18179500
-0.43170600
-0.40212200
0.19650200
-0.98658500
-0.10450300
-0.03307920
-0.32362100
-0.33085300
-0.53441000
0.60315600
-0.19582200
-0.03458550
0.12013900
-0.32953500
0.10301100
-0.44675700
-0.06631430
-0.20773200
-0.00424677
-0.13445400
-0.32644800
-0.09821180
0.21138900
-0.84954100
-0.29131700
-0.18605100
0.12955200
0.10604600
0.04510800
0.03086430
0.22651000
-0.34071900
-0.20948700
-0.35231100
0.09716210
-0.36343600
-0.40558600
-0.27653100
-0.32924400
-0.05792150
-0.15414500
0.02867010
-0.89829700
0.41365300
-0.12807800
-0.06445140
-0.26205000
0.35652200
0.01629560
-0.09857100
-0.39511500
0.38892300
0.28590800
0.08217270
-0.21102800
-0.13103100
-0.07971930
-0.32061600
0.24839100
-0.08042840
-0.28179100
0.07433070
-0.24773700
-0.35659400
-0.24529100
-0.20645800
0.15190100
-0.48463800
-0.30813400
-0.26220500
-0.25437500
0.19409200
0.31700200
-0.11175200
-0.17350400
-0.65536800
-0.39120600
-0.14072100
-0.13400900
-0.19429000
-0.06238560
-0.03766020
-0.04512040
0.15553500
-0.35052700
-0.13727200
-0.02664550
-0.30837000
-0.36284800
-0.29563700
-0.06403130
-0.37287700
0.37578500
-0.14518600
-0.31193000
-0.35256500
-0.35158300
-0.32886800
-0.16274900
-0.19753300
-0.37376500
-0.36704000
0.05129930
-0.28687700
-0.20777400
-0.25255600
-0.10098000
-0.67759300
-0.07703750
-0.08076560
-0.29184200
-0.19102800
-0.50066700
-0.02647640
-0.21590800
-0.22277800
0.19350100
0.57900500
0.33402900
0.06183410
-0.50875400
0.12320800
-0.71386400
-0.25601000
-0.12313700
-0.31552900
-0.10141700
-0.44228900
-0.12309400
-0.13021700
-0.31168200
0.22382500
-0.08718090
-0.40234100
-0.31804600
-0.23257800
-0.12113400
-0.24168300
-0.00577582
-0.14970400
-0.44498600
-0.19035000
0.01025910
-0.53805500
-0.56056700
-0.13844400
0.08854390
-0.02570350
-0.22627300
-0.34022900
0.20338400
-0.26462900
-0.08213420
-0.85234300
-0.27872900
0.05619560
-0.24357400
0.03118700
-0.21737400
-0.35357900
-0.45063300
-0.29151000
-0.40365000
-0.37088900
0.12901200
-0.21475900
-0.54568900
-0.29143800
-0.27005500
-0.40027200
0.46899800
-0.14786900
-0.48929600
-0.34190300
-0.49450900
-0.12908400
-0.11208600
-0.27157300
-0.11871500
-0.10256000
-0.27632800
-0.02080150
-0.38448000
-0.23735200
0.85919900
-0.24858200
0.25738300
-0.28387900
-0.21981800
0.19249400
-0.05197150
-0.10134000
0.33460200
-0.34925500
-0.31810400
-0.12432200
-0.18285300
-0.06925570
-0.05191550
-0.20372500
-0.34456500
-0.10135800
-0.18367500
-0.23333700
-0.34711300
-0.48900400
0.11275000
0.28903600
-0.47317700
-0.41806000
-0.04473180
-0.72845300
-0.22528000
-0.01691840
-0.18613200
-0.36384800
-0.45089200
0.07475740
0.30809600
-0.49150900
-0.53407600
-0.45611200
-0.65487600
-0.01829020
-0.58533200
-0.13014300
-0.52117200
-0.23273000
0.00328369
0.93370400
0.42454000
-0.17005200
0.15014400
-0.33820900
-0.18043700
-0.10527900
0.41875000
-0.23794200
0.18396400
-0.45232600
0.06668700
0.14239700
-0.16308700
0.13526700
-0.43320400
-0.45426100
-0.50135000
-0.00097609
-0.64167500
0.15678500
-0.48942200
-0.06786020
0.26413000
0.17856300
-0.11627800
-0.01251830
-0.30181500
0.22235300
-0.10386400
0.19069900
0.41267800
0.15551000
0.21393800
1.00762000
-0.41754900
0.03591270
0.11849000
-0.25341700
-0.19971100
0.47476300
1.00966000
0.10818400
-0.24062700
0.01315780
-0.63242700
-0.06713420
-0.11759600
-0.20217000
0.53350700
-0.01432240
-0.89366700
-0.22835500
-0.07544560
-0.40231500
0.29743100
-0.20739100
-0.17686900
-0.64298200
-0.24402100
-0.27980400
-0.33524000
-0.36491900
0.01556270
0.02446750
0.09545550
-0.07968670
0.45400800
-0.12057000
1.54709000
0.59660800
0.88980500
-0.21473700
-0.10904900
-0.19092600
-0.36201200
-0.41034200
-0.37014000
-0.34801700
0.04172280
-0.28204100
-0.19743100
-0.39527700
-0.10857600
0.00862524
0.09922650
-0.41480600
-0.03457990
-0.29464600
-0.33475100
0.11106300
-0.23612900
-0.13370600
-0.58605800
0.15164300
-0.03109290
-0.88008200
-0.40168400
-0.57422700
-0.45368100
-0.56521100
-0.09651480
-0.09258030
-0.85321600
-0.51681100
0.40889000
-0.26569100
0.23728100
-0.28713400
-0.31752100
-0.35607100
-0.04681740
0.12757900
-0.09938220
-0.02655240
-0.00758978
-0.26980600
-0.13697900
-0.11556800
-0.34177500
0.01370610
-0.20833400
-0.66481700
-0.35513700
-0.24830400
-0.49722200
-0.08554880
-0.44814400
-0.14354400
-0.60147700
-0.14844100
-0.30976700
-0.12908400
-0.14559700
-0.24080300
-0.28590000
1.10479000
-0.63454400
-0.50625300
-0.06905060
-0.14501100
-0.31078300
-0.19339900
-0.30896000
-0.50022000
-0.19787800
0.25723300
-0.18777300
-0.32621500
-0.31100700
-0.11038600
-0.14956600
-0.19548600
0.06035700
-0.82397800
-0.36175600
-0.46879700
-0.42186600
-0.30519100
-0.02279680
-0.10223400
-0.49355200
0.34193300
-0.26687400
0.57189200
-0.38713600
0.40948300
0.04291180
-0.15048600
0.67050800
-0.16611300
-0.19404800
0.29834200
-0.20363200
-0.21346200
-0.35863800
-0.28761500
-0.04906870
-0.18983100
0.10473600
-0.21164200
-0.10869300
-0.04391290
-0.31685300
-0.27538500
-0.18514400
-0.13080700
0.02364160
-0.18438000
-0.90850800
-0.38188000
-0.32889000
-0.32438900
0.02536410
-0.35159100
-0.04251270
-0.33677300
0.65653600
-0.21131000
-0.12193700
-0.33648300
-0.01795270
-0.23695600
0.25625900
-0.59211400
0.06931570
-0.42847900
0.02036810
-0.04960910
-0.01136100
-0.25596200
0.27480000
-0.15211800
-0.48566300
-0.27598000
-0.17884600
-0.09412180
-0.07131980
-0.08350980
-0.23558800
0.12639100
-0.37624700
-0.14912900
0.09049550
-0.44203000
0.20272200
0.34225000
-0.06989700
-0.39250700
-0.23825100
-0.11471800
-0.45903600
-0.51718400
-0.41686700
-0.28057700
-0.33058200
-0.29513700
-0.38646600
-0.38999600
-0.41896400
-0.53002600
0.11309400
-0.25880900
-0.11892800
-0.42714000
-0.08928080
-0.34954300
-0.14417700
0.14951600
-0.18675100
-0.33945300
-0.05505890
-0.35222700
0.06347870
-0.28327000
-0.31698400
-0.26584800
-0.59014300
-0.90173400
-0.09678300
0.06606840
-0.03862920
-0.26663600
-0.03942290
-0.11394700
-0.39527700
-0.67758400
-0.29113700
-0.21404100
-0.28253700
0.29452200
-0.28274200
0.10055300
-0.11036700
-0.17615500
-0.29655200
-0.18233200
-0.18757100
-0.18951900
-0.24840700
-0.46865000
-0.14164300
-0.30262300
0.95830200
-0.28890600
0.09227740
-0.36419500
-0.00585195
-0.14378000
-0.20047900
-0.51743100
-0.21058200
-0.04322110
-0.24275500
-0.07727990
-0.32473800
-0.29083200
-0.47228300
-0.21095300
-0.54504000
-0.00830167
-0.18620000
-0.22974000
0.18291300
-0.26372000
-0.26446400
-0.35014000
-0.13275700
-0.31960700
-0.16030800
-0.05084340
-0.40134800
-0.23502100
-0.49898200
-0.36066200
-0.42644100
-0.02932180
-0.21510500
0.92451600
0.68668200
-0.54042700
-0.03948360
-0.57870900
0.41346000
-0.13381200
-0.21319100
-0.18177700
-0.07430460
-0.26133500
-0.07348420
-0.01699230
-0.17223600
-0.00994899
-0.24166200
-0.09581000
-0.36721200
-0.19011500
-0.33225000
0.03055280
-0.16529400
-0.59171500
-0.09635240
-0.30773000
-0.25378600
-0.32851600
-0.18694400
0.98837100
0.27560400
-0.07857550
-0.47574400
-0.45159000
-0.22988300
0.17391300
-0.64685000
-0.12175300
-0.80820300
-0.01382140
0.30146100
-0.40538200
-0.10280900
-0.01482740
-0.57468100
-0.07560830
0.07351140
-0.41987800
-0.06617530
-0.15137100
-0.20271300
-0.33030200
-0.27866400
-0.59924000
-0.34182300
0.15120900
0.36161800
-0.09123200
0.30056900
0.15500800
-0.14687100
-0.34371500
-0.06121920
0.35160300
0.72765100
0.19815300
-0.60319600
0.35740000
-0.31861500
-0.36440700
-0.68420200
-0.19179000
-0.09169590
-0.22937500
-0.15579100
-0.19341700
-0.42978600
-0.23915700
-0.34119700
-0.24375900
-0.32437200
-0.47520000
-0.43895100
1.65090000
-0.24458400
-0.23670200
-0.32659700
0.44458600
1.66171000
-0.22267900
-0.19944400
-0.11891500
-0.20548600
-0.30505000
-0.26864300
-0.34953100
-0.12300300
0.51709800
-0.15723300
0.19337300
-0.59277200
-0.33971500
-0.32544700
-0.21215500
0.15296500
0.53007600
-0.54742600
-0.62727000
-0.28443100
-0.47548100
-0.47134100
-0.17660300
-0.08317190
-0.26015400
-0.14630900
-0.20029700
-0.48108800
-0.48553400
-0.26729900
-0.05923640
0.27427400
0.10655900
0.76401200
-0.25762200
-0.28182600
0.01283130
0.03183790
-0.19561200
0.49583500
0.17401500
-0.15330200
-0.37262900
-0.32082600
-0.30198400
-0.21339700
-0.48675600
-0.15735700
0.17220600
-0.19243300
0.04815620
0.03735090
-0.34411400
0.07519910
-0.25377000
0.45483200
-0.36062500
0.04107520
-0.11924300
-0.14892900
-0.31848300
0.08064870
0.40703100
-0.30366900
-0.08273060
-0.40464500
-0.23965900
-0.29224500
-0.34147200
0.32394900
-0.21902800
-0.21956700
-0.53335600
-0.46691400
-0.18421700
0.04980430
-0.34779500
-0.13762500
-0.39842900
-0.29709600
-0.17919400
-0.21775400
-0.31421700
0.18049600
-0.33632500
0.14778600
-0.15637500
-0.10225000
-0.63717800
-0.01209030
-0.00036236
-0.22416400
-0.46012100
-0.40083500
-0.14691600
-0.05547180
-0.38671000
-0.35305700
-0.15506300
0.34966600
-0.04658870
0.34187500
-0.29687500
-0.34608200
-0.14663100
-0.21264700
-0.34957700
0.66369800
-0.05101110
-0.36574600
0.47991700
-0.25579000
0.17167400
-0.60212500
-0.46572300
0.16254800
-0.11941200
0.28145700
-0.02954190
-0.24368400
-0.16102100
-0.19028000
-0.15738500
-0.24451200
-0.50994700
-0.40246200
-0.30823300
-0.13602900
-0.08981600
0.76222600
0.15172200
-0.17330700
-0.51142700
-0.38848900
-0.09522000
0.25060300
-0.59223100
-0.44396300
-0.15814300
-0.25619700
0.15083100
0.12836800
0.00955648
0.15032200
-0.42662700
0.50379400
-0.10045700
0.31760700
-0.32183300
-0.06889260
-0.13284200
-0.03540550
-0.29958400
0.20655200
-0.86247000
-0.53296900
-0.39369300
-0.10951700
0.02426250
-0.95240300
-0.04432750
0.54665800
-0.75153600
-0.15310800
-0.14300300
0.19051200
-0.37644100
-0.08584070
0.78410400
-0.05638410
-0.06217010
-0.01882080
-0.28391700
-0.00437394
-0.14489200
-0.21746600
-0.12902600
-0.40405300
-0.24844300
-0.33386700
-0.29977200
0.12412800
-0.10633100
0.09960020
-0.26213600
-0.31664400
-0.27602900
-0.52234200
0.03286210
-0.33865400
-0.34348000
0.36540600
-0.02835800
-0.42427600
0.48359400
-0.09143380
0.14833800
0.18810300
-0.20497600
-0.41563500
0.05684670
-0.35830900
-0.45683200
-0.50152800
0.13662300
-0.36256000
-0.15050700
-0.36814800
-0.17305000
-0.24438800
-0.27258800
-0.17840300
-0.36394300
-0.22321000
-0.28715700
-0.41140800
0.15479200
-0.52765000
-0.42597600
-0.18592300
0.39289200
-0.03035080
-0.44064900
-0.31853700
-0.02254890
-0.11070000
-0.24016000
-0.39080800
-0.22347600
-0.02212570
0.09849410
-0.13332400
-0.49239700
-0.06977120
0.26536900
0.22104700
-0.31693100
0.23104000
-0.48865600
-0.27267600
-0.09618230
0.32271800
-0.21864500
-0.63445200
0.23843800
0.28789900
0.22323100
-0.23290200
0.20276200
-0.05684760
-0.25803000
-0.31049800
-0.29372100
-0.50813200
-0.04495720
-0.25827400
0.56117000
-0.04973750
-0.44342700
-0.48597300
1.13435000
0.30883600
-0.05608600
-0.32337900
-0.15521900
-0.16538700
-0.40706800
-0.26227300
-0.18242100
0.05631830
-0.23022200
-0.26796600
-0.07021960
-0.26261500
-0.14443100
-0.28848200
-0.15850400
-0.64456600
-0.28119200
-0.23704400
-0.25065000
-0.30991400
0.04590390
0.04701960
-0.23243100
-0.28809300
-0.29256800
-0.08761410
-0.45633700
0.12697800
-0.05028040
-0.21934600
-0.22952100
-0.43740200
-0.45815100
-0.07828690
-0.54705500
-0.43751900
1.40633000
0.34011300
-0.51623900
-0.15156300
-0.16234500
-0.07220930
-0.37376800
-0.77127900
-0.25018600
-0.16494000
-0.14351900
-0.01656830
0.30002800
0.02226030
-0.61787700
-0.02274000
-0.27673300
0.34126700
-0.41901400
-0.45084000
0.07881010
-0.44806200
-0.48223800
-0.19227000
0.59801100
-0.17146500
-0.07085900
-0.77273600
-0.39879600
0.09687660
-0.29883400
-0.01325000
-0.55649600
-0.09035860
-0.21882200
0.42088200
1.37998000
-0.30054100
0.00414320
-0.44281300
-0.36403700
-0.36710200
-0.43619500
0.01077760
-0.53203400
-0.44616200
-0.35801300
-0.12251600
-0.12543600
-0.55321100
-0.51341200
-0.38253000
-0.35312400
-0.50192100
-0.33019100
0.18554500
-0.25000200
0.01236900
-0.32104500
-0.28843100
-0.57992300
-0.68524500
-0.55151100
-0.50327800
-0.26514900
0.71650900
-0.47746300
-0.28365800
-0.71365600
-0.42133800
-0.51064100
0.49421000
-0.44383900
-0.04815880
-0.21650600
0.04652050
0.27882300
-0.00992790
0.02435260
-0.22346300
0.19535100
0.62102000
0.91215700
-0.18116700
0.87539600
-0.44596400
0.00526596
0.00589251
-0.78988300
-0.57404400
0.51188500
-0.45326500
-0.08096140
0.13487200
0.27577900
0.06573600
-0.29095200
-0.40897000
-0.81953900
-0.08748280
-0.99472800
0.05889250
0.13441700
-0.13309100
0.05010440
-0.30345700
-0.11151200
0.09123620
-0.08802250
-0.22601800
-0.36332600
-0.40263000
-0.46650300
0.04214480
0.04488620
0.11923700
-0.47642300
0.04874820
0.39701900
0.44544700
-0.29933500
0.15912700
-0.53272300
-0.26385700
-0.14835200
0.12388600
-0.54603500
-0.29125900
-0.24016500
0.10232400
-0.42329700
-0.19886100
0.50879900
-0.09596200
0.23954800
-0.26722800
-0.12976200
-0.17697000
0.33125900
-0.12444900
-0.33147800
-0.33116000
-0.08506050
-0.08756900
-0.49108400
-0.13834200
-0.11865800
-0.25730300
-0.21427000
-0.12807800
-0.20193200
-0.31992500
0.15733500
0.44588200
-0.25972500
-0.11322900
0.26583800
0.10510600
0.05940770
-0.38196600
-0.27757000
-0.03496050
0.35758300
0.62269000
1.01265000
0.06348280
-0.00709000
-0.37717000
-0.05765610
-0.87914600
-0.42365300
-0.34415500
0.08161730
0.57564600
1.22363000
-0.02985890
-0.34329900
-0.18895000
0.38932600
-0.36779700
0.02142310
0.47086600
-0.27541000
0.10651300
0.61629500
0.68392800
0.19392600
-0.32161800
-0.21046900
-0.32335200
-0.42404700
0.07623230
-0.40012900
0.00829074
0.20478500
-0.22677700
-0.06367740
-0.44045300
-0.42315100
-0.65105200
-0.44100800
-0.95063500
-0.84665100
-0.30706400
-0.17905600
-0.13284800
-0.28254100
-0.50782900
-0.14643200
0.15924000
-0.26194500
-0.45487100
0.47339000
0.03251360
-0.33796500
0.06488670
-0.30263300
-0.33928800
-0.55554700
-0.25838100
-0.41156900
-0.08832960
-0.42843500
-0.11104500
-0.35432000
-0.26983600
-0.08893950
-0.23245000
0.13064200
-0.13485700
-0.20761900
-0.33485200
-0.11395700
-0.19680300
0.07742600
-0.25549600
0.06539000
-0.25371800
-0.02283210
0.81790700
0.06309730
-0.32162600
0.03060670
1.15278000
-0.23915900
-0.19333300
-0.14827700
-0.10064000
0.50301100
-0.05191710
-0.15717800
0.01529530
0.08828780
-0.21369100
-0.12481900
-0.19117400
-0.10849100
-0.10517800
-0.15569100
-0.15746100
-0.13334600
0.05993560
-0.29088700
-0.43335300
-0.44354700
-0.52008800
-0.82888100
-0.23127400
-0.27536100
-0.65475000
0.07953440
-0.25037900
-0.09711930
-0.38869000
0.14421300
-0.26018400
-0.32516900
0.01925110
-0.29484500
-0.38646200
-0.16957600
0.03955610
0.90589100
0.01330770
-0.32020100
-0.38784400
-0.22060600
-0.18483600
-0.10871400
-0.12799900
-0.32490100
-0.15120700
-0.15333400
-0.10217300
-0.20807100
-0.27275900
0.08006110
-0.40432600
0.01459240
0.04224100
-0.16727200
-0.10775000
-0.16474200
-0.22841300
0.67506300
0.04910840
-0.09025250
-0.07524890
-0.40140500
-0.09313510
-0.26561800
0.07688520
0.63010200
-0.44814100
-0.32277000
-0.24506300
0.15056400
-0.75647400
-0.35561600
-0.28024400
0.08692420
0.59709700
-0.33839400
0.00244541
-0.37015800
-0.23003400
-0.25721900
0.65979600
-0.21268500
-0.23233300
-0.40547200
-0.31541400
-0.03244150
-0.23436600
-0.05836160
-0.31728300
-0.42180500
0.68147700
-0.23462400
-0.37518400
0.85709000
-0.03860940
-0.23084900
-0.12641100
-0.21508600
-0.01054670
0.05762190
-0.47694600
-0.18150500
-0.69402800
-0.11801700
-0.58798000
0.08438350
-0.63110400
-0.17159200
-0.31431600
-0.23956400
-0.65665300
-0.43212700
0.33740100
0.09349350
0.04205050
-0.13275300
0.22443600
-0.24982600
-0.11910000
-0.27808200
-0.00087743
-0.54256000
-0.25873900
-0.11834200
-0.13798000
-0.32829500
0.14133900
-0.22451000
0.05811750
-0.63634100
-0.29901000
-0.31157600
-0.09063020
-0.45734100
-0.44314900
-0.40431300
0.18929700
-0.24947400
0.06414840
-0.17384100
-0.22467900
-0.41380500
-0.11161600
-0.18645700
-0.04972390
-0.40916100
-0.19157900
-0.16149700
-0.05379070
0.20367300
-0.23124100
0.04733270
-0.32302000
0.45505500
-0.31407300
0.07564770
-0.18335900
-0.12230700
-0.15680300
-0.41375500
0.00034708
-0.14342500
-0.10853700
-0.45442100
0.71567800
-0.33506800
-0.31600400
0.70055900
-0.25610500
-0.07730650
-0.11622100
-0.13978300
0.91578100
-0.03140720
0.34010600
-0.10096500
-0.32290600
0.06723010
-0.18989600
-0.21421800
-0.14953600
-0.20716000
-0.07722640
0.41150900
0.04613900
0.63372900
-0.17147300
-0.27261600
-0.66245800
-0.47947800
-0.01917290
-0.14860700
-0.24411500
-0.16545900
0.01320430
-0.22842600
-0.58718400
-0.51014900
-0.72458600
0.12319600
-0.30462100
-0.28462400
-0.27969200
0.00234366
-0.50339900
-0.02932080
-0.60514200
-0.23827300
-0.48716300
-0.43721500
-0.23817800
0.53564900
-0.16306400
-0.09908110
-0.01892140
-0.02243370
-0.17946700
0.13747600
-0.09890890
-0.37957600
-0.10863100
-0.39847400
-0.48354500
0.39092600
-0.56859700
-0.19393900
-0.40993100
-0.15675600
-0.62941100
-0.11939300
-0.07456560
-0.20970500
-0.25992700
-0.11180900
-0.12814400
-0.21559800
-0.35743500
-0.13186400
-0.09234800
-0.01066610
-0.95550400
-0.31019600
-0.39156300
-0.08080500
-0.48415600
-0.55823900
0.06597600
-0.13424500
-0.46763400
-0.40292700
-0.13208700
-0.00318309
-0.31942900
-0.38075600
-0.47711700
-0.35387100
-0.12957100
-0.21440500
-0.23654300
-0.02276160
0.17424900
-0.03038330
-0.21278900
-0.09147180
-0.15500000
-0.38430000
1.33247000
-0.02935740
-0.36063600
-0.63239500
-0.20437200
-0.20081800
-0.48004900
-0.00900198
-0.43111900
-0.45224200
-0.18546200
-0.23147200
-0.15213400
0.02239380
0.27405600
-0.32157500
-0.09742650
-0.08904970
-0.40872800
-0.02577800
-0.02731780
-0.31240200
-0.20521900
-0.46576400
0.71260800
-0.33142500
-0.46905900
0.45642600
1.19685000
-0.11135600
-0.45520100
-0.20236300
-0.21016000
-0.28378800
0.17632400
-0.29927500
0.23683000
0.04273240
-0.60907400
-0.21891800
0.46231900
-0.44875300
-0.10031900
-0.32743700
-0.04349280
-0.37135800
-0.33795600
0.40935200
-0.34169400
-0.09326110
-0.12612300
-0.28955500
-0.24904200
-0.32826300
-0.55881600
-0.23178300
-0.17381700
-0.29950500
-0.33632900
-0.17567000
0.08453750
-0.01294310
-0.00893816
0.34295300
-0.28136000
0.20765700
1.17229000
-0.13006600
0.23571200
0.09031170
1.35892000
-0.45916900
-0.12581600
0.49044800
-0.12869600
-0.27171000
0.65476000
0.15878200
0.16289700
-0.31695200
0.29951400
-0.25102600
0.09197770
0.37291600
0.82322700
-0.27382000
-0.09248670
-0.21453900
-0.21292500
-0.22427300
-0.12929500
-0.24017800
-0.02927550
-0.71710100
-0.21525500
0.39213500
1.04849000
0.32013900
-0.04352690
1.47922000
0.43812200
0.06410800
-0.25685500
0.04036500
0.05522230
-0.49511300
-0.15361200
0.01349150
-0.65158100
-0.06381690
-0.14373400
-0.29702200
-0.25603900
-0.14360900
-0.33009900
-0.07853340
-0.42977900
-0.26248900
-0.52994500
-0.27462500
-0.02848420
-0.45077100
0.54618600
-0.22059300
-0.26200600
-0.13178900
-0.24535200
0.13824800
0.12236500
-0.36798400
0.06605970
-0.65619600
-0.32567700
-0.28730900
-0.23458300
-0.50875100
-0.06319730
-0.20149500
1.08521000
-0.33524000
0.16122200
-0.37253300
-0.55695800
-0.44939600
-0.10298500
-0.15002800
-0.42548900
0.19510100
-0.53335900
-0.57689300
-0.36949200
0.39841300
-0.12207200
-0.66260000
1.14078000
-0.07164970
-0.33270600
0.02512980
0.69497100
-0.32315900
-0.52726800
-0.17278400
-0.59195000
0.30023200
-0.35968100
-0.64850000
-0.17311800
-0.00128778
-0.34855200
-0.20875700
0.03521010
-0.14584000
0.52301500
-0.16681400
-0.32067000
-0.22111700
0.05143160
-0.62163500
-0.84816600
0.54456900
-0.16699100
0.64489300
0.12222000
-0.40290800
-0.07095340
-0.31461000
-0.25660400
-0.07242800
-0.03623460
-0.17676100
-0.51720600
-0.32814100
-0.06555330
-0.17237200
-0.04520040
0.04229490
-0.28885200
0.23834300
0.00316318
-0.44686800
-0.35788200
-0.45254700
0.28770800
-0.43117100
-0.29887700
-0.35774500
-0.28225600
-0.18232900
-0.21914300
0.12205100
-0.36511300
0.17234900
-0.06927600
-0.13965900
-0.33063400
-0.25432900
-0.35462300
-0.68967200
0.23279800
0.23811600
-0.12392300
-0.46500200
-0.18369100
0.19598900
-0.05484450
-0.32633200
-0.28047800
-0.42553400
-0.78559800
0.29260300
-0.12734700
-0.30662200
-0.46643100
0.37990500
-0.32573000
-0.09860650
-0.23861800
0.33852300
-0.30232000
-0.10757200
0.40139400
0.56510800
1.30876000
-0.16649700
-0.24713600
-0.02913330
-0.16703800
-0.33531200
-0.27301000
-0.49829800
-0.13487500
-0.42654400
0.31568700
-0.33862900
-0.51532400
-0.46868200
-0.19178700
-0.38124600
-0.03334570
0.63572200
0.36005700
-0.30138000
-0.34473100
-0.32599100
-0.05293090
-0.64698100
-0.24746500
-0.26594200
-0.17378600
-0.49040600
-0.26280300
-0.04774560
-0.29350100
-0.25945200
-0.33958400
-0.19125000
-0.03966460
-0.03310420
-0.32323500
-0.40974600
-0.36299600
0.37031800
-0.13810100
-0.59620800
0.06825430
0.87433000
-0.21621300
0.22736200
0.01502280
-0.44316500
0.86111900
-0.15495500
-0.46704100
0.27256700
-0.16478300
-0.21887400
-0.19307100
-0.05766170
-0.19356600
-0.29154300
-0.30879700
-0.26506600
-0.27381300
0.06427050
-0.13535500
1.21615000
-0.27577000
0.28968900
0.03062870
-0.13637400
-0.52918000
-0.13986900
-0.49606400
0.01609490
-0.08627440
-0.31219300
0.13170500
-0.19246800
-0.41308200
-0.30683700
-0.00756412
-0.21146500
-0.32245400
-0.15173200
-0.06907330
-0.20749400
-0.26158800
-0.29526000
-0.62403800
-0.44884400
-0.03563030
-0.16248200
-0.33135200
-0.24830900
0.03464640
-0.13815500
-0.31780500
-0.35164900
-0.27565500
-0.26450500
0.48828300
-0.45282800
-0.55218400
-0.04926860
-0.34375700
-0.48301800
-0.12104700
-0.03332060
-0.33239800
0.30331400
-0.22626100
-0.37661300
-0.04399630
-0.13569800
0.08217300
0.06377250
-0.11109500
0.22850400
0.81112800
-0.31277800
0.31661000
-0.12031900
-0.23425400
-0.63262200
-0.17109400
-0.16741500
-0.26294600
0.37703200
-0.37835700
-0.47297600
-0.34818000
-0.04779330
-0.13418300
-0.13744800
-0.36817500
-0.01464740
-0.35365500
-0.32913900
-0.58377000
-0.34487200
-0.22225700
-0.10351700
0.01144830
0.20337000
0.40840100
-0.21769800
-0.25835000
0.38193200
-0.30890800
-0.23399200
0.06653550
0.53711400
-0.44603100
1.19127000
-0.07186240
-0.53944600
-0.12706900
0.37869100
-0.32359700
-0.20741700
-0.62949400
-0.22442400
0.22023000
-0.21178700
0.01672040
0.23655500
-0.08946650
-0.27982200
0.19947800
-0.48124300
0.85602300
-0.45082600
-0.09696050
-0.15492300
-0.01004720
-0.10438700
0.05653810
-0.32547300
-0.23935800
-0.05197780
-0.58374700
-0.60782700
-0.59394100
-0.06698550
-0.48080700
-0.12026500
-0.68038800
-0.01528200
-0.25847700
0.69437800
-0.08216840
0.38988300
-0.30122400
-0.14349400
-0.51630300
-0.00639795
1.01811000
-0.44746400
-0.60881400
-0.40890600
-0.04943080
-0.23653700
0.00341321
-0.51714000
-0.34644600
-0.24227300
-0.25663200
-0.10681000
-0.50157200
-0.08963000
-0.26538400
-0.07835410
0.00338760
0.11699100
-0.51551200
-0.16373400
-0.10675400
-0.43486800
-0.18084200
-0.65701900
-0.32520700
-0.35813600
-0.38450400
-0.19437600
-0.02528930
-0.48548100
0.29019700
-0.05951730
-0.12115200
-0.13246800
-0.20071400
-0.17452400
-0.29603200
-0.20185700
-0.27454500
-0.13913800
0.17685800
-0.27076100
-0.16556600
-0.19284000
0.14876100
-0.55670900
-0.42482400
-0.23271600
-0.00723359
-0.39382800
-0.00340175
-0.24153600
-0.21072700
-0.24702700
0.23549900
-0.37741300
-0.18087700
-0.19069200
-0.23349800
-0.10754800
0.26855300
0.30431700
-0.18935800
-0.47605600
0.05084980
-0.16387100
0.10151400
-0.49512500
-0.33039900
-0.24198300
-0.12151400
0.01520060
-0.14425800
-0.32479300
-0.02617450
-0.05409590
-0.45955400
0.58883500
-0.07365440
0.61554100
0.01219850
-0.44447400
-0.17884200
0.11766600
-0.48251000
-0.17281800
0.54145200
-0.52202100
-0.38693500
-0.32692300
0.06295140
-0.24887300
-0.29624900
-0.15172700
-0.40902000
-0.32752000
0.06330200
-0.21608100
-0.27729700
-0.14829100
-0.08664880
-0.00474316
-0.12969500
-0.27602500
-0.24459800
-0.39651500
-0.05129460
-0.34941300
-0.06219080
-0.02333270
0.41824200
0.46321100
-0.73932900
-0.21569100
-0.04955100
-0.49942600
-0.34859800
-0.24564300
-0.23619200
0.31045000
-0.56279500
-0.03579680
0.21165000
-0.14955400
-0.36315300
-0.32821200
-0.20396500
-0.52214500
-0.20798300
0.07845390
-0.45511700
-0.02749080
-0.27036000
-0.48781200
0.20253500
-0.06127760
-0.07709440
0.26968300
0.44442000
-0.65308300
-0.49208100
-0.23303900
-0.11017700
0.87985100
-0.10865000
0.34721700
0.03251580
1.02424000
-0.07011650
-0.18820900
1.26438000
0.10409200
0.81774000
-0.42951100
-0.24424100
0.40124700
-0.39093700
-0.10284800
-0.04797560
-0.27022800
-0.19918900
0.43833400
0.04421430
-0.45676700
0.06859640
0.14355200
0.03205460
0.12614100
0.99197300
1.02781000
1.46008000
0.37739700
0.62968700
0.06325600
0.28583000
-0.29422300
-0.15399600
-0.01861960
-0.04176270
-0.08744640
0.20386600
-0.37848700
-0.19619000
-0.38328300
-0.06742250
0.06511620
-0.14236600
-0.13749700
-0.08964590
-0.11932700
0.07014540
0.10024700
0.13727900
-0.30657100
0.25169600
-0.46117800
-0.39547100
-0.18432600
-0.24697100
-0.61891300
-0.19493100
-0.32270000
-0.00837605
-0.44973800
-0.24462200
-0.18279200
-0.15861800
-0.09200640
0.06979470
-0.35390700
-0.28843100
-0.43344800
-0.36425500
-0.01293190
0.12035600
0.37544500
-0.42662900
-0.76913700
-0.24514200
-0.56357100
-0.09268320
-0.13231900
-0.46135700
-0.25927500
-0.65607900
1.39106000
-0.13318700
-0.09351990
0.01795870
1.19081000
0.10704100
-0.20182500
-0.05233650
-0.13790400
-0.24410000
0.06171950
-0.13554600
-0.01230520
-0.00210452
0.04351580
0.22212900
-0.34281200
-0.23914100
-0.08788690
0.31507500
-0.00573022
-0.50013900
-0.63932400
0.06324930
-0.45028400
-0.49027500
-0.02114110
0.12849300
-0.32463800
-0.16573500
0.16982500
1.34598000
-0.40585500
-0.26261600
2.00272000
0.28835700
0.60787500
-0.16452600
-0.00645168
0.27927500
-0.43492700
-0.51894500
-0.31802600
0.11664600
0.05379950
-0.56882400
0.06479380
0.51890700
-0.72708800
-0.49536800
-0.30378400
-0.07740910
-0.27430300
-0.13769300
-0.34794700
0.19672600
-0.18675300
-0.07533680
-0.02541210
-0.67442000
-0.32387900
0.25766700
-0.34091700
-0.54354100
-0.42310100
1.11790000
-0.13909100
-0.08636580
-0.54401400
-0.17347100
-0.29567800
-0.52734500
-0.42865400
-0.33860200
-0.28237500
0.07022720
-0.39589300
-0.67324300
-0.05917050
-0.37347500
-0.33510400
0.08486360
-0.15629900
-0.77230200
-0.33379100
0.48566900
-0.24800100
-0.00910545
-0.41777000
0.85579200
-0.24869900
-0.10012800
-0.54069900
0.13764200
-0.18066400
0.04650480
-0.15856700
-0.74012700
-0.21129400
0.16541000
-0.31262000
-0.22463800
-0.57268900
-0.41022400
-0.46245900
-0.13376100
0.17368300
-0.28427500
-0.16088000
-0.36551500
-0.15979500
-0.41756400
-0.83911000
-0.25940800
-0.29144000
-0.16194800
-0.10800200
-1.10412000
-0.53671700
-0.03173920
-0.39372300
0.04151400
-0.48086600
-0.29587400
-0.35816700
-0.33087400
-0.16199100
-0.33299300
0.34107100
-0.17427400
-0.04704510
-0.25082700
-0.16602000
0.24919600
-0.26428000
-0.52788800
-0.16388400
-0.25389900
-0.07296560
-0.55440500
-0.16763100
-0.55154200
0.04148490
0.09025830
-0.11534400
1.02882000
-0.24805100
-0.45195800
-0.01913590
-0.10268100
-0.04590110
-0.23335000
-0.31382200
-0.30780700
-0.03356380
-0.54593000
0.04361540
-0.07214400
0.22573600
-0.21609400
-0.30881600
-0.25628400
-0.12520400
-0.28917400
-0.11000200
-0.15208400
-0.20087300
-0.17185200
0.13507200
-0.12003800
0.21143100
-0.07692470
0.41745700
-0.03771710
-0.31433900
0.34896000
-0.13060000
0.06989900
-0.59069800
-0.37861300
-0.18353400
-0.20732500
-0.08741870
-0.03469880
0.18823400
0.23439900
0.39829200
0.37158300
-0.08872070
-0.18937700
0.25466100
-0.26569000
-0.01425510
-0.31764700
-0.12660800
-0.36666000
-0.23350900
-0.21098300
-0.26997500
-0.15985900
0.00326812
-0.47280200
1.08288000
-0.32884700
0.12770900
-0.56547700
-0.34027600
-0.32625100
-0.35624300
-0.24644800
-0.14721100
-0.40327400
-0.13957600
0.27759200
-0.36078400
-0.41881000
-0.71947900
-0.22078400
-0.23883600
-0.47371400
-0.17258200
-0.72989600
-0.42859600
-0.22204200
-0.30847800
-0.31248400
0.02745810
-0.29315300
-0.57228700
-0.15259100
-0.24484500
-0.47489800
-0.03956190
-0.29927300
-0.33678700
0.30331300
0.19366500
-0.27221100
-0.06759470
0.05314660
0.11863600
0.23161300
-0.13843400
-0.11665800
-0.16434700
-0.01726250
0.14299800
0.05617340
-0.01485890
-0.24650100
-0.24513600
0.01220950
-0.29916600
-0.33930700
-0.27053100
-0.12828800
0.06615180
-0.14770100
-0.28273700
0.03086440
-0.18556800
0.81598500
-0.38606100
-0.14702700
-0.25744400
0.17049000
-0.71555600
-0.31273700
0.06464120
0.89160200
0.58399600
0.91354700
-0.14787900
-0.34398900
-0.64728400
-0.38989400
-0.31201000
-0.29967300
-0.14267200
1.01998000
0.01867690
-0.25649600
-0.15889200
-0.18005800
-0.30908200
-0.27334900
-0.07177910
-0.08751140
0.07440570
0.08558370
0.19364900
-0.16744900
-0.13100400
-0.17319800
-0.05309670
-0.13159400
0.02860180
0.02593510
0.25474500
-0.09911870
-0.01229800
-0.52991400
0.27824000
0.02530040
0.27048400
-0.11515100
-0.18563100
-0.63717500
0.50053900
-0.30041300
0.33521300
-0.43233000
-0.20795900
-0.17284900
0.29381100
0.01259130
0.07032730
-0.39389000
-0.10889900
0.07057040
-0.73075100
-0.15992400
-0.02200820
-0.13636500
-0.10920200
-0.39044200
-0.42257000
0.16893100
-0.09338010
-0.01765520
-0.53157000
0.96808500
-0.13523700
-0.17554900
-0.27649500
0.11555400
-0.27135100
-0.28693400
-0.12201900
-0.42720800
-0.18876100
-0.25903700
0.11323300
-0.36766800
-0.03803120
0.16090300
-0.52534300
-0.19553800
-0.09535340
-0.18090300
-0.65608900
0.29559100
-0.08950760
-0.00057687
0.04667770
-0.34437800
-0.25983900
-0.10724300
-0.24025300
0.05954450
-0.57494900
-0.29240800
-0.62889200
-0.08782190
-0.24354500
-0.10445000
0.34349100
-0.34824800
-0.40917000
0.04455200
-0.34241100
0.08955170
0.66410300
-0.38751800
0.21364500
-0.07367380
-0.27727400
-0.39958200
-0.01602820
-0.49466300
-0.00064419
0.00167194
-0.39153400
-0.13996900
-0.09810170
-0.22314500
-0.08721540
-0.29114300
0.14084500
-0.15791800
-0.09667580
1.29827000
-0.28750800
-0.20759000
-0.25052900
-0.27936400
0.52572000
-0.00255196
-0.24401500
0.22536600
0.38394300
0.53831300
-0.40184800
-0.01641370
-0.21964200
-0.87332500
-0.09499980
0.11818500
-0.39855400
-0.38489200
-0.37319400
-0.62320800
-0.28302900
-0.25770600
-0.14646300
0.09783890
-0.48779600
-0.47955700
-0.26164100
-0.43298400
-0.32066400
-0.02143770
-0.23025500
-0.31328600
-0.43824500
-0.08125140
-0.19635700
0.26527000
-0.11646500
-0.29244800
-0.25976000
-0.20601400
0.22367300
-0.00506210
-0.23678400
-0.14131600
-0.55112100
-0.10163000
0.67926400
-0.20779500
0.06483570
-0.62884400
0.28566900
-0.01118690
1.14138000
0.31205800
-0.08857680
-0.31733400
-0.62077100
0.66742400
-0.15353000
0.31946800
-0.95411700
0.62254900
-0.37603900
0.19507500
-0.28482500
-0.16102800
-0.44091800
-0.59647400
0.50033600
-0.37915200
0.32469000
0.03524750
0.70195800
-0.24032900
-0.41627800
-0.23597200
-0.05272240
-0.01466380
0.51161600
0.38856700
-0.44131500
-0.09887320
-0.58707100
-0.29018100
0.03245930
-0.07508400
0.13482200
-0.51735500
-0.49994800
-0.20016700
-0.24409700
-0.46571000
-0.13439200
-0.28947400
-0.62460000
-0.64579900
-0.58073800
-0.15589500
-0.42308500
-0.21555400
-0.30484200
0.01379730
-0.23131300
-0.37164800
1.59200000
0.33841600
-0.42770000
0.43674400
-0.38124500
0.19804200
0.39444300
1.35330000
0.39324600
0.21380000
0.10953100
0.97367200
0.17905300
0.26424700
-0.25732100
0.06561590
-0.08250270
-0.38405600
-0.00882379
-0.23178300
-0.39735100
-0.11603100
0.70709000
-0.29263400
-0.26518500
-0.08872070
-0.03851910
-0.01973680
0.14123500
-0.27860900
-0.24880600
-0.32642300
-0.27104500
-0.12309100
-0.48889700
-0.38483800
-0.34627400
-0.18048000
-0.39157900
-0.23327900
-0.27268100
-0.15894000
-0.17408300
-0.37972700
-0.60994000
0.79745900
-0.17629500
0.96819300
0.81898200
-0.19500800
0.82204700
0.42497600
-0.37955200
0.34706000
-0.39151800
-0.26443000
-0.26711500
-0.18046200
-0.18837300
-0.28359600
-0.43913400
-0.14839600
-0.32723500
-0.10820400
-0.13698400
-0.34864800
-0.18046200
-0.25017900
-0.39382500
0.00333209
-0.18079300
0.40220700
0.33609400
-0.41148300
-0.56473100
-0.65890400
-0.00621222
-0.56822600
-0.13388400
-0.31707500
0.00708068
0.07707620
-0.16166600
-0.14780300
-0.23669600
0.02027940
-0.11026600
-0.19864600
-0.05171040
-0.21642800
-0.32044500
-0.09709530
-0.47436800
0.28991500
0.04803380
0.42832400
-0.06056310
-0.22895700
0.15844900
-0.32557300
-0.05863920
-0.05798210
-0.35354800
0.44559600
-0.35714700
0.24745600
0.27046700
0.02640830
-0.39791600
-0.22592000
-0.17330900
0.09709550
-0.42044900
-0.49751900
-0.35375100
0.27162300
0.10745900
-0.49893000
-0.72919600
-0.10892400
-0.50415400
0.09263180
-0.21232600
-0.36861600
-0.36235000
0.02135670
-0.04483450
0.10474100
0.21406800
-0.53641700
0.15999300
-0.07656350
-0.07656350
0.46533700
-0.07602090
-0.06120890
0.51344800
0.00843790
-0.12071900
-0.01129820
-0.05080810
0.45178400
-0.39803200
0.03982220
0.33724600
-0.49203300
-0.48289500
-0.12092600
-0.08228420
0.51464700
-0.11741500
-0.00030778
-0.00560718
-0.15473100
0.29878500
-0.66587800
0.19318800
0.41130000
-0.16952400
0.21890700
-0.08318580
-0.75909500
-0.17018600
-0.16808800
-0.60904200
-0.19628600
0.29308800
0.30727800
-0.35263800
-0.22161000
-0.24669900
-0.43771300
-0.25943800
-0.57144900
-0.00324178
-0.27318500
-0.66491300
0.41946000
-0.52402300
-0.35332200
-0.40115300
0.21547100
-0.64618600
-0.64393100
-0.28726200
0.45468300
-0.26846800
0.25074900
0.28933700
0.05045560
-0.09602650
-0.28369800
-0.12057300
-0.17911000
-0.17685100
0.04489080
0.07411030
-0.28093300
-0.81040900
-0.32711100
0.19329500
-0.20101000
-0.06050390
-0.00733329
-0.19864600
-0.10353800
-0.09543280
-0.12848000
-0.07975140
0.11430600
-0.13846700
-0.43268600
-1.46663000
0.74479800
-0.21910600
-0.29757600
-0.08297020
-0.28275100
-0.30878400
0.54276700
-0.14690800
-0.35047600
-0.74518800
-0.46061700
-0.19346700
-0.32003900
-0.07234520
-0.23111800
-0.08800240
-0.19209200
-0.65897400
-0.18381900
-0.34505600
-0.34505600
0.04522930
-0.23371600
0.47852000
-0.06580800
-0.14284700
-0.19970000
-0.34042600
0.19437200
0.10358800
-0.16096900
-0.34807800
-0.09853870
-0.39643500
-0.12179300
0.07612800
-0.19717100
-0.58350200
-0.15657400
1.12955000
-0.24381700
0.29322100
0.42164600
-0.26076400
0.87086200
0.87458400
-0.21424400
-0.02635900
-0.35279500
-0.06229970
-0.39874900
-0.41711600
-0.05138460
-0.04297360
-0.34983200
-0.17513500
-0.16077900
-0.49740200
1.26287000
-0.22148300
-0.30039700
0.15837200
0.67674000
-0.34306900
0.03088300
-0.34923400
0.04752210
-0.32127400
-0.48847100
-0.23545900
-0.26237800
-0.32160000
-0.50538700
-0.37166500
-0.22436600
0.41577100
-0.66870800
-0.14904700
1.69382000
0.05427120
-0.21743100
-0.11872600
-0.01182140
-0.33289700
-0.03180940
-0.17440700
0.15104500
0.13806100
0.07765190
-0.17709600
-0.08727200
1.02074000
0.28980400
0.64394900
-0.20855600
-0.29893300
-0.21222300
0.02470680
-0.22749600
-0.11979600
-0.05300550
0.07009060
-0.03665730
-0.18888300
-0.19757100
0.35928000
-0.32772400
-0.31009400
-0.42182100
-0.09500560
-0.16266600
-0.09295150
-0.33273000
-0.09427650
-0.06079540
-0.36056300
-0.54509200
-0.48898600
-0.12219100
0.29640900
-0.32166000
-0.41332900
-0.32805800
0.04132990
0.08729140
-0.13497900
0.37309200
-0.14820600
0.36722200
0.06074140
0.80353200
-0.61354400
-0.45232700
-0.79323800
-0.23373800
-0.26346500
-0.05308550
-0.00366127
-0.09998290
-0.29836200
0.38892700
-0.28626700
-0.08262520
0.09507450
0.00503003
-0.14928400
-0.32684100
-0.20230300
-0.25362500
-0.35862100
-0.44729200
-0.11242400
-0.28309800
0.27983100
-0.05134980
0.02080970
0.04823660
-0.25365000
-0.35728900
-0.24067900
-0.27435000
0.02696400
-0.34849500
-0.30596800
0.08388200
0.08927430
-0.08998090
-0.46246500
-0.30077900
-0.64936600
-0.30826200
0.02408920
-0.36319800
-0.50106800
0.06254590
0.20672300
-0.60588400
-0.41200600
-0.13961000
0.74036200
-0.23865000
-0.05496960
-0.15906000
-0.37065600
-0.67009800
-0.28692900
0.28198000
-0.58831800
-0.23759100
-0.15813700
0.20186200
-0.10995600
-0.10740800
-0.37161500
0.00279214
-0.29395800
-0.26138100
0.01505910
-0.03579950
0.31989000
0.05559540
-0.54617800
-0.06601660
-0.26627200
-0.64248700
0.34294300
-0.50739800
-0.49671800
-0.39878700
-0.10671400
-0.21943400
-0.20070100
-0.37055400
-0.01938850
-0.07548600
-0.25382900
-0.16844200
0.19714800
1.35322000
0.96856100
-0.40308900
0.01536630
-0.10102800
0.50262300
-0.09580050
-0.34973800
0.15838600
0.08863890
-0.19699300
-0.30845900
-0.14055500
-0.18981700
-0.11553100
-0.46113300
-0.33998100
-0.10116600
-0.12273000
0.34830200
-0.17229400
-0.30666900
-0.61446200
-0.44378000
-0.00559689
0.05877450
-0.21944100
-0.31565100
-0.44491000
0.26328500
0.13072000
-0.36097100
-0.33096500
0.04519570
-0.31679100
-0.17702400
-0.32212700
-0.05082740
-0.00730517
-0.15005500
-0.18515500
0.13712700
-0.33774600
-0.13208700
-0.20890500
-0.10249400
0.07796100
-0.18039500
-0.03768480
-0.25774200
-0.19068000
-0.57687000
0.03264950
-0.35177100
0.06143070
0.16885100
1.34456000
-0.23939100
0.10188100
-0.58911100
-0.43312600
-0.43897100
0.58231500
-0.52163700
-0.67692200
-0.45420700
0.07378000
-0.29592700
-0.18227500
-0.21791100
0.06935620
-0.31571400
-0.37634400
0.07464180
-0.23657000
-0.26276300
-0.21070600
-0.18391700
-0.23302400
-0.39295900
-0.44272000
-0.16753200
-0.39567600
0.19745300
-0.06172380
-0.61265000
1.02593000
-0.62623700
-0.35671200
-0.11687400
-0.12958200
0.23027600
0.01766740
-0.12254500
-0.43495300
0.39511700
-0.16855900
-0.13319600
-0.40993200
-0.02651440
-0.22182600
-0.37985500
-0.35345700
-0.62113400
-0.12699100
0.13158100
-0.03994150
-0.24321500
-0.25133300
-0.15082000
0.00507092
0.31511900
0.26286200
-0.44416400
0.23676900
0.69559700
-0.05923000
-0.00879274
-0.08799370
0.89374600
-0.10032400
0.05244370
-0.32571300
0.09951170
-0.10265900
1.08103000
-0.16908700
-0.80743100
1.45220000
-0.58376100
-0.10527700
-0.02596660
-0.21147600
0.16063900
-0.30943000
-0.39851100
-0.36511000
-0.19236600
-0.10630200
-0.21356900
-0.29967300
0.02188840
-0.13431200
-0.21794000
-0.44802700
-0.33749200
-0.69648700
-0.34679300
-0.05140040
-0.56139000
-0.03913520
-0.51566800
-0.62229100
-0.27218300
-0.45124200
-0.41148000
0.47195600
-0.10694500
-0.42083900
-0.23042200
-0.29738000
0.10740600
-0.34347700
-0.24194300
-0.10261700
0.21501600
-0.17922500
-0.25706700
-0.12536000
-0.53933000
-0.52393600
0.01861210
-0.20161100
-0.16283000
-0.17312700
-0.03796070
-0.08098860
0.53714600
-0.62194000
0.15852600
-0.33545100
-0.15389100
-0.44334600
0.45046600
1.20677000
0.35270800
0.02989310
-0.34525200
-0.37186300
-0.19740500
-0.24725900
-0.18870400
1.78058000
-0.27706300
-0.50696400
-0.36877900
-0.27009600
-0.17136900
0.17200800
0.25994000
-0.20177300
-0.39532800
0.14392600
0.51164700
0.71695500
1.05828000
-0.48315600
0.05699370
0.81714900
0.07724550
-0.25169300
-0.34229300
1.41743000
1.20446000
-0.42460200
-0.30778200
0.26336400
1.05621000
0.50338000
0.37867500
0.12624000
-0.06543150
-0.27780400
-0.78045300
-0.31010000
-0.60377800
-0.22760900
-0.11941200
-0.17812200
-0.15265500
0.04524360
0.03618550
-0.29823900
0.23316900
0.09306700
0.38174400
-0.41018400
0.57656600
0.33119900
-0.33171700
0.78513400
0.55556100
-0.35875900
0.00848365
-0.10632600
-0.13166700
0.01449100
0.12678700
0.56969100
-0.41335300
-0.00719658
0.21163500
-0.49420900
0.04970010
0.52017300
-0.32557700
-0.31115200
-0.46105900
-0.07622660
-0.03136160
0.31470500
-0.15955900
-0.45842300
-0.32592000
0.12749900
-0.26714900
-0.27339100
-0.37552600
-0.23644300
0.11567000
-0.01676540
0.14060900
0.43224200
-0.12465400
0.69010100
0.34630000
0.13004100
-0.33602800
-0.47172400
0.91614200
2.15515000
0.73382700
0.27864800
-0.22645800
-0.05070880
-0.24589300
-0.20010000
-0.30758200
-0.11637100
-0.53744600
-0.33568400
-0.15025600
-0.14425300
-0.21122400
-0.32860200
-0.14556100
0.24047000
-0.25150300
0.02596050
-0.46673400
-0.27485600
-0.15090200
0.10696300
0.04599310
-0.39498400
-0.25554700
-0.40030700
-0.16460200
-0.29253100
-0.65071900
-0.62388000
-0.33644100
-0.69690400
-0.50328700
0.03991900
0.06924260
-0.52431900
-0.08147670
-0.29521700
0.06704620
-0.40094700
-0.39191600
-0.47573800
-0.12007900
0.04060750
-0.33544900
-0.36352100
-0.39697600
-0.14588300
-0.33905000
-0.33838000
-0.29537000
-0.10279900
0.15124700
-0.40163600
-0.52853800
-0.30205500
-0.31874200
-0.16176500
-0.12899900
-0.07105930
0.20177200
0.13946000
-0.12007900
0.03278380
-0.33862100
-0.43464600
-1.01700000
0.00003994
-0.17480700
-0.15713900
-0.27733200
0.19673000
-0.69972200
1.46900000
0.55514000
-0.35148400
-0.12849500
0.21006000
-0.09068940
-0.18328900
-0.51389500
0.48226600
0.06100360
0.05655230
0.76304100
0.06561220
-0.05813630
-0.25210700
-0.18905500
0.37060300
-0.42116500
-0.05747880
-0.05834420
-0.27871600
-0.28463700
-0.07505250
-0.45703300
-0.19808300
-0.12185800
-0.08558320
-0.21774800
0.13904300
-0.06114130
-0.12896300
0.01496560
0.03663850
-0.25097400
-0.54077000
0.33214800
-0.40282200
-0.35376300
-0.39875000
-0.34294200
-0.16756800
-0.50772300
-0.23308300
-0.42855400
-0.49339100
-0.20761700
-0.47400800
-0.24455800
-0.22693000
0.05845870
