4.52056000
6.36909000
4.99686000
4.93359000
5.79078000
5.21310000
4.79351000
4.79886000
4.68988000
0.70922500
-0.43712600
4.51456000
4.86245000
4.87575000
4.77675000
0.66255000
5.40085000
0.08133840
4.58556000
5.27162000
5.07575000
0.92071400
5.36511000
5.04875000
5.42152000
4.78179000
0.66622700
5.07198000
0.79658800
4.91383000
5.25011000
4.69760000
4.75277000
5.31066000
0.11396400
5.28781000
5.13914000
4.97544000
4.73182000
4.48981000
5.07962000
0.82595400
0.61589000
4.93133000
0.33545300
4.96979000
5.13132000
4.88414000
-0.22196400
0.23123400
-0.61646800
-0.19481600
-0.30458100
-0.35125200
-0.27610400
0.33467400
-0.35676600
0.09200530
0.22465300
0.72127500
0.24265600
-0.31674000
-0.26265300
-0.11201800
0.28485500
0.46852600
-0.41269500
0.40773000
-0.17900200
0.06936180
-0.03028830
0.64909600
-0.10098200
1.03340000
-1.09944000
-0.40068700
-0.23820100
-0.04521460
-0.11870600
-0.01445620
0.16367100
-0.09233980
0.02812710
0.24581600
0.19666000
-0.19755900
-0.39207300
-0.70900600
-0.60423700
-0.11526800
-0.22635900
-0.11340900
-0.62673300
-0.26265600
-0.30783000
-0.02372870
-0.56940500
0.24656000
-0.23771000
0.21169900
1.01491000
0.28773500
-0.02439930
-0.70991800
-0.08296280
-0.27202900
1.27121000
0.11211200
-0.09560570
0.23692600
-0.80960000
1.12761000
0.51254300
-0.82089700
-0.84322300
-0.28088600
-0.09839690
-0.08934740
-0.24609900
-0.14831900
-0.35902800
0.10215200
-0.20682100
0.43343700
-0.55297000
-0.72862500
-0.35886100
-0.00510421
0.05300550
-0.49054900
0.65120200
-0.09496800
-0.04715830
-0.44681800
0.24586900
0.80484300
-0.57335100
-0.22313100
1.06233000
0.29380700
-0.27089700
0.10353000
-0.53095600
-0.20283700
0.08529200
0.08198760
-0.22729000
1.38913000
0.30960200
0.03254660
0.63661100
-0.51981600
0.22062100
0.19893500
-0.13835400
-0.15242300
0.22621300
0.13336500
-0.01333490
0.36598500
-0.15087000
0.18706900
-0.35207500
-0.52154000
-1.13556000
0.18289100
-0.20001900
0.29741600
-0.64518800
0.07487360
0.39170500
-0.68766800
0.11606500
0.18638100
-0.48189900
-0.29123800
-0.11669700
0.43416700
-0.41747600
0.06562110
-0.47287600
-0.02430460
-0.14728000
-0.40256900
-0.48437400
0.30696200
0.43435200
-0.25679100
0.29813300
0.50928700
-0.32869600
-0.01667080
-0.35024500
0.27080600
-0.02092900
-0.28606700
-0.26585700
0.55957000
0.41166700
-0.28294500
0.35670900
-0.02439470
-0.13511400
-0.93015100
-0.69893300
-0.67885100
-0.47308200
-0.32301700
-1.14878000
-0.34121000
0.00731461
0.20235700
-0.85445300
0.34500700
-0.46015800
-0.01891200
-1.02634000
-0.15111000
-0.03799330
0.56392300
-0.37343800
-0.72366900
0.47859000
0.19738800
0.05803700
-0.28953900
-0.08872790
0.22329000
-0.62891800
-0.39031300
-0.28781200
0.22673100
0.09858080
-1.15691000
-0.23492500
0.17193000
0.03333510
-0.55496400
-0.07116200
0.29093200
-0.56207900
0.16158600
-0.18598700
0.16475100
0.07139250
0.39763800
-0.05046980
0.54569300
-0.51045900
0.02196140
-0.43986500
-0.04800710
-0.27045800
-0.26244700
-0.53121000
-0.14660200
-1.22246000
-0.65278300
0.64144300
1.23432000
0.19519400
0.02256490
-0.07836260
-1.21503000
-0.76512700
-0.17644400
0.07139020
0.84116700
-0.35347300
-0.26419700
-0.14754700
1.39211000
0.15886500
-0.42378800
-0.54648800
-0.68794400
0.10746100
-0.21075200
0.77615400
-0.12730900
1.21918000
-0.10990400
0.02192250
-0.17583500
-0.34479400
0.13986500
0.78851700
0.13215400
0.26750400
-0.16763900
-0.47730500
0.36840500
-0.13648500
0.24630400
0.25844100
-0.94679200
-0.64755300
-0.27212100
-0.70099300
-0.11798300
0.10132300
0.67772200
1.44531000
-0.14661500
0.00290739
-0.33217400
-0.52686200
-0.13151500
0.51563000
-0.35798500
-1.06449000
-0.25891300
-0.31688100
1.28044000
-0.16624600
0.92145100
0.17474100
-0.20501100
-0.39942400
-0.09131920
0.08014300
0.07438170
0.46089500
-0.38854200
-0.42235800
-0.04749430
-0.78395200
0.15842600
-0.48942300
-0.36861300
0.15218200
-0.60205400
-0.20669800
-0.05160120
0.37792500
-0.09673800
0.56688800
-0.08084030
-0.41027200
0.16468900
-0.02253490
-0.05235520
-0.41681100
-0.07065520
0.66215700
0.28252800
-0.75687200
-0.18071500
0.06742730
0.15016700
0.72825700
-0.36120000
0.18538800
-0.61321000
-0.37171600
-0.84306300
-1.00358000
-0.08368590
-0.15798000
-0.40177000
0.45041700
-0.04483280
-0.22751200
-0.28518700
0.43112100
0.08065650
-0.23234800
-0.13630000
0.30270500
-0.45192100
0.06394910
0.34517900
-0.11641600
0.34982700
0.41160800
-0.32568100
0.52828900
-0.79370700
-0.05596030
-0.29617500
0.33477100
-0.52194800
0.25036200
-0.45369100
0.55256000
-0.06465700
-0.06967810
-0.84188000
-0.69070700
0.11504700
0.60121000
0.07594560
-0.82406400
0.50070200
-0.16814900
-0.59141900
0.78786200
-1.03514000
0.59080200
-0.19046200
1.00634000
1.21890000
-0.56483400
0.28776200
-0.35947100
-0.49455800
-0.26265000
-0.62409600
0.47531500
-0.36015500
-0.58411000
0.51467400
-0.36441400
-0.61804500
-0.14841200
-0.28645500
-0.14316400
-0.08335420
-0.01514130
0.47417000
-0.61022400
0.18316300
-0.66035300
-0.70447000
-0.02639620
-0.43441000
0.07841280
0.12057900
0.23113000
-0.30608800
-0.34324500
0.34062600
0.62115100
-0.27215600
-0.23650000
0.02001770
-0.80920100
-0.45831900
-0.62014300
0.70743200
-0.74454200
-0.74900600
-0.94270300
-0.37505300
-0.92234800
-0.36095500
0.08930040
-0.70274500
-0.14227400
-0.40261100
-0.39152900
-0.01200870
-0.30167300
-1.44817000
1.24592000
-0.88482800
-0.31859800
-0.77738800
0.38187200
0.12157800
-0.66138800
0.03798520
-0.13517300
0.25785100
-0.79572100
0.20070400
-0.32659500
-0.45744900
1.05235000
-0.09933600
-0.79851600
-0.53071800
-0.57834300
-0.35082800
0.23407400
-0.33390500
-0.69678200
-0.36584600
-1.14685000
2.07610000
-0.63985700
-0.32033100
-0.64383700
-0.91010800
-0.02480770
-0.00530323
-0.06802500
0.26870800
0.73070900
0.32000200
-1.08555000
-0.27221700
-0.78096300
0.30983200
-0.00651012
-0.25183500
-0.10689900
-0.03632710
-0.49999300
-0.07942690
0.08180170
-0.82225800
-0.05741950
-0.08372020
0.09795590
-0.07317570
-0.34121700
-0.61613100
-0.14886300
-0.75487400
-0.44884700
-0.68150800
0.21284100
-0.09211000
0.36776700
0.05947050
-0.52170100
0.17772100
-0.25653400
-0.38275900
-0.21719400
-1.80081000
0.43196400
-0.29678600
-0.85707000
-0.35475300
-0.32174200
0.46643800
-1.08372000
0.11342900
0.62173200
-0.23565900
-0.89752300
0.43807600
-0.24818600
-0.11853900
0.27275200
-0.77603200
-0.15927600
1.06756000
0.19923700
-0.62688400
-0.33772000
-1.23030000
0.15832300
1.12176000
0.12968700
-0.89611200
-0.11705300
-0.51243600
-1.17210000
-0.12982700
0.37774500
-0.05423500
-0.22354700
0.70266100
-1.02758000
1.53514000
0.13233200
-0.20626900
0.18784900
0.02308650
-0.10613800
-0.30716400
-0.50776300
-0.21070500
-0.43081700
0.39984100
-0.55249400
-0.11120000
-0.20812800
0.52719600
0.30852200
-0.18654400
-0.59737100
-0.74627300
-0.36895700
-0.46922800
0.17865100
0.02490070
0.16374600
-1.00246000
0.26949600
-0.80357800
-0.97823700
0.23508700
0.36909300
0.58705800
-0.29948200
0.66157500
-0.04325060
0.30836900
-0.34605100
-0.19220500
-0.70630800
-0.13273300
0.40429100
-0.04402180
2.95412000
0.08675270
0.36839400
-1.03415000
0.85319800
-0.00667430
-0.27947500
-0.54158300
0.11690300
-0.16528300
0.03742500
0.27494900
-0.45020100
-0.22189300
-0.17390400
-0.19002800
-0.96378100
-0.48656200
-0.00197124
0.07949610
-0.54470900
-0.50876300
-0.18695000
0.30570500
-0.38931300
-0.06328580
-0.15605500
0.22846400
-0.49883000
-0.94596500
1.14395000
-0.36797500
0.16182400
0.24318600
-0.21207700
-1.11303000
0.52988600
0.03370160
0.35290500
1.17434000
-0.55576400
-0.80123100
-1.15870000
0.20063700
0.65452500
-0.87903600
0.34996800
0.29738700
0.97842400
-0.37970300
0.61696100
-0.09006700
0.29633700
-0.12580900
-0.74584900
0.12589500
-0.43000700
-1.39810000
0.03904760
-0.62819400
-0.43701900
-0.13525500
0.17753800
-0.54578800
-0.17433300
1.32974000
-0.15776500
-0.31506400
-0.65801800
-0.93167600
-0.92252000
-0.72921500
-0.65773000
0.53873900
-1.23764000
-0.80274600
-0.31261600
-0.55629700
0.92859700
-0.30043100
0.04857800
0.36347400
-0.88722300
-0.10082900
-0.49383800
-0.28032100
0.37007800
0.08889000
-0.66578000
0.28002200
-0.84302000
-0.27388000
0.08694600
-0.39213500
-0.08278850
-0.72565100
-0.42870900
0.11680000
-0.97270600
0.50365200
0.32798700
-0.54934200
-0.10671200
-0.59829500
-0.25897200
0.49754400
0.21091600
0.11219600
-0.11351600
-0.35099100
0.24586400
0.21779100
-0.12076300
-0.52032900
-0.36076500
-0.42707200
0.08888670
-0.31948400
-0.01823790
-0.15829400
-0.15705000
0.58105300
0.32328300
-0.36399300
-0.83462600
0.58748100
-0.34169300
-0.16549900
-0.16584400
0.33693400
0.42676500
-0.21055900
-0.15384900
0.47355900
-0.28345500
-0.27508100
-0.60144500
0.26583700
-0.58585400
-0.17411000
-0.42548900
-0.02914190
-0.05943160
-0.30704900
-0.58413300
0.90296700
-0.35303200
-0.35607300
0.29547200
0.33035100
-0.48703800
-0.59492000
-0.01755490
-0.41201600
1.02547000
-0.00765418
-0.23989100
-0.00854730
0.53755100
-0.47992700
-0.36848500
-0.42300900
-0.27199800
-0.07003800
-0.38776600
-0.80109900
-0.74958200
-0.21506100
0.35763000
0.29496000
0.23369100
0.90105600
-0.17297800
-0.56295500
0.22948500
0.61151000
-0.51579900
-0.42591300
-0.73275300
0.01563990
0.54995800
0.06577690
-0.15980700
0.26215000
0.05157570
-0.54528700
0.36800000
-0.02071000
-0.35290500
0.07181740
-0.51189200
0.06684580
-0.43396900
-0.04291920
-0.05428300
-0.43605700
-0.05621970
-0.34734700
-0.09758280
-0.59056500
0.00952106
-0.16766200
-0.90972600
0.20906200
0.56205500
-0.34796700
0.27203800
-0.45291700
-0.08650980
-0.26038900
-0.03557590
0.34571700
0.57401900
0.52444400
0.40647600
-0.13691700
-1.01317000
0.08866700
0.26788500
-0.26566100
-0.43754300
0.18570800
-0.03998720
0.40831200
-0.10134100
0.76594600
-0.46234700
0.28600600
-0.12875600
-1.28633000
0.06867550
0.26215000
-0.62191400
0.51519800
1.50357000
0.33641100
-1.01840000
-0.15502100
-0.73333900
-0.64949000
-0.39722100
0.14256300
-0.79931900
0.00209945
0.91459300
0.15621100
-0.36271400
-0.29973700
-0.28245900
0.52742200
-0.89455100
0.69590800
-0.44319700
-0.64913700
0.11974600
-1.58176000
0.18576300
-0.00656912
0.28758300
-0.96462100
0.25824200
-0.39675600
-0.18517700
0.37138500
-0.37666300
-0.51564200
-0.84764600
0.51174500
-0.54152600
-0.54283400
-0.05509980
-0.84597100
-0.19608600
-0.25547800
-0.51236800
-0.27993200
0.38911900
-0.35420900
-0.50618000
-0.20354700
-0.56278200
-0.14061200
-0.24360200
0.03039440
0.74564600
0.71820000
-0.23230400
-0.22555500
0.36766900
0.09244430
-0.47762400
0.27865000
-0.80911800
0.09417000
-0.78262800
-0.08858490
0.51526300
-0.20174200
-0.86312500
0.08887350
-0.52661700
-0.04844080
0.30046200
0.58929200
0.31775900
-0.78057600
0.08318740
0.26274900
-0.95904400
-0.44754200
-0.31779700
0.44496900
-0.71397500
-0.00101696
-0.40376200
-0.29403900
-0.47220400
-0.14149100
-0.54754400
0.14239400
0.00270321
-0.21990300
0.60042400
-0.36225400
-0.00240682
-1.30892000
1.09543000
0.62977100
0.23563600
-0.05115360
-0.10156100
0.06607870
0.36849100
-0.19200100
0.17183000
0.91581100
0.29515900
0.81576800
0.15364200
0.04099180
-0.64425700
-0.02552030
0.06742860
0.25084000
-0.38802400
-1.07192000
0.92106200
-0.74973700
0.91085000
-0.75514000
0.07818370
-0.14084400
0.61799600
0.02612410
-0.06844840
0.09410340
0.06791830
-0.18663600
0.38192700
-0.75558900
-0.00457386
0.68405400
0.12005600
-0.61925100
0.17848100
0.03432490
0.07875050
-0.14332100
0.67889400
0.59042500
-0.51569100
-0.03029220
0.11215700
0.47307300
-0.09731050
-0.54795200
-0.13013100
0.40150000
-0.32096600
-0.99224400
0.02016320
-0.14186400
-0.68427600
-0.02683270
0.44977200
-0.49775200
0.47758500
0.57902300
0.08297900
-0.22368100
-0.45694800
0.44051900
-0.69985900
-0.43950900
-0.44451800
-0.00589908
-0.22259300
0.30323700
0.41761600
0.14916800
-0.13199500
0.84943400
-0.28915500
-0.30089100
-0.27577200
0.05815330
1.06806000
-0.43381800
0.70355000
0.79237600
-0.14330400
-0.14836500
-0.17191400
-0.04842180
0.30828800
-0.05809180
0.31208200
-0.28582000
-0.09421890
0.13881200
-0.04526660
-0.25051600
0.34933600
-0.68033900
-1.23593000
-1.01083000
-0.45536600
-0.31456400
-0.35769200
-0.22624100
-0.46882400
-0.70391100
-0.59971700
-0.00597923
0.19202700
-0.42683000
0.14882000
-0.18024700
0.01951220
1.06919000
-0.24781900
0.48498600
-0.12115400
-0.34070600
0.08116320
0.01485640
0.89529300
0.63006000
0.36057100
-0.35369300
0.00681011
-0.21886400
0.12675200
-0.75239900
-0.79791100
-0.21318800
-0.56862400
-0.39755200
-1.10386000
1.27158000
-0.37737400
0.10329300
-0.93714000
-0.44055700
-0.03907440
-0.69739200
-0.19321100
0.11485000
-0.42940200
0.60992900
-0.48304100
0.56587900
0.11629200
0.34528900
0.09959890
0.03817660
-0.30581000
0.61799600
-0.09043890
0.49771100
-0.74155300
-0.54320300
-0.15469900
-0.40682100
-0.52479500
0.07474100
1.59716000
-0.27598100
-0.73192900
-0.53746100
-0.03708980
0.16289400
-0.58292100
-0.41759700
-0.11097000
1.64053000
0.15027500
0.12229400
-0.30394100
-0.18385800
-0.79735200
-0.79939700
0.28918600
0.02267920
-0.73523300
-0.30525700
-0.50749300
0.45518700
-0.26314100
0.59516300
-0.78017700
-0.13802100
-0.61856100
0.11362700
-0.55092500
-0.10392500
0.07029120
0.58488400
0.05697040
0.46057000
0.56631000
-0.60620200
-0.24109000
-0.99832300
0.25988300
1.10159000
0.14848100
1.10875000
-0.16189700
1.05812000
-0.39727100
0.61252400
-0.55871200
-0.11093800
-0.07244090
0.22530100
-0.13757200
0.11831400
0.04189050
0.93053500
0.10254300
-0.27627700
0.44137400
0.03747770
0.61812200
-0.33857500
-0.89375300
0.60103400
0.18620700
-0.31494500
-0.08596940
-0.21524100
-0.03800430
-0.24969600
1.32344000
-0.46514100
0.60006900
0.17937500
-0.17966500
-0.44244900
-0.62465400
-0.38646100
-0.46986400
0.49102500
0.14834900
0.48511000
0.65968300
0.66169900
0.13133400
0.25086100
0.43941800
-0.26325600
-0.84403300
-1.37890000
0.45358800
0.30775900
-0.05919950
-0.99788300
-0.59637800
-0.16978900
-0.44345400
-0.15539900
-0.45599900
-0.23993300
0.24859400
-0.52975300
0.39009200
-0.26624100
0.81910100
-1.27362000
-0.40222600
0.49220300
1.56475000
0.35197000
0.49566400
-0.14182400
-0.20782300
-0.16623700
0.88574800
-0.07518730
0.32602200
0.12942800
0.23279800
-0.91618200
0.65506400
-0.55727700
0.21724900
-0.39979800
0.13313700
-0.35573900
-0.16844800
-0.64160200
0.03037560
-0.16265300
0.16000000
-0.18466100
-0.47482800
0.32009200
-0.20478200
-0.57365800
1.58479000
-0.30385200
-0.26710400
-0.07814780
-0.12548500
-1.08110000
-1.26527000
0.61283800
0.65691600
0.15601800
0.52672900
0.04254690
0.32774900
0.46555600
0.14101200
0.16175800
-0.12506100
0.27735900
-0.75953500
0.02008230
0.25585700
-0.38660600
0.03820570
0.16327700
-0.23703000
-0.23893900
0.27370600
-0.13752600
0.31402700
-0.45227000
-0.21360100
0.19337300
-0.35958200
0.72145400
-0.33781600
-0.43890100
-0.32487400
-0.47564700
-0.02973900
-0.12763500
0.11836700
-0.59148000
-0.67060200
-0.47420900
-0.14919900
-0.40352700
0.87014500
0.16562200
1.11772000
0.88960100
-1.52240000
-0.78371100
-0.82341000
-0.12427300
-0.46886500
-1.42137000
-0.17760100
-0.76907600
0.26045700
-0.69962300
-0.59711300
-0.21311900
-0.22260900
-0.48274500
-0.38604300
-0.69228700
-0.53125000
0.50706900
-1.18164000
0.42246500
-0.84443500
-0.32945800
-0.27823400
0.16968100
-0.28501100
0.35088400
0.59998600
0.37150000
1.43333000
0.38371300
0.72533000
0.62102200
0.64750600
0.87535200
0.02828930
-0.07418740
0.13664200
0.35325400
-0.10740800
1.08955000
0.09240750
1.51353000
0.09035250
-0.20895000
1.66960000
0.35606700
0.68037900
-0.21298400
-0.18190700
0.04558950
0.29430300
0.36674800
-0.12546900
0.24106100
1.14831000
-0.19552600
-0.09270850
-0.58853700
-0.17829800
-0.60907800
-1.34909000
-0.24511400
1.03969000
-0.46610700
-0.69207800
-0.41688500
-0.40173100
0.03638830
-0.50016200
-0.17650600
-0.02251660
-0.03796560
-0.21450700
0.31861900
0.37841000
0.33562400
-0.47491900
-0.51105800
0.45139900
-0.20270800
-0.19791500
0.07206370
0.05690740
-0.75800900
-0.92908000
-0.47801100
-0.67298500
-0.00224123
-0.57402600
1.62011000
-0.00040943
-0.44858600
-0.03541870
-0.52277400
0.47516600
-0.66600000
-1.02462000
-0.65541900
-0.10068500
0.11301300
-0.42303000
0.03377310
-0.41428500
-0.48774300
-0.41172400
1.08894000
-0.76323800
-0.89855000
-0.83534000
0.65726700
0.34145900
0.94805100
0.27021100
-0.99030000
-0.13474800
-0.37342000
0.45612800
-0.88737000
-0.21628200
-0.34270400
0.13018000
-0.92650600
-0.59562000
-0.25009300
-0.41495300
-0.27739300
-0.60076700
-0.54798100
0.00577092
-1.01810000
0.21121700
-0.08312430
-0.34821300
-0.19017900
-0.02449310
0.35037500
-0.05737220
-0.99195000
-0.32279800
0.11738000
-0.07590610
0.90361300
-0.95839600
0.59764100
-0.46118000
-0.28889900
0.19311200
0.78695900
0.58954300
0.48606600
-0.40945800
0.09324020
-0.57785100
-0.21113300
-0.39818600
-0.74459600
-0.08880920
-0.12563200
-0.36682000
0.02605740
-0.50003800
0.52904500
-0.09552770
-0.52779700
0.97163300
0.49605900
-0.41789900
-0.07446690
0.53588300
0.38117400
-0.03814030
0.39316700
0.00790821
-0.03647190
-0.24348500
-0.00518035
0.44176100
-0.19988100
-0.05126790
-0.51827400
0.22161800
0.29889000
0.95946100
0.48721800
-0.03216070
-0.52113500
0.27968600
0.54834100
-0.61724500
-0.28479300
1.22450000
-0.54490900
0.35131900
0.18054600
-0.30670300
-0.67831000
-0.29956800
0.15994900
-0.48871900
-0.04681690
0.14915300
-0.32165700
0.30158200
-0.37343700
1.68323000
-0.29091500
0.11468100
-0.48221800
0.15013700
-0.04103500
0.28268800
0.22493900
-0.66155400
-0.75509000
1.47227000
-0.20688800
-0.22075200
-0.86125800
-0.78610500
0.88429300
0.29352200
0.21469800
-0.29794300
-0.89023300
-1.06419000
0.57757900
-0.72499400
1.13174000
-0.65807600
-0.48279600
-0.05739720
-0.00457143
1.04131000
0.21981300
-0.61631100
0.50428100
-0.92665300
-0.44075600
0.23677000
-0.17505500
0.31448800
-0.18578800
-0.18560000
0.13465700
-0.07960210
0.36155000
-0.54833800
0.70988400
0.24631100
0.09648590
-0.68283100
0.51563800
0.13170400
-0.51820100
-0.27739800
-0.35945500
-0.53001500
-0.35405200
-0.07980410
0.19690100
-1.13760000
-0.16043700
-0.83901600
-0.04220760
-0.58850600
1.09766000
-0.10145800
-0.48855000
-0.28611500
-0.12434400
-0.35430500
0.13142300
-0.23022200
-0.22191300
-0.09958010
-0.07643040
0.10891200
-0.70869200
0.03904600
-0.46272400
-0.53427700
0.38679200
0.21987500
0.00594644
-0.78226600
0.31868300
-0.25353000
-0.36142700
-0.20792800
1.00915000
0.80118200
-0.79507400
0.03827800
0.01390900
0.11502700
0.97084900
-0.63284800
0.57270000
-0.24101200
-0.14038000
0.17531900
-0.56963200
-0.74126000
-0.04093680
-0.85625400
0.60777800
-0.07752860
0.80914100
-0.63270500
-0.48805100
-0.14644000
0.35994000
-0.62505500
-0.77077900
-0.12434400
0.34516500
-0.25071200
-0.69139100
-0.32659900
-0.25144400
-0.51261500
-0.39026800
-0.05395440
-0.72487500
1.04656000
0.06145790
-0.14755500
0.72824100
-0.17198000
-0.71636000
-0.52650300
-0.52801100
0.09643810
-0.32704000
-0.62281600
-0.12953800
1.71244000
-1.37643000
-0.27587900
-0.44922900
-0.01876990
-0.01228750
-0.05884490
-0.54145000
-0.57628800
0.39175300
-0.34214000
0.41258000
-0.04320330
-0.22529500
-0.10590400
-0.22600100
0.00205610
-0.76751500
-0.60813300
-0.50617200
-0.49997400
0.25923600
-0.10759200
-0.46981300
0.45956400
-0.13084700
-0.29115300
0.28213700
-0.58168900
0.73319400
-0.18392500
0.43216700
0.07598880
-0.64843600
0.07266110
1.24053000
-0.17849700
-0.32488300
0.05840450
-0.22607000
0.59682400
0.84465700
-0.06456850
0.69795000
0.44650200
0.30023000
-0.26301400
-0.58158400
0.38990400
-0.27143700
-0.50338500
-0.26881900
0.27415100
2.03174000
-0.87708300
-0.20872000
-0.37203100
0.65728600
0.79845400
0.38029800
0.90996100
-0.05050430
1.85571000
1.19200000
-0.18049600
0.67924900
-0.43252900
-0.13080800
0.74881300
-1.26574000
0.17590000
-0.34225000
-0.10854200
-0.19136200
2.38295000
-0.59617900
-0.49452700
0.11153900
-0.04691680
0.15405200
0.69781700
1.37180000
-0.34179700
0.13132200
0.89597500
0.01079000
-0.56380700
-0.01129660
-0.69891000
-0.27371300
-0.66056700
-0.52135400
0.29383300
-0.39803900
-0.27333800
0.36342800
0.51791000
-0.70283100
-0.21137200
0.56337600
-0.48346900
-1.09197000
-0.03546820
-0.66554700
-0.05920160
0.08896580
-0.11242900
-0.94528100
0.70098500
0.95371400
0.22713900
-0.45193500
-0.43774700
0.35960000
0.28096300
-0.40078000
0.28624700
-0.08513140
-0.92709100
0.33902800
-0.36685500
-0.09803860
-0.33090000
-0.22880800
-0.04278000
-0.54988200
-0.33964300
-0.59844800
0.79722500
-0.17978900
-0.27351200
0.37770300
0.85050000
0.51907000
0.28264300
-0.50810100
-0.47495600
-0.30577300
-0.39096700
-0.39392200
-0.60173600
-0.17514900
0.17082800
-0.52110600
-0.32041100
-0.43442200
0.09726530
1.02870000
-0.48149900
-1.22995000
-0.31742500
-0.01285010
0.22290300
-0.08074020
0.03892450
-0.22460300
-0.55335700
-0.36759300
-0.73806200
-0.25861700
0.82230500
-0.30401200
0.17252800
-1.11636000
-0.34385300
0.23439600
-0.80272400
0.04938080
-0.45004200
-0.52924200
0.14041900
2.27035000
-0.47730700
-0.22631500
0.23491900
0.11303200
-0.65331800
-0.53428000
0.00339314
-0.12541100
0.13257200
0.79670400
-0.01935600
0.80128100
-0.09325310
0.90430700
0.72500700
0.59509800
-0.59464300
0.75307300
0.11195100
0.75167300
-0.01820030
-0.62831100
-0.40640500
-0.82177100
0.42508100
-0.45432700
0.15053100
0.37969500
0.48274300
0.14104900
-0.60445600
0.02392100
-0.39447300
0.56881200
0.12077300
0.58706900
-0.33733800
0.87049000
0.94928000
-0.57608600
-1.23414000
-0.63681300
-0.12359000
-0.33775200
0.31690200
-0.32306300
-0.46250500
0.25430500
-0.48319900
-0.59140200
-0.01460840
0.04584520
-0.25947100
0.97510000
0.22311000
0.46631100
0.77375600
-0.24136100
-0.13962100
-0.27739500
0.35659300
0.34124700
0.21322100
0.01214940
-0.68665700
-0.91541900
-0.30918600
-0.95467400
-0.48506400
-0.52501700
-0.18458800
0.09805360
-0.52213500
-0.45893700
-0.47317800
-0.06710550
0.37885600
0.03919130
-0.11421500
0.30619300
0.00469015
0.09810880
0.24090900
-0.68176500
-0.05521770
0.03619400
-0.50277500
0.35851400
0.59001300
-0.25051300
-0.39646300
-0.23909500
0.13014800
-0.65629500
-0.00424901
0.06813200
-0.08229860
0.27779600
0.23993000
0.62716700
0.79982700
-0.50852500
-0.43502800
0.49319100
-0.66906200
0.15276800
0.45007100
-0.39181500
-0.55398500
-0.67103500
-0.30953200
-0.18781300
-0.70265000
0.48796500
0.59109100
0.88963000
-0.26603500
0.62900500
-0.76952900
-0.08659590
0.26611200
0.18231600
0.05611210
0.10017500
0.53408900
-0.38302000
-0.13712500
0.00485209
0.42959400
0.42959400
-0.31506300
0.11836400
-0.22756200
-0.55132200
-0.39211300
-0.21786100
0.20450800
0.64493600
-0.71103600
-0.09892350
0.13466700
-0.13150800
-0.18105700
-0.25467500
-0.48129600
-0.08526970
-0.74930300
1.24633000
0.33916500
-0.18304600
-0.98753800
0.01790610
-0.06370730
-0.00201672
-0.68838900
0.30773400
0.10473100
-0.24646400
0.00189500
-0.72606700
-0.23354800
-0.53689000
-0.09285560
-0.49368200
-0.40450000
-0.83201900
-0.12931700
0.50827900
0.25046200
-0.73932500
0.85776000
1.23462000
-0.72805200
-0.23688600
-0.42596800
0.28565900
0.10021200
-0.58055100
0.14466700
-0.47693100
0.06949560
-0.57805200
-0.08909620
-0.26808200
0.35389300
0.61196600
-0.03061320
0.15497200
-0.31528400
-0.92823300
-0.27107000
0.31152300
-0.20581300
-0.34539300
-0.59669100
-0.25769500
-0.00422428
-0.26779900
0.46775400
0.01941580
-0.54932400
0.65513400
1.14243000
0.19831000
-0.47913800
-0.69543500
-0.25457700
0.20243400
-0.74794100
1.76035000
-0.86399300
0.25588100
0.15933700
-1.39669000
-0.31224700
1.09699000
0.31652400
0.18544500
-0.15282400
0.48002500
-0.57619800
0.26129700
0.26517300
-0.36201300
-0.12412000
-0.00284708
-0.11011500
0.86197400
0.53069400
2.16495000
-0.68819200
0.00078273
0.26360700
0.42627000
0.24175000
-0.06784020
-0.24752000
0.25276000
-0.09071070
-0.69060600
-0.07383810
-0.14922200
-0.27575000
-0.41481100
-0.23069200
-0.63394400
0.15550400
0.04184380
0.04843800
0.07138320
0.35689000
-0.53519600
0.29068300
-0.08396590
0.28398400
-0.08109240
-0.57096500
-0.37822700
-0.19635200
-0.20659200
0.04235810
-0.88792600
-0.48044300
0.10285500
-0.13111100
-0.14260700
0.45518400
-0.65307200
-0.24749100
-1.06443000
-0.28702700
-0.47851700
-0.27057700
0.62785700
0.19537600
0.04182120
-0.72883900
-0.51487700
0.87457500
0.84839700
-0.91071400
-0.66817000
0.25483100
0.10550000
-0.07863570
-0.31069400
-0.43376500
-1.75598000
0.01785420
-0.65895500
0.14040200
-0.08984730
-0.08404040
-0.21367100
-0.10507300
0.74151300
-0.32935200
1.46253000
0.56845300
-0.18973900
-0.38867400
-0.03977120
-0.51023100
0.06201180
0.38290300
-0.15606300
-0.49411500
0.83215000
-0.36190400
0.46516500
-0.10008000
-0.37897600
1.27157000
0.27954500
0.37994300
-0.18790100
-0.45797100
-0.46696200
-0.85999000
0.48963700
-0.24423500
-0.37225700
-1.10480000
-0.19357200
-0.60544300
1.69933000
0.20742200
-0.37946000
-0.21419900
0.34277500
-0.73401100
1.78471000
0.43213600
-0.93229100
-0.62260300
-0.27212900
-0.53574500
-0.41132200
-0.46180500
-0.76324900
-0.19871800
-1.12696000
-0.13964900
0.96248300
-0.84323700
-0.47079100
0.04803530
-1.03377000
-0.60127800
0.47173600
0.87446000
-0.28575000
-0.19795000
-0.07423480
-0.74834800
-0.11480600
-1.19722000
-0.59741500
-0.05270310
-0.63402900
-0.41680100
0.47809800
-0.01386710
-0.20024800
-0.56781200
0.15630600
0.15344100
-0.04771910
-0.30093300
-0.13482800
-0.72732500
-0.44879700
-0.11483700
0.67350000
-0.47374600
0.55796100
0.16729300
0.50024900
0.52519200
0.05104970
-1.20667000
-0.75120200
-0.82292200
-0.31352100
-0.63869300
0.40541700
-0.05957450
-0.20067300
-0.22603400
-0.99640400
0.49758100
-0.22751400
-0.05990550
-0.61019200
1.01343000
-1.12615000
0.37499500
-0.54642800
-0.25995300
-0.26173700
-0.56821600
-0.20397600
-0.51233200
-0.40627000
-0.37847800
0.05635790
-0.02266100
0.59128300
-0.10114600
-0.14148100
-0.03120380
-1.04319000
0.43318800
-0.44536300
-0.63869500
-0.71847000
-0.06243760
-0.14705300
0.41475600
0.00200395
0.23834000
-0.57598200
-0.04777250
-0.09702110
-0.09256170
-0.51619500
0.05461650
-0.37021600
-0.46027100
-0.26973600
-0.48881500
0.09267420
-0.45075100
0.04386440
0.43862700
-0.49560000
-0.09955850
-0.29406300
0.32156200
0.30091500
-0.85483700
0.09764270
-0.38142300
-0.29033600
-0.59404600
0.09728810
-0.69576300
0.14566000
-0.33867700
0.30381300
-1.03594000
0.14923100
-0.55151200
0.33336600
0.30358000
-0.14731100
-0.85685300
0.40813000
0.36018800
-0.11382900
-0.24623000
0.45022700
1.11577000
-0.54350900
0.29267500
-0.16858500
-0.76866400
-0.13709300
-0.29885800
-0.29881400
0.36282300
-0.07100100
-0.33288000
0.40124200
-0.16870100
-0.37049100
0.40907500
-0.31413200
-0.16225600
1.01336000
-0.74790100
-0.57452500
-0.14436200
-0.05006030
0.23625200
2.47246000
-0.74645600
0.25193400
-0.66194700
-0.38106500
-0.08924210
-0.89346900
1.17922000
0.72610300
-0.34223800
0.36018800
0.02557340
-0.23643600
0.01271300
0.64250200
0.32313100
0.25335800
1.67844000
0.92745100
-0.59548400
-0.06619120
0.01248200
0.64745600
-0.02097870
0.42900600
-0.33549300
-0.63976500
-0.39306000
0.65854700
0.54962100
-0.56856100
-0.36099300
0.19476900
-0.67560700
-0.77321200
0.00802402
0.90447700
1.24557000
0.76517400
0.92311100
0.62418900
0.95292700
0.66570300
0.31334000
0.94397000
0.56734600
0.13386400
0.48108700
0.33030000
1.68018000
-0.24593300
-0.10544100
-0.17600900
-0.03402010
-0.74427800
0.04992120
0.22031500
0.25265700
-0.40323400
0.49867100
-0.44254900
-0.67604700
-0.30471000
1.62693000
0.13117700
-0.53935400
-0.43319400
0.33856600
-0.25065900
-0.54286500
0.23184500
-0.32916200
-0.13222700
-0.42972700
-0.35913400
0.00049680
-0.05662670
-0.12586900
-0.51038500
-0.39129900
0.36363800
-0.65904900
-0.87924600
-0.59756900
-0.18532000
0.27336200
0.01014940
0.57398700
0.02615140
0.50825100
0.87732500
-1.04216000
0.51471600
-0.19395000
-0.29859800
-0.33944900
0.09377110
-0.36509400
-0.06134370
-0.16853400
-0.41296100
-0.23081200
-0.86312800
-1.25576000
0.17640800
-0.12340200
-1.07403000
-0.41254200
-0.16988700
-0.36654600
0.08759340
0.15423800
0.20704400
-0.24056800
-0.39927000
0.01836170
-0.81980300
0.13495700
-0.76595000
-0.05463990
-0.59090800
0.19161600
-0.30665900
-0.02215880
-0.92103700
1.20295000
0.31800000
-0.73689000
-0.30498600
-0.04515660
0.08672330
0.28191600
0.10815000
-0.47728100
-0.65436100
-0.12637100
-0.10043200
-0.26002700
-0.26590700
-0.27895300
0.29280500
-0.37891300
-0.80639800
-0.28920600
0.39360300
-0.51052700
0.22349400
0.10174300
-0.01120210
-0.84898000
-0.37415600
0.31126800
-0.69030700
-0.61531700
-0.08540190
-0.51100400
0.12695900
-0.63228900
0.19328300
-0.07585490
-0.06502710
-0.78493600
0.24169300
0.80664800
-0.05031970
-0.25169100
0.26315300
-0.30797900
-0.34359500
-0.16141900
0.32062100
-0.03187800
-0.16368300
-1.25991000
0.47889000
-0.40998900
0.31281800
-0.92647900
0.25640200
-0.92710100
0.66881200
-0.53184700
0.04863740
-0.23287900
-0.37410200
-0.55709800
-0.15047500
-0.46132000
-0.38352500
-0.02233290
-0.12237000
-0.69918900
-0.38988500
0.01291980
-0.62859000
-0.46928700
-0.21466400
-0.40860800
-1.66136000
0.24965700
-0.05656290
-0.48090600
0.29470000
-0.54512700
0.14042400
-0.59981400
-0.58665600
-0.70232300
-0.16903800
-0.05515990
0.38699800
-0.55609100
-0.86558900
-0.11805000
-0.02206740
-0.86209700
-0.13203900
0.67889000
1.94030000
2.32792000
0.52244600
0.34611700
0.20354300
-0.48289100
0.10714100
-0.27444300
0.57042400
0.31842300
-0.32787300
0.38533600
-0.11736200
-0.01543830
-0.14589400
-0.17837100
-0.06645660
-0.09665310
0.01652440
-0.27399800
0.35602100
0.34503200
-0.53553600
-0.36188600
-0.40801200
-0.29979200
-0.77504100
-0.32592300
0.52238700
-0.78621600
1.08436000
0.19208600
-0.26255900
-0.34298200
0.26782200
-0.15958400
-0.63361400
-0.01379610
-0.62678200
0.46429400
-0.20210100
0.97491100
-0.55223000
0.13082500
0.51035800
0.44303300
-0.07234960
-0.37069000
-0.17980900
-0.29055600
-0.67297900
-0.60860000
-0.21784700
0.49261700
-0.67152400
0.15991100
0.10801000
-0.29653800
-0.35597600
-0.10930400
-0.02568420
0.00193859
-0.37500900
0.07066930
0.15636700
0.01725880
0.36500900
2.14134000
-1.13896000
-0.96183600
-0.52695400
0.56236300
-0.53012400
0.97008400
0.08565790
0.49260600
0.97157100
0.59914100
-0.53653300
-0.32769200
0.03248280
-0.12881000
0.01765850
0.05096570
2.20588000
0.13469300
-0.61422600
-0.12072900
-0.73779200
-0.24312900
-0.31728000
0.48712700
0.47815300
0.76313500
-0.34268800
0.60857000
-0.40278200
0.71256000
0.41364100
0.22406200
-0.24169700
0.51516700
-0.05395710
-0.52403900
-0.36683800
0.59704800
0.41528600
0.02244850
-0.09842130
-0.00471295
1.37183000
0.59407800
-0.52981100
1.08144000
0.19700800
-0.32219100
-0.43291800
-0.40727000
-0.08514370
-0.20730200
-0.01365620
-0.26587700
-0.02962870
0.36206300
-0.35894600
-0.93945100
-0.24378200
0.88005500
-0.22477300
0.30474600
0.59797000
0.01363490
0.28229000
-0.59532100
2.93991000
0.78992100
0.12323400
-0.12112700
-0.21074100
-0.09503030
-0.48542100
-0.01062920
0.00860956
-0.06005090
-0.29433800
-0.22141800
-0.73781900
0.25495100
-0.27554400
0.12369200
-1.03886000
-0.63835800
-0.58633200
-0.21477000
-0.42159500
0.09826380
0.03621440
0.20480800
0.06761680
-0.03406060
0.07302610
-0.27066500
-0.21940200
-0.32545600
0.15039700
-0.50382100
0.86478700
0.07232530
-0.19463000
-0.31887600
-0.41428300
-0.45062100
-0.09467090
-0.07692680
0.00055958
0.03353960
-0.35755500
-0.44994900
-0.03393930
-0.35497800
-0.33716400
0.16108800
0.25699500
-0.18970700
-0.50670800
-0.13651800
-0.06213840
0.21242700
-0.02596210
-0.30767800
-0.58225400
0.10142600
0.30116500
-0.87862900
-0.18217200
0.23268100
-0.81920200
-0.68173800
-0.09580610
0.91416600
0.64081100
-0.01972780
0.04812960
-0.58049500
0.28552200
1.99407000
-0.03770930
0.08790820
-0.07063840
0.08932620
0.09453650
-0.14535300
0.23685000
-0.55411700
-0.56666500
-0.48272200
0.24998300
0.23273300
0.32617800
0.36187300
0.01424680
0.28698900
0.55601200
-0.84231600
0.07520570
-0.44593900
0.45951700
-0.70657100
0.60854900
-0.30897700
0.14329300
0.14771700
-0.01722210
0.38687700
0.05452090
-0.02997170
0.30655500
-0.53014100
-0.49990700
-0.41194400
-0.13222800
-0.45361200
-0.18490400
-0.74245800
0.04107130
-0.06513650
-0.46637400
0.10458800
-0.33188700
-0.30247100
-0.88451700
-0.66966300
-0.31213900
0.54489800
-0.51832500
-0.28380800
-0.20257600
-0.52249000
-0.47970200
0.05810850
-0.18653600
-0.56554200
-0.18729500
-0.62337100
-0.65666600
-0.35267000
-0.11685200
1.76396000
-0.26512200
0.87922500
-0.42321200
-0.04368160
0.90541600
0.89998700
0.08037550
-0.81407300
-0.88716400
-0.83499800
-0.02226370
-0.02757510
-0.52024800
-0.43840500
0.18187900
-0.07845780
-0.01182740
-0.17706000
-0.50326400
-0.20233100
0.06304430
1.78729000
0.63019700
-0.99067800
-0.05652190
0.07180970
-0.17555400
-0.18313800
-0.10992100
-0.67351900
-0.63019000
0.03361980
0.29730900
0.41923100
0.30844600
0.15128800
-0.56108400
0.27737400
-0.09986070
-0.45144200
-0.03106050
0.87697800
-0.54723300
0.89920200
1.67152000
0.80302200
-0.21637100
-0.18957100
-0.97803700
-0.68635300
0.26062900
0.09157800
-0.97989200
-0.67659700
0.31779900
3.46542000
1.07901000
0.56790000
0.03872850
0.00379877
0.14591100
0.30641700
-0.60380200
-0.85675400
0.04693420
-0.20087800
0.44783500
0.19683900
-0.27458800
0.44764500
0.45539600
-0.01770150
-0.11764300
-0.32257700
0.07810900
0.11828400
-0.07675270
-0.27675100
0.30187800
-0.11710700
0.14638600
-0.36176900
-0.06166130
-0.14193300
0.12911300
1.68908000
-0.22413900
-0.55338600
-0.72043800
-0.91977000
-0.20249000
-0.23157500
-0.46006100
0.80941400
0.34180100
0.07673390
-0.05494450
-0.03235860
-0.73219200
0.78215900
-0.33585300
-0.32517600
-0.28601500
0.63110000
-0.13599000
-0.21793100
-0.16218000
-0.54659100
-0.74216000
-0.19749000
0.54937600
0.82873100
0.35141700
1.15932000
0.47326600
1.07314000
0.39432100
-0.26173800
-0.41506500
-0.19730600
-0.15677700
-0.16882700
-0.35744400
-0.07559700
-0.19405600
-0.09090220
-0.42293700
-0.00383892
-0.55731900
-0.15146400
-0.97583700
0.15485600
-0.53834200
-0.92491500
0.45861700
-0.98354600
0.47392400
-0.06303150
0.43891000
1.17224000
0.17477900
-0.39216400
-0.45143600
-1.05025000
0.16394200
-0.52243100
0.24485100
0.02945420
-0.41022100
0.33327500
-0.41946400
0.46737000
-0.30413700
-0.49166300
-0.46497200
-0.21812900
1.19777000
-0.77808200
0.41364000
-0.62247900
0.15631100
-0.21966100
0.04633710
-0.39720700
-0.23911700
-0.34396000
-1.57323000
0.12009400
-0.09466830
-0.93042600
-0.11181700
-0.29364200
-0.26812500
-0.18211700
0.36938000
-0.56431900
-0.40575300
-0.26953700
-0.19848100
-0.24730200
0.92446600
-0.37991800
-0.55035900
-0.19429800
-0.52177900
-0.49538000
-0.79889400
-0.16436000
-0.40885800
-0.36844400
-0.61084900
-0.17219200
-0.59055600
-0.11112900
0.53500200
-0.19863100
-0.08420810
0.13264000
-0.29690700
-0.22607800
-0.40196900
0.06559170
0.14689500
-0.48287100
0.07240330
0.10839500
-0.10403400
-0.76874800
1.15017000
-0.03843730
0.19674000
-0.60646600
-1.03308000
0.94206700
-0.65723000
-0.07410090
0.44075300
-0.27692000
-0.47464300
0.08756390
0.17523900
-0.43996400
0.01307420
0.30196100
-0.44680600
-0.43288500
-0.33340500
-0.74155300
0.07817160
0.41344200
0.32189200
-0.50557700
-0.78431700
-1.34370000
-0.19912400
-0.07225520
-0.48607200
0.13471200
-0.34031400
0.11360600
-0.54689000
1.14835000
0.16447800
-0.38650100
-0.10984800
0.16606100
0.15522300
0.00128005
-0.69661700
0.64460700
-0.20261000
-0.06894890
0.11243600
-0.32824600
-0.65753000
-0.15620200
-0.29762600
-0.17289100
0.72476600
-0.75932700
0.36807200
-0.58237400
-0.14269600
-0.43271900
-0.13397700
-0.30784600
-0.57420900
0.14083100
-0.54002100
-0.26770900
1.04116000
-0.23094500
-0.39281700
-0.26031800
0.40581900
-0.65018700
-0.15172500
-0.62784400
0.00683121
-0.72318600
0.27055600
0.25571500
-0.32969700
-1.12864000
-0.31290100
1.47650000
0.67488200
-0.67545100
0.05862800
0.38127000
-0.02048560
0.45678300
0.00010103
-0.39214400
-0.64142200
-0.60915700
-0.49726800
-0.54466400
-0.09719070
0.15296600
0.15072600
0.02054000
-0.70556200
0.17053700
-0.01837600
-0.74891800
-0.39629200
-0.31505400
0.13340400
-0.42293700
-0.94131600
-0.44109700
-0.78618500
-0.29945100
0.75447900
-0.38897800
-1.06105000
-0.07335550
-0.45969500
-0.29556800
-0.38390500
-0.30334700
0.42277300
0.04465940
-0.58401200
-0.45441800
0.01029100
0.74630200
-0.64385000
-0.71769000
-0.42442100
-0.04679070
0.26341400
0.32434600
-0.65324900
-0.46589300
-0.23169000
-0.36938400
-0.61198300
-0.53737100
-0.21893700
-0.21872200
-0.39714200
-0.15102300
-0.68922200
0.29728000
0.25783700
0.13372000
-0.35344700
-0.19022600
-0.53726000
0.13312500
-0.10544800
-0.37313400
2.10898000
-0.33192100
-0.03429320
-0.15174700
-0.07625750
-0.41470500
0.52511000
-0.03520160
0.39826500
0.24534500
-0.96855600
-0.50212700
-0.36982600
0.41785300
-0.24274300
-0.14864900
-0.55546000
-0.21351700
0.13581400
0.00712470
-0.31212200
-0.36580800
-0.62284400
-0.62216200
-0.35985000
-0.18977400
-0.29406000
0.71854400
0.58866900
-0.45699000
-0.27490500
-0.01829200
-0.17543700
0.00065823
0.01390680
-0.10090900
1.04160000
-0.14907300
-0.16207500
-0.61596500
1.31161000
-1.04982000
0.66612500
-0.20523900
0.25816400
-0.43231100
-0.38465300
-0.24715300
-0.57068600
-0.18015400
-0.76691800
-0.74710200
1.10489000
-0.00211680
0.08527860
0.05066310
-0.68426800
-0.16783500
-0.26332900
-0.76363200
-0.93394900
-0.44162200
0.41410500
0.48645000
0.55843200
3.96435000
0.60071300
0.39498400
-0.21269400
-0.09216470
0.35742200
0.71176700
0.25824400
0.24161000
0.94309700
-1.12023000
-0.01510650
-0.27229800
0.08774740
-0.51099900
-0.11666700
-0.57846700
0.06104230
-0.77574600
-0.62700500
-0.49943500
0.01949530
-0.22037200
-0.50815500
-0.06469660
0.39625900
-0.27252200
-0.50887100
-0.17949700
0.23913300
0.87539400
0.27638900
-0.45211900
-0.12186500
0.01230300
-0.06793350
-0.02914480
0.08434200
-0.16601000
0.62502200
-0.05420950
-0.22349500
-0.95301600
-0.11383900
-0.33091400
-0.19576900
0.73670200
0.83630500
1.11351000
0.30694400
-0.42709100
-0.16505200
-1.12631000
0.45908700
-0.11396900
-0.61359300
-1.29821000
-0.75341200
-1.10981000
-0.35663200
-0.10385100
-0.25142200
0.09125790
0.02857230
0.82693200
-0.22689900
0.60459800
0.11688200
-0.30372100
-0.60140200
-0.00084482
0.05775310
-0.22663700
-0.49328300
-0.85896800
-0.19884800
-0.42534600
-0.51570500
0.62875300
0.24578400
-0.16780500
-0.82659900
0.36678900
-0.50012300
-0.09416040
-0.14963400
0.53702300
0.00227423
-0.22073600
0.33330800
-0.68561500
-0.48272100
-0.25316800
0.50274400
0.20224400
-0.29924900
-0.19983400
-0.85564300
-0.23943900
-0.50119600
0.31321400
-0.59713900
0.18541300
-0.18432200
-1.01377000
0.18655200
0.58415000
-0.49315100
-0.29697800
-0.59357800
-0.39851900
-0.30251200
-0.55444700
0.14603900
0.27332300
-0.51934100
-0.18153400
-0.67349300
-0.46836000
-0.96742100
-0.07458030
-0.62955400
0.26831400
-0.40599100
-0.32831700
-0.49588700
0.00594188
0.05242310
-0.29283700
0.81321800
0.41624700
1.01931000
0.24122800
-0.51689600
-0.36165400
-0.28607900
-0.24112400
-0.56939600
0.77620700
0.20367900
-0.78903300
0.85616500
-0.53306800
-0.18221800
-0.33951900
0.03356960
-0.52297000
-0.06142760
0.04625370
-0.66968400
-0.31968200
-0.55540600
-0.59330300
-0.30194400
-0.31070200
-0.80864900
-0.36465900
-0.36351200
-0.04250650
-0.13876600
1.10695000
-0.31029000
-0.37853900
0.22450200
-0.10611000
0.64612800
1.30263000
-0.38729400
-0.38055800
-0.43203600
-0.83484600
-0.66977400
-0.68738100
0.49752000
0.11361400
-0.54535100
0.54317100
-0.02281340
0.67374200
-0.19928600
-0.37757700
-0.21091300
0.84485600
-0.66703200
0.77977700
-0.14108500
-0.51070200
-0.82107800
-0.11119100
0.53500200
-0.94443500
0.69428800
1.50078000
0.57394100
0.42982200
-0.40952900
-0.55161400
-0.73260900
0.22560700
0.57693700
1.10284000
-0.05674790
-0.24416000
0.20638900
-0.69720800
-0.52222200
-0.74767800
0.40217900
0.57807000
-0.07904360
-0.47442000
-0.53788800
0.37632400
-1.00509000
0.14253300
-0.15551100
-0.91061700
-0.92794600
-0.64244300
0.05194400
-0.31388200
-0.89733600
2.35995000
1.43114000
-0.45372700
0.49916300
-0.35128300
0.46471700
0.04409770
-0.49420300
-0.27534200
-0.24104600
-0.63788200
-0.55642100
-0.95969400
-0.04262230
-0.65588700
-0.52034400
-1.37805000
-0.13924200
-0.31397500
-0.01529970
-0.59917000
-0.01692370
-0.74821700
-1.06218000
-0.74886900
0.39228600
-0.51828700
-0.72743500
0.74924200
0.63366200
-0.13190700
-0.89424700
-1.07714000
-0.05717430
-0.11526700
-0.18486500
-0.48352500
-0.86884000
-0.76865500
0.41287300
-0.25159600
0.19993700
-0.14438800
1.39789000
-0.11032900
-0.28739700
0.93878000
-0.61168900
-0.55699300
-0.35943500
0.24033400
-0.24480200
-0.50148400
-0.19538300
1.41139000
0.40182100
-0.07320760
0.09648170
0.19687800
-0.07463380
-0.25244500
-0.21854200
0.74146000
0.63490400
0.26536500
2.63928000
-0.12967900
-0.83989200
0.01845190
1.27253000
0.25046500
-0.50429000
-0.36385400
-0.45239500
-0.39783400
-0.36742100
0.09533270
-0.00917335
-0.04430900
-0.67126500
-0.81473100
-0.07785480
-0.35128800
0.37789400
-0.16135300
-0.56859900
-0.68934000
0.09975100
-0.25487000
0.02401860
-0.59962900
-0.16681600
-0.28406700
-0.36216000
-0.04573930
-0.04513260
0.30779100
-0.46205500
0.56978800
-0.44800200
0.01620800
0.01396080
-0.07886060
-0.86105800
-0.36230300
-0.77201200
0.04874910
2.39210000
1.72773000
-0.90573100
-0.41623300
1.10916000
0.12156900
-1.04785000
-0.74435400
0.37588700
0.69338100
0.01063490
-0.13674900
-0.43080400
-0.02699100
-0.98184900
-0.74511400
-0.30734200
0.28071100
-0.12312800
-0.32549800
-0.65825600
-0.33589200
0.21449000
0.14630200
0.91244200
-0.18778900
-0.22278300
-0.62451100
-1.26070000
-0.00221251
-0.25096300
0.04445690
-0.48012800
-0.19010700
-0.62727400
1.36294000
0.63481600
-0.14767800
-0.41306700
-0.87286000
-0.02598950
0.30685000
-1.14542000
-0.40971400
-0.47674700
0.03565390
-0.40134300
-0.41221800
-0.09875690
-0.61642500
-0.46473900
-0.39854700
-0.62995000
-0.47535600
0.07845470
0.98324900
-0.59039400
-0.58863700
-0.61445600
-0.00423460
0.78685500
1.02074000
-0.12454700
-0.34842300
-0.18474300
0.59516900
-1.03207000
-0.16888600
-0.41039600
-0.49664300
-0.35301400
0.40300800
-0.30336500
1.06374000
0.79108200
-0.66873800
0.39543200
0.37653100
-0.63253600
-0.77060700
0.68536500
0.13947900
1.50556000
0.45520800
0.96037500
0.19652500
0.55445700
-0.10810300
0.70042100
-0.22072100
0.42887800
-0.07923610
0.13460800
0.36179600
0.52366900
-0.46430300
0.43119400
-0.35217600
-0.92510800
-0.22476400
-0.76236100
0.42369500
0.12801000
-0.68082500
0.08539980
-0.10330200
0.47906800
-0.52449500
-0.28593300
-0.03626520
-0.27773500
-0.34798100
-0.25353400
0.37972400
0.15086600
1.38428000
-0.26187800
0.57894200
0.98103200
-0.48015800
-0.12272000
0.05949110
-0.94953500
-0.16579900
-0.31428500
0.20125900
0.61173800
-0.84679400
-0.68893600
-0.33460200
-0.41292800
-0.59826900
0.26587600
-0.24908400
0.10871700
-0.43474200
-0.01431460
0.06683440
-0.67717500
-0.62455200
-0.41504500
-0.17389100
1.27820000
0.49183900
-0.61299500
0.76044800
0.27554500
-0.29738500
-0.27229400
-0.17991600
-0.64705100
0.45642800
0.57118100
0.14419800
0.40054300
0.62974600
-0.02227750
0.51571700
1.43505000
-0.63555200
0.18057300
0.29230500
0.05752140
0.33625600
0.63537800
0.47715800
0.15356700
-0.54602500
-0.28178400
-0.09417580
-0.94939300
0.18161000
0.85727100
-0.00980590
1.54768000
1.66400000
-0.06231800
-0.23945300
0.00788160
-0.62385700
0.09343390
-0.02591730
-0.12827500
-0.22532300
0.54181700
0.90619800
0.05311830
-0.55618000
-0.15996800
-0.21210800
-0.83388600
0.04723160
-0.90209600
-0.58932600
0.26619900
-0.45885800
-0.91668200
-0.22591500
-0.08599920
-1.21865000
-0.78832600
-0.90019500
-0.35973800
-0.38618400
-0.57020500
-0.74960800
-0.52221300
-0.73537000
-0.75240600
-0.20059700
-0.04543270
-0.52344500
0.20610200
2.98273000
-0.73350400
-0.64798500
-1.06533000
-0.40251100
-0.06638480
-0.29199200
-0.27081100
0.49300800
-0.50667000
0.08548520
-1.00858000
0.00290013
0.27581300
-0.13408700
0.62813000
-0.33042900
-0.30192100
0.07955420
0.24613200
-0.14228800
-0.51974600
0.23057100
-0.24342200
-0.62611400
-0.40261000
0.85192000
0.28318700
-0.59992900
0.02525050
2.13975000
-0.10940700
-0.01811270
-0.10069100
0.26987900
0.28215300
-0.03119290
-0.47162400
-0.13839500
-0.46803100
-0.56608100
0.11574600
-0.52277800
-0.08818690
0.10712100
0.13017400
0.13458000
-0.45563300
0.00692776
-0.17339100
-0.23258600
-0.54586000
-0.48018500
-0.54053700
0.03433640
-0.21023400
0.16056300
-0.03176040
0.05541830
0.10046300
0.07397530
-0.14060800
-0.32840800
-0.47504100
0.13373600
-0.12506100
-0.71416000
-0.07898370
-0.43379200
0.90772900
-0.18270200
-0.55186400
0.17278000
-0.50231100
-0.72659100
-0.14990600
-0.30051700
-0.40124500
-0.30963900
0.20827100
0.31802500
-0.22375100
-0.63252300
-0.21515600
-0.30052800
0.53963800
0.02288960
-0.47124800
-0.03987340
0.30913100
-0.19799900
0.84767900
0.26688600
-0.14024600
0.61734700
-0.21216500
0.12115400
-0.26939700
-0.10626600
0.90810600
-1.03514000
-0.11787300
-0.15720500
-0.62769600
-0.70967900
-0.58622600
-0.14359400
0.23890100
0.20003700
-0.07179000
-0.99992500
-0.42609000
0.36612100
0.13830700
0.37223500
-0.52024800
-0.05757250
-0.64422800
0.51784400
-0.16508000
0.07865190
0.05988210
0.22630500
-0.48231900
-0.03562030
-0.53556400
0.19279600
0.66952300
-0.24661700
-0.71409300
-0.21055300
-0.01850900
1.11694000
0.17444200
0.54301300
-0.48945400
-0.52978900
-0.30896000
-0.49629000
-0.17041400
-0.70979300
-0.08136040
-0.58007700
1.14021000
0.99767600
-0.23436400
0.26845700
1.00951000
-0.37046600
-0.46158800
0.66346300
-0.25064600
-0.30210900
-0.06697660
0.20224400
-0.55430400
-0.18561900
-0.09213540
-0.60023700
-0.70884500
0.41321200
-0.60606200
0.05392660
-0.83962200
-0.01733430
-0.27241400
-0.73081900
-0.00607604
-0.55151500
-0.88609600
-0.29681200
-0.83585500
0.20647600
0.10024600
-0.26838900
-0.95265200
-1.03042000
-0.12832400
-0.66244900
-0.13854900
0.04383550
-0.25680600
-0.58247800
0.39483200
0.12921400
-0.10326600
0.37562800
0.41085000
0.26445100
-0.34583500
-0.58862400
-0.50251300
-0.19355700
-1.02636000
0.10787500
0.53936300
-0.59473400
-0.11474000
0.49847300
-0.62717600
-0.60637600
0.68764600
-0.03083690
0.37500700
-0.68081900
-0.20062900
0.38372400
-0.67864800
0.68167800
-0.26533300
0.09827720
-0.14784800
0.23656100
0.41677400
-0.19082800
0.27878300
0.09745560
2.29582000
-0.22787200
0.74600200
-0.63160600
-0.33514500
-0.54481700
0.33679000
-0.25000100
-0.34601700
0.08308630
-0.42060100
0.39070700
-0.02954720
-0.27556200
-0.42553400
-0.57808300
0.58511500
-0.74686400
-0.26031000
-0.51127000
-0.36628700
-0.35715200
0.16508000
-0.25811500
0.58646700
-0.57252300
-1.32706000
-0.06000080
-0.44258700
0.22071000
-0.29998000
-0.31913400
0.06259230
-0.39546900
0.35616200
-0.43785900
-0.29895300
-0.60021000
-0.19820400
-1.07656000
-0.17600600
-0.20426300
-1.31322000
-0.42281800
-0.39591700
-1.19338000
-0.32831300
0.15624000
-0.13536900
-0.22788500
-0.07704300
2.95755000
-0.39625500
-0.25955200
-0.31165800
0.06732570
0.27567500
0.57622900
-0.49742700
-0.81815400
0.09892230
0.14829600
0.04868390
0.39131600
-0.44899200
-0.24174800
-0.64720800
-0.21335800
-0.03950650
0.02910800
0.13802200
-0.58377200
-0.48203200
-0.38594500
0.15135300
-0.80521600
-0.08423340
0.71803300
-0.20999500
-0.36218100
0.55331900
0.37116900
-0.14697900
0.42872600
0.46098000
-0.66479700
-0.86579900
-0.27248800
0.20546500
-0.36088900
-0.18517200
0.00955271
0.35177500
0.01501830
-0.61265600
-0.22293800
0.00216582
0.10711600
-0.35742600
-0.85091400
-0.58963200
-0.61199600
0.06166130
-0.88611300
-0.39612900
-0.29488900
-1.22763000
0.37248400
0.56118600
0.32329700
0.86818300
1.37654000
0.00580161
-0.59218400
-0.28949600
-0.08702730
-0.23962700
-0.43742100
-0.81874600
0.41600500
-0.09599420
-0.89727300
-0.75710600
-0.13355700
-0.44976300
-0.64953800
-0.26711100
-0.37000600
-0.42471900
-0.73159900
0.31602800
-1.13808000
0.22486100
-0.23364600
-0.58733800
-0.18059500
-0.48721700
-0.28392400
-0.48669400
0.13406300
0.28692700
-0.04622710
0.07974440
0.11282000
0.13846200
-0.52741400
-0.27679100
-0.01567380
0.00649399
0.52647200
-0.17533500
0.06251800
-0.84182300
1.67108000
-0.36480400
-0.24480300
1.09227000
-0.65879800
-0.16573900
-0.10345100
0.35227900
-0.28186500
-0.33775900
-0.44387200
-0.49576900
-0.28741000
0.52578800
0.79876100
-0.52964900
0.85946000
-0.32576700
-0.20589300
0.28981500
-0.99011700
-0.15620000
-0.13669800
-0.48654600
-0.37937700
0.85195200
0.58998400
0.27209600
0.10219800
0.00824244
0.61920800
0.27543400
-0.95913900
-0.62100900
0.34742300
-0.84432600
-0.59013100
-0.44455600
-0.47194500
0.45350800
-0.11758300
-0.09985310
-0.06774350
-0.40320800
-0.65198700
-0.34422800
-0.75564300
-0.16271300
-0.65229500
-0.30672500
-0.16298000
-0.66809200
0.54418500
0.42268500
0.37231100
0.86706400
-0.27237600
0.15445100
-0.34770400
-0.43607000
-0.22715800
-0.38995500
-0.03830440
-0.25272200
-0.32024400
-1.16383000
-1.04176000
-0.05882500
0.22270600
0.14158400
0.32480200
-0.46114100
-0.17003500
-0.98681300
-0.60127400
-0.93831000
-0.65024800
0.31610800
-0.62183000
0.16011200
-0.49537500
0.88090000
1.72616000
0.55623100
0.11913700
0.09413320
-1.20287000
-0.96034000
0.69692000
-0.27761200
-0.40886000
-0.23659200
-1.73541000
0.30095800
-0.19519200
-1.30090000
-0.18977300
0.04809140
-0.57424100
-0.32795500
0.39719000
-0.55550900
-0.14162600
-0.19472200
0.25430700
0.04665740
-0.25534900
-0.67056800
-1.61846000
0.01876820
-0.38162100
0.85639000
-0.21714800
-0.25279700
-0.49130400
-0.23866500
0.00746459
-0.15335100
-0.32614700
0.23664700
0.11149300
-0.09202410
0.01710830
-0.28662600
0.27108100
1.22696000
0.03338270
-0.72218500
-0.16981400
-0.20838500
-0.80312800
-1.14547000
0.25173100
0.01981510
-0.07241420
-0.03718430
-0.25425300
0.14510100
-0.16059400
-0.61323000
-0.00992406
-0.56704400
-0.13588200
-0.34911300
-0.80241600
-0.38929600
-0.44667500
-0.06208420
0.36314400
0.57694900
-0.22773000
-1.04152000
0.02986980
-0.63596000
-0.14488100
-0.06131870
-0.66706400
-0.73415200
-0.38598700
-0.14989400
0.06024080
-0.16751100
-0.66292300
-0.34560200
-0.22348900
-0.44152400
-0.16445900
0.32927400
-0.35028600
-0.30033500
1.01416000
0.72544400
0.17015500
0.20160700
-0.00715193
0.77271800
0.22681300
-0.21638400
-0.78736400
-0.91301800
0.92653900
-0.27991000
1.59187000
-0.60085800
0.02088260
-0.94092600
0.32507900
-0.90881200
0.02414670
0.93774200
0.28951400
-0.30177200
0.01150850
0.07040500
-0.10612400
-0.62972900
-0.76472700
-0.17551200
0.45093600
-0.31697800
-0.35080700
0.01602830
-0.07930960
-0.38299400
-0.46896600
-0.55843000
-0.03161300
0.06168960
-0.07802370
-0.11253300
-0.96246200
1.17395000
-0.41425600
0.20968700
-0.40601600
1.09781000
0.20214000
0.11012900
0.78055200
0.51224200
0.70156600
-0.03138730
-0.59880800
0.84642600
-0.07641190
-0.22396700
-0.52630800
-0.26799700
-0.08820030
-0.20408900
-0.30268500
-0.73083300
-0.64370200
-0.13715200
0.53695200
0.33783900
-0.40862900
-0.59010200
-0.14489200
-0.60594400
-0.45729400
0.08517840
-0.14637700
0.08229140
-0.08756870
0.22396800
-0.03452670
-0.42929600
0.07719280
1.40219000
0.32205400
-0.08116890
-0.08423820
0.04773110
-0.86808200
-0.28223600
-0.30063900
-0.00004276
-0.49604500
-0.24296700
-0.32960400
-0.20626500
0.66824000
0.05565750
0.36322500
-0.24306900
-0.47643100
-0.65456800
-0.30533400
-0.15831000
0.19860200
-0.21052400
-0.75179600
-0.66646200
-0.56262200
-0.73656400
-0.06372830
-0.53139900
0.67312700
0.15535900
-0.31890300
-0.25479900
-0.12524800
0.00849915
0.27073600
0.40955000
-0.52121900
0.47272900
1.35767000
-0.00195206
0.75031800
-0.50542400
-0.33053100
-0.01780820
-0.44741500
0.40931000
-1.11556000
-0.17835700
-0.28989300
-0.41610700
-0.87254100
-0.48773800
-0.62602100
-0.07571860
-0.18059000
-0.15025300
-0.37372400
-0.97413700
-0.58106300
-0.49876000
-0.61075300
-0.68801400
1.20984000
1.12946000
0.54146400
-0.45080800
-0.12899200
0.79606600
-0.14333500
-0.07412950
-0.15467800
0.35542100
-0.78608800
0.27007000
-0.05084140
-0.71440600
0.23030000
0.48083500
-0.43769800
-0.13748200
-0.88305200
0.07222900
-0.52668000
-0.92150100
-0.56205600
-0.18198900
0.23659400
-0.54017300
0.01765410
-0.74894300
0.58591600
-0.50271200
0.26256900
0.05107290
-0.57416400
0.11981200
-0.19739200
0.16727600
-0.66948500
-0.77467500
-0.20753100
-0.74669200
-0.76688700
-0.05417030
-0.28797400
-0.38099500
-0.43546000
0.29407300
-0.07261760
0.23996400
-0.40370800
0.06670320
-0.69876600
-0.18034200
-0.51867300
0.03889080
1.56196000
0.08695510
-0.92140200
-0.45358500
0.01401970
0.00689704
-0.53867400
-0.24841600
-0.13143900
-0.59806500
0.09709160
-0.45197600
-0.37666800
0.22778200
-0.03306470
-0.12517100
0.18515800
0.08495250
-0.17120800
-0.19606000
0.45007800
-1.10945000
-0.69480700
-0.59453000
-0.54178200
-0.85044000
-0.65619200
0.26867300
-0.21672100
-0.66291700
-0.63944100
-0.83064200
0.48130100
0.92126100
-0.46181200
0.33922700
-0.14481500
-0.60099000
-0.35930800
0.35711600
0.14277500
-0.35318800
-0.65494300
-0.36911300
2.43750000
-1.35696000
-0.16649300
0.20962500
-0.35137800
0.63910700
-0.05288360
-0.17444000
-0.08078900
0.85516900
0.45693800
0.37768300
0.07671800
0.23877900
-0.11912400
-0.32443800
-0.13569000
0.07371050
-0.31773600
-0.66797500
-0.85203200
0.21151500
-0.15265000
-0.81977000
0.02378380
0.13712000
-0.45523900
0.10527600
-0.29720900
-0.41520500
-1.05105000
0.05619390
0.36507300
0.68286800
0.28618000
-0.24904100
0.44133000
-0.91375200
0.35119700
1.29974000
-0.64699300
-0.19214700
-0.16485000
-0.41789500
-1.09373000
-0.58396600
-0.15971900
-0.41667200
-0.54763500
-0.06716090
-0.15516300
-0.24291700
0.13065200
0.34732400
-0.44216500
-0.02617390
-0.04535290
0.30857300
0.06084090
-0.29817900
0.09758640
-0.16880300
-1.43325000
-0.46504200
-0.17379100
0.55086400
-0.34823400
0.03028310
-0.74179300
-0.62510900
-0.33608300
-0.81056500
-0.48217100
-0.87994300
0.18375000
-0.16282500
-1.46773000
0.46132100
0.01207630
-0.57451800
-1.00600000
-0.30523900
-0.23515100
-0.95305300
-0.31400800
-0.10629800
-0.82731900
-0.33151600
0.57429400
-0.88025700
1.42976000
0.17882800
0.34677400
-0.10503800
1.00614000
-0.03544440
-1.06993000
-0.19823900
-0.45506400
0.53294800
-0.22092000
1.41688000
0.91830200
0.41386700
2.25083000
0.48210000
1.01954000
-0.14236000
0.66294600
-1.07961000
0.36451000
0.26592900
-0.08083510
-0.75061000
-0.21879500
0.58382600
0.60047900
0.71131200
-0.71761900
-0.05561870
0.23412300
-0.21466600
-0.31897300
0.40987700
0.95933300
0.80044300
0.58432700
0.12685300
0.60044200
0.55772300
0.11279500
-0.97091000
-0.46599600
0.13994400
0.42479800
-0.23243100
-0.66674900
0.13169700
-0.65493400
-0.87164800
-0.12119700
0.13949000
-0.47488400
0.18402000
0.01722020
0.35953300
0.09500200
-0.57962000
-0.74196800
-0.03146310
0.55287400
-0.61303200
0.28145200
-0.51134400
0.95204700
-0.59198400
-0.30437000
-0.16974600
-0.41816900
-0.58742000
-0.28293600
-0.42420100
-0.11501900
-0.00009285
-0.33751400
-0.59719500
-0.76442100
-0.75338200
0.09335980
-0.07067320
0.60477700
-0.36111300
-0.28030000
-1.12898000
0.09240280
-0.63879000
-0.44342100
0.13052600
-0.95512200
-0.39486400
0.26064400
1.20836000
-0.44570900
-0.41761700
-0.54896000
1.01560000
-0.11544700
-0.25693300
0.20853200
-0.03641860
-0.01039170
-0.05110530
-0.32309300
0.33250800
0.57240900
0.54428500
0.62692200
-0.77602000
-0.85517600
-0.06002700
0.18154000
-0.43571000
-1.41509000
-0.16220200
0.22458400
-0.80350600
0.71038300
-0.08592830
0.44246500
-1.19325000
-0.05744700
0.76647000
0.09257720
-0.62192400
-0.66236400
0.85036100
0.28204800
0.64185500
-0.11538900
0.84198800
-0.07170510
-0.90288900
-0.43639400
0.21269000
-0.72339200
0.38000500
0.08981160
2.30181000
1.22724000
0.02170930
-0.37656900
0.01227540
-0.86524700
-0.30140400
-1.06646000
-0.41102100
-0.28440300
-0.01141210
-0.45331800
-0.43693300
-0.43044600
0.14777800
0.75505600
0.28553400
-0.77925100
-0.65586300
0.56107400
-0.57741700
-0.34433800
0.18024700
-0.30898900
-0.61574500
-0.83311500
-0.04039340
-0.50538300
-0.24805100
-0.08275040
0.70463400
-0.44531800
-0.54770600
-0.30581100
-1.34249000
0.20915900
-0.11905700
-0.95817800
-0.67167300
-0.39010800
-0.00407238
-0.33479700
-0.18789200
0.34156200
0.03996900
-0.65286300
-0.75334800
0.14869100
-0.78293400
0.09228020
-0.36482100
0.50165100
-0.48803700
-0.42425100
0.22801400
-0.08599510
0.17754400
-0.80275700
-1.17724000
0.66846200
0.12195900
-0.82916400
-0.18274900
-0.50658200
-0.45814100
-0.95699400
-0.59439800
-0.13419900
-0.44834900
-0.00675264
-0.16997100
0.21742900
-0.88225100
0.07303050
-0.17080900
-0.21341400
0.00296450
0.56344800
-1.16572000
-0.58478300
-0.30005700
-1.10878000
0.24124000
0.10924300
-0.30529700
-0.47131500
-0.09688090
0.08194620
-0.32403800
-0.23372600
0.75715400
-0.05470360
0.81867200
0.32932600
-0.33638500
0.13915600
0.46790400
0.05306160
-0.61951100
0.92111600
-0.59646600
-0.44822900
-0.16391200
-0.43982600
-0.24474100
-0.47426700
-0.12897200
-0.42941500
0.04294630
-0.51760800
-0.28387000
-0.35952600
0.02654250
0.08366180
-0.54381300
-0.68545900
-0.22229600
-0.34979500
-0.50408900
-0.03743020
-0.16391100
-0.59522900
-0.03795330
0.11509300
-0.03262210
-0.67517300
0.26831700
-0.23683300
-0.61713100
0.86381300
-0.08510740
-0.04668580
0.28286100
-0.44969400
0.42043100
-1.10142000
-0.80154700
0.01454810
-0.79512300
0.37834900
1.39182000
0.20334200
0.14075300
-0.36786000
0.25344400
-0.87932000
0.17342200
0.02243430
-0.18327300
-0.59736200
-0.37978200
-0.19679900
-0.17479600
0.13326500
-0.12968200
0.28290000
0.40706400
0.06182700
-0.56206800
-0.69623200
-0.62525900
-0.40266100
-0.67645700
-0.63140700
0.01659490
-0.98011200
0.84350800
-0.17145200
-0.39399700
-0.23213600
-0.93267400
0.08825230
-0.34937300
0.77317600
-0.14290100
-1.63908000
-0.12606300
0.69099400
-0.58275400
-0.12545400
-0.16045300
-0.18956200
-0.02243080
-0.50612200
-0.32382100
-0.53519200
0.06684550
-0.48195100
-0.91063500
0.19410800
0.21665600
-0.01807840
0.55867600
-0.96470700
-0.20908900
0.45090900
-0.66170700
-0.78365000
0.19408100
0.05324310
0.03947960
0.20821200
-0.20937800
-0.09958940
0.85701600
-0.20569200
-0.50847200
0.43601200
-0.41292300
-0.12444900
-0.89947600
-0.28108200
-0.80586100
-0.29279300
-0.48590000
0.39549000
-0.41069100
-0.14223200
-0.54274500
1.32714000
-0.36120500
-0.49069100
0.63597100
0.86493800
-0.03460160
0.28853300
0.28970200
0.11047600
-1.17405000
0.42958500
-0.24569100
-0.08240010
-0.83231600
0.10619500
0.27760600
-0.11087400
-0.35628900
-0.81138300
-0.06227500
-0.90070100
0.19428400
0.08981580
0.08270640
-0.20083400
0.48443300
-0.34673900
-0.37839200
-0.40574000
-0.04337350
0.10644400
0.19679100
0.14225100
1.15937000
-0.29580300
0.53386200
-0.61884500
0.02757020
-0.41261900
0.69418300
0.37124400
0.32604000
-0.14493900
0.96646600
-0.83280700
0.59704200
0.05079010
-0.02921220
0.33850300
0.26687700
-0.40757300
-0.10779000
-0.08855040
-0.42168400
-0.45227100
-0.73372700
-0.30694700
-0.15253700
-0.01831330
-0.65108400
-0.97942400
0.60350100
-0.42824800
-0.20829600
0.17053900
-1.02158000
0.56990300
-0.79395200
-0.13533000
0.10669200
0.20776900
-0.62430900
-0.67936100
-0.25431900
-0.63483600
-0.57055600
-0.27051800
0.66217200
-0.57009300
0.39029900
0.52293200
-0.98211700
-1.00409000
-0.23518000
-0.54746800
0.34373100
-0.23352500
0.39187700
-0.92230600
-0.48853100
-0.22973300
-0.09473370
0.25670200
0.43541500
-0.00203465
-0.77755100
-0.98279700
0.56142500
0.29937200
-0.10391300
-0.33232900
-1.13249000
-0.28381000
-0.36649500
0.13025900
-0.53089600
-0.48310700
2.69052000
-0.38523900
0.12467100
-0.23971800
-0.54124500
-0.00351526
-0.07923280
0.14527600
0.09064010
-0.21613700
-0.07215270
0.28886700
-0.24048200
-0.62567300
-0.50365100
-0.44223300
-0.25250800
0.10505800
-0.89044000
0.72133500
-0.37523100
-0.57099600
-0.37038300
-0.34241600
1.98649000
0.00224595
-0.41950600
0.60027200
0.28499400
0.26563400
-0.69678300
0.34272100
-0.24146800
-1.02890000
0.29907500
0.40177500
-0.02102450
0.03145550
-1.06451000
-1.10966000
0.79875400
-1.12900000
0.05985120
-0.01637490
-0.53674600
-0.52559900
-0.29851300
0.06414040
-0.40743400
-0.05544300
-0.48138900
-0.75624900
-0.47816000
-0.67779400
0.15914500
0.43475600
0.58489200
-0.33488600
0.36119000
0.32532500
0.52418000
-0.32470100
-0.37825200
-0.11215600
-0.06103730
-0.54726200
0.06460470
0.52729700
0.60244000
-0.57919700
0.12361700
-0.42417300
2.78347000
-0.26696600
-0.65060100
-0.57420700
-1.07093000
1.02492000
0.48017600
0.61633000
-0.59678200
0.24116700
-0.59802600
0.20597200
-0.40904900
-0.32915800
-0.21105200
-0.18723100
0.38483400
-0.26201200
-0.05172480
-0.10262400
0.78540900
-0.08599430
-0.98208400
-0.46425200
0.21033000
0.09819510
1.22908000
0.19627700
-0.54554900
-0.42606100
-0.60218000
0.09729840
-0.00155094
0.14007600
-0.23927400
-0.66898900
-0.51505400
-0.42020000
-1.08043000
-0.53414300
-0.02055970
0.30252400
-0.32760600
0.66942300
-0.98022900
-0.50860800
-0.16746700
0.07850040
-1.01544000
-0.34171300
-0.50248000
0.46383200
0.59153700
0.11248200
-0.89727800
0.32179000
0.13054100
-0.47025000
0.28294000
0.64294900
0.31679900
-0.00161024
0.90427000
0.53036500
0.46614000
-0.30116300
0.08128630
0.07378800
-0.65306400
-0.64979300
-0.80518300
-0.21833400
-1.02187000
-0.08773890
0.44239300
-0.55514200
0.25787200
0.14075300
-0.22315300
0.10053400
-0.43013100
0.02090480
-0.27390100
-0.24515200
-0.15373200
0.22294700
0.49210800
-0.34961700
-0.22815200
0.57048400
-0.50461700
0.00503088
0.49266500
-0.10143600
0.19150100
-0.55714900
-0.85058800
1.45463000
-0.31797700
0.51767600
1.23038000
0.23148500
0.16292500
0.72505800
1.00618000
0.54950800
-0.27542600
-0.60980600
-0.25320000
0.10635400
-0.22331700
0.06745270
0.03653270
-0.39150900
-1.07749000
-1.18889000
0.14175300
-0.44534500
0.10635400
-0.62291700
-0.04485090
-0.69132800
-0.04270890
1.35589000
0.21488300
-0.41614000
-0.75985500
-0.69627500
-0.15172900
-0.25131400
0.03263980
-0.35725000
-0.26995300
-0.34150500
-0.43799700
-0.49326400
-0.27839500
0.19274600
-0.17912600
-0.59370700
0.32005800
-0.67459600
-0.51011600
-0.04704510
-0.48556700
1.66473000
-0.14077000
-0.13365100
-0.07486180
0.30506500
1.47950000
-0.41023600
-0.44676800
-0.51288800
-0.17469400
0.28457000
-0.50997500
-0.03567590
0.24704800
0.28889900
-0.56563900
0.15198000
-0.25770400
-0.32864000
-0.36716100
-0.23966200
-0.39807600
0.70145000
-0.13149600
0.59483500
-0.89297900
-0.14887300
-0.37722200
0.45481900
-0.03550530
-0.46639900
-0.27995500
0.13825900
-0.50327600
-0.19477400
-0.10353200
-0.47536900
0.43766300
0.11320000
0.11320000
-0.32103900
-0.61789700
-0.52650400
0.42512400
-0.08854220
-0.40051900
0.08379800
-0.49468900
0.09888770
-1.00248000
-0.29156200
-0.39158500
0.02403030
-0.41097600
-0.15585200
-0.54272400
0.31566800
0.09757310
-0.61489900
0.19106400
-0.31338400
-0.17495700
0.00673998
-0.28834600
1.60360000
0.07603360
-0.06519610
0.70469200
0.51583300
-0.39561700
-0.39018000
0.65921300
-0.01458420
0.18560100
-0.01684050
-0.18601500
-0.08078290
-0.51620400
-1.02373000
0.11169400
-0.88280500
0.14019900
-0.86457700
-0.48293900
1.09324000
-0.12275200
-0.37470800
-0.33785200
1.40118000
-1.18705000
-0.81747200
-0.13043900
0.77867500
0.57799700
0.15611500
1.31463000
0.50648300
-0.13785400
-0.50365000
-0.62960400
0.05233890
-0.33366700
-0.00718659
-1.08023000
-0.58268900
-1.02666000
0.10807900
0.71249200
-0.92143500
-0.40186400
-0.28029900
-0.59370700
-0.14380600
-0.30317000
0.07615770
0.20610000
-0.30819300
-0.55423400
-0.75249200
-0.35927600
0.09180140
0.06677150
-0.02728510
-0.15010200
-1.01327000
-0.51974100
-0.20259600
-0.30258300
-0.88034500
0.69731900
0.19026400
0.09119590
-0.42212700
-0.06831190
-0.24819500
-0.08108160
-0.12888800
-0.81794900
-0.13965200
-0.64434700
-0.64434700
-0.04033480
0.36168100
0.49243600
0.01199830
-0.27169000
0.13672700
-0.98715900
0.03023060
0.23436200
0.11802200
-0.26843800
-0.00039714
-0.45175000
-0.08809660
0.02145900
-0.73490700
-0.47811400
-0.33994700
0.37887500
-0.35362200
0.49250000
0.52325100
-0.26821600
0.38657800
1.71985000
-0.74339300
0.05172190
-0.35265800
-1.08249000
-0.60259100
-1.15324000
0.45565500
0.44190800
-0.55141300
-0.45499000
-0.40906100
-0.59046500
1.00897000
0.37269900
-0.89991300
0.29182000
1.98716000
-1.16095000
0.73701100
-0.81480200
0.18078700
0.04159970
-0.51777500
-0.24428900
-0.29768100
-0.27891700
-0.03686560
-0.27197300
-0.57665100
-0.48141000
0.22068300
-0.61315700
0.57988100
-0.81201300
0.32629300
-0.15540900
-0.04194490
0.00283563
0.93010000
-0.22206100
0.13169200
0.41236600
0.23472300
-0.90194100
0.01832210
0.71141500
0.60583000
0.30629700
-0.15841000
0.32222200
-0.67440400
0.34664700
-0.57372400
0.13989400
-0.09586290
0.07737800
0.25110300
-0.05495970
-0.27273600
-0.06878490
-0.33823900
-0.25262700
-0.56869800
-0.13109000
0.13994700
0.28124000
-0.54800800
-0.33542300
-0.10027400
-0.55867500
-0.94558200
0.27521300
-0.57044800
-0.08087680
-0.27929200
-0.63062000
-0.48330900
-0.77452700
-0.53299400
-0.43283100
-0.09891640
0.03285370
1.16775000
0.10948500
1.17910000
-0.03688050
0.22269200
-1.05833000
-0.02544020
-0.95575300
0.46976000
0.04338080
-0.24950000
-0.19561100
1.03582000
0.26956400
0.51109600
1.04166000
0.25236300
-0.34477400
-0.65817800
-0.21630700
-0.44753200
-0.34362300
0.24855500
-0.46284700
-0.44933100
-0.34939400
0.40337200
-0.65770300
-0.22294700
-1.08194000
0.36469800
-0.23229000
-0.78915200
-0.38462600
-0.25128300
-0.52477200
0.18122500
0.58812400
1.11641000
-1.06548000
-0.30977900
-0.95101200
-0.55096900
-0.62062600
-0.01622920
-1.08184000
-0.08284150
-0.00000001
-0.53966900
-0.69556700
-0.40900500
-0.11868000
-0.17626900
-0.49521300
0.03205170
-0.43195500
-0.52537800
0.21790700
0.46876800
-0.09238890
0.11795000
-0.53794400
-0.39204800
-0.24273900
-0.47900300
-0.41503700
0.01918610
0.00054930
-0.27332500
0.17531500
-0.57884000
0.59985000
0.00239468
-0.46726100
0.75326700
-0.49634500
-0.25254200
0.28883100
-0.36971600
0.06117180
0.02727990
-0.02138860
-0.05749930
-0.19449700
-0.78377200
-0.01311180
0.38628700
-0.33233200
0.01968210
1.80447000
1.30239000
0.29863500
-0.34274600
-0.27231700
0.14107200
-0.18045900
-0.70340400
0.22769500
-0.44436900
-0.20896200
-0.74673600
-0.58188900
-0.04882040
0.07502080
-0.54140900
-0.77506100
-0.38524900
-0.13115000
-0.66100500
-0.03883730
0.53357600
-0.56478100
-0.82243500
-0.80818400
-0.30766600
-0.66113700
-0.46027100
-0.48633100
-0.63850100
0.27858400
0.35371600
0.22596300
-0.38577400
0.10713900
0.24192500
-0.18725100
-0.43885700
-0.26246900
-0.45367100
-0.21407300
-0.64183300
0.03516310
0.16164500
0.42900100
-0.31589700
0.09380530
0.26671200
-0.08852180
0.21495000
-0.51380400
-0.83041300
-0.92117400
-0.20389000
0.00434074
0.00283908
1.46364000
0.09343760
-0.14629500
-0.14275300
-0.11308400
-0.52122300
-0.50394900
0.44879800
-0.48955000
-0.38752400
-0.65866000
0.09401050
-0.95192600
0.07667100
0.40594600
-0.48440800
-0.17702400
-0.06149480
-0.29782600
0.01122220
-0.97665100
-0.30520300
0.03186800
-0.23594700
0.05939250
-0.69899200
-0.44735800
-0.90380000
0.56600800
-0.28561200
0.04512360
0.21214900
-0.10806200
-0.58186600
-0.25131800
-0.16191600
0.26616600
-0.20762500
-0.92447500
-0.45355600
0.66837900
-0.55318400
0.10460900
0.06977770
-0.43384100
-0.27603700
-1.01661000
0.30246900
0.13427700
0.18795000
-0.62295200
0.73816900
-0.01584160
-0.09280690
-0.81072600
0.60953400
1.22403000
-0.08401670
-1.28844000
0.38037700
0.59682700
-0.38984700
-0.00955533
-1.04259000
0.53435400
-0.08627790
-0.37398400
-0.22186800
0.23005200
-0.53451900
0.89801900
-0.44397700
0.10528400
0.38482500
0.08026690
-0.74675800
-0.15480700
-0.68658400
0.32919300
-0.68041400
-0.10139300
-0.58687700
-0.02245870
-0.18445000
-0.64150100
-0.08240010
0.14844100
0.55042500
-0.08765310
-0.74998500
-0.69811800
-0.52197500
-0.88438700
0.46762900
-0.11633800
0.29058400
-0.12182100
0.25983000
-0.47269200
-0.38718200
-0.17993900
0.49077400
-0.01489640
-0.75477300
-0.44529800
0.53785700
-0.51282100
-0.49266500
-0.35191100
-0.45862100
-0.05989840
-0.16113000
-0.01975620
-0.60759300
-0.44075200
-0.62385900
-0.26020000
-0.32934300
0.26019600
-0.52346200
-0.21266900
-0.85411600
2.13888000
-0.37813700
0.14277100
-0.22443800
-0.20480500
-0.49503900
0.68207200
0.35515900
0.37661300
0.59728300
-1.03705000
-0.50927900
-0.86679300
-0.33723900
0.58640000
0.64944600
-0.12262200
-1.08588000
-0.27749900
0.40858200
-0.62687700
-0.02204250
1.54942000
-0.40743700
-0.59319200
1.12468000
0.18470900
0.65877300
0.93076200
0.52156000
0.61373300
0.51458900
-0.81161000
-0.50035800
-1.65565000
1.41119000
1.27020000
0.32824900
0.72412100
0.53771400
0.91046900
1.23611000
0.15357500
0.04385240
0.00607184
-0.51944000
-1.03792000
-0.15088200
-0.35363200
-0.03172970
-0.25796800
-0.42896300
-0.61205600
-0.36453200
0.01763810
0.41487500
0.01124430
0.56165800
0.58787600
0.20221000
-0.09323000
0.69922600
0.13262800
1.17026000
0.52507700
0.94488700
0.89117600
-0.84673900
-0.50894400
-0.14632600
-0.13585200
0.37210000
0.38173400
-0.26119000
-0.45963400
0.45387900
-0.06985340
0.63883500
-1.48994000
-0.94608600
-0.66005000
-0.08687940
0.16072400
0.01031690
-0.35667600
-0.45157400
0.51517500
0.08573620
-0.59729800
-0.46961700
-0.96070600
0.27328600
-0.26821900
0.16601700
-0.08110950
0.33325200
-0.82360900
0.55807700
1.12386000
0.20345000
0.03617340
-0.52263700
0.46591900
1.21941000
1.43094000
0.05133200
-0.13618000
-0.65940800
0.11364700
-0.50782400
-1.26307000
-0.23801600
-0.74269100
0.48587700
-0.80661500
-0.34329900
-1.06056000
-0.15025200
-0.07025100
0.03930590
-0.50898400
-0.32827300
-0.10823300
-0.56422700
-0.41665900
1.38187000
0.55529200
-0.24152600
-0.28295700
-0.46957800
-0.37218300
-0.11846800
-0.61199000
-0.60037500
-0.36505300
-0.20577300
-0.48927400
0.14232500
-0.16348900
-0.26518200
-0.54692200
-0.72471100
-0.49686100
-0.01339790
-0.37477300
-0.79803800
0.07265220
-0.81210100
-0.41050300
-1.03789000
0.72159800
-0.41082800
0.00728846
-0.26019900
-0.48773800
-0.80371700
-0.09685950
-0.52781600
-0.57264800
-0.58396900
0.62114000
0.18169700
-0.05729270
-0.39580400
0.05016860
-0.65534300
0.01210940
-0.46750800
-0.70884100
-0.31283600
-1.31644000
0.12653000
-0.33296400
-0.24785300
0.28235800
0.12861100
-0.48854000
2.95591000
0.05776180
-0.59013900
-0.01757230
0.70964800
-0.20146400
-0.37674800
-0.40114400
0.28891100
0.29850100
-0.19996700
0.58855000
0.24644100
0.07621300
0.14397500
-0.19297800
1.04718000
-0.32216800
-0.35312500
0.34302300
-0.22897700
-0.49929400
0.13522800
0.17740500
-0.07924040
-0.12465200
-0.18439500
0.10716900
0.01312560
-0.40754000
-0.30198600
-0.42117000
-0.06909030
0.12125800
-0.37962900
-0.10997300
-0.67507000
-0.74282700
-0.35504000
-0.66385800
0.42902600
-0.03814260
-0.45475400
-0.12944300
0.93490300
-0.38632300
0.41112500
-0.42308700
-0.58812200
-0.17758900
