4.83695000
6.87292000
5.39705000
5.12586000
6.18589000
5.55242000
5.05330000
5.24499000
5.02348000
4.88324000
-0.21859000
4.94222000
5.19019000
5.24208000
5.19026000
1.24794000
5.76592000
0.26352600
5.06001000
5.68661000
5.62359000
0.95164000
6.01077000
5.36500000
5.94717000
5.33995000
4.88330000
5.37824000
1.43805000
5.25891000
5.50785000
5.03504000
5.22484000
5.76664000
0.63415500
5.56104000
5.90116000
5.35691000
5.19509000
4.91468000
5.43975000
1.97527000
4.89227000
5.28039000
0.77408200
5.33620000
5.58708000
5.20534000
-0.34398900
0.30090700
-0.75135200
-0.20820100
-0.33199200
-0.23357600
-0.25652700
0.22358300
-0.43093800
0.17362300
0.43398800
0.53758700
0.19232900
-0.12825800
-0.30435600
0.02646900
0.19718800
0.28346300
-0.47454300
0.40653300
-0.20245000
-0.00557754
0.07537280
0.65938100
-0.10992800
0.86657000
-0.59563000
-0.20643100
-0.11729000
0.04047730
-0.13708500
0.02617210
0.18002300
0.15007500
-0.05609370
0.28874100
-0.24291900
-0.17425000
-0.27511700
-0.46592200
-0.85419200
0.21581100
-0.42183400
0.02040620
-0.64832700
-0.47981200
-0.14050800
-0.09454940
-0.41974900
0.09341340
-0.07382150
0.02163310
0.78240800
0.14879400
0.17795400
-0.60390700
-0.14658700
-0.31636100
1.51107000
0.35336700
0.33053000
0.71414500
-0.78320100
1.58503000
1.07395000
-0.79461300
-0.76240500
-0.16172900
-0.38590600
-0.01713510
-0.05576760
0.08602550
-0.48481100
0.16643500
-0.04164610
0.47793300
-0.52705600
-0.17745700
-0.34522200
-0.30412400
0.05529090
-0.29319700
0.50608500
0.01099580
0.12777900
-0.41341000
0.06020730
0.96052500
-0.39662800
-0.42958800
1.25654000
0.79361200
-0.18244900
0.82386100
0.12017600
-0.01203540
0.01276680
0.03177040
-0.10072800
2.02657000
0.43610900
0.15483600
0.83620900
-0.39669400
0.33008400
0.26741700
-0.01445720
-0.09979600
0.32469400
-0.04440750
-0.10601100
0.17667100
-0.37856600
0.08159870
-0.27348800
-0.41523700
-1.01608000
0.22653200
-0.34426700
0.42473800
-0.54425400
0.18726100
0.78595300
-0.26193100
0.50064200
0.41686300
-0.34771800
0.02769720
0.09552670
0.36787100
-0.25607900
0.14841100
-0.21354100
-0.12208000
-0.03501600
-0.22605800
-0.42305900
0.33445000
0.76118500
0.06530210
0.11951300
0.66891300
-0.11245800
0.12293500
-0.31768100
0.31638900
0.07844050
-0.39318100
-0.13169700
0.39870200
0.49067900
-0.08015850
0.42049700
-0.00332818
-0.36185000
-0.52942600
-0.66092400
-0.49535000
-0.19224400
-0.00076033
-1.03631000
-0.14321200
-0.20809500
0.05892150
-0.41303500
0.11621900
-0.64634400
0.40066600
-0.65359400
-0.15729000
-0.23256000
0.73684900
-0.39360700
-0.35739300
0.44086000
0.06923900
0.18060700
-0.25882100
-0.09703970
0.25171400
-0.45731300
-0.42811600
-0.33599300
0.02143690
-0.03345070
-0.90035200
-0.21624200
0.37157400
0.18328100
-0.32278700
0.02405360
0.26897300
-0.66175600
0.36702300
0.03866120
0.37741300
0.51228600
0.68199700
0.25510200
1.36546000
-0.20727300
0.28304800
-0.43094300
-0.05145040
-0.18006500
-0.24792900
-0.40857700
0.05062150
-0.95182500
-0.52972100
0.25618400
1.50901000
0.33712500
0.22034900
0.38655000
-1.38956000
-0.34292900
0.37407200
0.73239300
0.96373100
-0.09982920
-0.23996000
-0.05432000
1.57420000
0.25339500
-0.47014000
-0.21734900
-0.17659200
0.43637600
0.40010800
1.20005000
0.03502280
1.56561000
-0.36674300
-0.20988900
-0.30579600
-0.37344300
0.23310200
1.28862000
0.27008800
0.33535300
-0.34052200
-0.45846000
0.28659800
-0.07290200
-0.10167600
0.20101600
-0.93571600
-0.39486200
-0.05467820
-0.69538600
0.11519400
-0.00809600
0.59934100
1.83408000
-0.00914946
0.15421500
-0.50461700
-0.35045900
-0.27799300
0.38153900
-0.51675800
-0.64629700
0.20558200
-0.17160500
1.12943000
0.00019401
1.02474000
0.49285800
-0.06222190
-0.39699000
-0.17998100
0.22981000
-0.15112400
0.53813800
-0.36070600
-0.13745000
-0.11092600
-0.77512800
0.65126300
-0.33903600
-0.35241300
0.10727300
-0.68060800
-0.18636300
0.18310700
0.29481300
-0.17277300
0.46371100
0.10524600
-0.56463600
-0.07670210
0.00968484
-0.09715760
-0.35502000
-0.13764100
0.44957000
0.24511700
-0.52923900
-0.29359500
0.14172000
0.30720500
0.80754700
0.44079600
0.06427790
-0.54429700
-0.39349700
-0.84656700
-0.84227400
0.07679470
-0.02652240
-0.42991900
0.37363700
0.00091634
0.07531950
-0.05460190
0.12120900
0.28764300
0.13628200
0.23992400
0.39562000
-0.20353500
-0.04964300
0.47094600
-0.10355800
0.39088600
0.06868040
0.14379300
0.27323800
-0.34243800
0.13023000
-0.11681400
0.30455000
-0.39051700
0.12652400
-0.33551000
0.60511100
0.09345220
-0.10322500
-0.44490000
-0.56963600
0.14013100
0.37932700
0.41694200
-0.45502900
0.49238700
-0.03149970
-0.56503700
0.41687300
-0.94615500
0.72674200
-0.30772400
1.64837000
1.54615000
0.07579040
0.33033800
-0.17854000
0.11726400
-0.15495800
-0.50930600
0.41454100
0.26599200
-0.08063170
0.02898280
-0.23553400
-0.57606900
-0.28908000
-0.30403900
-0.13787100
0.10734100
0.01265790
0.54785800
-0.58326800
-0.07207270
-0.56694900
-0.44370500
-0.26468200
-0.23157200
-0.02128570
0.21499800
0.10491300
-0.15594000
-0.30404700
0.25727300
1.36124000
-0.21054100
-0.41115900
0.11623500
-0.41696200
-0.38747300
-0.72685700
0.50083300
-0.30067400
-0.56011100
-1.00394000
-0.22380500
-0.73223600
0.03289030
0.70212000
-0.63060900
0.31234900
-0.44895800
-0.11648300
-0.06167940
-0.06014160
-1.03015000
1.22176000
-0.42430600
-0.24583300
-0.73756900
0.82728500
0.10996400
-0.51341000
0.19026800
-0.20586500
0.41932300
-0.66370200
0.51519400
-0.23093900
-0.12499800
1.16458000
0.52445400
-0.54110700
-0.37324200
-0.51199700
-0.29891100
0.30731700
-0.18229000
-0.14309800
-0.25878800
-0.82511100
2.54769000
0.03407470
0.17423500
-0.20681700
-0.91267100
-0.16225400
0.22905400
0.00678123
0.41586700
1.00970000
0.29470400
-1.05564000
-0.23314200
-0.35620800
0.39581100
0.01012240
0.03982860
0.23987900
-0.02139490
-0.40602300
0.08388380
-0.07142550
-0.86567100
0.14819700
0.11599900
0.05328450
-0.30285900
-0.16861900
-0.76624900
-0.25467200
-0.49248700
-0.42735400
-0.49674800
0.53472700
0.04076730
0.65775900
0.14659500
0.05584840
0.18086700
-0.45340600
-0.40618300
-0.13615700
-1.55940000
0.22837500
0.01946720
-0.65027000
-0.38970200
-0.09128210
0.49036500
-0.95838300
-0.16366300
0.69107900
-0.19078300
-0.69614900
0.33192100
0.09768620
-0.09486100
0.41722500
-0.34199600
-0.22450000
0.99636800
0.41567900
-0.78617200
-0.35094400
-0.96748500
-0.06533730
1.02466000
0.34426400
-0.79212200
0.01436250
-0.43968300
-1.16978000
-0.32610500
0.24347300
-0.22019600
-0.36997700
1.15579000
-0.73597900
1.93584000
0.09928630
0.11781800
0.21227100
-0.07524570
-0.31990200
-0.33232000
-0.51544100
-0.33163800
-0.50046000
0.17810900
-0.57650400
-0.09218810
-0.42969400
0.46515400
0.64765300
-0.26884300
-0.64600000
-0.60467600
-0.28711900
-0.03055520
0.75591700
0.01356460
0.46542300
-0.19546500
0.27754600
-0.60462900
-1.12294000
0.29436400
0.15116800
0.77256200
-0.32362700
1.11251000
-0.00695461
0.62774900
-0.33171800
0.15484900
-0.45015600
0.41434900
0.32490300
-0.10078400
3.41960000
0.04851090
0.19328300
-0.71429600
1.37877000
-0.04263830
-0.18267700
-0.39536300
0.08316600
0.18438700
0.48189700
0.39017400
0.09400250
0.11580900
-0.10374900
-0.01978730
-0.64069600
-0.16372400
0.12850700
0.08237850
-0.60118600
-0.19605500
-0.03034840
0.54334800
-0.09417770
0.20635800
0.19675800
0.69759600
-0.43906900
-0.40570200
1.36973000
-0.28395200
0.46287300
-0.05807480
-0.05200560
-1.12458000
0.25104700
-0.08890050
0.25151800
1.78377000
-0.46920600
-0.94197700
-0.40156100
0.48325400
0.95595700
-0.70787000
0.29983000
0.23396200
0.88758500
-0.51972400
0.47647300
-0.09845100
0.33614700
0.01458860
-0.86154800
0.13597100
-0.33122500
-1.15320000
-0.17971600
-0.69567700
-0.33366400
-0.13862800
0.13429100
-0.45883900
-0.30400400
1.15548000
-0.02723830
-0.17319400
-0.34813700
-0.74168400
-0.81236700
-0.43402300
-0.62113200
0.34739100
-0.75575400
-0.81642400
0.01983370
-0.51453700
1.41711000
-0.24870800
-0.05174090
0.48271900
-0.63777200
-0.15588200
-0.18984600
-0.19727900
0.71491400
0.05718150
-0.24694000
0.10261900
-0.81173600
-0.32110300
0.15508400
-0.56927200
-0.12218200
-0.79230700
-0.34143700
0.11332300
-0.92436400
0.07919490
0.41374200
-0.42231000
0.00822767
-0.35682800
-0.16206100
0.42490100
0.41484600
0.04030050
-0.01778710
-0.11624500
0.16099000
0.12154700
-0.17130300
-0.32251600
-0.14471800
-0.40156100
0.10265300
-0.36958500
0.40301500
-0.27056900
-0.30368500
0.50181100
0.72009600
0.02635360
-0.65933700
0.58542800
-0.30815100
-0.19047000
0.00816696
0.43151400
0.54880900
-0.05510950
0.09983760
0.48903600
-0.50075300
-0.13186800
-0.62302900
0.53767700
-0.44598600
-0.16645500
-0.49791900
0.11160300
-0.08996050
-0.12105800
-0.52341800
1.10342000
-0.16616900
-0.53904300
0.23576300
0.42516000
-0.48153300
-0.63441400
0.12618600
-0.39394400
1.23194000
-0.04003690
0.08823920
0.32718700
1.15090000
-0.22861400
-0.32761500
-0.25670300
-0.20962200
0.00609459
-0.20704200
-0.73117000
-0.32426300
-0.09580360
0.28157700
0.20194400
0.09408550
0.91724600
0.00773290
-0.44905000
0.18145400
0.90985200
-0.71301400
-0.45588100
-0.78153400
-0.03499520
0.56776500
0.44607200
-0.09981900
0.40459600
0.02005100
-0.59175600
0.20857900
0.05506630
-0.43924100
0.09354250
-0.47362500
0.11204900
-0.32929000
-0.09779330
-0.00635953
-0.52579900
-0.09832980
-0.37536800
-0.18382400
-0.06751600
0.38263500
0.35920800
-0.62301300
0.00567482
0.60871700
-0.40461400
0.49604800
-0.22322400
-0.17647700
-0.45076700
-0.06241690
0.30654600
0.52487100
0.48711200
0.46524000
0.15796300
-0.60126300
0.01601740
0.36492900
-0.30375100
-0.21604200
0.22543500
0.15559300
0.45639600
-0.11416700
0.75764500
-0.49418900
0.36131800
-0.05597950
-0.81002200
-0.00250347
0.40459600
-0.00549677
0.35685000
1.75925000
0.25623100
-0.90631000
0.03183600
-0.50425300
-0.51493400
-0.03034850
0.36813900
-0.61176400
0.27779900
1.12833000
0.70646300
0.33089300
-0.15003600
-0.21229500
0.67112400
-0.58182100
0.71677200
-0.35301700
-0.52370400
0.18417000
-1.16923000
0.28479500
0.43055400
0.27140700
-0.97034600
0.55700200
-0.10795100
-0.22670300
0.66733100
-0.45528500
-0.08529140
-0.38370400
0.43782500
-0.25334100
-0.44389100
-0.20822300
-0.80846100
-0.44882500
0.05096020
-0.31992900
-0.20706500
0.66055000
-0.45736800
-0.48644200
0.00513690
-0.32718100
0.28451800
-0.33171400
-0.07762250
0.70512800
0.75785800
-0.18184700
-0.36391000
0.57054200
0.39028700
-0.34647600
0.45465800
-0.62547300
0.30684100
-0.36954900
0.34911100
0.57180500
0.04076800
-0.63562000
0.14867700
-0.31344900
0.07102870
0.16146200
0.93463500
0.30762500
-0.56053700
0.14155400
0.46809000
-0.82103500
-0.60688900
-0.10905700
0.36421300
-0.30628100
0.36342300
-0.14579600
-0.28791100
-0.40283500
0.02604170
-0.43631500
0.53299000
-0.11443100
-0.19303800
0.23856100
-0.24925900
0.09136150
-1.29366000
1.39764000
0.50038100
0.67270100
-0.17778500
0.11789900
0.23319900
0.81002100
-0.20290800
0.10268000
0.71686800
-0.00357930
0.75051800
0.08268510
0.15889100
-0.28584000
-0.33157600
0.35743800
0.49762000
-0.15434100
-0.49829500
1.48173000
-0.35917700
1.05257000
-0.35313000
-0.06565540
-0.09061110
0.53012000
0.10236900
0.37657600
0.32312300
0.19913900
-0.03082160
0.40265200
-0.73317800
-0.04506060
0.60189000
0.50469300
-0.47696600
0.52493000
0.00186713
0.09268630
-0.05693230
0.89919400
0.52280400
-0.53960000
0.38389500
0.00516830
0.38716000
-0.22187000
-0.74897200
-0.11963000
0.28193900
-0.29489400
-0.93202300
-0.01939990
0.11007500
-0.39337000
-0.30259300
-0.02520560
-0.45425100
0.61401500
0.94432300
0.04898200
-0.22187500
-0.26005400
0.43469500
-0.66116800
-0.02170620
-0.23358300
0.21887900
0.01404140
0.18537700
0.42074600
0.42810600
-0.21054200
0.89667000
0.28141700
-0.62213400
-0.27760400
0.28902800
1.59110000
-0.10814300
1.29625000
1.07147000
-0.19791100
-0.21589500
-0.35052100
-0.16418400
0.42819200
0.02063630
0.50476100
-0.24244600
0.00811413
-0.05269860
0.33061700
0.00989626
0.29871100
-0.64210300
-1.25570000
-1.22404000
-0.36282100
-0.42023300
-0.25356800
0.06336300
-0.14660800
-0.48256600
-0.41853200
0.17918700
-0.04537430
-0.19528000
0.06685410
-0.31316200
0.17111400
0.84336900
-0.17384000
0.48731400
0.17328000
-0.42518400
0.00898816
0.13604300
0.92020900
0.58457500
0.59204200
-0.28405600
-0.15022600
-0.10172800
0.26604800
-0.84797800
-0.61310700
-0.21801900
-0.51196100
-0.50512800
-0.88557600
2.02507000
-0.31583900
0.07607990
-0.63670300
-0.35635700
0.04481530
-0.75731000
-0.23800900
0.17174400
-0.48254100
0.57391800
-0.30952400
1.07879000
-0.19880800
0.17666200
0.10598100
0.09865520
-0.30378900
0.53012000
-0.10795700
0.44202500
-0.31774900
-0.06864390
0.02552760
-0.20781100
-0.66853900
0.25680800
1.53241000
-0.43922300
-0.74128400
-0.44434500
0.18410400
0.13437400
-0.30899400
-0.69674300
-0.11294700
1.87441000
0.69147300
0.38044000
-0.26397200
-0.28383300
-0.33981300
-0.74752300
0.63337900
0.27520500
-0.24430800
0.15271600
-0.34357200
0.43242600
-0.29959800
0.51092700
-0.58585400
-0.15066900
-0.55647000
0.16209100
-0.68775300
-0.33459300
-0.12468600
0.63782000
0.21720800
0.44685500
0.37842000
-0.51471600
-0.38174300
-0.98141100
0.24048000
1.13691000
0.64469600
1.22579000
-0.10384500
1.69506000
-0.22308000
0.76759700
-0.35320500
-0.22861600
-0.13692100
0.18562800
-0.24087100
0.21367400
0.74453600
0.74130700
-0.00499803
-0.21584500
0.21857500
0.06947070
0.56480800
-0.23967400
-0.57076900
1.15109000
0.23106300
-0.30425300
0.00683048
0.08122280
0.11658600
-0.34539700
1.70806000
-0.25117000
0.57607200
0.34477100
0.09037610
-0.22537400
-0.29501900
-0.52723200
-0.47808300
0.47532800
0.20626900
0.47883500
1.24042000
0.69635200
0.01098430
0.37399600
0.58871900
-0.19652200
-0.30711000
-0.90197600
0.30612500
0.26784700
0.19129100
-1.04782000
-0.27397700
0.00767096
-0.15097000
-0.55342100
-0.28591100
-0.20803800
0.01525070
-0.64729700
0.52216800
-0.14107500
0.97275100
-0.83455200
0.01087910
0.94020100
2.16424000
1.30893000
0.52808200
-0.05775470
-0.13175100
-0.22679400
0.79100000
-0.04172240
-0.02605610
0.54225400
0.48095200
-0.61420900
0.72792600
-0.39962000
0.09046650
0.14960600
0.11083400
-0.17221800
-0.03887920
-0.43269400
0.06091580
0.05896490
0.18599100
-0.19388800
-0.27422800
0.13164800
-0.02858030
-0.36338200
2.16650000
-0.19055200
-0.45798600
-0.05683360
-0.13110700
-0.96859900
-1.03135000
0.49505600
1.29229000
0.29407800
0.30825000
0.03771450
0.20022600
0.62011100
0.06117550
-0.04208400
-0.24520900
0.20890900
-0.44781300
-0.10202700
0.54341100
-0.27408100
-0.09093680
0.67903300
-0.26002900
-0.11069800
0.67224600
0.09467750
0.35551200
-0.08542180
-0.25275300
-0.04347260
-0.28949800
0.54207800
-0.11369500
-0.40414500
-0.27379800
-0.26492000
-0.08434560
-0.07132080
-0.09824350
-0.11512300
-0.45070100
-0.34621700
-0.19569800
-0.23068400
1.19614000
0.06687870
1.60257000
1.09410000
-1.17968000
-0.53222900
-0.70191100
-0.10431500
-0.30533400
-1.23405000
-0.26981400
-0.57894700
0.08777010
-0.62979500
-0.48005800
-0.30497200
-0.20096300
-0.56188400
-0.15427600
-0.50888900
-0.36859000
0.33269900
-0.84996000
0.66450500
-0.46800500
-0.02432130
-0.30533300
-0.03925290
-0.25110500
0.25051800
0.88280400
0.27400200
2.09792000
0.91458400
1.12207000
1.55183000
1.18688000
1.71251000
-0.19607500
0.13318500
0.46436300
0.46357600
0.10787900
0.97730700
0.42373600
1.71035000
0.39485500
0.48293300
1.84454000
1.03563000
0.52805200
0.16896200
0.64306700
0.12358400
0.49537400
0.34583800
0.12548900
0.46877000
1.40149000
-0.31286900
0.17844100
-0.02247340
-0.25353100
-0.36528900
-0.80734200
-0.16766700
1.35483000
-0.48644400
-0.79533500
-0.41980000
-0.32410900
-0.20124300
-0.34925700
-0.04339370
-0.11850600
0.05956780
-0.15001200
0.00555833
0.32796600
0.29589900
-0.44764400
-0.29011500
0.39708800
-0.19703500
-0.00754557
0.11251200
0.10982500
-0.55625500
-0.65529500
-0.41732600
-0.33513600
-0.01470530
-0.44203400
1.60929000
0.13992500
-0.39026800
-0.20748300
-0.43816700
0.34307200
-0.73684300
-0.59741800
-0.16820900
-0.18541700
0.27236000
-0.40530400
-0.07318220
-0.03248380
-0.27104700
-0.33134300
1.02052000
-0.51697000
-0.96625400
-0.69429000
1.06318000
0.67958300
1.21517000
0.61312700
-1.01123000
0.08375960
-0.36900100
0.39299600
-0.85464400
-0.00240935
-0.32816200
-0.00550477
-0.88360100
-0.48233900
-0.25490700
-0.34060000
-0.27180300
-0.53696400
-0.45550100
0.10466200
-0.96872900
0.20698000
0.19615200
-0.11901400
0.28013400
0.01333460
0.19015900
-0.28864000
-1.07549000
-0.42919900
0.41100000
-0.13879200
1.28744000
-0.75009800
1.28201000
-0.39191000
-0.29142100
0.05369920
0.98318700
0.30508300
0.25128300
-0.48995000
0.11055400
-0.54165700
0.04722720
-0.01209620
-0.13439000
-0.08750740
-0.14401500
-0.01182140
0.11858100
-0.18911000
0.68449300
-0.05796870
-0.41407300
1.61495000
0.57019900
-0.32825100
0.01898100
0.57405800
0.44644400
0.05805710
0.06395530
-0.00818675
-0.21613200
-0.26981100
0.04825930
0.30734800
-0.42514700
-0.30486700
0.02949140
0.20049000
0.35120400
1.67010000
1.20539000
-0.09106330
-0.50154600
0.12311600
0.57893200
-0.69498500
-0.16003300
1.48647000
-0.39104100
0.28911300
0.70343000
-0.03983660
-0.76323200
-0.28776200
0.46383600
-0.38359500
-0.20684500
0.20406800
-0.41065400
0.61045400
-0.47789000
2.12091000
-0.27237000
0.29661000
-0.39059900
0.20971900
-0.16063400
0.24730400
0.64371200
-0.03802800
-0.79360800
2.02892000
-0.23067300
-0.25502200
-0.44783500
-0.45659600
1.05778000
0.66552300
0.60791900
-0.02837090
-0.51365000
-0.84741300
0.51336500
-0.40082800
1.05799000
-0.19671300
-0.44955500
-0.01626700
0.06640770
1.81703000
0.87754800
-0.50604400
0.64286100
-0.53387800
0.16169800
0.63452000
-0.08678810
-0.00821204
-0.39209400
-0.16567000
-0.02590850
-0.17353300
0.21501100
-0.48990100
1.30792000
0.71478300
0.00798539
-0.58006700
0.34357100
0.01735510
-0.35095400
-0.20943100
-0.27957600
-0.17903100
0.30934400
-0.16345300
0.07112180
-1.13119000
-0.23137000
-0.82911300
-0.01313440
-0.53490300
1.99596000
-0.13164800
-0.54211200
-0.24283600
-0.08488540
-0.41055200
0.02317070
-0.05104810
-0.21461700
-0.06242600
-0.11861200
0.00112236
-0.62790700
0.04852620
-0.43422000
-0.40138500
0.33771400
0.17680100
-0.12853600
-0.64590600
0.13553800
0.37606800
-0.63245700
0.05384140
1.38026000
1.46215000
-1.07452000
-0.03089630
0.05205850
0.05730270
0.93009700
-0.78502800
0.50746100
-0.41739400
-0.00479593
0.09281100
-0.42295400
-0.44640300
-0.16407500
-0.91078300
0.46977600
0.18984900
0.58247200
-0.81114600
-0.57398100
-0.30052800
0.27210800
-0.24826800
-0.16389900
-0.08488540
0.23183300
0.05891510
-0.60650100
-0.06510810
-0.24820000
-0.44069800
-0.07864910
-0.25236000
-0.56476000
1.53780000
0.22894400
0.37308300
0.99434300
-0.09907320
-0.61815800
-0.28422700
-0.44369700
-0.03061410
-0.32872400
-0.78306600
-0.20629700
2.02790000
-0.90510200
-0.04055490
-0.39628800
-0.00571395
-0.13520100
0.01294930
-0.65114400
-0.29772900
0.15684900
-0.11149700
0.51877500
-0.25306500
-0.26706600
0.15624900
-0.38517900
0.06996350
-0.65527200
-0.76197600
-0.45771800
-0.25764700
0.06098530
-0.03719940
-0.34345000
0.50666100
0.11740300
-0.02513480
0.18164100
-0.62382000
0.86462900
-0.30014200
0.49960200
0.16716900
-0.50104300
0.35900000
1.55267000
-0.25906900
-0.18238800
0.10450000
-0.01528710
0.57722300
0.76524100
-0.08742270
0.76410000
0.32563600
0.03896100
0.11319900
-0.41079300
0.62132900
-0.03098200
-0.73028900
-0.20355200
0.31992600
3.10931000
-0.77293000
-0.10978800
-0.39840500
0.65967400
1.17090000
0.77479200
1.31717000
-0.15029300
2.44019000
1.72128000
0.31668700
0.92012900
0.01455450
0.25214300
1.03107000
-0.90961800
0.39358900
-0.20428500
-0.07635760
-0.20054000
3.08994000
-0.21751500
-0.58905400
0.52734100
0.19088300
0.09393890
0.55837100
1.99441000
-0.18461400
0.23555600
1.51406000
-0.08853340
-0.39379700
0.21164600
-0.69231900
-0.17355600
-0.73010400
-0.50038600
0.32629300
0.10506500
-0.08440760
0.52976900
0.49715100
-0.69364400
-0.22215200
0.57496100
-0.37333400
-0.97234900
0.23187800
-0.82546300
-0.39207300
0.21430300
-0.22667300
-0.72846100
0.88610400
1.47172000
0.33802600
-0.30063500
-0.44831900
0.65015200
0.27386400
-0.03407520
0.51698600
0.10205000
-0.90397300
0.39456200
-0.35582900
0.00114620
-0.01758880
-0.05505300
0.04168370
-0.67536000
-0.48580700
-0.71504900
0.90277500
-0.28371400
-0.26852100
0.34501400
1.17627000
0.56042600
0.45773800
-0.28783900
-0.65521300
-0.31276700
-0.40992700
-0.19895800
-0.40808400
0.05691960
0.07801790
-0.50344100
-0.15403700
-0.32609300
-0.09060400
1.26416000
-0.19961800
-0.95392500
-0.21791700
0.08285870
0.37943200
-0.07442120
-0.06640010
-0.22452200
-0.53097200
-0.48449400
-0.92507800
-0.22133300
2.16998000
-0.33211600
-0.02362850
-0.89572300
-0.17862000
0.98746500
-0.66611400
0.10555000
-0.50128800
-0.21563900
-0.10637100
2.21478000
-0.15972700
-0.44972100
0.81502900
0.38376500
-0.63560000
-0.62279100
-0.03780510
-0.00353392
0.11724900
1.01456000
0.46019400
0.76729700
0.26441100
1.77404000
0.90759400
1.09131000
0.05890950
1.12284000
0.13637800
1.23958000
0.02935860
-0.10371800
-0.37304100
-0.78953700
0.06125820
-0.34127600
0.29302200
0.43218800
0.09879480
0.04481700
-0.79007800
0.17662700
-0.67270900
0.79650400
0.03565990
0.50367700
-0.21414300
1.15224000
1.43040000
-0.45792500
-0.70825900
-0.36221000
0.16890600
-0.07588520
0.44990600
-0.63913400
-0.13416400
0.20705100
-0.57781700
-0.41454400
-0.12153600
0.12266200
0.23931300
0.87454700
0.18095200
0.33290100
1.09000000
-0.16812800
-0.18217800
-0.25313200
0.16766300
0.20652800
0.08743150
0.18776900
-0.57710900
-0.94302200
-0.42449100
-0.73156300
-0.41325400
-0.43882200
-0.02402320
0.27053200
-0.35043400
-0.46527600
-0.12744000
-0.20160300
0.41252800
0.25054900
-0.22095100
0.26157900
-0.05998910
0.05694830
0.64693000
-0.70994900
-0.03774780
0.12544100
-0.41219600
0.76696300
0.53043400
-0.31774900
-0.10779800
-0.11065500
0.22670100
-0.39461200
0.06693690
0.55843700
0.05196360
0.64765100
0.31054000
1.28208000
1.15221000
-0.29208400
-0.39928700
0.55342700
-0.46558900
0.20016200
0.60418100
-0.44803900
-0.59559400
-0.43898800
-0.28422500
-0.12424800
-0.66259800
0.64821500
0.85884700
1.07987000
-0.29604200
0.98403900
-0.41551700
0.09527570
0.48593100
-0.04881570
-0.02869430
0.15498500
0.52935100
-0.47573200
0.06125020
0.18606200
0.55114200
0.55114200
-0.28175500
0.12407500
-0.44100000
-0.55434300
-0.29580900
-0.16471500
0.15735600
0.81497500
-0.83760200
-0.04469950
0.39426600
-0.09467190
-0.22773700
-0.33606300
-0.35250300
-0.14534400
-0.58940500
1.92252000
0.38454200
-0.08568100
-0.56141700
0.47352000
0.30066900
0.41984400
-0.20163700
0.55896000
0.36020400
-0.32146600
-0.14198000
-0.70054400
-0.22241600
-0.51280700
-0.04331990
-0.52593700
-0.16151900
-0.50718900
-0.15254100
0.42623500
0.35803900
-0.32356000
0.93157600
1.34210000
-0.47044900
0.06798460
0.18973700
0.30735500
0.48769800
-0.54124600
-0.12375700
-0.64397000
-0.01323450
-0.60843000
0.02085270
-0.24163300
0.27524500
1.21094000
0.09678250
0.16726300
-0.27367900
-0.63709100
-0.43870200
0.48392600
-0.11588300
-0.19973300
-0.45376300
-0.21043400
-0.04551160
-0.34577000
0.35744800
0.14619500
-0.29108000
0.47305400
1.35478000
0.10761700
-0.32502800
-0.53799700
-0.19403200
0.25175100
-0.77130800
2.51297000
-0.20068300
0.43676600
0.18270900
-0.85688500
0.20270200
0.87433500
0.47602900
0.42021100
0.06943620
1.21309000
-0.48277100
0.29474500
-0.15366300
-0.26578600
-0.08931100
0.11578300
0.31104900
0.90385700
1.27444000
2.70994000
-0.59807300
-0.24231100
0.09200250
0.69643000
0.16775100
-0.06564980
-0.20275300
0.43297700
0.05157030
-0.58178600
-0.17699800
-0.20649300
-0.29999800
-0.24729400
0.30785500
-0.77507200
0.14434900
0.03103460
0.00719253
0.07759310
0.22875800
-0.48367100
0.41192300
0.07580770
0.49893100
-0.23070900
-0.52646000
-0.35378000
-0.09933750
-0.10441200
0.05734470
-0.78216000
-0.40347100
0.02101190
-0.03710190
0.23696900
0.39392500
-0.10315700
0.04754890
-1.14094000
-0.22511800
-0.64000900
-0.03950210
0.60398200
-0.07688730
0.19661000
-0.63416600
-0.41288600
0.62735900
1.10838000
-0.28427100
-0.75032000
0.39286200
0.20575500
-0.32991700
-0.21217500
-0.28344300
-1.25556000
0.13792000
-0.48819000
-0.01011570
0.01649920
0.28952800
0.29674100
0.19108800
0.65486300
0.10181700
1.74107000
0.75196700
-0.22796000
-0.16240500
-0.15989800
-0.52707700
0.00797326
0.58663400
-0.02789450
-0.31355900
1.38654000
-0.34267000
0.73489400
-0.17501400
-0.26874000
1.45094000
0.53093300
0.52308300
-0.07825010
-0.21103600
-0.48724100
-0.38855000
0.58788700
0.20943000
-0.42242700
-0.60436500
0.00534714
-0.51188900
2.06270000
0.10775000
-0.08377790
-0.03077010
0.46687300
-0.65506700
1.76726000
0.41444200
-0.44194700
-0.20155300
-0.31877000
-0.32436200
-0.14992100
-0.46697400
-0.64844700
-0.40823800
-1.21768000
-0.16187600
0.87083700
-0.71189400
-0.57739500
0.05053280
-0.88239700
-0.68600400
1.00723000
1.05213000
0.01605740
-0.13148800
0.12434000
-0.72322900
0.29642000
-0.90581000
-0.62352200
-0.38029800
-0.72502600
-0.47473700
0.58089000
-0.27258600
-0.22497700
-0.40494900
0.12159700
0.33714200
-0.12731300
-0.01622070
0.35383000
-0.46940400
-0.21898300
0.07892610
1.48984000
-0.56886200
0.53513400
0.23207300
0.50250700
0.36068500
-0.13451200
-1.09298000
-0.58648200
-0.19885100
-0.15346400
-0.61645100
0.66982700
-0.09789140
-0.18242200
-0.14134500
-0.93266100
0.84644500
0.12126500
0.50436100
-0.46222600
0.87056200
-1.11723000
0.30047900
-0.66325500
-0.39013700
-0.05047650
-0.23171800
-0.19101000
-0.61871700
-0.31277100
-0.35047300
0.18728600
0.10938800
0.86441000
0.16240700
0.14859800
0.01119940
-0.74297600
0.31588800
-0.26193600
-0.61645100
-0.90463100
0.07901800
-0.15222700
0.39022200
-0.10483300
0.37435100
-0.59463600
0.08721930
-0.19933900
-0.38112700
-0.60067100
-0.11230100
-0.32164600
-0.31158700
0.00113991
0.08548480
0.08370510
-0.47848400
-0.04927000
0.28422600
-0.39431800
-0.16424700
-0.23873700
0.21762500
0.23118400
-1.11576000
0.62805800
-0.23623900
-0.19209000
-0.42079900
0.06093830
-0.33433800
0.08846320
-0.37327600
0.40550900
-1.00342000
0.49433900
-0.34767200
0.21102900
0.53831700
0.55103700
-0.48434300
0.27086400
0.43424700
-0.28233700
-0.39467500
0.51149800
1.23339000
-0.41699300
0.53175600
-0.10013400
-0.61045800
-0.17797500
-0.29746500
-0.45799200
0.11445400
0.17765100
-0.41244200
0.40881900
0.04624760
-0.26432900
0.37689100
-0.47340300
-0.12641400
0.44371000
-0.54814400
-0.50362600
-0.18111900
-0.16824400
0.51376500
2.48328000
-0.76602000
0.05005700
-0.73554800
-0.25753300
-0.13994700
-0.85974800
1.04066000
0.81985000
-0.17720200
0.43424700
0.10700200
-0.29188900
-0.06769440
1.39025000
0.48557900
0.26408400
1.70363000
0.62392200
-0.76685600
0.22437600
0.06409680
1.33950000
0.54944100
0.63435100
-0.36507500
-0.52322300
-0.19293800
0.85424600
0.74794100
-0.56165300
-0.21680200
0.34259700
-0.31135500
-0.56217100
0.06037990
1.34659000
1.44579000
1.19602000
1.64988000
0.93088300
1.22873000
0.93740900
0.50668200
1.80532000
0.89951600
0.44570200
0.59207800
1.07524000
2.46335000
-0.00617426
0.48046000
-0.08465360
-0.15965400
-0.53397700
0.24034400
0.19466000
0.62675100
0.08625600
0.92995900
-0.46236700
-0.38279100
-0.27244800
1.82519000
0.07889430
-0.56272400
-0.54678200
0.34753300
-0.29192200
-0.61351300
0.09746130
-0.23679100
-0.31020600
-0.27163100
-0.05925880
-0.07182280
0.01315860
-0.12379200
-0.49307300
-0.11825600
0.57972800
-0.61736200
-0.97371900
-0.31827000
-0.25494300
0.26464200
0.19856200
0.26146500
-0.05515620
0.76918500
0.70041300
-1.06855000
0.63929500
0.62279200
-0.13105600
-0.22049900
0.31430500
-0.22325200
-0.23108000
-0.19513400
-0.41323600
-0.26340800
-0.97780800
-1.20856000
0.06888330
-0.48381900
-0.96224500
-0.56638400
-0.19375000
-0.40039900
0.09655870
0.30465500
0.34844000
-0.29871500
-0.19765600
0.16812200
-0.77754600
0.13176400
-0.72175600
0.24484100
-0.60304900
0.07591930
-0.01632190
0.00475235
-0.86831900
1.44407000
0.16601700
-0.65350900
-0.14651600
-0.16803400
-0.01652330
0.35266000
0.04665790
-0.44581100
-0.22148000
-0.39740600
-0.14560700
0.16368200
-0.15896400
-0.23191800
-0.09966740
-0.28063000
-0.75532700
-0.50113600
0.35079200
-0.36798300
0.03941630
0.07267930
0.17435600
-0.58139800
-0.35000800
0.91206600
-0.21200300
-0.45940700
-0.08646520
-0.39364200
0.23886500
-0.48132300
0.48395400
0.02398910
-0.08309570
-0.39292600
0.64128500
0.60655600
-0.05101040
-0.11206400
0.29146800
0.06542120
0.05782440
0.10412900
0.31180500
-0.20079500
-0.22473200
-1.09816000
0.77393300
-0.25735100
0.37168200
-0.91320100
0.43117300
-0.78456600
0.88416200
-0.34651200
-0.03577240
-0.14043800
-0.38741800
-0.51533200
-0.21203700
-0.29482200
-0.61506300
0.09965500
-0.00022396
-0.84006800
-0.32963100
0.05124720
-0.81956200
-0.46404000
-0.25875100
-0.08547320
-0.84200200
0.04802620
-0.02158850
-0.44147400
0.41864700
-0.11183100
0.17325500
-0.55389600
-0.45379500
-0.83127700
-0.10117800
0.01474450
0.78551100
-0.86403300
-0.40488200
-0.06473150
-0.00589276
-0.59747200
-0.01325560
1.54784000
2.06630000
3.11314000
0.63393500
0.45695100
0.64706100
-0.58180500
0.01025850
-0.29320300
0.61891300
0.20083800
0.31982700
0.11266800
-0.34485600
0.10473200
-0.14226900
-0.05265400
0.18328300
-0.13940600
-0.03397050
-0.50619000
0.52129200
0.61766000
-0.53865300
-0.39282900
-0.21296500
0.17854500
-0.68805600
-0.14489100
0.55840400
-0.14955600
1.62511000
0.61669500
0.09691430
-0.41219800
0.34935700
-0.23786400
-0.53423700
-0.01908240
-0.64471400
1.11634000
0.51817300
0.84674000
-0.69873000
0.36317700
0.40008900
0.77723000
0.87930300
-0.14912000
-0.16424600
-0.05031150
-0.39711600
-0.60924600
-0.36250300
0.69755700
-0.32940300
0.37600200
0.01066380
-0.15602500
-0.07555920
-0.05365740
0.08048300
-0.08852170
-0.38819500
0.01131470
0.12403200
0.12029700
0.20185000
2.18036000
-0.73483200
-0.69011100
-0.55354300
0.59976400
-0.35385700
1.09916000
0.42683700
0.41364500
1.14265000
0.66967800
-0.36021500
0.04619680
0.37965200
0.19889900
0.15538000
-0.21346000
2.42695000
0.82755400
-0.59148800
0.68324000
-0.67180100
-0.41736800
-0.58259500
0.66305900
0.80099000
0.45223600
-0.22340500
0.45588200
-0.50302400
0.44455600
0.66725400
0.19671300
-0.21495300
0.32942500
-0.07791120
-0.09096540
-0.22128600
1.39884000
0.90781700
-0.05098850
-0.15635900
0.21791400
1.38935000
0.82820800
-0.09029610
1.09097000
0.29317200
-0.34294800
-0.52845700
-0.45738100
-0.12033800
-0.36372200
-0.28452300
-0.37861400
0.13619300
0.36292400
-0.20606400
-0.77789300
0.19030400
1.00213000
-0.13145900
0.24577900
0.94408600
0.16815700
0.60487500
-0.42682500
3.27745000
1.01502000
0.27384800
-0.19315600
-0.10184000
-0.22486900
-0.54009100
-0.01701350
-0.04634730
-0.04941980
-0.32328300
-0.45733200
-0.60957500
0.78644000
-0.22113700
0.37330900
-0.97951800
-0.63916900
-0.42528900
-0.12095200
-0.19838100
0.09247550
0.26523300
0.05957550
0.12387100
-0.01756210
0.02006010
0.02866560
-0.24291100
-0.01871620
0.01169090
-0.05696610
1.07762000
0.06770940
0.11491000
-0.26420600
-0.37485700
-0.49194400
0.00471821
0.23497700
0.00658485
0.24947200
-0.35564900
-0.39640300
0.11205300
-0.26681800
-0.17992000
0.01569750
0.26244700
-0.14285800
-0.49515600
-0.12228200
-0.21626000
-0.09456330
0.12750900
0.01750070
-0.46137500
0.06084280
0.18080600
-0.35364100
-0.19336600
0.26335600
-0.78955100
-0.68898900
0.42910900
1.20064000
0.79421800
0.22421100
0.27432100
-0.72359700
0.31695200
2.47995000
-0.07260480
0.16192200
0.13304500
0.33698400
0.10945700
-0.22557200
0.50327400
-0.33689300
0.27983700
-0.49425200
-0.05291270
0.25944800
0.31208700
0.32420100
-0.05441240
0.38661100
0.49991900
-0.89389800
0.17055600
-0.85020200
0.25378200
-0.65625900
0.30394800
-0.44954100
0.13769200
0.03892040
-0.20113200
0.60619800
0.18641500
-0.15921500
0.33021500
-0.35033600
-0.10488400
-0.34616600
-0.14891100
-0.45843600
-0.20219500
-0.77869500
-0.00251264
0.24416000
-0.48818200
-0.02213720
-0.04792790
-0.45742600
-0.38250300
-0.48882000
-0.08099220
0.78509700
-0.43693200
-0.36772400
0.12733300
-0.40962400
-0.41990600
-0.07368500
-0.22338400
-0.31895600
-0.19062200
-0.36395800
-0.23814800
-0.44804900
0.12799300
2.67658000
-0.27410900
0.97676700
-0.22285100
-0.17428700
1.23087000
1.60409000
-0.12422800
-0.69380900
-0.87806400
-0.83294200
-0.07860530
-0.00351799
-0.42346300
-0.53784600
0.32500300
-0.04473810
-0.05579420
-0.11002300
-0.58130000
-0.14706700
-0.06129250
2.18556000
0.99313100
-1.05682000
-0.29680400
0.21985500
-0.25083800
-0.24820600
0.04754330
-0.42931200
-0.47539200
-0.01356780
0.36158900
0.20635000
0.43703400
0.25390000
-0.62878500
0.45513300
-0.21599800
-0.50027800
-0.19660100
1.19743000
-0.02568760
0.73561800
1.61813000
1.17068000
-0.00106541
0.14244400
-0.79704200
-0.74187900
0.05840500
0.70563600
-0.80778600
-0.49809000
0.78266200
3.90848000
1.08548000
0.77838900
0.46701100
-0.12691600
0.09151470
0.33653700
-0.50049700
-0.66120900
0.09832200
-0.30450100
0.45905200
0.41235100
-0.31870500
0.38388700
0.45444300
0.07089900
-0.08526480
-0.42772400
0.23364200
0.26255800
0.59719400
-0.04619230
0.56875000
0.02048740
0.16829800
-0.25143600
-0.09038090
-0.14446500
0.63780900
2.19465000
-0.05225780
-0.54127500
-0.69522900
-0.91045500
0.00591306
-0.25360800
-0.63763700
0.76723500
0.44444700
0.58012800
-0.09643760
0.12695700
-0.69452000
0.54153000
-0.47513500
0.11713000
0.06053530
0.64671300
-0.12637600
0.27125000
0.10944000
-0.02026070
-0.67363700
-0.12877100
0.81092800
1.05748000
0.30698900
1.95315000
0.68275200
1.83875000
0.55547900
-0.17184300
-0.31585300
-0.15085500
-0.38104500
-0.07986280
-0.25919500
0.07449950
-0.16134600
-0.03046620
-0.38965300
0.16106500
-0.54219400
-0.02214800
-0.93946500
0.12253700
-0.59366500
-0.95093800
1.12818000
-0.70301700
0.62882500
-0.00055690
0.54630600
1.21373000
0.21851000
-0.26179300
-0.47403100
-0.98124600
0.20122800
-0.43595100
0.25629900
0.03413960
-0.61741600
0.56570400
-0.65036000
0.86458200
-0.28743100
-0.44563200
-0.17570500
-0.31852700
0.98620000
-0.77524800
0.42441700
-0.89754800
-0.12112700
-0.34802900
-0.06105530
-0.29825500
-0.20370100
-0.35996500
-1.55612000
0.13096700
0.19107800
-0.97028800
-0.07456760
-0.20759000
-0.07517180
-0.37795700
0.21189700
-0.18637100
-0.06306950
-0.33706200
-0.28169400
-0.25923900
0.79342600
-0.47201800
-0.77692200
-0.11453400
-0.59363400
-0.31889400
-0.64027700
-0.30318600
-0.48269800
-0.24549500
-0.54793500
-0.39940800
-0.41527800
-0.09864760
0.64441600
-0.13491200
-0.22466700
0.16793300
0.17245500
-0.30431900
-0.37043000
-0.00379112
-0.01065430
-0.69580300
0.32512500
0.10316900
0.55159800
-0.78086700
1.21311000
0.44037900
0.86954800
-0.42079600
-0.66489200
1.61043000
-0.42751600
-0.34966400
0.45200500
-0.27906400
-0.28056500
0.35817300
0.30010600
-0.45312800
0.01597880
0.60825000
-0.36694400
-0.57413700
-0.43490900
-0.47953700
-0.07411810
0.46437500
0.31302100
-0.38254700
-0.50713100
-1.29221000
-0.34211600
-0.27066400
-0.22168800
0.27130600
-0.24066700
0.31571700
-0.33347800
1.18295000
0.11057900
-0.29194900
-0.36004100
0.22465100
0.21520700
0.12242900
-0.50995100
1.04836000
-0.20858300
-0.14238900
-0.17838800
-0.00437440
-0.76171200
0.45676700
-0.18778500
-0.37269900
0.33032300
-0.43900600
0.53614400
-0.06077540
0.01054980
-0.47515100
-0.09020830
-0.49851200
-0.63451500
0.41994300
-0.48685800
-0.02887200
0.99747500
0.04414350
-0.22050800
-0.04062250
0.48596600
-0.42227400
-0.10231600
-0.64877600
-0.03756250
-0.80040200
0.22053100
0.09400670
-0.34488700
-1.29089000
0.07353980
1.83550000
1.14981000
-0.66449900
-0.18048300
0.22371900
-0.14700800
0.58298200
0.15612000
-0.41566900
-0.69282800
-0.44118000
-0.46960400
-0.56515500
0.05475430
0.05061270
0.15163200
0.15340500
0.18832900
0.14380800
0.47090500
-0.28645900
-0.37442900
-0.27705100
0.34571300
-0.38965300
-0.89162600
-0.51885900
-0.81257500
-0.13901700
1.27622000
-0.57827200
-0.67845900
-0.16873700
-0.48923000
-0.11665400
-0.59408100
-0.25722200
0.39114700
-0.02103880
-0.65204100
-0.33930100
0.01741920
0.86153700
-0.58786500
-0.73359100
-0.40772700
0.12417300
0.44090500
0.52838500
-0.74136700
-0.47621100
0.01316270
-0.35849100
-0.67725700
-0.66562000
-0.32946100
-0.03931150
-0.26935700
-0.39695800
-0.21259600
0.61091200
0.23192800
0.14010200
-0.27398600
-0.01304700
-0.57112400
-0.07791780
-0.06485520
-0.25816600
2.43055000
-0.50321200
0.04712370
-0.05099770
-0.01945210
-0.30887900
0.70845400
-0.14321100
0.20483000
0.30568000
-0.98124500
-0.66730100
-0.47276700
0.45351100
0.26569200
-0.39892500
-0.57074800
-0.22363500
0.16194600
-0.00688655
-0.06809420
-0.21695800
-0.10077200
-0.36274200
-0.34998100
-0.07447190
0.02413930
0.70704200
0.55304000
-0.25181700
-0.29718000
0.01918980
-0.26708200
-0.02664530
-0.07113240
-0.26964300
1.61637000
-0.07125590
-0.18731900
-0.75243200
1.59542000
-0.95250900
0.68684500
-0.12244000
0.23446400
-0.73029100
-0.16400300
-0.34196800
-0.50725200
-0.32311800
-0.66261300
-0.44068100
1.67818000
0.29046100
0.22396400
-0.01073460
-0.49152400
-0.23447100
-0.12757400
-1.08053000
-0.56676000
-0.32134900
0.64722900
0.61523700
0.29180600
4.33388000
0.90822500
1.06820000
-0.18104000
0.13715000
0.89589400
0.66878400
0.57500500
0.30969400
1.63351000
-0.72093000
0.08219400
0.18768700
0.15513900
-0.56071400
0.17972100
-0.52170300
-0.01692160
-0.45908900
-0.48419000
-0.53483300
0.03043770
-0.41086700
-0.42679200
0.07637900
1.17595000
-0.25231300
-0.55366900
0.10828200
0.37138800
1.78896000
0.31631300
-0.39508600
-0.18022700
-0.11958100
-0.23780000
-0.16266900
0.25412200
0.50719600
0.66995800
-0.10866100
-0.15262100
-1.19336000
-0.18359900
-0.45661900
0.06746470
1.30244000
0.95072500
1.18379000
0.86045900
-0.67692800
-0.21084700
-0.96097900
0.46055700
-0.53862100
-0.33269600
-0.81162000
-0.48141700
-0.88774200
-0.38565000
0.14900100
-0.26019500
0.46972900
0.37662900
0.81179500
-0.18504700
0.72806800
-0.15821700
-0.27383000
-0.42805900
0.22210800
0.34862600
-0.21252300
-0.50342500
-0.67515700
-0.19257000
-0.13310700
-0.42444000
0.58789300
0.29024600
-0.20315300
-0.53422600
0.31318100
-0.51725900
-0.00388442
-0.16205200
0.54265300
0.07453050
-0.00506345
0.26609100
-0.65022400
-0.41342600
-0.12582100
0.38585200
0.10311600
-0.35025000
-0.22467200
-1.02223000
0.12996600
-0.52363200
0.96947100
-0.14661200
0.07023990
-0.12779900
-1.01017000
0.39138300
1.20827000
-0.42371300
-0.46387800
-0.08264380
-0.22283500
-0.40621300
-0.53578100
-0.09626020
0.04729370
-0.67449100
-0.23449900
-0.64576400
-0.22748300
-0.78713100
-0.05463550
-0.66013200
0.47039400
-0.29876700
-0.29129800
-0.40352200
-0.07253290
0.07267710
-0.10642700
0.60495900
0.54793000
1.12460000
0.16754300
-0.68557100
-0.42889800
-0.23023300
-0.02364030
-0.60096600
0.81464600
0.30739100
-0.54169600
0.53208700
-0.66500800
-0.18010300
-0.23420100
-0.24338800
-0.53501200
-0.15736600
0.21747400
-0.44564800
-0.34957300
-0.53624600
-0.57294400
-0.29843200
-0.31452500
-0.70522700
-0.29136700
-0.52195800
-0.05868160
-0.15965100
0.82124100
-0.12875400
-0.32814500
0.42775700
-0.36842900
0.29107000
1.40343000
-0.14404100
-0.11967600
-0.42493100
-0.38763400
0.00889874
-0.62983400
0.30330200
0.30096400
-0.64856300
0.33765600
0.21500300
0.64536000
-0.11325600
-0.38987500
0.21883800
1.70565000
-0.49426500
0.69718000
0.65686900
-0.35402800
-0.46614200
-0.29383400
0.72536600
-0.89946600
0.85104600
1.70641000
0.42543400
0.46564700
-0.37666200
-0.42449400
-0.61939500
0.28509400
0.65470400
1.22341000
0.01433050
-0.06765310
0.08530270
-0.58777000
-0.35811100
-0.52208000
0.31760700
0.42205200
-0.13973400
-0.23292800
-0.68847000
1.09012000
-0.56073300
0.57910300
0.10624400
-0.95934400
-1.05157000
-0.48290200
-0.02750890
-0.64828600
-0.82500300
2.29829000
1.41431000
-0.45420000
0.37534500
-0.37975000
0.53474300
0.20008200
-0.72550100
-0.17803300
-0.08446490
-0.76209800
-0.34918800
-0.55971100
0.10110900
-0.54198700
-0.57148500
-1.29895000
-0.09966440
-0.31129000
-0.07204910
-0.59101200
-0.15027600
-0.52818500
-0.80908200
-0.61011400
0.20750500
-0.43553600
-0.80612900
0.63340300
0.58475100
-0.00937340
-0.80233800
-1.03600000
0.10762200
0.01746170
-0.16359800
-0.64900600
-0.92842000
-0.91429900
0.25579900
-0.24807800
0.36813300
-0.10896800
1.42384000
-0.08078590
-0.27232100
1.28230000
-0.49097000
-0.46104700
-0.47862000
0.88273500
-0.47823900
-0.33584200
-0.04993340
1.91452000
0.72797100
-0.34469100
0.21620400
0.25236900
-0.05477610
0.06748210
-0.41583400
1.40392000
0.91462700
0.28697000
3.08744000
0.66258800
-0.85417900
0.39848900
1.50351000
0.28362800
-0.38599000
-0.22601700
-0.45077700
-0.32611000
-0.25616000
0.17438700
0.05259030
0.33259000
-0.60275100
-0.79695200
-0.14985900
-0.07292850
0.99862500
-0.22408400
-0.44107300
-0.69977200
0.40023500
-0.15336500
0.20180600
-0.67974700
-0.15402000
-0.02535150
-0.27376600
-0.35736800
-0.35255000
0.12920800
-0.23652600
0.61511500
-0.31252000
0.13085400
0.04335050
-0.00202654
-1.01005000
-0.30131700
-0.94118900
0.07105020
2.74082000
1.73527000
-0.80997900
-0.32496300
1.09669000
0.10890800
-0.83445100
-0.56788000
0.63607900
0.55950800
0.23828100
0.09513560
-0.46602200
-0.09558870
-0.93905300
-0.47883700
-0.50375300
0.58085600
0.07284520
-0.60150000
-0.38382300
-0.24624600
0.38238100
0.35367800
1.54606000
-0.16227300
-0.05499680
-0.47997800
-1.18059000
-0.01126460
-0.37077400
0.06870820
-0.37082400
-0.21151000
-0.35893900
1.50295000
1.30424000
-0.16340000
-0.18490600
-0.55169500
-0.11216300
0.17817100
-0.84353900
-0.54986700
-0.61499800
-0.03523620
-0.14297900
0.06761890
-0.37464800
-0.70229900
-0.33210600
-0.42604600
-0.68391800
-0.52225000
0.06933500
1.23243000
-0.54173000
-0.40515500
-0.41616400
0.22342700
1.64002000
1.52361000
0.26927400
-0.17382500
0.05099340
0.70262000
-0.80767900
0.03405360
-0.21859500
-0.27889000
-0.00812296
0.52560500
0.20368300
1.57832000
1.00332000
-0.67378500
1.05848000
0.51415400
-0.23850000
-0.50700900
0.70234900
0.55311100
1.42845000
0.67081600
1.13073000
0.18399300
0.47373300
0.38236500
0.70542300
-0.05952770
0.76848200
-0.40253100
-0.01743170
0.31690700
1.10469000
-0.31144200
0.49860700
-0.42556600
-0.91036500
-0.14947000
-0.91151300
0.06210680
0.14158600
-0.47617700
0.17637900
0.04732400
0.53863100
-0.17817800
0.08165370
0.14607800
-0.20690100
-0.08479600
0.07002300
0.23387600
0.26022200
1.32630000
-0.31052700
0.76805100
0.79919100
0.22452400
0.06068930
0.31392300
-1.03681000
-0.40082500
-0.13039200
0.81761900
0.81728600
-0.69671800
-0.35174200
-0.06464660
-0.35666200
-0.79079400
0.03936100
-0.16893600
0.41752200
-0.39489900
0.18438000
0.08238800
-0.34240100
-0.44577000
-0.37624800
-0.21556900
1.60771000
0.87395500
-0.23583000
1.24943000
0.17975500
-0.26728600
-0.21054500
-0.23712800
-0.65868200
0.18751900
0.51260200
0.30733300
0.51786700
0.59969300
0.59465100
0.37382200
1.62884000
-0.75906500
0.18747600
0.12875100
0.22980900
0.65735900
1.41708000
0.42638900
0.10382200
-0.07322900
-0.22457700
0.17420900
-0.57946000
0.23555900
1.08446000
0.56667600
1.69864000
2.07831000
0.71681200
-0.21136400
0.16927500
-0.15874300
0.00011189
0.02977110
-0.06739830
0.80810900
0.38332900
1.60789000
0.26435800
-0.45863100
-0.09845960
-0.08927050
-0.67152600
0.09882140
-0.73524900
-0.48640000
0.31868800
-0.35149500
-0.93263300
-0.22382700
-0.06975530
-0.72688000
-0.52597400
-0.75090600
-0.34915000
-0.42844000
-0.45709100
-0.86493600
-0.59050900
-0.75468900
-0.66565700
-0.07916930
-0.11188000
-0.59882600
0.93415600
3.43515000
-0.23171000
-0.44952800
-1.14950000
-0.32322800
-0.40929900
-0.22515700
-0.19406500
0.23853500
-0.41946600
0.07774480
-0.96383400
-0.11735800
0.40983500
0.04955090
0.72356900
-0.31995800
-0.19405200
0.18937200
0.24765300
-0.12867800
-0.56058500
0.19112200
-0.05976370
-0.24098500
-0.38039900
0.43871300
0.18980800
-0.63240800
-0.03562140
2.47440000
-0.27605600
0.06522540
-0.16880400
0.19807400
1.10314000
-0.11823000
-0.42685200
-0.01244390
-0.24022800
-0.59499400
0.06315460
-0.43224400
0.22224900
-0.05335880
0.10751800
0.18058600
-0.45522100
-0.01045450
-0.15858300
-0.21240300
-0.07834390
-0.31776100
-0.42562900
0.08712780
-0.17561200
0.12708100
0.22428300
0.16985000
0.08535250
-0.06352630
-0.12614000
-0.33567100
-0.26660600
0.20238400
-0.05189870
-0.82047900
0.01779370
-0.04251440
1.36442000
-0.23982300
-0.56209300
0.06817980
-0.37469100
-0.65933800
-0.04674370
-0.24020500
-0.33607000
-0.25884900
0.42831000
0.80239000
-0.18457700
-0.57881400
-0.25471600
-0.47288600
0.11652000
0.09456870
-0.30878400
-0.19790600
0.29026100
-0.09090900
1.34128000
0.29051400
-0.33185700
0.45985400
-0.34586800
-0.07138400
-0.54533900
-0.19918500
1.52372000
-0.57950300
-0.24867600
0.09551520
-0.30265300
-0.28757300
-0.31282700
-0.13644200
0.43791700
0.34463000
-0.27068000
-0.82709000
-0.40256100
0.34538500
0.13799500
0.39140000
-0.60864200
0.07347020
-0.62985400
0.37153300
-0.03956140
0.39136500
-0.18743800
0.32009500
-0.60332100
0.03458660
-0.15576000
0.28250300
1.66534000
-0.21443200
-0.52040600
-0.19988900
-0.20520300
0.75561900
0.17928100
0.22499300
-0.60999400
-0.68134600
-0.04664270
-0.08325780
-0.04506220
-0.85375600
-0.03084280
-0.20013800
1.25180000
1.18381000
-0.34481600
0.94567200
2.21045000
-0.21293100
-0.21710100
0.45928900
-0.36110700
-0.32803800
-0.14142100
0.09877650
-0.27567100
-0.27359500
-0.05113630
-0.43263700
-0.60382200
0.28553000
-0.00730351
0.06658230
-0.87596800
0.19688600
-0.23701100
-0.82353700
-0.11045400
-0.56983600
-0.69765400
-0.43566200
-0.79402800
0.37711600
0.47875300
-0.57737300
-0.60273000
-0.79133700
-0.01985910
-0.59568800
0.07097190
-0.13904800
-0.31672500
-0.31414400
0.56275400
0.01756120
-0.15366500
0.44376600
0.69844200
-0.07858340
-0.07653220
-0.49441700
-0.21527200
-0.26074600
-0.67099000
-0.07001150
0.16037000
-0.53177800
-0.34435800
0.65549200
-0.45690900
-0.28456800
0.79575300
-0.15848800
0.30781900
-0.56875800
-0.23015400
0.59800400
-0.81150800
0.65664300
-0.30892900
0.13979500
-0.10980600
0.20920900
0.06497950
-0.17344800
0.21837100
0.10751000
3.06403000
-0.33940100
0.98302700
-0.45591200
-0.48239800
-0.50217800
0.05481720
-0.21579700
-0.27362100
-0.06907440
-0.45918100
0.56802600
-0.19330700
-0.39973300
-0.15072500
-0.71118200
0.71211900
-0.53648500
-0.24417700
-0.63786000
-0.07655000
-0.32173800
0.62767000
-0.17899900
0.81168600
-0.52836600
-1.00653000
-0.21702000
-0.05960880
0.17995700
-0.16396500
-0.19783700
-0.02354040
-0.43920800
0.48572800
-0.26439900
-0.46073900
-0.42246800
-0.16575600
-0.74796000
0.02378120
-0.24560400
-1.22939000
-0.40391500
-0.37959000
-1.00880000
0.06518600
0.25270500
-0.34779000
-0.43628200
-0.19589700
3.15802000
-0.58469500
-0.14021500
-0.26030100
0.17695400
0.14470400
0.59049300
-0.21092300
-0.57797900
0.16446300
0.11469100
0.40118100
0.46132800
-0.26287800
0.23693500
-0.57466700
-0.24151400
-0.02572530
0.05435880
0.13872100
-0.44972300
-0.31729600
-0.17085700
0.30497600
-0.94185000
0.05683510
1.04152000
-0.16773000
-0.10642600
0.53722300
0.60499300
-0.05748440
1.13601000
0.52590600
-0.68508500
-0.90323700
-0.21828500
0.32787200
-0.33133600
-0.34780200
-0.06084150
0.10944200
-0.01488640
-0.55519100
-0.22436600
-0.27617800
0.19283000
-0.40075100
-0.80450900
-0.47906600
-0.57370000
0.01315070
-0.57354200
-0.40819800
-0.28714700
-0.92652600
0.42056700
0.90647600
0.43824500
1.34482000
2.24742000
0.78193100
-0.26661600
0.00263719
-0.17397500
-0.20596900
-0.41371200
-0.70020900
0.63232600
-0.10072900
-0.92224800
-0.51880300
0.80399400
-0.42715700
-0.62842700
0.20923900
-0.58285300
-0.26935800
-0.84275700
0.33167100
-1.12817000
0.20492600
-0.16194200
-0.65892300
0.15624500
-0.43895300
0.01360280
-0.40402100
0.08578730
0.26376400
-0.09924340
0.03419940
0.25417000
0.08948840
-0.10605900
0.19748500
0.00708967
0.49925900
1.16611000
0.04783330
0.44212500
-0.45815400
2.02344000
-0.28214300
-0.33767000
1.51899000
-0.48410700
-0.22932400
0.05471650
0.18412100
-0.23916700
-0.24196000
-0.43560500
-0.67926900
-0.32295300
0.89926300
0.94559200
-0.44163200
1.07146000
-0.22191800
-0.22593600
0.20554900
-0.97267600
-0.25558200
-0.20616200
0.45237700
-0.42500600
0.81500900
0.68907900
1.10794000
0.66033900
0.67926200
0.55224300
0.29757400
-0.98645100
-0.55790100
0.52880300
-0.74200700
-0.50829500
-0.28839900
-0.75562800
0.35433900
-0.21569900
-0.27001600
0.07848400
-0.27122600
-0.52838200
-0.49828400
-0.83521700
-0.36420800
-0.59552100
-0.32648100
-0.02043900
-0.37547000
1.01204000
0.68219000
0.67018200
1.30509000
-0.05907520
0.39177700
-0.37662600
-0.48134200
0.11773700
-0.56258000
0.47716600
-0.22077100
-0.20361100
-1.14334000
-0.68566200
-0.04338750
1.14172000
0.20057800
0.61567300
-0.61685400
-0.36039400
-0.89284100
-0.51218500
-0.72006200
-0.56471000
0.15103000
-0.42657700
0.16800800
-0.54561900
0.91164900
1.88917000
0.70541400
0.40622300
0.26985400
-0.99309400
-0.64009500
0.45320300
-0.26519400
-0.48392300
-0.02647150
-1.45260000
0.53724700
-0.20117900
-1.13450000
-0.02913320
-0.06415650
-0.42743800
-0.18636900
0.55575300
-0.36219600
0.29073300
-0.21708800
-0.09323590
-0.12499400
-0.23917300
-0.85949400
-1.34920000
0.04227730
-0.56982700
1.16877000
-0.28527100
-0.00569759
-0.49666400
-0.10872100
-0.03522010
-0.15727900
-0.36378800
0.04718030
0.23518500
-0.20433000
0.06521570
-0.21771500
0.40946000
1.69808000
0.24914600
-0.36012600
-0.13156300
-0.25657700
-0.78053500
-1.14600000
0.46693600
0.56609100
-0.35513900
-0.23892200
-0.23827800
0.09992690
-0.12565800
-0.35065500
-0.05368370
-0.20250600
-0.12811200
-0.36953300
-0.64358000
-0.28798500
-0.68260500
0.20826000
0.66251300
0.77247700
0.04491130
-1.01924000
0.25178700
-0.43850600
0.06708170
-0.04374260
-0.70284400
-0.65713800
-0.43461800
-0.09479390
0.06596660
-0.04246510
-0.50617800
0.30051200
0.23924700
0.34940700
-0.36198700
0.38344900
-0.49061300
-0.28966100
1.24733000
1.10455000
0.61407800
0.28982800
-0.16040700
0.59498000
0.13909600
-0.13563200
-0.60448600
-0.95745700
0.87110100
-0.21977600
1.75780000
-0.45033400
0.16831300
-0.68969000
0.07495360
-0.54277600
0.19150200
1.10305000
0.54758000
-0.15143800
-0.12094300
0.13010200
-0.35510700
-0.66544100
-0.70961600
-0.14049300
0.38842900
-0.57640600
-0.60244300
-0.23675500
-0.30065400
-0.45697700
-0.38951100
-0.53590700
0.08718860
0.04848230
-0.01268280
-0.07140110
-0.83630000
1.55359000
-0.41512400
1.47761000
-0.35400200
0.74494100
0.05754080
0.09407530
0.93229800
0.36229900
0.91728900
-0.05844510
-0.66618300
1.18278000
0.23824200
-0.04688590
-0.68367200
0.43621800
-0.08493840
-0.11630400
-0.31569300
-0.68911300
-0.49097100
-0.19686600
0.30389400
0.76667500
-0.44305600
-0.37358900
-0.27319600
-0.67037400
-0.07449990
0.06968240
-0.36089900
-0.09156270
-0.14229300
0.47064900
-0.01084700
-0.15320300
0.60760700
1.81944000
0.35866700
-0.07868560
0.17067200
0.12584200
-0.70912300
-0.23066800
-0.25288900
0.31434600
-0.37939200
0.04796760
-0.05513790
-0.02989670
0.55280400
0.46035400
0.41833000
-0.01089250
-0.33604700
-0.42729900
-0.40859000
-0.00990605
0.66279200
-0.23971900
-0.55372300
-0.26332800
-0.56292400
-0.48843100
-0.20015500
-0.42534600
0.93738900
0.07435340
-0.02142220
-0.19488500
-0.06926980
0.20785000
0.21533500
1.22381000
0.06370710
0.35654600
1.54882000
0.04488090
0.68221300
-0.21216800
-0.14560400
-0.04306720
-0.37655500
0.95838400
-0.12999900
0.12676300
-0.46015300
-0.28875700
-0.86107400
-0.24627900
-0.35233900
-0.12389600
-0.22265800
-0.17671200
-0.17278000
-0.93439200
-0.47288500
-0.37384900
-0.54833200
-0.51865200
1.87299000
1.29070000
0.43454300
-0.31279700
-0.11623200
0.93950700
-0.26638900
-0.30121300
0.08956460
0.45336300
-0.64771800
0.57767900
-0.11853600
-0.95985200
0.16160200
0.71672900
-0.59668800
0.04668160
-0.61514300
-0.01705050
-0.51116700
-1.00431000
-0.45387800
-0.10154200
0.21252400
-0.57981500
-0.00096438
-0.20613800
1.48374000
-0.59554600
0.39624200
-0.02106020
-0.41828000
0.30194900
-0.09562400
0.91322800
-0.85344300
-0.41885800
-0.10448100
-0.72198100
-0.69440100
-0.07406320
0.19035700
-0.45624000
-0.54023100
0.53167900
-0.14665700
0.53788600
-0.41533400
0.25032100
-0.55709700
-0.28084000
-0.62738600
0.05313560
1.80541000
-0.10761100
-0.84238100
-0.36599600
-0.23501200
0.35114100
-0.48433400
-0.09222540
0.12589000
-0.43919700
-0.13356900
-0.39601500
-0.39010500
0.24683400
-0.03213700
-0.07347090
0.12226500
0.02322280
-0.09742310
-0.23448300
0.37582900
-0.70130800
-0.80984500
-0.52299100
-0.63676000
-0.97483500
-0.58504900
0.69484000
-0.28386900
-0.66011200
-0.34556000
-0.73755800
0.28323500
0.90547000
-0.39450000
0.21297500
-0.02071400
-0.72515000
-0.33181000
0.35936700
0.11630100
-0.22685400
-0.41045800
-0.05160720
2.66841000
-0.98017000
-0.12574400
-0.07828700
-0.40964400
0.83790000
-0.15912200
-0.15532900
-0.11736300
0.61020000
1.01887000
0.44748700
-0.00256604
0.05073880
-0.16316500
0.03095050
-0.14404900
0.22466000
-0.38659000
-0.39864100
-0.80102300
1.10630000
-0.03336980
-0.49745700
-0.12838100
-0.02741930
-0.57553100
0.30426200
-0.10135800
-0.63646800
-0.69960400
0.00671339
0.20008900
0.88346200
0.30409100
0.01206250
0.46535400
-0.73878400
0.13441000
1.67554000
-0.73927900
-0.43460100
0.16309600
-0.40986800
-0.77300600
-0.31351900
-0.01094980
-0.23931100
-0.39484800
-0.02430800
-0.28470100
-0.16172700
0.42376300
0.24922200
-0.49800600
-0.00960367
-0.17619800
0.21543500
0.06970680
-0.28285300
0.04952360
-0.21112200
-1.12113000
-0.20185300
-0.16761500
0.66895400
0.03609460
0.31985900
-0.62623100
-0.65838800
-0.34970600
-0.62391500
-0.44466400
-0.79034800
-0.34575100
-0.06112120
-1.36384000
0.53109200
0.15896800
-0.54066700
-0.73719700
-0.25157100
-0.27607600
-0.77866800
-0.02998000
0.00480586
-0.78467600
-0.27754500
1.27958000
-0.97870900
1.53202000
0.08339930
0.50741000
0.26160400
1.37551000
-0.27826100
-0.85848700
-0.27376200
-0.59954800
0.75644200
-0.21730100
2.35044000
0.99618500
1.32503000
2.69693000
0.39884300
1.83603000
-0.08022300
0.59400000
-0.94782700
0.26858100
0.33875300
-0.21603500
-0.65306400
-0.00965521
0.50237400
0.78823500
1.01546000
-0.18854800
0.16427400
0.23691900
-0.01370130
-0.22381200
0.38736400
1.97258000
0.84487400
1.07858000
0.54567600
1.52030000
0.63329300
0.37569900
-0.65224800
0.02402080
0.20821500
0.49773500
0.25246700
-0.69692200
0.26030300
-0.44083600
-0.73986500
-0.00955678
0.29567000
-0.32574900
-0.03588800
0.04817020
0.55576200
0.10325100
-0.13294200
-0.66182100
0.01259250
0.46877700
-0.37241800
0.10832300
-0.68072600
1.78330000
-0.23158000
0.07467300
-0.16983000
-0.42907100
-0.49923300
-0.40980100
-0.18237200
-0.22915700
0.10639000
-0.21064300
-0.11412300
-0.62065000
-0.56196000
0.25521800
0.01799260
0.60858900
0.04255500
-0.42905600
-1.08509000
-0.05120360
-0.64707200
-0.34615500
0.42481700
-1.04374000
-0.39512900
0.22695500
2.10889000
-0.12941400
-0.38856300
-0.58139100
1.24522000
0.13936900
0.23791200
0.23828400
0.22446000
-0.14939800
-0.06025210
-0.36495500
0.08669750
0.48285900
0.35523600
0.77591100
-1.03823000
-0.68062800
-0.16125900
0.21248200
-0.46919800
-0.64143700
-0.26807000
0.27341200
-0.63819300
1.27957000
-0.13107800
0.25712100
-0.96656300
-0.39585600
0.29951000
0.82536900
-0.21188200
-0.64537000
1.56975000
0.76806400
1.36959000
0.01418450
0.44742700
0.05028150
-0.70377200
-0.49455500
0.04380900
-0.35973600
0.25801800
0.04256980
2.69957000
1.18343000
0.20497500
-0.07098480
0.03106650
-0.49642800
-0.48611800
-0.74809500
-0.43050100
-0.00286065
0.15407500
-0.69280500
-0.36261800
-0.07102810
0.09931340
1.03735000
0.38559300
-0.69127100
-0.75221500
0.56585100
-0.19944500
0.03845830
-0.16758400
-0.46816700
-0.53760900
-0.66100100
0.03454270
-0.53794600
-0.25708400
0.15705000
0.46515900
-0.28936200
-0.44969700
-0.18631900
-0.96371100
0.04862980
-0.14878400
-0.90653700
-0.56788300
0.26888900
0.14595300
-0.20346700
-0.30644300
1.11269000
0.59309800
-0.25305200
-0.85421100
0.29733200
-0.14978500
-0.09544960
-0.26399500
0.57255800
-0.56298000
-0.31383500
-0.00127800
0.13803500
-0.03980160
-0.75349200
-0.84960900
0.46120400
0.13410800
-0.77315900
-0.19939400
-0.67205800
-0.32025600
-0.75297200
-0.74314400
-0.17155800
-0.72771100
-0.20798100
-0.03233960
0.16203900
-0.59926800
0.37923200
-0.25640200
0.21229400
0.09892200
0.65387500
-0.93606400
-0.47252500
-0.23405100
-1.09224000
0.43901300
0.09571140
-0.39654900
-0.53229400
-0.06012920
0.04892250
-0.38406200
-0.09670290
0.63339400
-0.25272100
1.23194000
0.36565800
-0.29091600
0.03095910
0.74616300
0.01823770
-0.66305200
0.99879700
-0.36129400
-0.52177100
0.04426520
-0.35661600
-0.17617600
-0.25599200
0.13704900
-0.38981300
-0.05014170
-0.68857900
-0.18891300
-0.33064000
-0.06126930
0.14059100
-0.70683500
-0.55724700
-0.13805600
-0.20138100
-0.20106700
-0.29578200
-0.01232370
-0.31720500
0.15122600
0.00131175
-0.04643130
-0.76947600
0.26076300
-0.09463550
-0.38754100
1.51901000
-0.08020880
-0.04638250
0.38095500
-0.42214800
0.32710100
-0.83912600
-0.72648600
-0.09467270
-0.51803200
0.10543200
1.77472000
0.30371100
0.06520300
-0.20800900
0.09054400
-1.02069000
0.10916000
-0.13308300
-0.00578363
-0.59757500
-0.07385970
-0.33354900
-0.04717510
0.26996800
-0.15842700
0.27571100
0.90182200
-0.10490900
-0.47741600
-0.65972300
-0.73150800
-0.46480200
-0.14320400
-0.72156100
0.18671600
-0.79726000
1.13898000
0.25795300
-0.44900500
-0.19112700
-0.36299700
-0.02966940
-0.22282500
0.74018800
-0.33948500
-1.19829000
0.12311300
0.34389200
-0.58383000
-0.33499700
0.10657400
-0.07797530
-0.21975300
-0.34035800
-0.30165800
-0.33075000
0.04711460
-0.34373200
-0.79653500
0.19106800
0.21553000
-0.00289224
0.65566300
-0.49830700
-0.07919300
0.45994500
-0.42121400
-0.79427000
-0.08709900
-0.06504190
-0.08333740
0.22235800
-0.22983500
-0.15550300
0.36720900
-0.11089300
-0.65393000
0.06694390
-0.49275000
-0.05343940
-0.85737900
-0.03479710
-0.72512200
-0.10818700
-0.31779300
0.98587200
-0.32493100
-0.26012200
-0.34210700
1.83772000
-0.22393400
-0.22976300
1.10290000
1.82228000
0.53469500
0.51671400
0.69721000
0.34299700
-1.10735000
0.56401700
0.00738606
-0.14432200
-0.50089800
0.40451100
0.07052980
-0.23364900
-0.00917562
-0.18781700
0.11979000
-0.96913100
0.23766700
-0.11435600
0.38121100
-0.00787583
0.21744800
-0.23967900
-0.22279300
-0.08812410
0.05376340
0.06036570
0.30630800
0.41672000
1.86090000
-0.16874200
0.30752100
-0.37134500
0.33264300
-0.28353700
0.69583800
0.92550000
0.32705200
-0.01194180
1.74024000
-0.72346800
0.79624300
0.10283700
0.05360690
0.30011100
1.04135000
-0.39745700
-0.02113930
-0.15183500
-0.36710500
-0.19513000
-0.46802800
-0.61492000
-0.18566900
0.05413010
-0.52979900
-0.78769900
0.46054300
-0.33193100
-0.24841900
0.30826900
0.29439200
0.96242400
-0.62347200
-0.51971300
-0.15058100
0.25465700
-0.72903800
-0.25192100
-0.20365700
-0.48960400
-0.51521600
-0.18337100
0.48125400
-0.73167500
0.27913900
0.66977400
-0.73497700
-0.95164700
-0.33451900
-0.20883500
0.35799100
0.07059840
0.44460700
-0.77463700
-0.33593100
-0.30469100
0.03555830
0.15500700
0.42038900
0.38769600
-0.49628800
-0.82220400
0.30089800
0.26264000
-0.13634100
-0.28347300
-0.92470600
-0.34652200
-0.47584700
0.14063800
-0.47480100
-0.40257100
3.28120000
-0.44812000
0.49516300
-0.07360810
-0.67362200
0.04338370
-0.07736920
0.42372800
0.11626000
0.23016600
-0.08087110
0.28172200
-0.25404900
-0.67902100
-0.35319900
-0.35964500
-0.14217100
0.23730500
-0.76071200
1.52444000
-0.44609200
-0.59079400
-0.35232500
-0.56058700
1.86323000
0.23851900
-0.25891800
0.73224300
0.59578500
0.39792900
-0.64120100
0.44915700
-0.34206700
-1.18262000
0.95145000
0.15811800
0.03424450
-0.03824870
-0.82071100
-0.82298700
0.44766400
-0.61573000
-0.10073600
-0.01773470
-0.21465500
-0.58459300
-0.30649100
0.10354300
-0.43373100
-0.13847400
-0.35294600
-0.46729000
-0.33210700
-0.11466200
0.36435500
0.36522000
0.48172500
-0.45194200
0.22296900
0.38153400
0.63560600
-0.37048800
-0.26991500
0.21192900
0.28039700
0.20792800
0.86119900
0.31892700
0.42196200
-0.40148000
0.43499400
-0.02056300
3.11289000
-0.24715500
-0.65120500
-0.47352500
-1.01886000
0.59482700
0.46957900
1.11236000
-0.78992300
0.52738600
-0.39637300
-0.14809900
-0.68409400
-0.16343900
-0.40262800
-0.36223000
1.07095000
0.16178100
0.35452500
-0.24827000
1.20434000
-0.09888350
-1.19431000
-0.72096900
0.13412500
0.07921860
1.72022000
0.19333100
-0.22119100
-0.17127500
-0.77194500
0.05745730
0.01604890
0.32179500
-0.10043100
-0.68124800
-0.50676800
-0.36198600
-1.05555000
-0.09493790
0.18604300
0.07844690
-0.41479800
0.58875400
-1.05832000
-0.56747100
0.16025800
0.26469700
-0.57101600
-0.09689760
-0.41401400
0.70933800
1.22248000
0.57014300
-0.70968200
0.21999500
-0.05816790
-0.38943400
0.41686600
1.33486000
0.32676300
0.00322899
1.09237000
0.72822200
0.76736800
-0.09700250
0.23619200
0.20747200
-0.34612400
-0.71899400
-0.71731600
-0.23441500
-0.97602500
-0.14081800
1.10274000
-0.08070710
0.32325000
0.06520300
-0.13187200
0.33829600
-0.23817900
-0.05909260
-0.28189500
0.10649900
-0.23452800
0.47661900
0.34341100
-0.48469300
-0.31044900
0.55558700
-0.44010000
-0.10148900
0.69706800
0.24120600
0.24090000
-0.55992100
-0.45472800
1.80660000
-0.25627000
1.40470000
1.62945000
0.98838300
0.84190700
1.21045000
1.13544000
0.34896600
-0.24645400
-0.57328200
-0.28267600
0.14734600
-0.04460370
-0.02703510
-0.07010480
-0.46288400
-0.75299100
-0.89058900
-0.07068400
-0.52603800
0.14734600
-0.24310800
-0.08013930
-0.77520200
-0.06283040
1.65944000
0.07350190
-0.55570400
-0.62562100
-0.45590700
-0.10094800
-0.16131200
0.02777430
-0.35703000
-0.05742150
-0.06194750
-0.36292100
-0.46475100
-0.28393300
0.14101700
-0.08445930
-0.67500700
0.27536800
-0.22396000
-0.47909900
0.17339100
0.15367700
2.08012000
-0.33837600
0.22104300
-0.23250300
0.43408400
2.02990000
-0.36270400
-0.11561800
-0.32831600
-0.21029100
0.28999700
-0.23632900
-0.08599000
0.74899700
0.17464100
-0.56361400
0.05863730
-0.32333700
0.05637460
-0.61039200
-0.19031600
-0.38512000
0.73267500
-0.35222700
1.14119000
-0.37556500
-0.25392000
-0.13412600
0.33835900
-0.06265450
-0.20688100
0.00587723
0.35409000
-0.30327000
-0.16995300
-0.04373150
-0.71313100
0.54403000
0.23102200
0.23102200
0.10664700
-0.58804000
-0.03601600
0.48858500
0.18667800
-0.10632400
0.67866700
-0.39125500
0.01330800
-1.19607000
-0.15150900
-0.21450800
-0.09760440
-0.44321600
-0.16914600
-0.62085600
0.62050700
-0.01209460
-0.42692900
0.13997300
-0.32776900
0.03565870
-0.09682570
-0.18083400
2.40002000
0.30717000
-0.05565090
0.91297300
1.34883000
-0.28728500
-0.38681000
1.34354000
0.18873000
0.21004500
0.18224800
-0.53465500
-0.14661800
-0.53792200
-1.12386000
0.46162300
-0.81750000
0.21290200
-0.76065300
-0.52862700
1.60702000
-0.00605715
-0.46477100
-0.07356680
1.74458000
-1.11055000
-0.60299800
-0.32957700
0.73094800
0.80536500
0.19435600
1.82360000
0.51092500
-0.21613000
-0.55012100
0.02698670
0.12720700
-0.20169500
0.45046500
-0.54291900
-0.56738900
-0.99462300
0.06871330
0.33528300
-0.66060800
-0.30871600
-0.71651900
-0.67500700
0.06249630
0.24826700
0.14235600
0.15729300
-0.31728800
-0.59644300
-0.06777310
-0.24194300
0.37657900
0.03716480
-0.17415100
0.01689540
-1.06111000
-0.55497500
0.43405500
-0.29864200
-0.71800400
1.01902000
0.03822700
-0.18623800
-0.14604800
-0.22476700
-0.39978100
-0.02590340
-0.14151000
-0.68475600
0.16489800
-0.57968600
-0.57968600
0.17068500
0.21563600
0.84689500
0.56348500
-0.21667200
-0.09668340
-0.81606800
0.32447200
0.26184000
-0.11904800
-0.21727800
-0.01178260
-0.39892900
-0.25690000
-0.10320700
-0.44572600
-0.40611400
0.05708770
0.78894200
-0.33327300
0.95616800
0.80097400
0.10630000
1.02608000
2.05465000
0.45177300
0.03632830
-0.25827600
-1.07504000
-0.71611400
-1.10845000
0.38671700
0.08606190
-0.42034600
-0.43001400
-0.63092800
-0.43197600
1.68894000
0.17740700
-0.69882800
0.24920800
2.65384000
-1.34365000
0.52554600
-0.75710300
0.10664900
-0.14375600
-0.93138100
0.03334560
-0.02906110
-0.41784400
-0.10237800
0.05980020
-0.54426500
0.07808660
0.20742700
-0.60969100
0.91763900
-0.51107600
0.24973100
-0.28227700
-0.08548780
-0.03169090
0.75500400
-0.08135580
0.28047000
0.49404300
0.69880100
-0.52256300
0.33558300
1.20494000
1.09374000
0.41523100
-0.32930000
0.28941800
-0.67993200
0.44850900
-0.39377200
0.00259231
-0.24232300
0.23763600
0.53046200
0.00151905
-0.33275200
0.30339100
-0.21633200
-0.05659710
-0.36296500
-0.23858400
0.08739350
0.27153800
-0.42106000
0.16291600
-0.19994500
-0.36279700
-0.86614200
0.26365700
-0.83158900
0.19562200
-0.29214700
-0.44025400
-0.29487400
-0.19982200
-0.29162800
-0.35658100
-0.03482550
0.35258800
1.86405000
-0.07882000
1.62357000
0.00502409
0.37824600
-0.93835700
-0.19939700
-0.64353100
0.54001700
0.17808100
-0.01116500
-0.23824500
0.94738300
0.27022200
0.66572700
1.43994000
0.19232800
-0.34105200
-0.46407300
-0.27958900
-0.46077400
-0.37171100
0.37873800
-0.65649800
-0.29536500
0.44473500
0.40512200
-0.26312900
0.06076870
-1.02017000
0.40553800
-0.16234000
-0.63178600
-0.59730600
-0.28871200
-0.27157200
0.24792100
0.55266300
1.74384000
-0.78344600
-0.69240000
-0.96530300
-0.60797500
-0.47460800
-0.29781800
-0.89183400
-0.00561642
0.33409700
-0.39810400
-0.72384900
-0.27963300
0.53145700
-0.12468300
-0.50020100
0.03716230
-0.30153200
-0.71139200
0.17637100
0.55200000
0.35691000
0.46926800
-0.38365900
0.28564000
0.34188500
-0.49243700
-0.28244500
-0.04556060
-0.29012600
-0.22596400
0.24526600
-0.45847100
0.55987600
-0.02527530
-0.64824200
0.78385300
-0.21036200
-0.36940400
0.57640500
-0.13013700
0.11140900
-0.05084870
0.02964460
-0.10183800
-0.00721578
-0.65014100
0.06555910
0.37562500
-0.41596100
0.09123780
2.24216000
1.76928000
0.93727800
0.53110200
0.17410300
0.01156470
-0.19550800
-0.18015200
0.25399800
-0.61667800
-0.19376900
-0.71546700
-0.08604920
-0.19110500
0.07969870
-0.45870100
-0.88852300
-0.52456100
0.00786104
-0.66776300
0.32282600
0.30357200
-0.44710400
-0.63332200
-0.90365600
-0.55644600
-0.41367500
-0.23763800
-0.75241300
-0.54644300
0.21341100
0.24216300
0.08608150
0.02661280
0.12241400
0.22638100
-0.00864644
-0.57726200
-0.22970800
-0.37187500
0.12886100
-0.69994500
0.04984390
0.35553900
0.23485600
-0.22182800
0.15360400
0.02282630
-0.00260308
0.21967300
-0.36456400
-1.09693000
-0.97368200
-0.33208700
0.42051400
0.01897770
1.58737000
0.82588600
-0.34732200
-0.20272100
0.10199800
-0.48903300
-0.28310600
0.49921000
-0.38322100
0.11276000
-0.65186200
0.15545400
-0.86374900
0.01144670
0.24151300
-0.51729200
-0.17388500
-0.21883500
-0.13114900
0.12832300
-0.67514100
-0.22548400
-0.12951000
-0.11806200
0.44369100
-0.62410800
-0.44928700
-0.96048200
1.14948000
-0.47417400
0.21936100
0.44899600
-0.13057900
-0.52077500
-0.19077500
0.06033620
0.28071700
0.03635510
-0.64939300
-0.61329900
0.68205000
-0.52284200
0.14033600
0.18793600
-0.40488100
-0.22563600
-1.03837000
0.25321100
0.20597200
0.09779870
-0.43718300
0.93904300
0.03565340
-0.21984800
-0.50656900
0.70076000
1.29988000
-0.26605000
-1.06247000
0.46176000
1.02054000
-0.11209100
0.37379400
-0.85879500
0.63736000
0.01944230
-0.33142100
-0.05937970
0.66057600
0.03883930
1.46311000
-0.48593700
-0.00177746
1.41705000
0.58132600
0.14131400
-0.31346200
-0.20892700
0.27444600
-0.80903200
-0.20326300
-0.58841500
-0.02424410
-0.12659200
-0.79661100
-0.14432200
0.07053330
0.47509500
-0.09119970
-0.87777700
-0.92574700
-0.56100800
-0.79992500
0.41817600
0.08191500
0.20883400
-0.09444530
0.57002300
-0.57729400
-0.24267900
-0.13815500
0.41598600
-0.12329600
-0.61781900
-0.50312300
0.47110600
-0.36848500
-0.40914000
-0.08537930
-0.39669100
0.01861690
-0.23398500
-0.07810480
-0.44645400
-0.48508800
-0.49371200
-0.31601900
-0.31203300
0.19730800
-0.46731200
0.66369300
-0.67716900
2.67362000
-0.31193400
0.21159700
-0.18321600
-0.00107226
-0.34743100
1.17385000
0.70875900
0.38710200
1.01046000
-0.56758400
-0.40294100
-0.54552900
-0.28538800
0.70670000
1.32574000
-0.10039300
-1.29326000
-0.10084300
0.65808300
-0.72400300
0.13109100
1.87021000
-0.47136300
-0.44668700
1.30233000
0.59184300
1.07666000
1.76774000
1.38624000
1.31686000
1.18759000
-0.59821800
-0.60632000
-1.43921000
1.59527000
2.29020000
0.86237100
1.03464000
0.81384100
1.46899000
1.39161000
0.76299100
0.06680220
-0.05045630
-0.52682700
-1.10239000
-0.14187900
-0.20193200
-0.13447000
-0.13472900
-0.32789600
-0.70553500
-0.16404200
-0.02027730
0.29059300
0.12816300
0.86559900
1.00440000
0.23151700
0.73461100
0.33826600
0.43729400
1.22958000
1.38119000
1.65698000
1.63433000
-0.49958500
-0.26070800
0.01067750
0.06888720
0.54953800
0.37499900
-0.18034000
-0.06175440
0.56038500
0.19820700
0.94722800
-1.22816000
-0.68117500
-0.11958700
-0.05986650
0.08845220
0.32190300
-0.33725000
-0.32326700
0.53351200
0.34836000
-0.35266100
-0.17331900
-0.52134900
0.25338100
-0.02408690
0.39853100
-0.18332400
1.18464000
-0.60950500
1.27088000
0.90183300
0.61619200
0.24207800
-0.25426700
0.45711700
2.28482000
1.93217000
0.40686700
0.43042000
-0.30533900
-0.01140360
-0.21240200
-1.12506000
-0.13311500
-0.94084500
0.16896400
-0.45209400
-0.37555300
-0.85591900
0.00799382
0.02241580
0.31555900
-0.40917500
-0.20855100
-0.21468100
-0.30466500
-0.39292700
1.58475000
0.34318100
-0.02439470
-0.03582870
-0.53217100
-0.46590800
-0.04846780
-0.73092900
-0.35507400
-0.33391600
0.11464800
-0.50583800
0.01532730
-0.16647500
-0.25944900
-0.14377500
-0.84157600
-0.52723700
0.02920640
-0.42858600
-0.79000600
0.50891100
-0.50782200
-0.20993700
-0.85394800
0.43604200
-0.11316000
0.45978700
0.15213900
-0.12818900
-0.78578700
-0.08085300
-0.43130400
-0.31813300
-0.62930800
0.40454100
-0.01864160
-0.00228545
-0.31332300
-0.02173680
-0.65272200
0.17759700
-0.15468900
-1.08850000
-0.31997700
-1.34482000
0.17716000
-0.31831400
-0.21940300
0.28978100
0.07223620
-0.09772530
3.13514000
0.78195900
-0.64136300
0.01858940
1.16529000
0.09061060
-0.38523900
-0.20931400
0.53509300
0.43846900
0.39811300
1.06585000
0.41455600
0.01219710
0.27031300
-0.34565800
1.26910000
-0.45553900
-0.23809800
0.20523300
-0.19592600
-0.53092600
0.19431000
-0.05246430
-0.35625900
-0.20180100
-0.22278900
0.01463810
0.15633700
-0.45374400
-0.35170100
-0.24312600
-0.09232320
-0.21000000
-0.42793800
0.32306800
-0.59546800
-0.77233000
-0.41811300
-0.60714600
0.19534100
-0.04000570
-0.42198200
-0.08621350
1.08384000
-0.20141700
0.23906500
-0.34819700
-0.50066300
-0.03970450
