-0.45701400
0.23316800
0.02271060
0.75733900
-0.40476000
-0.67562500
-0.32096200
-0.67888600
-0.30712300
0.17008300
-0.36956100
1.02318000
-0.09399090
-0.41631500
-0.00783746
1.13641000
0.26508800
0.36775900
1.61297000
0.87580700
0.48685000
-0.81358200
0.27327300
-0.25099000
0.35356300
5.88346000
0.07237460
-0.03983550
1.01651000
1.20709000
0.41005200
5.75031000
5.82739000
0.49855500
0.60863200
1.01058000
1.12900000
1.47377000
5.94989000
1.54473000
0.83839100
0.42585600
1.14491000
0.09065640
0.61346100
0.34216300
0.73132100
0.49539800
-0.27853300
-0.00326701
-0.26058800
-0.14758300
-0.15478600
-0.34426600
0.12817300
-0.35228900
-0.28727000
-0.03531810
-0.09219980
-0.08065390
0.00463210
-0.21996400
-0.26315000
-0.12628100
-0.81618500
0.20198700
-0.39208100
-0.94089200
-0.08465390
-0.14474300
-0.20716000
-0.30615000
0.02476280
0.38976900
-0.76358500
-0.37407700
-0.40230500
-0.31818300
-0.32332200
-0.20517900
-0.17277200
-0.55643200
0.06157150
0.10135400
-0.30901500
-0.11820600
-0.21049900
-0.32404100
-0.68773700
0.46867200
-0.15331800
-0.30066800
-0.35781800
-0.10779600
-0.39116600
-0.23144300
-0.27046000
-0.19053200
-0.36072500
-0.18541100
-0.25840600
0.07750570
-0.34273800
-0.17559400
-0.29150200
-0.75774600
1.37907000
0.21515700
-0.49966900
0.37488600
-0.30283100
0.13094200
-0.48707100
-0.46261700
-0.34872400
-0.16246800
-0.29630200
-0.34034300
-0.14439300
-0.30538800
-0.16212000
-0.26475300
-0.39892200
0.09021050
-0.39867500
-0.02495940
-0.23744400
-0.48545100
-0.03698690
-0.06923010
-0.13684000
-0.20163400
-0.51099700
-0.28126700
0.03000330
-0.16365300
0.27770400
-0.11882100
-0.50702500
0.39944200
-0.03746540
1.01311000
0.00091604
-0.06079900
-0.23259100
-0.09408690
0.48920400
0.33183000
0.25552600
0.10004000
0.30635300
-0.30785500
-0.09173400
-0.27468000
-0.08135770
-0.27285500
-0.25133000
-0.35056500
-0.32655400
-0.23399400
-0.24964400
-0.23923100
-0.49275300
-1.08686000
-0.44297900
-0.05236070
-0.26121000
-0.47736800
-0.41817600
-0.10948800
1.05496000
-0.24932100
0.37160800
-0.23194500
-0.25164800
-0.37834500
-0.22235900
0.66925200
-0.22226300
-0.13159900
-0.22920800
-0.16547600
0.00203861
-0.24080000
-0.32140100
0.69633900
0.82185100
-0.34963200
0.00309962
-0.38136500
-0.32185800
-0.18154900
0.02191300
0.02608720
-0.38915300
-0.34885200
-0.18304300
-0.34261500
-0.24088400
-0.13992700
-0.25466500
-0.06645780
-0.45261100
-0.32972500
-0.40253000
-0.49371400
0.32736900
-0.30201500
-0.47105900
-0.18707000
-0.46580300
-0.11355900
-0.08417280
-0.48157000
-0.22800100
-0.00325404
-0.46245600
-0.21785700
-0.25848700
0.38357000
-0.18241500
0.08410650
-0.81502200
-0.11905700
-0.46089200
0.05582870
-0.45226600
-0.06900400
-0.50986600
-0.17018400
-0.38848200
-0.09453210
-0.10491900
-0.59081100
0.00324031
-0.46117000
-0.30373200
-0.28877800
-0.37206700
0.07564260
0.06358540
-0.22832700
0.32665200
-0.38894700
0.27209300
-0.05784950
-0.21686400
0.78678700
0.31471500
-0.14362600
0.08160300
-0.51173300
-0.38465300
-0.23370800
-0.15828400
-0.25062200
-0.59254400
-0.24787400
-0.17326100
0.89584500
0.35248100
-0.28974800
0.02531240
-0.37716100
-0.00209051
0.33922300
0.14655800
0.90137700
-0.03060540
-0.29109100
-0.15227200
0.54244100
0.44607100
0.00819555
-0.34274100
-0.31983800
-0.40958300
-0.16748200
0.03817920
-0.42043000
-0.93356100
-0.49078300
-0.44626000
-0.39214100
-0.07321750
0.25310300
0.84835700
0.09065640
-0.47991000
-0.14827400
-0.29016500
-0.19224600
-0.15557700
-0.21088500
-0.18485000
-0.19539900
-0.24551900
-0.24294100
-0.24427900
-0.40894200
0.12522300
-0.21110600
0.72416000
-0.31780100
-0.17970900
-0.27742800
-0.38871500
-0.58611600
0.03598870
-0.34276400
-0.20885400
0.42153800
-0.46525800
0.09142090
0.08608000
0.63927800
0.92416000
-0.04079930
-0.32400000
-0.41262600
-0.23933100
-0.32554400
0.29343900
-0.07086560
-0.13740200
-0.00922258
-0.40019700
-0.01366070
0.29963200
-0.33707700
0.02789600
-0.13340500
-0.38836900
0.35537600
0.14130900
0.12927000
0.25582300
0.31491600
-0.52457800
-0.07088100
-0.37872300
-0.29517000
-0.56413000
-0.03159120
-0.14855600
0.12090700
-0.42701000
-0.34411400
0.47697000
-0.14909300
0.48135600
0.17321200
-0.18223600
-0.04551650
-0.43879100
-0.19177100
-0.09680540
-0.36390900
-0.32103200
-0.13861100
-0.10209300
0.20430300
-0.07060380
-0.14746800
-0.22376100
-0.03551000
-0.45609000
-0.21325900
-0.09745730
-0.06336490
-0.10061100
0.43354800
-0.13810000
-0.35010000
-0.45230400
-0.14658200
-0.25031200
0.14414600
0.01900620
-0.11154900
0.08382910
-0.18207900
-0.38320500
-0.15918400
0.63132100
0.10809100
-0.35761200
-0.58596000
-0.23728900
-0.19394300
-0.22488800
0.01645110
-0.40137300
-0.26699100
0.05005650
-0.26803900
0.23912100
-0.64024600
0.90524500
-0.05414090
0.65110300
0.23399600
0.06810190
-0.29209800
0.07891910
1.66178000
-0.07409540
-0.41421000
1.05984000
-0.07507920
-0.47817100
-0.20041900
-0.21937000
-0.62122600
-0.43510100
-0.16819700
-0.40596800
-0.31759200
-0.68522900
0.26982400
-0.29224100
-0.32835900
-0.29751300
-0.71575900
-0.32309100
0.40206100
-0.43818100
-0.32707500
-0.07509090
-0.16635300
-0.26710700
-0.04528640
0.15804200
-0.18476900
-0.55555600
-0.39822100
-0.46854400
-0.51822500
-0.38649400
0.06220710
-0.23709000
-0.32843000
-0.00543871
0.20981700
-0.24974500
-0.91238300
1.10334000
-0.37389500
-0.19819300
-0.31838500
-0.05340910
0.07216790
-0.15593900
-0.31053400
0.26079800
-0.30038900
0.00471968
-0.21018300
1.44254000
-0.46695300
-0.56773900
-0.30839000
-0.62556800
0.10054400
-0.27172100
-0.13944100
-0.58858200
-0.28636900
1.35028000
0.70220100
-0.61411300
-0.29879800
-0.28787500
-0.18762400
-0.17428600
-0.19988300
0.06626260
-0.37846800
-0.15329300
0.05334880
0.11863400
-0.39732000
-0.05468550
-0.39443400
-0.09052350
0.04064380
-0.08637580
0.10604800
0.69157500
-0.06957410
-0.31365700
-0.07870380
-0.09371840
-0.29059300
-0.20795100
0.29900100
-0.03395450
0.05802340
0.05035970
-0.12843300
-0.89914500
-0.25464000
0.22703200
-0.27440900
-0.09519060
-0.24765400
-0.18171100
-0.40521100
0.16731100
-0.58814800
-0.37226800
-0.37105300
0.04001990
0.09553860
-0.06782530
-0.18511600
0.06783920
-0.10448300
-0.11281200
-0.26187800
-0.10946400
-1.02534000
-0.16707100
-0.31553800
-0.22771200
-0.18847300
-0.66768100
-0.24881800
-0.18326700
-0.22040800
0.09021280
-0.37593300
-0.20169600
0.18218300
-0.10908200
-0.11699600
-0.15478700
0.36237200
-0.18004100
0.06559910
-0.54536100
-0.62373600
-0.51763100
-0.60951400
-0.29299700
-0.23381900
0.37096400
-0.54961900
-0.01160610
-0.16732000
-0.26928000
-0.39157400
-0.17255300
-0.24564600
-0.34093600
1.04230000
-0.54578900
0.08260980
-0.42382600
-0.09796380
-0.23972300
-0.20732000
-0.35145700
-0.47590400
-0.32185000
-0.34708000
-0.46194100
-0.48263400
-0.76063200
-0.46367900
-0.32653400
-0.13376000
0.56358500
-0.62767400
-0.19601500
-0.24455600
-0.15843100
-0.05317100
0.69192100
0.04889560
0.62838000
-0.45261600
-0.26746700
-0.17395500
-0.38047800
0.17599900
-0.15776800
-0.06079700
-0.29134100
-0.41046100
-0.12386200
-0.01293370
-0.09543410
-0.06469780
-0.16309400
-0.53397900
-0.18565000
-0.20822300
0.13969700
0.08953220
-0.28293700
-0.33448600
0.19805700
-0.25005400
-0.34513900
-0.31980500
-0.64653800
-0.24363900
0.15838100
-0.49401700
0.50654900
0.12584000
-0.21940800
0.02098780
-0.23993100
-0.19717800
0.08872230
0.43020900
-0.38386300
-0.12389200
0.11473500
-0.17815500
-0.32129800
-0.29556200
0.77891000
-0.10478100
-0.25107000
0.02746470
1.10475000
-0.54035800
0.30312600
-0.08489610
-0.24818600
-0.19936100
-0.14739600
-0.09402410
-0.41133800
-0.01462070
-0.13720000
-0.41469500
-0.14116100
0.34583500
0.57112000
-0.35922400
0.46974400
0.05501080
0.60258900
-0.32018200
-0.64467500
-0.22085700
-0.13528500
-0.06982050
-0.24837500
0.28726300
-0.26680500
-0.63375900
-0.08907250
0.01479480
-0.17454100
0.31713200
-0.10093800
-0.26653200
-0.19412600
1.53106000
0.62581300
-0.01880050
-0.21037600
-0.35466900
-0.47973400
-0.22432700
0.04728170
-0.25212000
-0.32164300
-0.27882300
0.02107490
-0.59821200
-0.11714300
0.08652870
-0.00419677
0.08992610
-0.37738100
-0.27903200
-0.13341700
-0.29787800
0.04999580
0.30832700
-0.34179800
-0.21749000
-0.35542500
-0.09412650
-0.23761200
-0.60062600
-0.14406100
-0.16595500
-0.05258020
-0.31369900
-0.11546100
-0.31088200
-0.08092310
-0.18413200
-0.10749800
0.10209100
-0.32233100
-0.27038500
-0.03812220
-0.53438900
-0.18582600
-0.53023900
0.05047660
-0.35764600
0.26539400
-0.36514700
-0.14208000
-0.21639800
-0.43540900
-0.07873600
-0.35175800
0.26726200
-0.83198200
-0.85891100
-0.36073000
-0.11196100
-0.50773400
-0.11218600
-0.10064200
-0.30310000
0.06967440
-0.17165100
0.52417100
0.59675700
-0.03380300
0.65763700
-0.21444500
0.04196480
-0.43322900
-0.57367300
-0.15600300
-0.36273100
-0.26678000
-0.09361960
-0.24606100
-0.40038900
-0.25266700
-0.06567510
-0.22556700
-0.25712000
0.00444238
0.29623600
-0.09078500
-0.33950900
-0.02991260
-0.14277100
0.32049100
-0.27992900
0.11884300
-0.53889000
0.54746200
-0.53410800
-0.25063800
-0.19033500
-0.47458300
-0.33463600
-0.10249200
-0.45899100
0.03518580
-0.24109200
-0.18726600
-0.14631100
-0.00211649
0.26030800
-0.19137800
-0.43980300
-0.22377900
-0.01362730
-0.25581600
-0.44116000
-0.24390000
-0.18785300
0.41530200
-0.08770090
-0.35010000
-0.49273500
-0.11270700
-0.05325440
-0.73231800
-0.10937500
-0.19053600
-0.09647180
-0.05513310
-0.12958600
-0.03419990
-0.31572100
0.55498400
-0.11098300
0.01696570
-0.15112400
-0.83144800
-0.31315800
-0.43533400
-0.33845100
-0.24376700
-0.10229300
-0.11004700
-0.02733220
0.21288800
-0.01538190
0.43131300
-0.11129200
-0.23603700
-0.79495100
-0.85365100
-0.91675800
0.18266600
-0.27743000
0.19438500
0.15049600
0.15262600
-0.11302400
-0.52667100
0.17732700
0.11290400
-0.76736300
-0.38037200
-0.03952960
-0.01022410
-0.94714700
-0.18735100
-0.32474100
-0.46321900
-0.49273500
-0.34733500
0.21862700
0.06340380
-0.38345100
-0.14069900
-0.39997100
-0.21469100
-0.79472800
-0.05104670
0.03408370
-0.11781300
0.04563740
0.18994800
0.54350700
-0.10344700
0.04042410
-0.53059700
0.91879600
-0.41376400
0.70471600
-0.10667700
0.09001780
-0.29396200
-0.24231300
0.02314230
-0.49553600
-0.21700000
-0.37004100
0.29931000
0.08926030
-0.57826500
-0.11859200
-0.40515900
-0.18432200
-0.49061400
-0.04005160
-0.57680100
-0.24985500
-0.29875600
-0.13727800
-0.49290800
-0.39108300
-0.50491500
-0.13546200
-0.02446060
-0.25225900
-0.44071100
-0.25672800
-0.44587800
-0.16638500
-0.07638350
-0.21268100
0.56611400
-0.21543200
-0.20863800
-0.47972400
0.92920700
-0.47226600
-0.04181600
0.66766900
-0.17039800
-0.57846500
-0.04774480
-0.01643590
0.10904300
-0.18645000
-0.04833050
-0.31570500
-0.05961770
-0.16487200
-0.28768900
0.16064800
0.22303200
-0.35092400
-0.01369480
-0.23512900
-0.31129300
-0.39520000
-0.38351000
-0.15798400
-0.81580400
0.22617300
-0.54432300
-0.36812900
-0.03787700
-0.15586100
-0.29549800
-0.33164000
-0.18715400
0.04245250
-0.27721000
-0.34341700
-0.22445800
-0.75686600
0.90377900
-0.56015300
0.45441000
-0.23902200
0.17835600
-0.25989400
-0.10226400
-0.24572100
0.22465800
-0.09612090
-0.17062500
0.73872800
-0.24992500
0.18064100
-0.56016400
-0.49276200
0.07453460
-0.00909556
-0.57158000
-0.10082400
-0.18417100
-0.23499200
0.69318100
-0.10757400
-0.38453300
-0.03848220
0.74604900
-0.21339600
0.00595063
-0.05563150
-0.63737400
-0.20360600
0.21080300
-0.38702100
-0.35724900
0.19974000
-0.28123700
-0.09317880
0.12161700
-0.30480200
-0.10983100
-0.26677300
0.17348600
0.37345300
0.48286100
0.19237400
-0.03348410
0.04210390
-0.06649630
-0.23468100
-0.13828500
-0.31342100
-0.31123500
-0.17677000
0.03543720
0.39188200
-0.54009300
-0.33636300
-0.16238800
-0.64338500
-0.18154600
-0.14688400
-0.31497300
-0.21873000
-0.17518600
-0.89344100
-0.32790900
-0.23064200
-0.24765400
0.47651300
-0.44816300
-0.30757500
0.30761400
0.14395300
-0.51976600
0.33053800
-0.64650100
-0.10068100
-0.24174400
0.04643120
-0.29713800
0.67098600
0.63749200
-0.76962400
0.05898500
-0.26540300
-0.09390380
-0.38751600
0.53375300
-0.00121862
0.08832560
-0.24107600
0.02375850
-0.19311700
-0.04860170
0.00304802
-0.32128400
-0.51240600
-0.99152000
-0.43237400
0.11715600
-0.01827540
-0.17571200
-0.29951300
0.05641790
-0.57079600
-0.26892800
0.10136500
0.07319680
-0.20979200
-0.28064900
-0.27416200
-0.10973400
0.16438500
-0.14591700
-0.49658300
-0.42837500
-0.13425300
-0.04041370
0.02686920
-0.51000100
-0.94100800
0.23468900
-0.29503900
0.08837630
-0.03854220
-0.34728900
-0.06065630
-0.42854600
-0.46654200
-0.55664500
-0.50668900
-0.43571300
0.57749700
0.09735160
0.03688430
-0.60743800
0.00359222
0.27388800
-0.26723500
-0.22504500
-0.28034900
-0.38404400
-0.05043290
-0.46753400
-0.03699360
-0.50361100
0.02867400
-0.48500800
-0.05067180
-0.30008200
0.74604900
-0.23517600
0.57268700
-0.14924800
-0.26314300
-0.14966100
-0.11808900
-0.37147700
0.15583200
-0.52258000
-0.40843000
-0.09929160
-0.30554200
-0.16698800
0.04569760
-0.26292100
-0.36678900
-0.00121089
-0.08364600
-0.43077900
-0.20056700
-0.63935300
-0.42256500
-0.45728300
-0.43846800
0.26553800
-0.57199400
0.08917340
0.59364000
-0.18661000
0.16260600
-0.40143100
0.24112300
-0.20417600
-0.49813800
-0.21498800
-0.27989600
-0.52118600
-0.25184600
-0.18376500
0.04465640
0.16909700
0.08012280
0.18137600
-0.46991100
-0.52774000
-0.55807300
-0.15178900
0.54699600
-0.37511400
0.37779100
-0.02833380
0.58182400
-0.07356420
-0.39149900
0.45173600
-0.04954530
0.00531274
0.30787300
-0.21054200
-0.07464030
0.56937400
0.23709500
-0.33904900
-0.26353200
-0.34332200
-0.22509900
-0.18876800
0.02910480
-0.44764800
-0.05963550
-0.03094950
-0.14067000
-0.19244200
-0.33915900
0.14629600
-0.14210800
-0.14830600
-0.24518200
-0.07687950
0.17550200
-0.18236100
-0.35088100
-0.39213300
-0.16141400
-0.23510100
0.64610700
-0.30826400
-0.89582100
-0.30827200
0.35160800
-0.15336900
0.26269000
0.15189200
-0.14423900
-0.11052600
-0.58091400
-0.04628340
-0.05879770
-0.04263460
-0.31813900
-0.01455290
-0.07700870
-0.02539470
-0.41314100
-0.45501900
-0.02113530
0.40046500
-0.35472600
-0.45841400
-0.48360600
0.02729630
-0.46956700
0.04951430
0.01928320
-0.04266650
0.32126600
-0.01531790
-0.53899100
-0.00368584
-0.49438300
-0.01172580
-0.22417000
-0.56852800
0.66271600
0.36606500
-0.59417500
0.25724900
0.14163200
0.04171920
0.41746000
0.19065200
0.02422890
-0.09138020
-0.21283000
-0.40878300
0.42597500
-0.00984251
-0.31893000
-0.27500700
-0.29888800
0.15301700
-0.30837900
0.00959972
-0.06990400
-0.20746300
-0.54721500
-0.43204800
-0.61503600
-0.36963300
0.27747300
0.83218100
-0.28388000
-0.87186300
-0.10740600
-0.16557200
0.05898520
-0.24225500
-0.62428000
-0.27405900
-0.23539900
-0.13246100
-0.03337500
-0.30962500
-0.12098500
-0.24739200
-0.33179800
-0.06077760
-0.53503000
-0.02099540
-0.12298100
-0.29137500
0.08951150
-0.15027000
-0.06121610
-0.03600980
0.28916800
0.38315400
-0.42639400
-0.35617700
-0.47650600
0.01083500
-0.47059100
0.09606850
-0.31656700
-0.00405334
-0.22732000
-0.18406700
-0.34321400
0.02681080
-0.27067900
-0.47050000
0.62017700
-0.30299400
-0.32754100
-0.57066000
-0.14532300
-0.28345100
-0.52006800
-0.35079800
-0.53143400
0.13110900
-0.28727500
-0.18752300
-0.24306200
-0.48841700
-0.09967690
0.14232900
-0.49081000
-0.26105800
0.85352700
-0.56221100
0.35366000
-0.25003800
-0.10934500
-0.30459800
-0.07506600
-0.39791500
-0.30830300
0.33003700
-0.17041600
0.56238500
-0.37811100
-0.10506400
0.80957500
1.25774000
0.11411000
-0.47142600
0.21147900
0.18301700
0.36557600
-0.51384400
0.87793900
0.12374600
-0.63054600
0.31046400
0.60558400
-0.27180500
0.12121400
0.72760100
-0.22257200
0.76540900
-0.47756800
-0.47957100
0.07204460
0.16637700
0.73385100
-0.24722000
-0.24606300
0.02808830
0.06335270
-0.23667100
-0.34534400
-0.51751500
-0.18474500
0.19205800
-0.24389900
-0.24726900
-0.79110000
-0.29722300
-0.10329100
-0.16155300
-0.30815100
-0.30398600
0.28830100
-0.27128800
-0.40211700
0.20167500
-0.00040345
0.43169800
-0.32880300
-0.14417500
0.03686330
0.12988600
-0.78982700
-0.18890000
-0.33341400
-0.42121300
-0.50092400
-0.14374000
-0.29859400
-0.06841150
0.01451740
0.02657780
-0.16188700
-0.05089190
-0.12602600
0.26163000
-0.54510300
-0.54449700
-0.50604000
-0.04039920
0.14335100
-0.25308500
0.34466900
-0.22359500
-0.11703400
-0.59592500
1.10814000
-0.57530600
-0.21471000
-0.06134660
-0.53182600
-0.30016900
0.40755500
-0.01026650
-0.27581200
-0.07472710
-0.55203800
-0.06966830
-0.41759700
-0.26927300
-0.23731200
-0.45918100
-0.14179300
-0.47135200
-0.10799500
0.18251800
-0.00767628
-0.22472500
-0.34285400
-0.12239500
-0.43570200
-0.32667400
-0.40968600
0.11039400
-0.72052400
-0.32498000
-0.12367900
-0.29888800
-0.31490100
-0.13417600
-0.44686800
-0.28905900
0.36469800
-0.27521700
-0.17053500
-0.26187800
-0.49877200
-0.38716100
-0.03591520
-0.04026200
0.03116560
-0.54092100
-0.27878700
-0.01410350
-0.07751270
0.14780800
-0.07932780
-0.19877700
-0.25273300
-0.15879500
-0.23805900
0.04334190
-0.23801000
-0.32860600
-0.30485500
-0.18544300
0.00952492
-0.52966700
-0.15977000
-0.17760400
0.46163100
-0.08588520
-0.50083600
-0.26718500
-0.13040000
0.03895880
-0.22888300
-0.12198000
-0.40561400
-0.18497200
0.61699300
0.01597350
-0.54583600
0.71343200
-1.18061000
0.58889400
-0.35703000
-0.51562900
0.58563100
-0.09635380
-0.30250800
0.08633570
-0.53643400
0.42468700
0.24394800
-0.26413700
-0.38965200
-0.00519762
0.40871500
-0.19375900
0.01310710
0.11212500
-0.10649100
-0.66302700
-0.26832100
0.24388700
-0.54772600
-0.12627600
0.02418950
-0.12495100
-0.19690400
0.00940166
-0.39891500
-0.55386400
-0.17330100
0.98188900
-0.25926100
-0.46735700
-0.21501700
-0.41403500
0.33922900
0.23356000
0.37642100
0.15197300
-0.52192800
-0.47680200
-0.13019300
-0.46603600
-0.00232337
-0.51903300
-0.22849200
-0.29561600
-0.78758500
-0.41310600
-0.58577500
0.04721990
-0.03048030
0.05573460
-0.00425489
0.18933900
-0.26441400
-0.18056600
-0.54418100
-0.71782800
-0.50707400
0.01723800
-0.25691800
0.10161100
0.27725100
-0.52520700
-0.15676900
0.02849850
0.06286860
-0.08625330
0.05412850
-0.04170000
-0.36911600
-0.40259900
0.24024900
-0.19598200
0.04333010
-0.46836200
0.05783460
-0.35479000
0.01077380
-0.23038700
-0.48014400
-0.38496200
-0.50938000
-0.56198200
-0.22509200
-0.18338600
0.00537596
-0.30916200
-0.54777900
-0.18575500
0.21102500
-0.57673800
-0.21182200
-0.16483200
-0.52266200
-0.00501796
-0.24815000
0.07770420
-0.36285700
-0.39006200
-0.29757300
0.09603710
-0.43659400
0.20763000
-0.46971000
0.02379490
-0.43206600
0.13298800
-0.14160500
0.08658760
0.51135800
-0.51405300
0.34309700
-0.27008500
0.03676280
-0.23308300
-0.14975400
-0.57891300
-0.19938000
-0.53963400
0.26364100
0.28682600
0.62570400
-0.48440600
-0.34963300
-0.17279500
-0.52962500
-0.49845600
-0.42922900
-0.22509200
-0.23886500
-0.36246900
-0.55288900
-0.24984600
-0.16733000
0.05418060
-0.18885800
-0.36654400
-0.19729100
0.81377800
-0.28127400
0.51117600
0.14777600
-0.28247800
-0.31049900
-0.28052900
-0.09235210
0.04985900
-0.12590900
-0.14939700
0.02130950
0.76561300
-0.58363400
0.17079400
-0.36575200
-0.26669500
-0.22205300
-0.08478020
-0.40733300
-0.37257000
-0.21296600
-0.25876100
-0.27377000
-0.42078600
-0.21486200
0.06399270
-0.24089900
-0.28095300
0.13483100
-0.11302200
0.10262600
0.00366787
-0.10500200
-0.06216850
-0.18479100
0.10804000
-0.02145630
-0.24594400
-0.26886500
-0.39522500
0.57645700
-0.01731270
-0.06503440
0.33804300
-0.14226800
-0.05943900
0.30252600
-0.27868600
-0.11603000
-0.26701200
-0.34819300
-0.23406600
0.08052880
-0.31001800
0.88694400
-0.23032400
-0.36307400
0.18539800
-0.36283400
-0.33104100
-0.09970400
-0.24630100
0.03432660
-0.09737230
-0.29129900
-0.33080000
0.03833510
-0.42574100
-0.25832400
-0.50864200
-0.22987600
0.21106900
-0.03797890
-0.54021300
-0.25687800
0.29916400
0.76311300
-0.95316400
0.02884190
0.60626300
-0.27526200
-0.11063400
0.24108100
-0.10988100
0.03486670
-0.70395100
-0.26810200
-0.06927800
-0.73001200
0.17886800
-0.19259000
0.32310300
0.70447600
-0.01451910
0.24968700
-0.17132000
0.30163500
-0.35873500
-0.49444000
-0.03825540
-0.41388100
-0.09691510
-0.10627500
0.19899700
-0.12702700
-0.61845600
-0.32790600
-0.28559700
-0.36072300
-0.01061990
-0.33834400
-0.53000100
-0.06545400
-0.10026600
-0.38787400
-0.70422100
-0.18304400
-0.12536600
-0.22087700
0.56500200
0.75950800
0.04981410
-0.53624700
0.07491670
-0.09288590
0.76525800
0.33158700
-0.02843920
0.01265120
-0.83868100
0.17263000
0.49928400
-0.19501300
-0.39236400
-0.76206200
0.06985410
-0.44005700
-0.51480700
-0.61885000
0.76698100
-0.26607100
-0.22991400
0.15322100
1.42069000
0.57689700
-0.13963200
0.25148200
-0.52217500
-0.23670100
-0.15784500
-0.14362600
0.00487421
-0.20490600
-0.03582750
-0.08319530
-0.27909400
0.05027960
-0.21003300
0.36895500
-0.49553400
-0.22869300
-0.07768930
-0.20869200
-0.21957800
-0.25959200
-0.22606800
-0.14996000
-0.23717800
-0.17287500
-0.15354900
-0.13597100
-0.11566600
-0.84020800
-0.47480700
-0.54365300
-0.63555600
0.65249000
-0.26941200
-0.44489500
-0.75113200
-0.32843700
-0.13471500
0.10734000
-0.43713200
-0.39042900
-0.58282800
-0.29861000
-0.30311200
-0.05672080
0.22929700
-0.27076200
-0.26762400
0.76141800
0.48647700
0.47008500
-0.25675900
-0.16713900
-0.12838500
0.20805000
-1.18427000
0.72998100
0.57171500
0.93714900
-0.38681200
-0.28699200
-0.26903400
-0.64663700
-0.50694800
-0.26463500
-0.09107450
-0.03652300
0.35571200
-0.40044600
-0.53309300
0.01420900
-0.14217700
0.55067500
-0.16151800
0.21147400
-0.63450200
0.67242300
-0.16724300
-0.37514500
-0.70749000
-0.48149100
0.12973800
0.00264082
-0.37852100
-0.51174300
-0.21380700
-0.31347500
-0.65657800
-0.32726800
0.02854380
0.34602700
0.09400230
0.48999400
-0.09629960
0.14027900
-0.35902500
-0.69762000
-0.30706200
-0.26126800
-0.41210700
-0.14529900
-0.10828400
-0.39319800
-0.39988900
-0.34157000
-0.16315300
-0.47735600
-0.31987100
-0.19740100
0.09093550
-0.71806700
-0.18499900
-0.19818800
-0.12393400
-0.45817400
-0.07292840
-0.30400400
-0.29066300
-0.11956500
0.08241540
-0.15135400
-0.16742100
-0.48974800
0.16877600
-0.39441900
-0.37977000
0.35308900
-0.33182900
-0.23839500
-0.34898000
0.07795550
-0.16520700
-0.50664500
-0.34409400
0.06312610
-0.37361500
0.81380300
-0.30863000
0.44713100
0.65594500
-0.33778600
-0.13531800
-0.35049400
-0.22459200
-0.15951400
0.26469900
-0.17140400
-0.65308400
-0.28795900
-0.16112100
-0.06906070
-0.33160700
0.67129100
0.30819700
-0.09133600
-0.21537100
0.02217020
-0.25514700
-0.21033200
-0.54461900
-0.57855600
0.18457900
-0.26446300
-0.13380200
-0.48208500
-0.33519400
-0.04875140
0.20708000
0.20708000
-0.25648500
0.29021200
-0.47086800
-0.23865900
-0.20480900
-0.55075100
-0.19462300
-0.07039230
-0.51083300
-0.21343100
0.00760489
-0.05037250
-0.08323650
-0.11868400
-0.15963200
-0.32130900
-0.09601210
-0.25609400
-0.13030600
-0.02263740
-0.28452300
0.26479500
0.35542400
0.78101300
0.19312800
-0.07862190
0.21861200
-0.09639230
-0.29997600
-0.51654300
-0.20566000
-0.10527800
-0.25742100
-0.54509000
-0.02359790
-0.35312800
-0.32016700
-0.63585800
-0.32146200
-0.34730100
-0.15465600
0.15250300
-0.49473700
0.15711100
0.15442100
-0.11263300
0.05140040
0.12913100
-0.02262130
-0.27617100
-0.24292300
-0.34945600
-0.35359200
-0.00305662
-0.19191600
-0.45295400
-0.45449700
-0.20802300
-0.51418800
-0.50741500
-0.20652600
0.22890200
-0.14742800
-0.29047800
-0.43117800
-0.28988600
0.05001540
-0.08537530
-0.34639400
-0.27092900
-0.00961383
0.57688800
-0.64818900
0.25759300
-0.19560200
-0.45604900
-0.29296500
0.18862300
-0.45358900
-0.62944300
0.10450100
0.45969400
0.54741400
-0.18600800
-0.02973320
-0.32294900
0.25748500
-0.11046500
-0.31877400
0.46833300
-0.79642400
-0.07383730
0.03678070
-0.21269300
0.08906720
0.35405700
-0.61850800
-0.26253600
1.29958000
-0.30902400
-0.00570647
-0.05584420
0.16435700
-0.53377000
-0.27407600
-0.36157000
-0.21568600
0.09076210
-0.39672000
-0.39247300
-0.35711900
-0.09277190
0.02198710
-0.10350300
-0.10041400
-0.37546500
-0.11578100
-0.16519500
-0.43268500
-0.38220300
-0.30078100
-0.25627900
0.14562100
0.22676200
0.03685760
-0.24288300
-0.09816600
-0.02125440
0.14460200
-0.31864100
0.49562400
-0.28939400
-0.23260700
-0.11097900
-0.24285700
0.26840700
-0.05602880
0.06491270
-0.31471400
-0.16355300
-0.33927200
-0.24785000
-0.32065600
0.00865163
-0.28146300
-0.05763680
-0.38540500
-0.21435800
0.59807300
-0.21199700
-0.45188300
-0.14656400
-0.17391600
0.81780100
-0.20081200
-0.18597300
-0.67839400
-0.54570600
0.00045348
-0.51597100
-0.24128100
-0.47929800
0.10321400
-0.43736500
-0.27680200
0.12917200
-0.91012800
0.88111000
-0.04334380
0.03634130
-0.05306610
-0.32179900
-0.42496500
-0.29535400
-0.19050700
-0.18597800
0.24039800
-0.58656800
-0.19933100
0.47547300
-0.24375900
-0.43935200
0.06319920
-0.08241360
-0.37105100
-0.36238900
-0.07641590
-0.09805030
-0.30461900
0.16074500
-0.34242000
-0.31461400
-0.78104600
-0.42086000
-0.58971400
-0.08245380
-0.53678700
0.02840370
-0.17715500
-0.08092790
-0.41403900
-0.38964100
-0.07873090
-0.07430130
-0.16622900
-0.31171500
-0.36090200
-0.54918800
-0.42048400
-0.28713400
-0.34046400
-0.06635060
-0.08396280
0.49304200
-0.55867900
-0.12341300
-0.19935500
-0.36962700
-0.22563700
1.24903000
0.29471200
-0.34344600
-0.17894000
-0.14834700
-0.72775000
0.07754140
-0.21864400
-0.21140700
-0.14123400
-0.47599000
-0.29076400
0.09046610
-0.48689900
0.54249400
-0.30260800
-0.42779600
0.32742700
0.00959152
-0.07256670
0.27099400
-0.51441200
-0.57974100
-0.21584500
0.35671200
-0.18104000
-0.84662700
0.55784700
-0.84154400
-0.19559800
-0.24710400
-0.22713300
-0.28674400
-0.67417200
0.93668300
-0.41231400
-0.52603800
-0.08509950
-0.21901400
-0.26034800
-0.55119600
1.16414000
-0.54710300
0.52303600
0.00505649
-0.22424700
-0.57515700
-0.05070630
-0.02561920
-0.25824400
-0.22548700
-0.63283700
-0.30441200
-0.47958100
-0.39415900
-0.31193100
0.01773130
-0.36342700
0.28535300
-0.04614610
-0.06362530
0.08142600
-0.37796500
0.04153420
-0.52473600
-0.41231600
-0.23936000
-0.12347000
0.07384090
-0.54612200
-0.24278000
0.02300750
-0.29134600
-0.02674630
-0.61382700
-0.21549600
-0.02007910
-0.08157090
-0.02337320
0.04946530
-0.08395410
-0.04132520
-0.26618700
-0.57650600
0.00588031
-0.03708490
-0.17566400
-0.33468400
-0.24097300
0.08606700
-0.13019800
-0.42723600
-0.25977700
-0.30625300
-0.32358000
-0.05877000
0.18462800
0.06333480
-0.29853300
-0.43728800
-0.21374000
-0.09996750
-0.07509890
-0.01229820
-0.00811057
0.29893300
0.70811700
-0.52235000
-0.16917900
0.25919900
-0.02542600
-0.32787200
-0.62924000
-0.38131200
-0.58054200
0.14897600
-0.00741601
-0.01282480
-0.74062100
-0.28156000
-0.49647100
-0.04707350
0.06727930
-0.16424500
-0.89266800
-0.16373300
-0.45143700
-0.12313600
-0.46108000
0.02021920
-0.33679400
-0.60244900
-0.33490500
-0.34180900
-0.14772700
-0.30571700
0.05156930
-0.39685600
-0.35238300
-0.05697840
-0.16727800
-0.15540000
-0.31831700
0.33393600
0.16830800
0.20501000
0.25919900
-0.31925300
-0.27806600
-0.08071970
-0.43248800
0.11461200
0.42840900
0.56429300
-0.60640300
-0.36867900
0.20578600
-0.14375700
-0.38224400
0.58976100
0.04709980
-0.15913300
-0.48023400
0.04822830
0.36519000
0.54262200
-0.22791000
-0.40718400
0.41700400
-0.47381200
-0.25138700
0.55823200
-0.49407700
-0.37938500
-0.42549200
0.19889400
0.99870800
0.77574300
0.34417300
0.08788830
-0.51960200
0.76538400
0.45324100
-0.23226900
-0.46454500
0.70565200
-0.27914300
-0.01649310
-0.04855990
-0.41615100
-0.25022000
-0.16632100
-0.40711100
0.56104200
0.30229500
1.04279000
-0.45848600
-0.35955600
-0.19012800
0.15836000
0.09447270
-0.55835300
-0.24487700
0.35376500
-0.02101660
-0.49642400
0.65512300
-0.36444100
-0.10905900
-0.45064200
0.54622300
-0.46843700
-0.28912300
0.02381330
0.07157680
-0.25997400
0.26642000
-0.52952900
-0.34747100
-0.54638700
0.25876900
-0.08802240
-0.06652730
-0.55902400
-0.45292100
0.64898900
-0.81554500
-0.09157840
0.00633331
0.30791600
-0.15790800
0.08193990
-0.06130200
-0.07886720
-0.11617300
-0.24818900
-0.64158800
-0.05228790
-0.54968700
-0.31268800
-0.10033500
-0.41624700
-0.57517200
-0.53047600
0.08894780
-0.35240000
-0.15137600
0.29194600
-0.39323100
-0.49412800
-0.07450460
-0.03388370
-0.42250600
0.12010400
-0.18536500
-0.10536100
-0.28405600
0.28431700
-0.34451400
-0.25801600
0.01796650
-0.61841300
-0.07221610
-0.42676000
-0.23583400
-0.17290700
-0.02281600
0.44960900
0.03298470
-0.39136100
-0.40179200
-0.29762500
-0.32297600
0.13807700
-0.29552100
-0.40246400
0.06083990
0.07998840
-0.24477000
-0.19673400
-0.45785600
-0.27174200
-0.06638070
-0.18869800
-0.04396120
-0.17280300
-0.05872750
0.42874100
-0.24528600
-0.58181700
-0.10789400
-0.15012500
0.15128700
0.16395300
0.06447720
-0.11816200
-0.23466000
0.23233400
-0.61885500
0.03019970
0.06179080
-0.45293400
0.03785720
0.23733200
-0.69431300
-0.01175900
0.10608300
-0.05417680
-0.27840900
-0.36500700
0.73036700
-0.42792200
0.17611200
-0.49232700
0.88211400
0.33747700
1.47008000
-0.30220400
-0.15065800
-0.11393700
-0.45877100
-0.06316780
-0.21893200
-0.26064700
-0.48636500
-0.30607100
-0.43088000
-0.57423800
-0.35331800
0.05191110
-0.35808100
-0.26173900
0.00594066
-0.38079200
-0.48558400
-0.25927700
0.04577940
-0.07319460
0.07651520
-0.15407000
-0.03092850
-0.18801400
-0.55202300
-0.40332200
-0.75201600
-0.29236400
0.11627900
-0.28743600
-0.44547500
0.15942300
-0.01673490
-0.29802200
0.07812700
-0.75542200
-0.33156600
0.45601200
-0.41375100
-0.34389100
0.34123600
-0.17849100
-0.06160670
-0.44573900
-0.52475900
-0.44046900
-0.03775900
0.04320880
-0.06102660
-0.10810300
0.09048240
-0.44523200
-0.44391100
-0.43985100
-0.15184100
-0.19531700
0.27430800
0.53089400
-0.57833800
-0.16851200
0.06283830
-0.20801900
-0.59492300
0.17532600
0.03301060
-0.03457170
-0.31338000
0.41231200
0.13355300
-0.25812500
0.11214300
-0.37171800
-0.14380700
0.04490860
-0.64478700
0.55193100
0.36464600
0.70683700
-0.09338280
-0.04974710
-0.72821500
0.66555500
-0.53591900
-0.15223800
-0.25477800
0.10887600
-0.39290400
-0.36918200
-0.32240100
0.35431400
-0.05074090
-0.30012900
-0.29315000
-0.16105400
-0.01021150
-0.28886400
-0.20341000
-0.47585600
-0.10709000
0.21926300
0.03646980
-0.17264400
-0.08178080
0.30468400
-0.25774700
-0.50309300
0.05061630
-0.94543900
-0.41906200
0.04336600
-0.44763200
-0.23525700
0.71795900
0.12578000
-0.37786600
-0.05184170
0.26083700
-0.40564200
0.13505400
-0.23870900
-0.30839200
0.48916200
-1.07827000
-0.20058300
-0.16558700
-0.38105100
-0.28275100
-0.51067700
0.51339300
-0.16366000
0.07723450
0.28947200
-0.25880300
0.01550690
-0.38692900
0.03451120
-0.06324630
0.01655220
0.01811360
-0.46032500
-0.13274000
0.57747200
-0.84863900
-0.54852700
-0.14762000
0.12865700
0.06140590
0.07701690
-0.24262200
0.47298700
-0.29382700
-0.34959600
-0.42688100
0.00388649
-0.23471000
-0.44838000
-0.31373700
-0.41232200
-0.06530780
-0.09472700
0.25153300
-0.86489100
0.14913300
-0.15689900
0.09264370
-0.37647500
0.29345300
0.03747710
0.05740090
-0.31347400
0.33545200
0.45058900
0.12237700
-0.21847000
-0.13163600
0.04360810
-0.42502700
0.24473000
-0.09154990
-0.47926500
0.05948530
-0.13586800
-0.39564200
-0.14590800
-0.21501900
0.03253060
-0.54309600
-0.26283700
-0.27632400
-0.23206500
0.02401400
0.30372300
-0.02429410
-0.16955500
-0.67849900
-0.52436000
-0.10796100
-0.13646500
-0.02132030
-0.00501920
-0.12982400
0.01964430
0.34530400
-0.26351000
-0.15678000
0.16771700
-0.37321000
-0.39916300
-0.23760200
0.22959100
-0.24194900
0.51250400
-0.17587600
-0.27261100
-0.19140100
-0.38023000
-0.20155400
-0.15730100
-0.27524000
-0.27008400
-0.42497500
0.13741100
-0.07240880
-0.43181000
0.00211238
-0.14202000
-0.60135700
-0.18539500
0.03125450
-0.02769370
-0.19827600
-0.43253100
-0.10188700
-0.17185300
-0.07953000
0.25840300
0.54329800
0.24775900
0.12948800
-0.42768600
0.11493700
-0.68826200
-0.24170300
-0.01999930
-0.52066300
-0.30620800
-0.19989600
-0.17318700
-0.11953800
-0.44988600
-0.11478900
-0.02463160
-0.43832000
-0.20310700
-0.94551900
-0.85896400
-0.21702100
-0.03202130
-0.81461800
-0.48418700
-0.06546830
0.03984070
-0.44159000
-0.58370800
-0.18416700
0.02250610
0.05300890
-0.23462600
-0.54248900
0.25769400
-0.11891500
-0.12948700
-0.69566800
-0.27557000
-0.06498330
-0.08111970
0.03342570
-0.13698800
-0.27165800
-0.57733700
-0.37491000
-0.15039600
-0.73327900
0.12444800
-0.31734400
-0.43990500
-0.32448600
-0.48447500
-0.47121200
0.45460100
-0.14211000
-0.16568900
-0.30699700
-0.47447400
-0.08792640
0.01595350
-0.19747600
-0.02790960
-0.08012960
-0.24976900
-0.13649100
-0.21721600
-0.20205700
0.78424800
-0.36715700
0.47628900
-0.19915500
-0.08146350
0.15684300
0.04726630
-0.04776780
0.17819200
-0.38306600
-0.52781600
-0.16309000
-0.11796600
-0.16324400
0.02893520
-0.24471500
-0.24250700
-0.08401710
-0.08690390
-0.18812500
-0.24324000
-0.45434400
0.04826760
0.28796700
-0.42909500
-0.48821200
-0.11693800
-0.62505200
-0.12461400
-0.01656020
-0.22968400
-0.42062900
-0.52750100
-0.04248780
0.32244600
-0.61225500
-0.05957870
-0.41768800
-0.37043700
0.06394450
-0.62065500
-0.15396700
2.11203000
-0.34158000
-0.07781180
1.06175000
0.44789600
-0.38784500
0.11479000
-0.18157400
-0.17890100
-0.19647600
0.05340370
-0.27886100
0.03607800
-0.43885600
0.13502500
0.19628100
-0.27959700
-0.19271200
-0.51114200
-0.52483500
-0.46024100
-0.01723290
-0.65692300
0.08535880
-0.55965500
-0.09596850
0.44958300
0.26562800
-0.03328790
0.07297820
-0.43181100
0.20570700
-0.08060610
0.25965100
0.36789900
0.19960200
0.18224200
1.40422000
-0.19536700
-0.02600890
-0.04006710
-0.32021700
-0.30984900
0.62787700
1.12989000
0.20321200
-0.20117400
-0.09799110
-0.68032000
0.02449490
-0.11474500
-0.27496900
0.61146800
0.03714740
0.44419100
-0.32084300
-0.09452410
-0.48832200
0.46081600
-0.01016400
-0.09479500
-0.59793400
-0.40572500
-0.26868800
-0.37617600
-0.36273300
0.28283200
-0.02703110
0.19756100
-0.04595600
0.52334500
-0.21866700
1.60909000
0.56856100
0.89186400
-0.24021200
-0.23315000
-0.13000200
-0.32362800
-0.41190100
-0.32300000
-0.37771200
0.12378100
-0.28467800
-0.23148000
-0.30177700
-0.08228370
-0.03146720
0.07487080
-0.40626800
-0.00847121
-0.12585100
-0.48622300
-0.18747900
-0.11614800
-0.32361900
-0.49654700
0.01268140
-0.73933400
-0.77209400
-0.22235300
-0.53571100
-0.40850700
-0.50230600
-0.12452600
-0.11473700
-0.65862000
-0.51975900
0.52316000
-0.23233300
0.24641200
-0.23116900
-0.26880500
-0.26922600
-0.04191560
0.22615500
-0.25349800
0.16678300
-0.15769800
-0.21621200
-0.09096270
-0.15307400
-0.31980900
-0.09305630
-0.36814900
-0.58575400
-0.33211600
-0.29820100
-0.56589300
-0.02248670
-0.31776200
-0.11371200
-0.35468500
-0.31499500
-0.21720800
-0.16407100
-0.03666090
-0.28960700
-0.25628700
0.89482300
-0.40613100
-0.24769800
-0.16088500
-0.20195300
-0.34475500
-0.27177800
-0.08135950
-0.58232400
-0.17473600
0.21450600
-0.31199100
-0.30527300
-0.25823700
-0.05081740
-0.18500300
-0.13536700
0.04288290
-0.88125100
-0.34928900
-0.19573100
-0.37934500
-0.20166100
-0.17797900
0.05969790
-0.52567400
-0.09583710
-0.75715500
0.60026700
-0.49327100
0.49088200
0.04437260
-0.17226600
0.49535700
-0.17146100
-0.21578300
0.35123900
-0.12787400
-0.43290300
-0.32075700
-0.20790200
-0.04425250
-0.09016920
0.08335940
-0.24334500
-0.06701090
-0.14519500
-0.34501500
-0.11882500
-0.21353400
0.03863080
0.01840920
-0.25505400
-0.79906900
-0.62164300
-0.43349000
-0.26447900
-0.02396200
-0.37719900
-0.13047500
-0.36625500
0.61798900
-0.28597000
-0.17578300
-0.17829400
-0.00995518
-0.11410600
0.18576800
-0.44226600
0.26874500
-0.56550700
0.00157896
-0.05583900
0.06570870
-0.16880000
0.13431000
-0.06920910
-0.58396700
-0.28746200
-0.42094800
-0.14551200
-0.05824070
0.00653562
-0.18187100
0.20338700
-0.26145600
-0.14814500
-0.06322480
-0.59215600
0.15868200
-0.28510300
-0.24168700
-0.26580700
-0.20220900
-0.09013330
-0.26083000
-0.58953400
-0.29081400
-0.29158300
-0.32509900
-0.50483500
-0.18004000
-0.33584600
-0.49845300
-0.49707000
0.07883280
-0.19339600
-0.03665030
-0.38930000
-0.09602600
-0.11953100
-0.08815490
0.34985300
-0.25750300
-0.49555400
-0.08264510
-0.23290900
0.15451900
-0.13969200
-0.23391000
-0.26645300
-0.43910800
-0.88382700
-0.13022900
0.10662400
0.06536200
-0.26521500
0.06050240
-0.05428090
-0.30177700
-0.60122600
-0.33689200
-0.33840400
-0.29585500
0.44875100
-0.41770400
0.01892050
-0.09185870
-0.27473000
-0.27083100
-0.22101000
-0.25041700
-0.05584580
-0.17414300
-0.63703400
-0.17989200
-0.55903700
0.58984700
-0.32491200
0.21694200
-0.34895300
0.17809100
-0.18856400
-0.29149200
-0.62147300
-0.19241300
0.05777410
-0.24113400
-0.32504500
-0.28832700
-0.30530700
-0.43450300
-0.12884700
-0.53675500
-0.21024300
-0.26828600
-0.08407390
0.27777600
-0.23993100
-0.41282100
-0.15968400
-0.02250170
-0.22257100
-0.19603400
0.05605890
-0.37900700
-0.28000000
-0.48834000
-0.34943800
-0.38126000
0.10701000
-0.28771800
1.00561000
0.75191100
-0.52525900
-0.04312920
-0.96005500
0.52507300
-0.07057620
-0.38000600
0.14953100
-0.26317500
-0.05863130
0.09589950
-0.22191100
-0.11908200
-0.03039440
-0.22342300
-0.19790500
-0.44637700
-0.03280360
-0.48712100
0.15282300
-0.05069890
-0.52779400
-0.14719300
-0.30498000
-0.20862300
-0.41053400
-0.15425400
0.93970800
0.15563100
-0.06624100
-0.46829400
-0.54173600
-0.20563700
0.24650600
-0.45252100
-0.07977790
-0.69538700
-0.08306730
0.25075200
-0.50654800
-0.01669010
-0.17306300
-0.90326200
-0.33076500
0.02541880
-0.43538300
-0.03186140
-0.08359960
-0.28812900
-0.24968400
-0.29702300
-0.71088100
-0.25756300
-0.18022100
0.33615200
-0.27270700
-0.09956050
0.33474200
-0.17523900
-0.12432000
0.13660500
0.38863300
0.55754500
0.20047300
-0.81022700
0.06629970
-0.26240800
-0.57702600
-0.76689900
-0.21147100
-0.03547360
-0.27859600
-0.26267000
-0.13945500
-0.56682900
-0.26382200
-0.19651700
-0.19484000
-0.47054500
-0.50600700
-0.64815200
1.49934000
-0.20789800
-0.25868500
-0.37295200
0.42281800
0.01727030
-0.12950400
-0.24040900
-0.03759480
-0.37964500
-0.42802800
-0.17061400
-1.02957000
0.43330100
0.70060800
-0.06163500
0.04557790
-0.73074700
-0.40072400
-0.46420400
-0.27649600
0.01261230
0.50193400
-0.60636700
-0.54940600
-0.13897900
-0.46655800
-0.62160100
-0.08999690
-0.19855000
-0.15671500
-0.06173110
-0.30940100
-0.63391000
-0.55982500
-0.30313800
-0.07338370
0.23122300
0.03716680
0.99220400
-0.15990700
-0.15456900
0.09403910
-0.00831998
0.07185880
0.50587700
0.20031500
-0.10629900
-0.45729400
-0.19838000
-0.28990300
-0.28241600
-0.45539200
-0.82572200
-0.14749800
-0.16311400
-0.08043810
0.02856370
-0.37348100
0.11361700
-0.34278300
0.57903100
-0.37064900
0.15204500
-0.04171600
-0.21788100
-0.38783800
0.01093000
0.83323500
-0.25652900
-0.36796400
-0.39010000
-0.29792400
-0.51035900
-0.24783500
0.27441800
-0.36826700
-0.32751100
-0.57854200
-0.39809000
-0.16405500
0.13018100
-0.25254200
-0.20564500
-0.42162700
-0.49207200
-0.04420420
-0.20590700
-0.40395900
0.13391500
-0.39385500
0.06167210
-0.21177500
-0.14570900
-0.52890600
0.10855000
-0.15154800
-0.14065900
-0.30216000
-0.41061400
0.06251790
-0.05798030
-0.29289300
-0.22659900
-0.02092590
0.13158000
-0.20833300
0.42542700
-0.10588200
-0.33020100
-0.17987600
-0.02835430
-0.36031000
0.70143900
-0.02196870
-0.48649200
0.30773900
-0.42077100
0.16019400
-0.39122000
-0.54557000
0.22917000
-0.06489010
0.14582700
-0.03804550
-0.26429800
-0.02501210
-0.27952900
-0.21903000
-0.27585500
-0.48960900
-0.49239800
-0.22787700
-0.22374100
-0.17524000
0.63400900
0.28571500
-0.16065700
-0.59097300
-0.39305500
-0.10578400
0.29000800
-0.25916000
-0.28177900
-0.30022700
-0.31170900
0.03937690
-0.01301830
-0.10052900
0.22003100
-0.42440300
0.41741300
0.04693970
0.35882600
-0.14971800
-0.16037100
-0.09381780
-0.17057100
-0.21199100
0.10773700
-0.83013500
-0.34080300
-0.33340000
-0.09036900
-0.00032279
-0.87596500
-0.10703600
0.10967400
-0.63952100
-0.14672000
-0.06202400
0.05409160
-0.27776600
-0.02443720
1.01526000
0.10971600
-0.26492900
-0.14845800
-0.18433500
-0.05066600
-0.23281900
-0.27124000
-0.17673600
-0.55207600
-0.18523900
-0.35496200
-0.48522100
-0.06254800
-0.22285800
0.05604960
-0.14680700
-0.27589600
-0.35098600
-0.56847900
0.03503630
-0.37434900
-0.29158500
0.46172900
0.21421200
-0.58541400
0.64632200
-0.17000700
0.02778930
0.43600200
-0.35081900
-0.37292000
-0.01786690
-0.51672600
-0.40480700
-0.46725100
0.07841530
-0.34933000
-0.28513200
-0.63167300
-0.10161700
-0.29427100
-0.27452600
-0.11886300
-0.33994400
-0.40496600
-0.35934100
-0.32289600
0.38514400
-0.45042200
-0.47935100
-0.39124400
0.46238500
0.16333100
-0.49929000
-0.47957000
0.00256505
0.08406790
-0.17876600
-0.34958400
-0.21924900
0.14553600
0.20790600
-0.17539900
-0.44727700
0.00358113
0.12200200
0.01151930
-0.25247400
0.37592300
-0.49329300
-0.21474000
-0.06259530
0.17951900
-0.26731400
-0.64497700
-0.00191678
0.41231400
-0.02183330
-0.23932300
0.32823800
-0.10300300
-0.20020400
-0.40312400
-0.26320100
-0.72443300
0.19844900
-0.33376800
0.75855400
-0.12185600
-0.51601900
-0.47284500
0.91507400
0.55354200
-0.09679590
-0.20208000
-0.13912500
-0.05994450
-0.26091000
-0.14194200
-0.14622600
0.00124371
-0.08572110
-0.17871700
0.06157970
-0.16029200
-0.01745730
-0.40390800
-0.28268100
-0.54768000
-0.55338100
-0.22665400
-0.15865300
-0.34047800
-0.10045300
0.05577230
-0.27724200
-0.44455500
-0.45299100
-0.20519800
-0.31878100
0.12295200
-0.03498420
-0.23007000
-0.32220600
-0.33783500
-0.40013400
-0.15223500
-0.33980300
-0.57748600
1.60805000
0.54794600
-0.27193700
-0.12487000
-0.22126400
-0.15847300
-0.33274700
-0.77598500
-0.53161800
-0.10758600
-0.20124700
0.05328190
0.38913300
0.08164710
-0.65125700
-0.03856730
-0.15599700
0.48657800
-0.43840100
-0.41764000
-0.10564600
-0.42490200
-0.44317800
-0.17518800
0.65153400
-0.11743700
-0.13677500
-0.60657400
-0.48309900
0.05587880
-0.34087800
0.00779371
-0.87976000
-0.13841900
-0.43291200
0.31214600
1.33100000
-0.00621702
0.06033100
-0.53216400
-0.39332800
-0.42612900
-0.44810200
-0.09467130
-0.43331300
-0.44789400
-0.32961800
-0.19576700
-0.17007400
-0.49553300
-0.31010600
-0.44706600
-0.41126700
-0.67766400
-0.25096100
0.16928800
-0.09337040
0.00885466
-0.33335500
-0.18906100
-0.54779400
0.57083100
-0.55183200
-0.51629000
-0.20223900
0.82147700
-0.48028400
-0.11161700
-1.19312000
-0.38988900
-0.79148800
0.43737400
-0.49564500
0.01891680
-0.37117100
-0.18249300
0.50807700
-0.08168660
0.00652798
-0.08707020
0.24003900
0.55411600
0.90240600
-0.14080900
0.98289400
-0.33652900
-0.09964160
0.09497900
-0.81173600
-0.41071500
0.40072300
-0.32651700
-0.10898400
0.14306000
0.20989100
-0.04252220
-0.49301400
-0.39433200
-0.93726600
-0.01019860
-0.79981100
0.11894600
0.10475600
-0.19299900
0.09922280
-0.35872400
-0.15427400
0.08595920
-0.17443100
-0.20064200
-0.30096000
-0.34081500
-0.44237700
-0.10986200
-0.14905400
-0.03746990
-0.61066300
0.28319000
0.29649800
0.15289600
-0.35230700
0.00053281
-0.41216800
-0.28387200
0.00964735
-0.02927370
-0.27240000
-0.32283700
-0.03321620
0.07838570
-0.50763700
-0.30945400
0.42375400
-0.18935200
0.20226400
-0.29405600
-0.03288110
-0.23497300
0.46909300
-0.11648600
-0.38678600
-0.26446800
-0.14419700
0.13260800
-0.61381800
-0.28535400
-0.23948400
-0.00284833
-0.35464000
-0.22002900
-0.21471000
-0.30189100
0.19437200
0.50480300
-0.32225800
0.12637100
0.35180900
0.09229220
-0.16033800
-0.41513200
-0.18535100
-0.07832040
0.42724200
0.51766100
0.91929900
0.19140800
0.03979210
-0.17420000
-0.26795000
0.24338400
-0.52991700
-0.31331100
-0.25088100
0.53829000
0.86097500
0.13228700
-0.02124840
-0.30408400
0.24349400
-0.42526100
0.00149628
0.19797300
-0.36039400
0.17324400
0.78258700
0.70941400
0.05907390
-0.41513700
-0.03628320
-0.36878400
-0.49359000
0.27390700
-0.32065600
0.00663479
0.32943100
-0.08330770
-0.28984300
-0.38818200
-0.28832000
-0.68416300
-0.45877100
-0.79030300
-0.86680700
-0.19451100
-0.22384800
-0.19261000
-0.24833400
-0.56655000
-0.19278700
0.39537300
-0.19095800
-0.42107700
0.13807100
0.06418360
-0.25644100
-0.14238400
-0.42231300
-0.25870800
-0.52687200
-0.38572200
-0.36992000
0.05093950
-0.31229400
0.04952630
-0.28550200
-0.12379900
-0.15081000
-0.27445200
0.19078400
-0.06111020
-0.20115900
-0.35886100
-0.02915410
-0.14942100
-0.03475460
-0.10472500
0.08092240
-0.39368100
0.03061990
0.78465700
0.18976500
-0.44012400
-0.02647490
1.57099000
-0.46348500
-0.20909000
-0.39793700
-0.03975430
0.78921700
-0.30358200
-0.05067890
-0.09233700
0.16225600
-0.20243500
-0.17928600
-0.10183800
-0.38666600
-0.11146500
-0.03472310
-0.23089900
-0.07791630
0.09026560
-0.20983300
-0.32417700
-0.22560300
-0.72325900
-0.85745800
-0.23796600
-0.28919100
-0.54397700
-0.00388248
-0.22795600
-0.12081400
-0.34632900
0.14549700
-0.30498100
-0.34045800
-0.15508700
-0.41345700
-0.48375100
-0.13034100
-0.46908400
1.03080000
-0.05709500
-0.09229220
-0.44006600
-0.27687000
-0.04625540
-0.09564500
-0.16827100
-0.28567000
-0.23928900
-0.13109000
-0.19692100
-0.16054700
-0.42099000
0.07050710
-0.29458600
0.11584800
0.10457000
-0.21218400
-0.12265800
-0.13291300
-0.35198600
0.81928500
0.15126200
-0.27298300
-0.02002040
-0.36959400
0.00850882
-0.13469200
-0.36425400
0.84778500
-0.61883800
-0.54926200
-0.31194300
0.12804600
-0.66781000
-0.54661500
-0.18728500
0.54696000
0.54496500
-0.23908600
-0.07892520
-0.30363600
-0.20590300
-0.24170700
0.43376900
-0.27180800
-0.20521800
-0.40214400
-0.49472700
0.06048290
-0.45386600
-0.23879300
-0.24671200
-0.24020800
0.51202400
-0.61518500
-0.37167400
1.05883000
-0.09577080
-0.24966500
-0.27086400
-0.18905400
-0.05665940
-0.16296600
-0.51923900
-0.30007800
-0.64372200
0.05359110
-0.41536100
0.00324809
-0.47725500
-0.08729710
-0.35575900
-0.35846700
-0.70116200
-0.47974700
0.04592800
-0.05691000
-0.07369690
-0.21770200
0.32725800
-0.25095800
-0.01394010
-0.24240700
0.23261700
-0.55160900
-0.20009300
-0.01604660
-0.00421089
-0.17736500
0.21859300
-0.17720200
0.06437720
-0.48215600
-0.20605800
-0.40787900
-0.13420200
-0.45030600
-0.33734500
-0.43764400
0.31245800
-0.34994300
0.21162900
-0.00580125
-0.38499800
-0.41517000
-0.13888200
-0.38456700
-0.17004500
-0.40020600
-0.10753600
-0.31211900
-0.09516290
0.12601800
-0.23602700
-0.03684570
-0.16670200
0.32786000
-0.27090700
0.12405800
-0.24235100
-0.18469400
-0.19614800
-0.31905700
0.01645450
-0.48040200
-0.11701800
-0.47851700
0.59539400
-0.25332200
-0.30924000
0.90990100
-0.38762200
-0.42855800
-0.02065580
-0.08678220
0.71225200
0.13785700
0.25559100
-0.09549420
-0.14488900
0.07558700
0.12298200
-0.29827400
-0.07640940
-0.13623400
-0.11106400
0.39127900
0.05579130
0.54528400
-0.20961000
-0.29053300
-0.61837200
-0.38905600
-0.09255430
-0.16495100
-0.09861750
-0.14603100
0.08306450
-0.16611500
-0.56447400
-0.63883100
-0.56247300
0.06229290
-0.39940400
-0.16916500
-0.52743800
-0.02459540
-0.66610900
-0.01266240
-0.69633000
-0.24173600
-0.44296100
-0.26328200
-0.25144700
0.46725300
-0.07060480
-0.04831450
-0.03969880
-0.00774635
-0.14581700
0.26854100
-0.07771950
-0.10369900
-0.12973800
-0.39601300
-0.62271900
0.32113100
-0.53151200
-0.29097600
-0.42226200
-0.08200120
-0.62770200
-0.08571230
-0.09276310
-0.28881400
-0.23147200
-0.03476790
-0.07764500
-0.12308100
-0.10835000
-0.21409900
-0.14425000
0.12967500
-0.76930600
-0.26888900
-0.47002700
0.18626600
-0.41709900
-0.53011200
0.18962400
-0.00033281
-0.40053000
-0.64432000
-0.19012400
0.15023000
-0.14852600
-0.26533400
-0.52759100
-0.34053400
-0.33216200
-0.11524800
-0.27316500
0.02644790
0.49012500
-0.31904100
-0.25881100
-0.07364560
-0.30539700
-0.35791800
1.24430000
-0.01765310
-0.41935100
-0.53918200
-0.38284400
-0.21086000
-0.36449800
-0.05913070
-0.52404100
-0.48199300
-0.25894800
-0.27602800
-0.02812750
0.12330000
0.09361900
-0.45835000
-0.17157500
-0.08948080
-0.46546900
0.15700000
-0.01805240
-0.21020200
-0.12926400
-0.67898300
0.77979700
-0.29707900
-0.56530200
0.49168300
0.97426800
-0.16274900
-0.62787500
-0.28675400
-0.14367900
-0.28185200
0.16771900
-0.40625600
0.29340600
0.09149370
-0.65438700
-0.24391300
0.17752100
-0.24935900
-0.11504100
-0.31498900
-0.18954500
-0.40334500
-0.35827500
0.19589100
-0.39539300
0.17005400
-0.05059100
-0.30910000
-0.32327500
-0.18735100
-0.48780800
-0.40275500
-0.12610100
0.03126480
-0.23162900
-0.26010500
0.19195400
-0.23906000
-0.11369500
0.40096500
-0.39748700
0.22902900
0.94219300
-0.23681500
0.34635600
0.03324700
1.27634000
-0.42164500
0.03766950
0.54428700
-0.06283440
-0.21165700
0.36200300
0.09692740
-0.14615000
-0.37090700
0.29000300
-0.23553100
0.20245400
0.42080200
0.99381000
-0.31274500
-0.20789000
-0.26907500
-0.26130600
-0.27026000
-0.25090100
-0.29806400
0.07603480
-0.78747900
-0.08046100
0.66808600
1.28273000
0.64901000
0.14569200
1.72743000
0.51932100
0.34613400
-0.12323600
-0.17264800
-0.05465190
-0.43164900
-0.18545500
-0.51971100
-0.42967400
-0.06918750
-0.17407900
-0.22471200
-0.00570912
-0.18343100
-0.30577900
-0.21744700
-0.48212600
-0.18026500
-0.56469400
-0.14910000
-0.15499800
-0.47401000
0.71978500
-0.35558800
-0.22791300
-0.19439400
-0.04757010
-0.01326100
-0.00025394
-0.40709300
-0.08992670
-0.49365200
-0.43858200
-0.24978200
-0.35657600
-0.58646100
-0.08611380
-0.09726210
1.14548000
-0.22357100
0.20075100
-0.34988400
-0.55014000
-0.54397100
-0.09236930
-0.23224300
-0.30276600
0.16507700
-0.44259400
-0.53709600
-0.50277400
0.38348400
-0.18324700
-0.65595400
1.44426000
-0.17773100
-0.42290100
-0.07390730
0.71957500
-0.30896000
-0.57438900
-0.20190800
-0.60160500
0.10038200
-0.51132400
-0.70070400
-0.04395870
0.02633540
-0.35135600
-0.24774600
-0.31777700
-0.14948900
0.64519500
-0.09218750
-0.26617600
-0.33600000
-0.01163070
-0.50745200
-0.71838900
0.68929800
-0.25332600
0.84549500
0.12217800
-0.24896500
-0.03199790
-0.26384500
-0.35625100
-0.03548320
-0.05925330
-0.13511400
-0.27996900
-0.31641100
-0.00714818
-0.01229960
-0.06505690
0.03317720
-0.32752600
0.18806100
0.03147950
-0.35917700
-0.57835400
-0.34420800
0.15888100
-0.47605100
-0.34192100
-0.18184800
-0.25215700
-0.19387200
-0.19035600
0.09077090
-0.36184300
-0.11177000
0.02437830
-0.26824300
-0.33964700
-0.22511400
-0.33975500
-0.56334800
0.27053800
-0.00360107
-0.21230600
-0.26562300
-0.24677100
0.16352300
-0.05362820
-0.29340900
-0.33720500
-0.46913100
-0.41417900
0.33361800
0.06130260
-0.27028700
-0.41553600
0.47951100
-0.56234600
-0.13112700
-0.16291500
0.34632400
-0.35729100
-0.06876140
0.50016600
0.59534200
1.41329000
-0.21372000
-0.23643500
0.10698900
0.06903880
-0.22681100
-0.23442300
-0.40700300
-0.09462770
-0.35338700
0.75610700
-0.14007600
-0.42920400
-0.47749900
-0.24896300
-0.35316300
-0.04271160
0.84712200
0.52812400
-0.35583900
-0.25633600
-0.31808700
-0.09939270
-0.45968200
-0.34718700
-0.18960000
-0.05098010
-0.42941100
-0.27492500
-0.12867300
-0.23865000
-0.22045000
-0.20026300
-0.13455400
-0.03278520
0.03772410
-0.13467400
-0.44040000
-0.34030400
0.39807900
-0.40770800
-0.01191600
0.08677000
0.86552000
-0.22576100
0.39408400
0.11226200
-0.65452000
0.88814100
0.07368790
-0.57470700
0.18424800
-0.07872780
-0.40502000
-0.31463700
-0.14289600
-0.16310400
-0.42276000
-0.31317900
-0.30864800
-0.20817100
0.07932100
-0.12863900
1.19211000
-0.31355700
0.18742600
-0.11574100
-0.04086260
-0.42003800
-0.06874030
-0.67042200
0.06377800
-0.14413600
-0.53360200
0.09805470
-0.24556700
-0.21686800
-0.28995200
-0.02064100
-0.02968110
-0.18388800
0.00344875
-0.17141000
-0.16173200
-0.34713900
-0.40193900
-0.38372000
-0.32298800
-0.14500400
-0.24298300
-0.51109000
-0.11187000
0.07790480
-0.10225700
-0.19401800
-0.30548100
-0.23351600
-0.28636100
0.49940400
-0.38685900
-0.51790000
-0.24506800
-0.27797200
-0.46240800
-0.07876570
-0.01075530
-0.34901900
0.43991200
-0.39038000
-0.31767300
0.14229000
-0.15255000
0.23448000
0.04764630
-0.12658200
0.15929400
0.90143800
-0.32972800
0.36146600
-0.24392500
-0.12305200
-0.70512500
-0.13169000
-0.19296600
-0.33004300
0.47563000
-0.32683800
-0.18521900
-0.43509900
-0.18788500
-0.05143640
0.01747770
-0.22878800
0.23461600
-0.19340300
-0.33453800
-0.58600100
-0.62968800
-0.18890200
-0.15522200
0.15851900
0.44668900
0.42130300
-0.13433600
-0.27161000
0.58823400
-0.20483600
-0.14217300
0.02043500
0.54914900
-0.41901200
1.37967000
-0.10210900
-0.53733400
-0.13527800
0.38265600
-0.33696200
-0.11298200
-0.42934800
-0.27304700
0.23577100
-0.16730700
0.09061010
0.21092900
-0.09809580
-0.35846800
0.12120400
-0.32978300
1.02813000
-0.53880400
-0.22150500
-0.04899600
0.02790660
-0.28525200
0.08824220
-0.41326500
-0.30607100
0.00882789
-0.50786000
-0.67783400
-0.49597100
-0.02719500
-0.51162800
-0.06670480
-0.66902600
0.08645590
-0.41185800
0.33478200
-0.00243334
0.25209800
-0.27074200
-0.19938500
-0.46112600
-0.01499230
1.34527000
-0.40244200
-0.68702500
-0.37823400
-0.15469500
-0.29663400
-0.19417300
-0.50507000
-0.54001300
-0.19242900
-0.21651700
0.04150430
-0.43862600
-0.09820640
-0.14308300
-0.13719500
0.08924300
0.12680100
-0.26675400
-0.43813300
0.14360600
-0.58223700
-0.25697600
-0.59355400
-0.40999000
-0.45621500
-0.35107300
-0.35736700
-0.06840780
-0.38903200
0.43369100
-0.17083000
-0.10196300
-0.26224400
-0.27507700
-0.17928200
-0.10682900
-0.10207200
-0.27937500
-0.29945400
0.15119600
0.03306610
-0.31977200
-0.08508240
-0.23193700
-0.53212400
-0.65380700
-0.16581900
-0.03898570
-0.46074600
0.12065000
-0.18887200
-0.16111600
-0.42203000
0.01217470
-0.74419800
-0.17557500
-0.19806700
-0.23362300
0.11385500
0.35590200
0.23738700
-0.22519800
-0.53624000
-0.11493500
-0.43368400
0.02576320
-0.37324000
-0.31467500
-0.22073800
-0.02441130
0.24543900
0.02828010
-0.19083800
0.03460870
0.08828840
-0.42428700
0.60429200
0.08014300
0.16524700
-0.14679600
-0.53027400
-0.20551400
0.12623700
-0.53664400
-0.08698240
0.32423000
-0.34310900
-0.24435000
-0.31423500
0.06477680
-0.43016600
-0.35038600
-0.12126600
-0.30734700
-0.33881900
0.13493400
-0.24282300
-0.21405800
-0.11827300
0.03786640
0.14232400
-0.12844100
-0.35185000
-0.05899650
-0.38611200
-0.05767950
-0.34404100
-0.16749000
-0.11832500
0.82652800
0.35537900
-0.74665600
-0.39756100
-0.08177670
-0.40249900
-0.27267700
-0.25486100
-0.48453000
0.32319100
-0.62803400
-0.03283230
0.04202180
-0.26712600
-0.40535000
-0.37079300
-0.19476100
-0.53151300
-0.23576600
0.24656900
-0.63014100
-0.01046710
0.37538500
-0.53301300
0.40931300
-0.04595590
-0.08698370
-0.00419064
0.38052300
-0.53423800
-0.36290800
-0.06875100
-1.02228000
0.89285900
-0.06621790
0.44233000
0.00066481
0.55721200
0.24126400
-0.33065500
0.81238500
0.13353400
0.73461800
-0.48971400
-0.10455000
0.46098300
-0.29923900
-0.13590200
-0.09092700
-0.43022400
-0.11419300
0.32134700
0.04405020
-0.59103900
0.05298630
0.10958900
-0.00801978
0.32036400
1.03817000
1.21061000
1.66557000
0.50775200
0.84114600
0.01834480
-0.25409800
-0.49576300
-0.13389100
-0.00921810
0.07855670
0.03142580
0.02895060
-0.25443100
-0.08001320
-0.44848100
0.05966010
0.10039000
-0.06123090
-0.11857800
-0.15586100
-0.08269880
0.17301200
-0.21118800
0.20215200
-0.17220700
0.44495100
-0.42777400
-0.50484100
-0.32164000
-0.26482200
-0.47555100
0.09152230
-0.29413700
-0.25178600
-0.61029000
-0.15270200
-0.07557280
-0.28124200
-0.06939290
0.06077100
-0.28121500
-0.36400800
-0.48702600
-0.16600300
0.08718010
0.07464960
0.14795800
-0.40222300
-0.78532700
-0.19649100
-0.76146800
0.22526800
-0.06137920
-0.71297400
-0.14481000
-0.60295900
1.97170000
-0.09642520
-0.15590800
-0.08768330
1.20022000
0.15260000
-0.25806500
0.07009850
0.02764300
-0.26544500
0.05231990
-0.17266800
-0.07234180
0.14224400
-0.02163970
0.18459700
-0.20320000
-0.13063700
-0.01003350
0.26619200
0.00345487
-0.48812500
-0.77624400
0.00065890
-0.30870900
-0.46940900
0.01738810
0.22618300
-0.29590900
-0.23024200
0.00971614
1.19892000
-0.53669400
-0.24375300
0.07043820
0.07358350
0.41887500
-0.15068400
-0.16825500
0.41052800
-0.53919300
-0.31430300
-0.38479500
-0.00249202
-0.06368800
-0.46519500
-0.00493810
0.44947900
-0.49252700
-0.58919000
-0.38896800
-0.27844700
-0.20369800
-0.27184100
-0.37010400
0.01304680
-0.15917000
-0.04250940
-0.22643800
-0.49336400
-0.20543200
0.19886300
-0.39603300
-0.44243700
-0.45345000
1.19413000
-0.19359900
-0.01036240
-0.64118500
-0.09221240
-0.33564800
-0.42379900
-0.24229600
-0.31786500
-0.19416100
0.12688800
-0.13852900
-0.43170800
-0.01588650
-0.37782900
-0.29143500
-0.07483490
-0.12057800
-0.64700300
-0.43640000
1.14626000
-0.03511600
0.01307670
-0.68870200
0.94190800
-0.19707600
-0.09780470
-0.49452600
0.22096000
-0.45879800
-0.02667370
-0.21253800
-0.60037900
-0.23820100
0.26234300
-0.42949000
-0.18494900
-0.48123200
-0.48367600
-0.59973800
-0.36579700
0.20277600
-0.16540000
-0.23717100
-0.45395400
-0.04378920
-0.27409700
-0.57637100
-0.22333400
-0.36506500
-0.21266900
0.02004490
0.16993500
-0.46875100
0.07915600
-0.39231300
0.21054000
-0.40628200
-0.24140600
-0.33339100
-0.37578300
-0.07400900
-0.45974000
0.40368700
-0.21763000
-0.15110400
-0.26605000
-0.18432600
0.23811500
-0.14310300
-0.49461200
-0.78407600
-0.22002700
-0.13292900
-0.33923400
-0.30522200
-0.47614000
0.20095500
0.13474300
0.09239830
1.19714000
-0.13925400
-0.30449300
0.07076630
-0.13169800
-0.12216600
-0.20225300
-0.23543600
-0.22236800
-0.12743800
-0.51889600
0.10642000
-0.28358300
0.30234700
-0.23209600
-0.29848800
-0.42456700
-0.23473700
-0.23981400
-0.30164100
-0.06062580
-0.23379800
-0.22901600
0.28608200
-0.19016100
0.40288200
-0.10654600
0.52849300
0.01167440
-0.40655400
0.28399000
-0.00128167
0.03016050
-0.60187000
-0.43532700
0.01865470
-0.08891270
-0.13458800
0.03299340
0.03768210
0.33586900
0.32363800
0.86441600
0.01198020
-0.18313700
0.28901300
-0.34026500
0.04428740
-0.24589600
0.03995810
-0.44618800
-0.25924700
-0.23103700
-0.43344600
0.03984720
0.04540980
-0.47690300
0.80417800
-0.23395000
0.06479900
-0.55432300
-0.25985200
-0.24338200
-0.19102300
-0.22111700
-0.33993200
-0.41696200
-0.15291100
0.12622300
-0.38755300
-0.24882900
-0.63936500
-0.25121700
-0.11122700
0.06145640
-0.03621270
-0.85225700
-0.44609400
-0.39117500
-0.32302600
-0.21198300
0.04527340
-0.21597300
-0.36149400
-0.05046600
-0.22836900
-0.57042800
0.08653120
-0.22518500
-0.33667600
0.31099600
0.21302300
-0.27375400
-0.09551740
0.01771740
0.22189400
0.25225200
-0.01216270
-0.26503900
-0.15246900
-0.02318560
0.11690200
-0.10902800
-0.06721620
-0.22703700
-0.15426500
0.10520900
-0.30024800
-0.44334300
-0.37546100
-0.06834030
0.13091900
-0.29794800
-0.35831600
0.02109180
-0.11604200
0.85702300
-0.44553300
-0.03691580
-0.41656700
-0.14042200
-0.66911000
-0.33389300
-0.05539480
0.35994200
0.15498400
0.73681900
-0.12057100
-0.36569300
-0.65749100
-0.42903300
-0.24532800
-0.19822400
-0.12362300
1.27245000
0.07214510
-0.27326400
-0.21580000
-0.21071000
-0.40201700
-0.28910400
-0.17197900
-0.18026500
0.33334200
0.15699700
0.25110600
-0.34173100
-0.52842500
-0.16895700
0.21216600
-0.32312100
-0.00647295
0.24401200
0.26628900
-0.12530700
0.08845650
-0.43574300
0.31748900
-0.22756500
0.39759400
-0.04341650
-0.17502600
-0.74451800
-0.00135579
-0.05189660
0.34327300
-0.45346000
-0.19910700
-0.15312000
0.37909000
-0.06043080
-0.08715680
-0.30883900
-0.12562600
0.12293600
-0.69372700
-0.10584200
0.07291320
-0.26879700
-0.01891110
-0.43096500
-0.55249500
0.16592600
-0.03874380
-0.10197500
-0.39772900
1.01380000
0.02163170
-0.08558930
-0.51978300
0.03138710
-0.29341700
-0.07073430
-0.22430100
-0.40559900
-0.18571100
-0.20640600
0.18595400
-0.33786000
-0.13005100
-0.03443870
-0.40264000
-0.28012200
-0.12566700
-0.10720400
-0.65646400
0.24470100
-0.29722500
-0.02345940
0.04337560
0.00233590
-0.33202900
-0.02695120
-0.00410676
-0.14118800
-0.52575400
-0.25101700
-0.41877200
0.02575290
-0.22184700
-0.28377400
0.27686600
-0.34958800
-0.37345800
0.11341600
-0.54869900
0.12603700
0.93981800
-0.34204500
0.32428900
-0.00056030
-0.50283900
-0.36166200
-0.13351400
-0.69964000
0.06109690
0.08046920
-0.35785800
-0.01889520
-0.37890300
-0.19735500
-0.08109110
-0.17242000
0.10950800
-0.03866280
0.06384730
0.74769500
-0.26605000
-0.22756300
-0.24221600
-0.34941900
0.61700500
0.02022900
0.23069600
0.05925820
0.59297900
0.35048100
-0.60102700
-0.01198850
-0.15871500
-0.70056100
-0.37647600
0.00923858
-0.30162300
-0.32624000
-0.29241100
-0.49004800
-0.28896800
-0.42362300
-0.29457100
0.12440600
-0.50317100
-0.40440900
-0.14122100
-0.45133300
-0.26383400
-0.05867890
0.01011390
-0.40395700
-0.56497600
-0.04913030
-0.37994500
0.30032100
-0.16496500
-0.32875600
-0.26478500
-0.25703700
0.30615200
-0.09848900
-0.15694100
-0.03422090
-0.63563100
-0.04779710
0.52802800
-0.25433200
-0.00367900
-0.56207600
0.25448600
-0.09191520
1.00112000
0.22341300
-0.28160600
-0.23429100
-0.57866600
0.76090000
-0.27838700
0.18972900
-1.27154000
0.32779600
-0.39493700
0.18300000
-0.38151300
-0.21211600
-0.43150000
-0.61880500
0.64244500
-0.23007700
0.19172500
0.01960690
0.71007200
-0.13903100
-0.61146800
-0.28408400
-0.35556200
0.04262730
0.47998600
0.33857300
-0.37033300
-0.20523200
-0.52674900
-0.28204800
0.16840200
0.05298240
0.07379520
-0.62041000
-0.42309100
-0.05540970
-0.21025400
-0.16020200
-0.06429810
-0.14419800
-0.60782400
-0.37125800
-0.59175900
-0.04152830
-0.37120100
-0.18113500
-0.46218600
0.13635000
-0.09739080
-0.30471000
1.61254000
0.45207700
-0.47263700
0.67613100
-0.21141300
0.25785600
0.26080300
1.71901000
0.44822100
0.31228600
0.17942100
0.70737900
0.36727100
0.31860400
-0.13256700
0.16487300
-0.17265000
-0.32252400
0.12276000
-0.21183100
-0.39447300
-0.05035670
0.67701300
-0.26181000
-0.26430000
0.01198020
-0.17439800
-0.04859660
0.16602200
-0.15969000
-0.11815700
-0.27854100
-0.17378200
-0.04193650
-0.35007000
-0.25707300
-0.29734500
-0.10405700
-0.44321400
-0.21996000
-0.18901800
-0.12723200
-0.11272300
-0.36208300
-0.69781400
0.60127700
-0.28135200
0.87216900
0.02653110
-0.03775470
0.81465200
0.80586600
-0.51398200
0.39560700
-0.41246700
-0.19516200
-0.24362800
-0.10266100
0.07448570
-0.50396700
-0.35156300
-0.17457100
-0.50560700
-0.00865106
0.09056200
-0.38956200
-0.10266100
-0.08620860
-0.25488300
-0.04538660
-0.06386880
0.46563600
0.34763900
-0.42152500
-0.49262800
-0.78643100
0.00006751
-0.45536700
-0.22961700
-0.06505670
0.15433000
0.07249750
-0.12121700
-0.13345600
-0.20749600
-0.08285350
-0.17756500
-0.19817500
-0.04725360
-0.23515000
-0.38981000
-0.01209550
-0.61424600
0.37563300
0.04959980
0.07637440
-0.09838680
-0.23333500
-0.28810800
-0.40088000
0.04274530
-0.15690900
-0.37915400
0.40106800
-0.16343000
0.11277900
0.36737200
0.08015440
-0.45765100
-0.28928800
-0.25038700
0.24727700
-0.39544500
-0.32326500
-0.39751400
0.43723500
0.13719100
-0.64027700
-0.72088200
-0.19087800
-0.17696500
0.02472400
-0.16408500
-0.39832100
-0.20320100
0.13190500
0.05429700
0.09428490
0.09587070
-0.46636700
-0.02179690
-0.05570580
-0.05570580
0.48356400
-0.30199400
0.43726500
0.61403700
-0.41344500
-0.03406170
-0.07788180
-0.09550400
0.51818700
-0.53796500
-0.01878800
0.39939100
-0.39260600
-0.48723800
-0.20815600
-0.16502400
0.51320900
-0.14351700
-0.11259700
-0.08755900
-0.20411300
0.20564000
-0.59606400
0.10586600
0.42754000
-0.29543400
0.02986470
0.05234840
-0.13584500
-0.20056400
-0.15758600
0.03731260
-0.39657900
0.24749600
0.37721200
-0.24155600
-0.25348300
-0.34855700
-0.40698300
-0.21486600
-0.53390700
-0.28386100
-0.51993400
-0.59049200
0.54315900
-0.81066700
-0.49757200
-0.30581300
0.27347200
-0.69898100
-0.58102700
-0.25669600
0.56240200
-0.54841300
0.12285400
0.45283200
0.08119380
-0.07963420
-0.23135300
-0.04728880
-0.13986700
-0.00957659
0.03056320
0.03751030
-0.22542100
-0.79184700
-0.45866200
0.16252000
-0.24571100
0.00301843
0.16903400
-0.19817500
0.07538150
-0.04468800
-0.36786200
-0.06104450
0.10822600
-0.19559200
-0.27018600
-0.73046600
0.75879500
-0.20145900
-0.17628200
0.01189340
-0.18239800
-0.21838500
0.37286000
-0.10635200
-0.34048100
-0.79429500
-0.32946600
-0.33358600
-0.27325300
-0.02053220
-0.19405800
-0.06640200
-0.14372600
-0.58244400
-0.13426400
-0.17325000
-0.17325000
0.23012200
-0.22062000
0.29578700
0.05292580
-0.22860900
-0.29930800
-0.38851600
0.32744600
0.01652530
-0.01749430
-0.26525100
-0.04633380
-0.33939000
-0.10328900
0.19563700
-0.38573700
-0.32210600
-0.05750440
1.13459000
-0.12467600
0.21905600
0.54052000
-0.03980520
0.59666500
1.07334000
-0.47900300
0.01859610
-0.37683600
0.03811270
-0.38343300
-0.66664200
-0.15381000
-0.08412720
-0.33578700
-0.10979600
-0.15383000
-0.57787000
1.30748000
-0.19605900
-0.33184100
0.15225600
0.56064400
-0.60436200
0.05135570
-0.28944700
-0.03998720
-0.44303900
-0.55918900
-0.23308700
-0.57601800
-0.36358800
-0.74309200
-0.54848500
-0.22318000
0.25784900
-0.63516500
-0.05933950
0.15155500
0.10370300
-0.11808200
-0.08993900
0.20625300
-0.37076700
-0.05484520
-0.27240800
0.19979500
0.07967040
0.08375320
-0.25716500
-0.11209800
1.18041000
0.45949500
0.33516800
0.01036940
-0.27491500
-0.24634900
-0.29529700
-0.17109600
-0.20520700
0.00563919
0.12405400
0.28534900
-0.21308200
-0.27651100
0.25607000
-0.06527580
-0.33938900
-0.44249400
-0.06443220
-0.08457020
-0.07168390
-0.35818900
-0.11432700
-0.02160300
-0.29517500
-0.66137000
-0.45494500
-0.35632800
0.36039700
-0.33344700
-0.44910700
-0.27377900
-0.13690600
0.10463800
-0.12536700
0.67925300
-0.31323400
0.43929800
0.14461600
0.91041100
-0.36275700
-0.41572600
-0.77050700
-0.34524100
-0.32572600
-0.17806800
0.02557170
-0.04088330
-0.10099300
0.50684400
-0.14741200
0.18045700
0.12351600
0.15017900
-0.09628860
-0.16995700
-0.08340890
-0.10269700
-0.37767200
-0.28662100
-0.00846853
-0.34002900
0.39205700
0.07626160
0.14621600
-0.08093900
-0.25128500
-0.32225800
-0.29628800
-0.37500100
-0.06623980
-0.33750100
-0.53447900
0.10814700
0.11149800
0.05659790
-0.41535800
-0.55784200
-0.68750300
-0.28232800
-0.09360370
-0.36353500
-0.49706500
0.08689560
0.16994600
-0.63448500
-0.31925400
-0.07375980
0.27971500
-0.40570100
-0.06251940
-0.22971800
-0.48870500
-0.61327100
-0.28755800
0.17994900
-0.59095200
-0.21252300
-0.08207840
0.19803000
0.00985188
-0.27848100
-0.36353700
-0.01086180
-0.29657100
-0.26464300
-0.16019300
0.08080040
0.33932500
-0.09246620
-0.48121900
-0.22607900
-0.44265800
-0.40273300
0.24944600
-0.48418900
-0.58288000
-0.37145700
0.02996260
-0.22370200
-0.37844200
-0.32550500
-0.04263000
-0.08448210
-0.29360300
-0.17482000
0.01851040
1.54303000
0.81423800
-0.52360100
0.09094210
-0.14200000
0.11727200
-0.06805790
-0.32862400
0.12791700
0.05748800
-0.15881800
-0.24770400
-0.20795900
-0.41161600
-0.21503200
-0.39873900
-0.06719810
0.03283200
-0.07289080
0.37782800
-0.22832800
-0.15782700
-0.60575400
-0.37889000
-0.08384760
0.18078700
-0.29473300
-0.43992400
-0.35927900
0.29260300
0.28620000
-0.28260600
-0.22747900
0.11090000
-0.31395000
-0.29856100
-0.17968500
-0.17628900
0.08802280
-0.23006000
-0.14783200
0.05256160
-0.09181320
-0.04660550
-0.24654200
-0.13244100
0.16581300
-0.08077770
0.10960400
-0.14082600
-0.14966700
-0.57048500
0.00455827
-0.44902900
0.12398400
0.17631300
1.19789000
-0.19566800
-0.08772180
-0.61043800
-0.39134000
-0.61623800
0.49864200
-0.41874000
-0.69457900
-0.39565800
0.13970700
-0.42617500
-0.15270300
-0.36279000
-0.16061200
-0.46660000
-0.35031800
-0.03616970
-0.19339300
-0.44072000
-0.28329900
-0.06694920
-0.23240600
-0.56873100
-0.48904400
-0.10189700
-0.47443300
0.14826700
0.05541700
-0.51903300
1.04010000
-0.52588100
-0.44734400
0.03853100
-0.08792870
0.38369200
0.13004500
-0.01150450
-0.31848100
0.28800400
-0.14542800
-0.00872650
-0.54449800
0.05514640
-0.09833750
-0.47417300
-0.24373800
-0.32280700
-0.07413040
0.17390500
0.02969470
-0.32723300
-0.19941300
-0.11783900
0.07790690
0.25422200
0.30512700
-0.47728900
0.29249100
0.90092400
-0.05880830
-0.07680590
-0.33250300
0.51166600
-0.13303300
0.07662630
-0.39861900
0.18635000
-0.17046500
0.92297600
-0.34104600
-0.48056500
1.49393000
-0.55016100
-0.11408700
-0.04899010
-0.12803800
0.40720200
-0.22607700
-0.33700000
-0.50229200
-0.16543100
-0.03446790
-0.08535080
-0.19822400
0.10643300
-0.21328900
-0.19784000
-0.32678200
-0.31301800
-0.62391300
-0.38673200
-0.05137740
-0.50435600
-0.07945310
-0.45631700
-0.59918700
-0.20734900
-0.49267900
-0.20316900
0.49735500
0.02642300
-0.47627700
-0.18355600
-0.23051000
0.03157650
-0.32036200
-0.16742300
-0.15071700
0.11944600
-0.16557400
-0.22070300
-0.20798000
-0.51651900
-0.43530200
-0.35141600
-0.22396200
-0.24640300
-0.24743200
-0.03085190
-0.05389670
0.46986600
-0.44355600
0.14494100
-0.39713600
-0.15038600
-0.33052500
0.47480400
1.33550000
0.37019000
0.07716050
-0.44433800
-0.48404700
-0.03264240
-0.24699500
-0.29104600
0.21850100
-0.30234300
-0.30269700
-0.10803600
-0.34579000
-0.05447370
0.16471900
0.44012000
-0.25137200
-0.24888100
0.08874820
0.33277700
0.88830900
0.70904100
0.15976300
-0.04135570
0.85443200
-0.04367500
-0.10002500
-0.67749300
0.89773300
1.11297000
-0.18874000
0.11704400
0.19413000
1.16251000
0.51961400
0.26222100
0.24754500
-0.23726900
-0.36421500
-0.82735200
-0.35235300
-0.45134600
-0.18716700
-0.10543800
-0.32900400
-0.21238400
-0.05742480
-0.00904092
-0.23030000
0.22594300
0.13753800
0.62437500
-0.48368300
0.49237800
0.56276500
-0.49520200
0.63757200
0.84603900
0.34785100
0.25350300
0.06645900
-0.27558900
0.00847867
0.03656960
0.45426500
-0.15489700
-0.03888460
0.22267600
-0.54278900
0.08085060
0.55748900
-0.28969700
-0.37926300
-0.46554700
0.05597280
0.18233600
0.02300610
-0.14542900
-0.40821400
-0.32175000
-0.06156650
-0.26455700
-0.22206100
-0.46990100
-0.18098200
0.02099620
0.04323470
0.00433569
0.69481800
-0.06402230
0.75922800
0.23937200
0.79802400
-0.32567400
-0.33296100
0.85218900
0.09467610
1.00048000
0.31990700
0.13481700
-0.04097800
-0.06372680
-0.09713030
-0.49145500
-0.06762990
-0.41555400
-0.17294200
-0.28419800
-0.02774900
-0.01308910
-0.24543900
0.00977176
-0.11888500
-0.47790700
-0.10906500
-0.41591100
-0.49447100
-0.18104000
0.27194600
0.08031890
-0.30852100
-0.30537100
-0.51348300
-0.14939000
-0.26462200
-0.63730700
-0.60843100
-0.35270400
-0.49556600
-0.44032300
0.06345800
-0.01100220
-0.48029300
0.12868400
-0.34055700
-0.00200748
-0.26079100
-0.29048600
-0.46192500
-0.08842590
-0.22541100
-0.18037400
-0.59770600
-0.62049600
-0.23220600
-0.35499000
-0.08684300
-0.35232500
-0.05898540
0.17925800
-0.14671000
-0.33689300
-0.34184600
-0.52686600
-0.05728770
0.04239080
-0.06125800
0.21009600
0.12384500
-0.18176800
0.12337200
-0.27950800
-0.43236800
-0.86453900
0.01211340
-0.29494200
-0.30491200
-0.23317000
0.07444620
-0.42305900
1.11499000
0.65207900
-0.17809200
-0.14139900
-0.14167500
-0.04260320
-0.13722900
-0.53422500
0.67389500
0.28357700
-0.07431150
0.93229300
-0.07832220
-0.14268600
-0.12812200
-0.42303600
0.49873700
-0.29237000
-0.07118970
0.06031770
-0.22735300
-0.18641600
-0.12050500
-0.53890800
-0.18779800
0.00439266
-0.09578560
-0.09954010
0.12025400
-0.08904130
-0.05172650
-0.04366400
0.18968300
-0.21697200
-0.52589300
0.13585300
-0.40152300
-0.33741500
-0.45750900
-0.31089900
-0.35092800
-0.70203600
-0.16760800
-0.41416300
-0.39888400
-0.17543700
-0.50832900
-0.23984200
-0.20834700
0.05120740
