4.80746000
6.76752000
5.34582000
5.09364000
6.09721000
5.48103000
5.10000000
5.16999000
4.93462000
4.83597000
-0.39623500
4.84378000
5.14021000
5.18587000
5.14464000
1.05378000
5.69200000
0.21528100
4.94334000
5.64205000
5.58179000
0.94371400
5.96633000
3.66145000
5.82611000
5.31118000
4.83455000
5.18390000
1.15012000
5.15217000
5.46297000
4.97224000
5.13273000
5.65323000
0.18091900
5.58707000
5.74338000
5.37837000
5.15909000
4.82723000
5.41164000
1.68300000
4.90725000
5.18452000
0.65425000
5.28662000
5.54720000
5.08282000
-0.31134800
0.24417700
-0.85019600
-0.29079800
-0.31647600
-0.08666780
-0.28030300
0.25465800
-0.49064800
0.12287700
0.46198500
0.55708600
0.19932600
-0.09962930
-0.30718700
0.00106975
0.20273000
0.10717200
-0.37995200
0.41621300
-0.19221800
0.02803970
-0.04299910
0.70064400
-0.10658700
0.82435200
-0.67173900
-0.15893800
-0.25097900
0.18295600
-0.11066900
-0.01914410
0.20492300
0.07783150
0.00797581
0.27474300
-0.14808700
-0.13678300
-0.27911300
-0.55682100
-0.75379200
0.01715700
-0.41829900
-0.15749600
-0.63125900
-0.44761900
-0.19917400
-0.19658700
-0.42166200
0.23522400
-0.08634630
0.08957040
0.75027700
0.23325300
0.17723500
-0.60798800
-0.18270200
-0.13617200
1.49171000
0.28333000
0.28551800
0.72171200
-0.84937600
1.61054000
0.88363300
-0.73947700
-0.80394800
-0.18453300
-0.30710400
-0.11768900
-0.08196410
0.09626680
-0.63789200
0.15610900
-0.00398180
0.45136800
-0.54584500
-0.27109800
-0.45371100
-0.23427100
0.06636940
-0.42065900
0.54049000
0.02597120
0.15187300
-0.46244000
0.04518990
1.01009000
-0.45959300
-0.48378700
1.12367000
0.65451200
-0.37980900
0.60684900
-0.07797670
-0.05860510
0.01434660
0.06469390
-0.21397800
1.89544000
0.43441300
0.11992700
0.90117000
-0.49044900
0.36316600
0.25980900
-0.01509310
-0.01029220
0.28738800
0.05638690
-0.00190163
0.20077100
-0.36184100
0.13962700
-0.20332300
-0.33380400
-1.12308000
0.26794900
-0.28996700
0.26312500
-0.59238100
0.15490100
0.53831400
-0.39375000
0.31205800
0.26927100
-0.35974000
-0.04354090
0.03582200
0.35581500
-0.29203600
0.18853200
-0.29657700
-0.02300550
-0.05324720
-0.24007400
-0.44963400
0.20963400
0.68902100
-0.00621738
0.25676500
0.68088600
0.01520830
0.10618700
-0.42737700
0.39193400
0.09490560
-0.29836700
-0.02581980
0.51239500
0.61292000
-0.26227400
0.44101700
-0.01056080
-0.19659800
-0.45010500
-0.65171700
-0.55955200
-0.46440900
-0.13201100
-1.02562000
-0.08851310
-0.16298300
0.21133700
-0.50288200
0.16995100
-0.63315100
0.28535000
-0.68938600
-0.15617100
-0.07202540
0.56671800
-0.30648000
-0.41775000
0.43249700
-0.01239550
0.18894200
-0.35122000
-0.02002550
0.26328800
-0.49844400
-0.38204000
-0.36174100
0.03098320
0.08902370
-1.08737000
-0.16023200
0.29612900
0.18147700
-0.32420400
-0.03274310
0.38969700
-0.59008200
0.29790600
-0.16485000
0.40834300
0.45148100
0.47429500
0.08631500
1.08580000
-0.32058700
0.30923700
-0.39373500
-0.06895690
-0.13677100
-0.25951400
-0.41555800
0.04597130
-1.04612000
-0.64170000
0.26372500
1.37049000
0.35306700
0.24914500
0.36429400
-1.45628000
-0.49496100
0.20170300
0.52001700
0.82124000
-0.10693500
-0.22430400
-0.01726650
1.42868000
-0.13225600
-0.51222600
-0.27868300
-0.31709200
0.52189100
0.44329600
1.12081000
-0.01058530
1.47280000
-0.34973800
-0.23569000
-0.40864800
-0.40040000
0.17648600
1.01990000
0.26567000
0.34673500
-0.30612400
-0.53566400
0.35919400
-0.08805940
0.10772200
0.28274600
-0.95360600
-0.43371200
-0.05430640
-0.61114500
0.11446000
-0.02578830
0.67868800
1.58432000
0.09700900
0.19069800
-0.35911700
-0.41380300
-0.24070800
0.37324600
-0.44867900
-0.77166200
-0.08788330
-0.09904570
1.10075000
-0.10082500
1.02194000
0.40245900
-0.20644400
-0.41806200
-0.13000900
0.30289600
-0.06492800
0.47135200
-0.29432900
-0.09128170
0.01078640
-0.73876000
0.51205200
-0.36263000
-0.39807500
0.07842970
-0.64045000
-0.31067400
-0.02400550
0.25424600
-0.17278000
0.34235400
0.13614900
-0.61953800
-0.00675552
0.01046700
-0.09507030
-0.30882900
-0.02231930
0.49963300
0.19649400
-0.57517500
-0.41799300
0.08671290
0.33405300
0.78923100
0.44424300
0.28509100
-0.62175900
-0.39574100
-0.83703600
-0.92213600
0.09069120
-0.16139800
-0.46323100
0.39739300
0.07526240
0.07568960
-0.10864600
0.22838100
0.25565400
-0.02112080
0.15218600
0.47231600
-0.29580900
-0.00052321
0.35195600
-0.11028600
0.35471400
0.16850800
0.12829900
0.24758800
-0.46433100
0.16936800
-0.12083900
0.41884100
-0.38518200
0.21144200
-0.29534300
0.55502700
-0.00078624
-0.09941740
-0.50348400
-0.64330300
0.11279900
0.56374900
0.44317800
-0.52687500
0.65305600
-0.07227110
-0.58066500
0.26014600
-1.01957000
0.62116100
-0.37551700
1.48002000
1.30648000
-0.14008400
0.30788700
-0.22932400
-0.12902600
-0.20101900
-0.45103000
0.36217200
0.23967400
-0.10438000
0.32182900
-0.27623600
-0.55124500
-0.33381400
-0.26621500
-0.06731680
0.08537200
0.04922880
0.55733900
-0.53139200
0.18659200
-0.69346400
-0.39978400
-0.28786600
-0.30325500
0.03834690
0.19318900
0.07874120
-0.14337400
-0.39208100
0.31263700
1.08473000
-0.09181720
-0.43193700
0.10596000
-0.52367600
-0.52606200
-0.77668200
0.57160000
-0.48713300
-0.57357000
-1.05958000
-0.34628400
-0.70814800
-0.07817730
0.42871000
-0.77807500
0.35090400
-0.43475800
-0.16554800
-0.09269600
-0.21168600
-1.17459000
1.18176000
-0.55920200
-0.22632500
-0.67250700
0.62460300
0.06184070
-0.52294700
0.24462100
-0.23295800
0.35381900
-0.69541300
0.42640700
-0.29282800
-0.09082270
0.96451000
0.30370000
-0.51490600
-0.32538700
-0.47839500
-0.24743700
0.24585000
-0.25725900
-0.36316600
-0.35080200
-1.02738000
2.28105000
-0.26735000
0.02332780
-0.26018800
-0.92727600
-0.13327400
0.13535800
0.02219020
0.52350500
1.09072000
0.39945400
-1.07242000
-0.12379100
-0.38438000
0.45448200
0.01359150
0.01509600
0.29393400
-0.03782590
-0.46077600
-0.00035091
-0.07200560
-0.85519200
0.09053700
0.15300100
0.05643500
-0.32936700
-0.13784500
-0.71179900
-0.29161500
-0.60331400
-0.44564900
-0.52547300
0.45884900
-0.03604560
0.61913700
-0.12898000
-0.21031800
0.18055400
-0.47522100
-0.29562800
-0.06551560
-1.61953000
0.40871400
-0.06773650
-0.71959800
-0.38249100
-0.08377010
0.68088200
-0.98783000
-0.16715100
0.63954900
-0.15422300
-0.78133500
0.32051600
0.02481890
-0.11756300
0.35138900
-0.47208200
-0.13212400
0.95703400
0.46346700
-0.78484600
-0.34327700
-1.26344000
0.00098941
1.11935000
0.43923700
-0.85957100
0.14189700
-0.45755200
-1.20539000
-0.28461700
0.36696900
-0.16098000
-0.27823400
0.99456900
-0.87098500
1.82181000
0.06544410
-0.00184127
0.27236200
0.03107490
-0.23805100
-0.49771900
-0.53273700
-0.33894200
-0.38150400
0.11741000
-0.57740300
-0.08509110
-0.35300200
0.70171300
0.60180600
-0.27655200
-0.69880600
-0.64429300
-0.31757900
-0.07219450
0.57743800
-0.00621781
0.30745300
-0.28857200
0.22117400
-0.75228400
-1.04336000
0.20578700
0.19723000
0.71103800
-0.33768900
1.09908000
-0.09072830
0.60665500
-0.41582400
0.16986500
-0.46841500
0.28716700
0.46352200
-0.10419200
3.18386000
0.09054710
0.18732500
-0.86487500
1.28717000
-0.00763859
-0.22617600
-0.36436700
0.11153700
0.20047200
0.46217800
0.34775800
-0.11206600
0.04929710
-0.09759630
0.02531860
-0.65261500
-0.16051400
0.01628230
0.04840550
-0.67448800
-0.35512600
-0.10440200
0.69937700
-0.08355970
0.13002900
0.09079730
0.57613600
-0.62881900
-0.74582300
1.18967000
-0.30868200
0.26257400
0.11399900
-0.00154403
-1.13841000
0.16427500
0.07063670
0.33502200
1.56908000
-0.49357900
-0.94095400
-0.56566000
0.42346900
0.88654400
-0.78302700
0.35278600
0.28310500
0.97137000
-0.56019500
0.47440100
-0.08660330
0.33247400
-0.00461594
-0.94248900
0.10212000
-0.35811300
-1.12575000
-0.10516100
-0.74488800
-0.33395500
-0.15966700
0.11414200
-0.57236100
-0.18194000
1.09764000
-0.13229400
-0.17315200
-0.32761800
-0.68918300
-0.89298200
-0.59134500
-0.81644800
0.38722700
-0.88054700
-0.84620200
-0.12607400
-0.63034100
1.34507000
-0.28756300
-0.04172430
0.40443200
-0.72952400
-0.12254500
-0.20848700
-0.17907800
0.66063400
0.11892000
-0.34265100
0.17536800
-0.82852300
-0.38804000
0.16957500
-0.55707700
-0.12380900
-0.88455200
-0.30764600
0.12901400
-0.98680800
0.02120540
0.50224600
-0.47583200
0.01590480
-0.37611800
-0.13775500
0.38460700
0.51866500
0.12682600
0.01990650
-0.26065600
0.22025900
0.16251000
-0.24163300
-0.28504800
-0.16735700
-0.60630200
0.12982700
-0.32615500
0.23917600
-0.34186600
-0.35067800
0.50152700
0.69241800
0.03124450
-0.69880500
0.78644000
-0.32310100
-0.22026400
-0.13495900
0.31581500
0.56241500
-0.09563600
-0.04089030
0.50252500
-0.36191700
-0.16365400
-0.52111200
0.31736900
-0.49710500
-0.17758600
-0.52160000
0.12077100
-0.17641200
-0.21215700
-0.59167500
1.02008000
-0.33361600
-0.35257400
0.29513300
0.35843100
-0.50250200
-0.69944300
0.05971120
-0.46028300
1.29632000
-0.01989250
-0.09804070
0.06839420
0.95844700
-0.34120200
-0.29248400
-0.21674300
-0.20399400
0.00743479
-0.26169400
-0.62850800
-0.38092700
-0.00922342
0.31261900
0.18173200
0.05043510
0.98403500
0.05420270
-0.40463000
0.11449300
0.82588700
-0.67150000
-0.36850300
-0.98570600
-0.04574520
0.46798200
0.36119300
-0.14512300
0.33624200
0.10111000
-0.61012000
0.17543700
0.06003930
-0.45640000
0.10803700
-0.53029200
0.02218640
-0.28624400
-0.08200860
-0.22356700
-0.43528700
0.00139323
-0.41031200
-0.16809800
-0.17457900
0.29161300
0.32441900
-0.84341000
0.01211550
0.67317400
-0.49427000
0.53737300
-0.30511700
-0.16879900
-0.36735300
-0.02257730
0.30648100
0.51123500
0.49647200
0.45822800
0.08488310
-0.80948900
-0.00694974
0.31368200
-0.37728000
-0.18888400
0.20963800
0.06707780
0.44969100
-0.08197430
0.66655600
-0.48948900
0.38478200
-0.09331180
-0.99191900
-0.03135690
0.33624200
-0.10269600
0.44561500
1.59818000
0.28263900
-1.01221000
-0.10112900
-0.59970100
-0.57783400
-0.13295400
0.25085500
-0.69174100
0.04127350
1.04810000
0.52695900
0.08031490
-0.14570600
-0.34486300
0.46775800
-0.62899000
0.68755300
-0.36475900
-0.51507400
0.17931400
-1.39682000
0.26556800
0.36987200
0.26723400
-1.14134000
0.49099400
-0.16089000
-0.26684100
0.73898000
-0.35024300
-0.31083400
-0.56808600
0.42027200
-0.25092500
-0.46515700
-0.25698800
-0.79355100
-0.35997000
0.09552370
-0.31079600
-0.19748300
0.80228500
-0.45148200
-0.48253700
0.06064130
-0.20304500
0.26290800
-0.33083600
-0.11585600
0.56932500
0.70012000
-0.23068300
-0.31007200
0.49910000
0.40004500
-0.35148300
0.36103700
-0.60433900
0.27332800
-0.51212200
0.37886000
0.68282600
0.01850830
-0.66292700
0.13786700
-0.33552300
0.12931200
0.19026800
0.56752800
0.32042600
-0.64224200
0.15996700
0.41261900
-0.88082000
-0.60129700
-0.12974800
0.24091300
-0.41134500
0.40451900
-0.39253200
-0.35273900
-0.36467400
-0.06906390
-0.38952500
0.53240300
-0.13506200
-0.21388500
0.34289600
-0.22561700
0.07333060
-1.32675000
1.29979000
0.51421400
0.58391200
-0.17895400
0.07163930
0.24903300
0.77477100
-0.23234700
0.02342270
0.69915900
0.12676300
0.67481200
0.14607400
-0.06696920
-0.33180000
-0.10015100
0.31848500
0.60121800
-0.14087700
-0.48725200
1.28387000
-0.50179600
0.78379800
-0.42897900
-0.41469800
-0.12948400
0.48321900
0.13910700
0.39961000
0.26820500
0.12338400
-0.07866630
0.31852000
-0.72226100
0.07235590
0.59808500
0.28950800
-0.54289200
0.35136200
0.15079800
0.18415100
0.01561610
0.70186100
0.43614600
-0.62332800
0.35980200
-0.05922370
0.35673000
-0.13337100
-0.73562800
-0.08971490
0.39811800
-0.25535100
-0.96341600
-0.03837130
0.17828000
-0.43130100
-0.20153300
0.24712200
-0.45351600
0.64020300
0.67518500
0.07196210
-0.13316000
-0.27661500
0.44134100
-0.56986300
-0.07360060
-0.25418900
0.08598110
-0.03456140
0.06290510
0.31561300
0.42798900
-0.16041700
0.69490500
0.08341750
-0.62817800
-0.28952400
0.39428200
1.40856000
-0.15967000
1.11760000
1.05316000
-0.30081200
-0.12111000
-0.32786700
-0.16910000
0.37819100
-0.03052740
0.62197800
-0.29637900
-0.18329800
0.04000130
0.05981800
-0.21480600
0.27276000
-0.62062200
-1.20867000
-1.17214000
-0.35997400
-0.46710200
-0.31192200
-0.01943450
-0.07985290
-0.44915600
-0.39265100
0.20405700
0.23655100
-0.22259100
0.10388900
-0.25603300
0.09142350
0.90834600
-0.21824500
0.34107200
0.16024400
-0.40718100
0.06735300
0.02522380
0.89709200
0.56119900
0.58257600
-0.48800300
-0.05659830
-0.16162900
0.20604200
-1.07890000
-0.63530100
-0.20464500
-0.46935700
-0.36012500
-0.91593700
1.73434000
-0.29482300
0.08487670
-0.60545300
-0.23211500
-0.00809811
-0.75449200
-0.27141200
0.17259300
-0.60535200
0.61557400
-0.35582800
0.86784900
0.01812050
0.28921400
0.04514230
0.20187700
-0.28360600
0.48321900
-0.16303200
0.50962100
-0.37790900
-0.06586720
0.11592300
-0.19467300
-0.53834400
0.25006600
1.42164000
-0.55684300
-0.72963300
-0.45919000
0.12858200
0.21677100
-0.31911400
-0.58782600
-0.09174470
1.77330000
0.55078100
0.27294300
-0.18559000
-0.11665600
-0.31043400
-0.69849400
0.56257500
0.20737200
-0.29337800
-0.05093510
-0.36054900
0.45216600
-0.32259900
0.53144600
-0.74459600
-0.07835310
-0.52705800
0.18697800
-0.79038900
-0.23959600
-0.00831207
0.59605200
0.17922200
0.49037900
0.42279000
-0.44138800
-0.19411700
-1.14630000
0.28554200
1.13763000
0.57625200
1.34528000
-0.12896500
1.52299000
-0.29295300
0.77229800
-0.42023800
-0.17780800
-0.12094200
0.03630770
-0.15468000
0.19620200
0.65727600
0.75044400
0.02115930
-0.27847600
0.21602000
0.06001670
0.58617900
-0.17134000
-0.69036600
1.06470000
0.21674200
-0.25082200
-0.03158990
0.11842000
0.10324200
-0.37123400
1.51721000
-0.24052000
0.67415200
0.36541000
-0.06895510
-0.26006000
-0.31746000
-0.59921700
-0.37879700
0.50910900
0.17408600
0.46285300
0.97246700
0.47240000
0.06039850
0.43998600
0.54468400
-0.36198600
-0.51074000
-1.02476000
0.26003400
0.33091400
0.00431153
-1.14650000
-0.26001000
0.04318890
-0.09906030
-0.52958100
-0.22265900
-0.30986300
0.02883290
-0.61524000
0.73634600
-0.22566900
0.75386400
-0.99972400
-0.14205900
0.75975200
1.95085000
1.21381000
0.47793800
-0.07553390
-0.16071800
-0.25470300
0.79225600
-0.01830610
-0.11277200
0.40450000
0.33610200
-0.72349500
0.64478300
-0.53179000
-0.00908835
-0.04076180
0.16258500
-0.16418500
-0.15029900
-0.45710400
0.12383300
-0.00227113
0.25889300
-0.15602600
-0.20999300
0.28021500
-0.02594610
-0.43318900
2.03054000
-0.16799600
-0.42746300
0.03326960
-0.06812270
-1.00456000
-1.19721000
0.19244600
1.13599000
0.15550300
0.18762000
0.22893400
0.32858400
0.69271900
0.16409600
-0.14783000
-0.25240100
0.26454000
-0.61882400
-0.13126300
0.52611400
-0.28225100
-0.09277960
0.53474900
-0.26054000
-0.13572400
0.64400500
0.06076720
0.27681600
-0.35129800
-0.23059500
0.00612840
-0.24080900
0.74329800
-0.26799500
-0.33151100
-0.29969400
-0.30467500
-0.07090330
-0.02508850
-0.06458240
-0.24208800
-0.55065500
-0.41214100
-0.15786900
-0.28017700
0.90480200
0.15292000
1.52821000
1.00089000
-1.43050000
-0.56398900
-0.62389700
-0.18473600
-0.33290700
-1.32757000
-0.45044200
-0.63553200
0.09227160
-0.64743300
-0.47508600
-0.22800900
-0.30732400
-0.60171600
-0.09702410
-0.53750800
-0.44765300
0.28433000
-1.07815000
0.56209600
-0.57000500
0.02519780
-0.39013100
0.00441380
-0.14375600
0.22475500
0.74456800
0.21974700
2.01611000
1.01860000
1.02800000
1.27014000
1.01399000
1.39412000
-0.16495300
0.00848988
0.41267900
0.34225800
-0.13842100
0.95194000
0.37159200
1.62306000
0.25193500
0.18489300
1.64497000
0.80283100
0.29267900
0.07956680
0.50609000
0.00470857
0.47601700
0.35089700
0.01096810
0.30131000
1.28598000
-0.23171100
0.10887100
-0.30304400
-0.29059300
-0.37538600
-0.79734600
-0.15531800
1.36589000
-0.48678100
-0.79956300
-0.36661900
-0.29978800
-0.10297600
-0.37288800
-0.10174700
-0.10013800
0.07453010
-0.09946170
0.22244000
0.39450600
0.31661100
-0.45833500
-0.32810500
0.40108900
-0.25406400
-0.03815100
0.01607280
0.08909240
-0.61268200
-0.80173900
-0.52080700
-0.33924100
0.12217200
-0.45054000
1.63586000
0.18272500
-0.34837200
-0.23333400
-0.46279100
0.44492400
-0.75850500
-0.72460100
-0.30797700
-0.13345000
0.18486300
-0.40566100
-0.12719000
-0.11580600
-0.36009000
-0.35728900
0.96450700
-0.47367300
-0.98076400
-0.75607100
0.95318800
0.53072900
1.12175000
0.38987500
-1.04111000
0.15557300
-0.25130100
0.56362200
-0.89171600
-0.02342730
-0.26751000
0.03763810
-0.95688200
-0.48850000
-0.31269000
-0.33368000
-0.28460200
-0.52856500
-0.40891100
0.07957530
-0.89839900
0.20554500
0.22974000
-0.13447100
0.23357000
0.08213990
0.17068600
-0.22461200
-1.02671000
-0.39772300
0.42298900
-0.11922100
1.13439000
-0.71782500
1.07733000
-0.39653900
-0.28224900
0.15758200
1.05369000
0.49635000
0.35399100
-0.49035700
-0.11973500
-0.52889400
0.04419660
-0.07966420
-0.24974900
-0.09216960
-0.11256900
-0.02982910
0.10494600
-0.28943200
0.73971300
-0.13005800
-0.49113000
1.39977000
0.45463900
-0.29509700
0.00594483
0.58120300
0.49464700
0.06831160
0.12874400
-0.00286313
-0.19797000
-0.22712300
0.02004840
0.23994900
-0.37147500
-0.29170500
-0.10981200
0.09460960
0.30587200
1.33966000
0.93162100
-0.11338500
-0.47278500
0.21167600
0.45274900
-0.65977000
-0.15050700
1.42573000
-0.39444400
0.30958500
0.62382800
-0.05982060
-0.70887600
-0.25241900
0.42547100
-0.47205000
-0.18895100
0.11607800
-0.44032400
0.35156600
-0.49506100
2.04796000
-0.28982400
0.25013200
-0.38011200
0.30400800
-0.06895690
0.25977900
0.61454300
-0.10420600
-0.67521300
1.75312000
-0.32195100
-0.32230000
-0.43684300
-0.43828100
0.82692800
0.47005500
0.46932300
-0.14787300
-0.56780700
-0.91890700
0.39204300
-0.42089500
0.95331100
-0.33438500
-0.56009000
-0.20140800
0.05517770
1.48485000
0.68081700
-0.60110700
0.44216300
-0.67082000
0.06229650
0.40463100
-0.08871140
0.03032850
-0.30183200
-0.20902800
0.12119200
-0.27727100
-0.01054920
-0.57332300
1.15169000
0.38453700
0.11549300
-0.60964200
0.17175400
0.15049000
-0.30500200
-0.24488600
-0.37618500
-0.09674170
0.04675960
-0.17936600
0.09048470
-1.21501000
-0.15856100
-0.83329600
-0.05965100
-0.54558900
1.68047000
-0.09898930
-0.47211900
-0.36584100
0.22430100
-0.44041300
0.04388660
-0.09616730
-0.14145000
-0.07815430
-0.18567900
-0.05255260
-0.73964700
0.09253990
-0.77630700
-0.58946900
0.37357600
0.19081400
-0.08242690
-0.57264100
0.28119400
0.35289800
-0.58492500
-0.06470560
1.22956000
1.18209000
-1.03044000
0.05209240
0.11259500
0.01164970
0.88119800
-0.86691500
0.54047300
-0.35512100
-0.13388700
0.16596300
-0.42844600
-0.37856700
-0.05710250
-1.08970000
0.49917500
0.21135400
0.63862700
-0.84906300
-0.50633900
-0.32896800
0.25889600
-0.31298100
-0.14301100
0.22430100
0.23582200
0.13227400
-0.57520600
-0.10219700
-0.19058000
-0.49804500
-0.10108800
-0.18981100
-0.55633800
1.37483000
0.13823500
0.28194600
0.91766400
-0.18574200
-0.67398700
-0.19406100
-0.45805200
0.06833830
-0.28063000
-0.71806600
-0.19823600
1.73362000
-1.06778000
-0.15633500
-0.42951000
0.09536770
-0.08453010
0.13324700
-0.81195100
-0.34620300
0.37086700
-0.21518400
0.40614800
-0.15521400
-0.21851300
0.17603700
-0.29667500
0.06436490
-0.66818100
-0.86161300
-0.47253900
-0.20707400
0.09936330
-0.20255700
-0.41155600
0.52757000
0.13844600
0.00064250
0.18403000
-0.52906300
0.78588500
-0.32005800
0.49071900
0.02256620
-0.60908500
0.32066200
1.33604000
-0.19977100
-0.22710700
0.08087500
0.01088750
0.50700500
0.68655200
0.02712960
0.68643400
0.35017600
0.02736440
0.05943620
-0.43562400
0.49491000
-0.08337270
-0.66909800
-0.27777300
0.34718100
2.83967000
-0.83121200
-0.10171900
-0.46143700
0.76938200
0.93196400
0.55527300
1.29110000
-0.18983300
2.36039000
1.68683000
0.17274200
0.75282800
-0.14173600
0.09162780
0.93484500
-1.01029000
0.37901900
-0.28057600
0.00759097
-0.17592500
3.02569000
-0.31951000
-0.72396500
0.24798400
0.03170180
0.03704570
0.59970300
1.70231000
-0.40970100
0.08203490
1.43424000
-0.03072540
-0.42506500
0.07936100
-0.72878500
0.01636650
-0.84767200
-0.45642000
0.36339300
-0.03123980
-0.16364900
0.50053500
0.49697600
-0.66569500
-0.24602200
0.58918100
-0.38845300
-1.02404000
0.03095610
-0.83384000
-0.39180100
0.26473600
-0.15617800
-0.69869200
0.84291200
1.23239000
0.35088800
-0.40594400
-0.47341100
0.68627100
0.26405800
-0.26208500
0.45729100
0.03282220
-1.03657000
0.39546300
-0.46096700
-0.32239500
-0.09037670
-0.04377160
0.06704700
-0.62026700
-0.54179000
-0.76572000
0.72568600
-0.23704400
-0.30386400
0.34476300
1.09747000
0.52511800
0.30105400
-0.25496600
-0.60394800
-0.36182500
-0.46206500
-0.26176600
-0.43728500
0.03196380
0.12608300
-0.51819300
-0.17664900
-0.38327400
-0.04454430
1.21553000
-0.29881600
-1.07561000
-0.23826600
0.09065650
0.35136800
-0.11811500
-0.13844900
-0.21572000
-0.57001200
-0.44490400
-0.93615400
-0.17228300
2.06099000
-0.33934700
0.18843800
-0.93741800
-0.30597800
0.94589000
-0.70689600
0.13155700
-0.43578600
-0.17364700
-0.05402720
2.05989000
-0.24417100
-0.40378400
0.48334300
0.28980500
-0.72492800
-0.64800600
-0.04190220
-0.08197060
0.18362100
0.99572300
0.33361800
0.83365600
0.20782400
1.42621000
0.83115400
0.84554300
-0.10711100
1.05253000
0.05975790
1.11700000
-0.26802400
-0.25794900
-0.34943400
-0.66619400
0.41991300
-0.29954300
0.32487900
0.32213000
0.44138900
0.00466129
-0.71916400
0.18923100
-0.53183300
0.74920200
-0.17476400
0.46661000
-0.30830300
1.09530000
1.35681000
-0.51620300
-0.77291400
-0.42220400
0.14717900
-0.15063000
0.50994800
-0.61221500
-0.09103100
0.18119500
-0.57477600
-0.38255900
-0.15240700
-0.01923300
0.34067800
0.85016400
0.28883000
0.29467500
1.20610000
-0.26083300
-0.20824300
-0.29085900
0.23151800
0.18168500
0.13703700
0.14872600
-0.61305300
-0.89158200
-0.44436800
-0.72486200
-0.37544000
-0.54450700
-0.00210757
0.20262500
-0.36741300
-0.44956100
-0.16973200
-0.02635220
0.47598200
0.25259000
-0.19468900
0.25980300
-0.06503300
0.07153360
0.62193700
-0.71795100
0.00129955
0.09742020
-0.33926700
0.65634300
0.56459100
-0.17208900
-0.14379000
-0.24305300
0.27440000
-0.37212800
-0.04711250
0.45808400
-0.02407190
0.65324900
0.27207400
0.91611900
1.06187000
-0.30611300
-0.26291200
0.57677300
-0.54317000
0.19365900
0.57487900
-0.39181100
-0.53932100
-0.46880000
-0.23875800
-0.07230830
-0.63784100
0.63650600
0.80235400
1.09829000
-0.34420400
0.80461100
-0.57455700
0.00879764
0.33577300
-0.06266410
0.02165910
-0.00200720
0.44269200
-0.39518200
0.07243450
0.14631000
0.52983800
0.52983800
-0.60774000
0.04626860
-0.47318200
-0.58860800
-0.18661900
-0.11908600
0.22672400
0.76574200
-0.87581900
-0.00674784
0.40614800
-0.04786010
-0.24378500
-0.35234100
-0.39069700
-0.15869900
-0.65517600
1.61136000
0.38935400
0.06003520
-0.61850500
0.19939200
0.22924100
0.20606700
-0.34622500
0.48557000
0.19763800
-0.29406300
-0.13481300
-0.74522900
-0.24362300
-0.45047600
-0.05769410
-0.60651400
-0.21104300
-0.59738500
-0.19372900
0.23149100
0.25024800
-0.33140200
0.92656500
1.19563000
-0.48407000
-0.01759470
0.02442200
0.15218900
0.30810400
-0.64637500
-0.05398330
-0.68073800
0.10114100
-0.61944000
-0.03490020
-0.15560500
0.31709200
1.07897000
-0.03227210
0.20731300
-0.22974200
-0.64882900
-0.37692500
0.36163300
-0.17575100
-0.25780100
-0.54064500
-0.15039200
-0.00359745
-0.19479400
0.44839100
0.12975700
-0.29488000
0.39286300
1.19438000
0.05146520
-0.42697400
-0.58271200
-0.19582200
0.31008800
-0.65462800
2.21986000
-0.46377500
0.46505000
0.18394900
-0.98395700
0.09283260
0.70191900
0.46305600
0.32354800
-0.22215700
0.89016600
-0.47353300
0.37920300
0.02425520
-0.29563100
-0.11330400
0.17012100
0.13058300
0.89497800
1.20994000
2.59791000
-0.64331800
-0.22871800
0.13186100
0.55598600
0.12430100
-0.07929450
-0.16068600
0.34853700
0.00081538
-0.59785800
-0.17011300
-0.19416700
-0.34621800
-0.29731300
0.16952600
-0.82882400
0.18545100
0.11160400
0.11754800
0.21601200
0.06106110
-0.52927800
0.40440700
0.17763700
0.56167400
-0.25633900
-0.45457800
-0.32191000
-0.17763700
-0.13581300
0.00447401
-0.71528600
-0.37545000
0.03091320
-0.05594540
0.30162000
0.41450200
-0.21643000
-0.10048400
-1.10089000
-0.23536900
-0.61663700
-0.01655450
0.52439100
0.00682973
0.02959030
-0.68564600
-0.44514100
0.43983000
1.02448000
-0.35708100
-0.79872200
0.48099600
-0.03015360
-0.31126100
-0.25795400
-0.37417500
-1.34496000
0.06448860
-0.60263500
-0.00308630
0.04262690
0.21781400
0.10049000
0.10715300
0.63098700
0.11530600
1.76932000
0.73495900
-0.25676500
-0.16701300
-0.09653560
-0.57425000
0.05541970
0.55384400
-0.09663110
-0.45110900
1.31967000
-0.29905500
0.74269300
-0.19860600
-0.23122600
1.53693000
0.46707200
0.56610300
-0.04773620
-0.37802200
-0.47248500
-0.54849200
0.57722500
0.24019900
-0.39117100
-0.66476400
-0.14099600
-0.49406200
1.90159000
-0.05595270
-0.24457700
-0.07834250
0.19760400
-0.71313300
1.57591000
0.45712300
-0.64489500
-0.27262800
-0.36317900
-0.41576600
-0.22805200
-0.45680700
-0.69414500
-0.32292500
-1.15613000
-0.14556300
0.85666400
-0.71746100
-0.46287100
0.10506700
-0.85739900
-0.71353500
0.86243200
0.96427400
0.05632100
-0.08163230
0.20635300
-0.64975600
0.09812570
-1.09020000
-0.59454200
-0.46777100
-0.68436900
-0.51892200
0.65998700
-0.22428400
-0.25641200
-0.40774600
0.24030700
0.26435100
-0.00187796
-0.00857558
0.32700400
-0.48015800
-0.36446500
-0.13623800
1.24083000
-0.55612800
0.52756600
0.40369600
0.49521200
0.34011900
-0.08909290
-1.12138000
-0.66264000
-0.35515100
-0.51187900
-0.68441900
0.53141800
-0.09432120
-0.00014911
-0.23360600
-0.91561200
0.80005000
0.11950500
0.50184200
-0.63115200
0.81284600
-1.07406000
0.26920300
-0.53844300
-0.30974100
-0.08564140
-0.25235800
-0.13938800
-0.52774200
-0.30391100
-0.38384200
0.18571700
0.07350390
0.81076200
0.23494700
0.22931600
0.01225420
-0.75893000
0.36209000
-0.21595400
-0.68442000
-0.91423700
0.06347710
-0.17932100
0.40402200
-0.11801200
0.31324100
-0.66568800
0.07739430
-0.07016850
-0.23286300
-0.47282700
-0.06445830
-0.39289200
-0.31138100
-0.00802593
0.11525200
0.15727900
-0.48613900
-0.14742300
0.37616100
-0.43541400
0.04509400
-0.18573200
0.19815100
0.05673880
-1.07663000
0.34068000
-0.24689400
-0.17296700
-0.48010700
0.03352680
-0.47224200
0.12599100
-0.29700100
0.44580300
-1.01821000
0.31004000
-0.28517400
0.24050500
0.49133000
0.37248600
-0.43386700
0.30482200
0.35912800
-0.23952000
-0.39512900
0.38061000
1.16288000
-0.43537300
0.43987800
-0.25428300
-0.62116500
-0.15302100
-0.38813700
-0.43531300
0.17471700
0.16374800
-0.29640400
0.39476500
-0.02363030
-0.26308900
0.59305600
-0.44966400
-0.09007970
0.25024600
-0.66147300
-0.61519300
-0.13907700
-0.14687300
0.54156700
2.52138000
-0.68877300
0.12384300
-0.76490100
-0.31049200
-0.06385990
-0.88087300
1.14400000
0.75744700
-0.13781500
0.35912800
0.01894810
-0.32572400
-0.06195420
1.20519000
0.36853300
0.15854900
1.65212000
0.69854300
-0.89244900
0.18602000
0.10813600
1.07191000
0.41142800
0.53575500
-0.35666000
-0.45177900
-0.22709700
0.82074200
0.69716900
-0.54556500
-0.26012300
0.34486500
-0.45604500
-0.69167600
0.00842112
1.26542000
1.19824000
1.17188000
1.34901000
0.81331500
1.06770000
0.77815300
0.41493300
1.59341000
0.69743500
0.27714100
0.58347800
0.80108900
2.21445000
-0.15300500
0.30194200
-0.02819330
-0.08499280
-0.54923600
0.20926800
0.07357030
0.41740900
-0.02438620
0.85882800
-0.62412000
-0.38137700
-0.26300800
1.91878000
0.04037850
-0.63272900
-0.57712600
0.19251000
-0.32912400
-0.63654800
0.03317510
-0.23837700
-0.36264800
-0.36225000
-0.18626700
0.01027000
-0.01015060
-0.06260560
-0.56047400
-0.15727200
0.62996100
-0.60293900
-0.96892500
-0.09643530
-0.49230500
0.03862050
0.17739100
0.13871100
-0.05484930
0.68504700
0.57330900
-1.15348000
0.60796200
0.40062900
-0.13010200
-0.23156700
0.34271800
-0.18946100
-0.22737400
-0.19778200
-0.52965600
-0.19680500
-0.93744100
-1.28538000
0.10739800
-0.49136300
-1.14587000
-0.55613100
-0.17093000
-0.43641500
0.07228830
0.33024600
0.24953600
-0.29449300
-0.30353700
0.18975200
-0.91836700
-0.08999120
-0.72025300
0.27421000
-0.62162000
0.10955500
-0.11455700
0.03865240
-0.82465100
1.39924000
0.25231200
-0.70997800
-0.13506900
-0.23155000
0.06101040
0.03577070
0.09821700
-0.41863800
-0.31626800
-0.31504100
-0.07069720
0.17478200
-0.14297300
-0.28841800
0.20285400
-0.30173200
-0.76377900
-0.47429200
0.33305800
-0.35061900
0.16650500
0.01508230
0.03124210
-0.52866400
-0.28928300
0.74563100
-0.26533300
-0.47868500
-0.04149100
-0.40428700
0.23953700
-0.53988400
0.48950100
-0.00950009
-0.06405200
-0.54742100
0.46812600
0.61401900
-0.05459350
-0.18400000
0.25345700
-0.01078420
-0.10159700
0.09731630
0.33749600
-0.18011200
-0.15965300
-1.16359000
0.78398500
-0.20413600
0.40057700
-0.95956200
0.43658500
-0.89015800
0.83053700
-0.50410400
0.07395120
-0.19624000
-0.35034200
-0.56143600
-0.05648670
-0.31133300
-0.55848700
-0.00933936
-0.05442320
-0.83497300
-0.23056300
-0.08218360
-0.76972000
-0.48177800
-0.20423600
-0.31455700
-1.01534000
0.08283370
-0.06540700
-0.37750000
0.42880100
-0.15372500
0.07406260
-0.62005700
-0.51011800
-0.78128100
-0.12541500
-0.10278800
0.67187100
-0.79223900
-0.48999000
-0.06149750
-0.02118760
-0.67557800
-0.06859120
1.17880000
1.98512000
2.82686000
0.51215300
0.38645900
0.53064200
-0.50296400
0.08315990
-0.04872830
0.50422400
0.11834400
0.18348200
0.39296300
-0.41192900
0.12556800
-0.14424200
-0.23043700
0.16075400
-0.08076820
0.03158780
-0.50504600
0.35613500
0.49424400
-0.59060000
-0.41119100
-0.28171400
0.11755600
-0.84628900
-0.17361500
0.51383700
-0.22663600
1.41361000
0.52746000
0.07733360
-0.37914600
0.37964300
-0.21126300
-0.55781600
-0.01781130
-0.57623200
0.83189300
0.32928800
0.85386200
-0.59722500
0.25219800
0.35244900
0.70755500
0.63063800
-0.20241100
-0.24673700
-0.13308400
-0.40453400
-0.69535500
-0.24302000
0.68245200
-0.42092000
0.30302600
0.14245200
-0.24145300
-0.07997400
-0.01845890
0.15595600
-0.05307100
-0.38831800
-0.16868900
0.11566500
0.09823080
0.23596700
2.17052000
-1.04289000
-0.81893800
-0.64333300
0.32421900
-0.41088900
1.01499000
0.37546400
0.49555100
1.12941000
0.73097900
-0.50427900
-0.03882050
0.20530900
0.06937470
0.15229700
0.01268620
2.38783000
0.70993000
-0.67730100
0.53082300
-0.62923500
-0.45894700
-0.48215200
0.64300300
0.80724300
0.30134100
-0.26309700
0.46193200
-0.49342700
0.29052000
0.64285800
0.16741100
-0.18994600
0.31193800
-0.08944130
-0.22306600
-0.32682100
1.26624000
0.72251500
0.00200243
-0.13593300
0.13616900
1.16899000
0.83416600
-0.31095900
1.13770000
0.34540400
-0.33840400
-0.49132000
-0.46699700
-0.14538900
-0.50041700
-0.25798500
-0.27829100
0.19303500
0.38979800
-0.27924500
-0.76710100
-0.05914810
0.90455400
-0.17065000
0.24395200
0.82486300
0.07098410
0.55125800
-0.51881300
3.10654000
1.05491000
0.22840600
-0.21059300
-0.10701100
-0.20648200
-0.51617900
0.23672000
-0.12309600
-0.21658000
-0.40542600
-0.42567700
-0.62390200
0.66275900
-0.24491800
0.40650300
-1.01106000
-0.56388700
-0.52134200
-0.12175500
-0.30512600
0.10892900
0.30693100
0.12645000
0.10776800
-0.01474970
0.00500816
0.05824290
-0.20080400
-0.00202210
0.04300970
-0.11069300
0.92755900
0.13719700
0.11299700
-0.33940900
-0.50650500
-0.50010200
-0.02667780
0.13135700
0.08962980
0.23635500
-0.36383500
-0.43166500
0.02547670
-0.36454500
-0.21244900
0.03804880
0.22988700
-0.15938300
-0.54020500
-0.20100600
-0.22542200
0.08802960
0.01183680
0.01936680
-0.48439900
0.08319330
0.23666300
-0.54013000
-0.13061200
0.43208900
-0.84310100
-0.74802100
0.34050900
1.16707000
0.49219300
0.09254480
0.23308200
-0.74828500
0.21590600
2.32343000
-0.07684090
0.16819200
-0.07614250
0.24659300
0.24029600
-0.23843300
0.40390100
-0.43712400
0.07726390
-0.44393200
0.13963000
0.20173600
0.27400300
0.28494900
-0.03518390
0.23060200
0.49325300
-0.89385000
0.30061900
-0.77027100
0.16266400
-0.64648900
0.46222800
-0.47087000
0.16944700
0.13654800
-0.09261620
0.53980700
0.11525100
-0.11982300
0.35945400
-0.43097700
-0.16685500
-0.30241100
-0.12245600
-0.42079800
-0.19520300
-0.87716800
-0.02213320
0.19615900
-0.49902800
0.05224570
-0.07674480
-0.40938700
-0.41738800
-0.49432300
-0.05438900
0.63205200
-0.30593800
-0.33118000
0.23207800
-0.44755600
-0.40597700
-0.03268110
-0.16302800
-0.29959100
-0.19567600
-0.35983600
-0.29054800
-0.61798900
0.21378900
2.56621000
-0.30592100
1.01471000
-0.23537000
-0.12245900
1.18829000
1.46865000
-0.07007930
-0.68631100
-1.00622000
-0.93392500
-0.11673200
-0.05870590
-0.51284600
-0.49679100
0.40262100
0.09888540
-0.02274100
-0.11271700
-0.52554100
-0.09478900
0.05197040
1.96512000
0.85272000
-1.15975000
-0.27148500
0.28746400
-0.09844040
-0.33565900
-0.06008370
-0.49897900
-0.52481600
0.03713160
0.26742000
0.44134900
0.41804600
0.23318000
-0.54947700
0.43886300
-0.24163100
-0.55822300
-0.18375300
0.99802100
-0.14823700
0.52467500
1.53012000
1.07406000
-0.07972280
0.12351000
-0.88323100
-0.67787600
0.06272560
0.70886100
-0.77594100
-0.59421800
0.70443100
3.78378000
0.94892200
0.75658800
0.26355300
-0.09471970
0.10090100
0.30091000
-0.58380200
-0.63957800
0.02990650
-0.32119900
0.43218900
0.30819300
-0.39028100
0.38968400
0.57756600
0.03103600
-0.06283320
-0.46147000
0.17299300
0.26321700
0.58456300
-0.06022150
0.48796600
-0.02088200
0.15675300
-0.21508400
-0.00416543
-0.07476850
0.58003100
1.90769000
-0.03981070
-0.50966500
-0.70958600
-0.86305700
-0.05936190
-0.29118100
-0.67747000
0.80637500
0.50377900
0.45383100
-0.16157700
0.14079900
-0.77486600
0.52943100
-0.64986800
-0.06147640
-0.00772892
0.43055600
-0.25292800
0.10107400
0.06132850
-0.05452720
-0.68312200
-0.10875900
0.70353100
0.80010700
0.35399400
1.61543000
0.45402800
1.73168000
0.55489100
-0.25957600
-0.34545100
-0.16397300
-0.31695300
-0.08322530
-0.35999200
0.04206860
-0.17129400
-0.02976510
-0.30079000
0.16370400
-0.61154500
-0.06034270
-0.79909000
0.13595700
-0.57230100
-0.92586400
0.99430800
-0.85421600
0.56461800
-0.09690420
0.45394000
1.16715000
0.14202100
-0.34070900
-0.44241000
-0.97616900
0.08650960
-0.55379500
0.28670300
0.00315625
-0.57653400
0.52896900
-0.65971200
0.72415800
-0.33076600
-0.62245000
-0.24348600
-0.31838800
0.96476400
-0.71213300
0.45966500
-0.92504800
-0.14077100
-0.43684100
-0.00617683
-0.29150900
-0.16810900
-0.37664500
-1.56609000
0.26016900
0.19678700
-0.82696700
-0.15620000
-0.41688400
-0.06297310
-0.40406000
0.26050500
-0.16723100
-0.13896500
-0.32518900
-0.25635800
-0.34593400
0.81657400
-0.61475600
-0.78741900
-0.13536200
-0.54299700
-0.38731400
-0.60956900
-0.31864900
-0.46051800
-0.21191900
-0.52316800
-0.37645100
-0.39472000
-0.05755370
0.71411700
-0.09874830
-0.16530500
0.18959300
-0.00365560
-0.27294100
-0.45950000
0.05774390
0.04328610
-0.70867700
0.21139500
0.38824400
0.35027400
-1.09298000
1.19830000
0.27780500
0.82949100
-0.45846900
-0.73421500
1.31876000
-0.40783100
-0.27708200
0.23701800
-0.29597800
-0.31437700
0.34400600
0.32569900
-0.39289800
0.04525260
0.34789800
-0.43668900
-0.51982200
-0.50543800
-0.50326500
-0.04306390
0.52894400
0.29049200
-0.30487200
-0.59879300
-1.30367000
-0.29732300
-0.23620100
-0.19389900
0.24970300
-0.34053800
0.26913800
-0.25584600
1.16350000
0.09761120
-0.37068000
-0.23073700
0.15852900
0.40451700
0.04446750
-0.52829000
0.91739300
-0.19193800
-0.07736440
-0.15142000
-0.13757700
-0.73351600
0.33516200
-0.26922900
-0.47033200
0.07435670
-0.49070300
0.65685500
0.04191470
-0.02539490
-0.44528500
-0.18108500
-0.50468900
-0.56801500
0.46767700
-0.48442700
-0.04475750
0.99306200
-0.01957560
-0.35861500
-0.05649320
0.45277100
-0.49003100
-0.00765822
-0.64874900
0.01372430
-0.70999400
0.27964800
0.40028800
-0.25196100
-1.35254000
-0.20056300
1.60643000
1.04845000
-0.56061500
-0.04760260
0.22838900
-0.18281300
0.55000800
0.08522940
-0.40952400
-0.63685200
-0.46639400
-0.44968000
-0.51007400
0.05802470
0.10848300
0.20090600
0.14496400
0.05142340
0.14982800
0.31195300
-0.48165200
-0.35196400
-0.32947000
0.34553600
-0.30079000
-0.94897600
-0.51079400
-0.79783500
-0.11093100
1.21417000
-0.54620400
-0.78263400
-0.04041570
-0.55975500
-0.09427340
-0.58573200
-0.23120000
0.55840900
0.05655470
-0.64533300
-0.37657300
0.07239680
0.81666000
-0.57633900
-0.81999400
-0.43662500
0.20023000
0.37442100
0.52803000
-0.70036800
-0.45754000
0.00771534
-0.32241600
-0.58246200
-0.56543700
-0.30316000
0.01007780
-0.28413900
-0.35623500
-0.29535800
0.60784100
0.29652300
0.16532600
-0.33204200
0.05191190
-0.61321900
0.02366920
-0.04249570
-0.37933300
2.37912000
-0.53625900
0.04487820
0.25691200
0.05789350
-0.32530500
0.75860300
-0.19284600
0.18989300
0.17296500
-0.97549000
-0.59424500
-0.40369000
0.33175400
0.12003200
-0.28398100
-0.50356600
-0.18954300
0.18673700
0.01262290
-0.08483320
-0.26566500
-0.16450000
-0.39944000
-0.19338700
-0.12103500
0.06758390
0.62007500
0.49427700
-0.20216900
-0.32711600
0.04405730
-0.29363900
-0.11379100
-0.00748659
-0.25762900
1.40123000
-0.00398673
-0.11204100
-0.82423100
1.62367000
-1.03553000
0.58188800
-0.15075400
0.28773200
-0.70817700
-0.19449100
-0.34028000
-0.58915000
-0.34591900
-0.76010300
-0.46386600
1.57773000
0.31046200
0.15228300
-0.19135100
-0.53688200
-0.11756100
-0.12061500
-1.00883000
-0.66996100
-0.18505100
0.43203200
0.52672400
0.05610890
4.16446000
0.81129300
0.82924600
-0.15804100
0.07517680
0.69046500
0.41777700
0.61983400
0.20142400
1.42869000
-0.82450800
0.14089000
0.15204100
0.14284000
-0.59065400
0.12258600
-0.54841300
-0.02700890
-0.33759000
-0.48190900
-0.42204600
0.01513160
-0.40318300
-0.39068700
-0.12665600
0.95098000
-0.24555800
-0.57120100
-0.08370680
0.29109500
1.37342000
0.41509900
-0.28470400
-0.15697900
-0.05774470
-0.22258600
-0.09699550
0.24325700
0.33365600
0.57862800
-0.18973700
-0.14757200
-1.22076000
-0.14326800
-0.38589000
0.00854255
1.07880000
0.88021800
1.08058000
0.67885100
-0.66839400
-0.23290000
-1.00441000
0.64650900
-0.52703400
-0.29803100
-1.00085000
-0.49411200
-0.93413600
-0.30033200
0.17193300
-0.21725800
0.41065900
0.18053300
0.83083000
-0.20610200
0.70059100
-0.25740200
-0.15467100
-0.52987100
0.10797000
0.25143100
-0.21431500
-0.45237200
-0.65382200
-0.11561700
-0.19307000
-0.30546300
0.58276900
0.21189800
-0.18120100
-0.60717400
0.29630700
-0.45713900
0.03314090
0.15623200
0.45501700
0.05010340
0.06571170
0.17184300
-0.68027200
-0.51291100
-0.13514900
0.32742600
0.13161100
-0.24723600
-0.13350300
-1.16609000
0.11773000
-0.60551000
0.77732500
-0.18440900
0.22661300
-0.06944950
-1.02451000
0.41240400
0.71168200
-0.52110000
-0.35592700
-0.16345100
-0.33762900
-0.41773600
-0.59499900
-0.09271770
0.32921300
-0.53174000
-0.25833400
-0.54619500
-0.24390100
-0.83507400
-0.10368500
-0.70963900
0.51691400
-0.29200100
-0.38708000
-0.36068600
-0.04131400
0.03752970
-0.09354100
0.62204600
0.25899700
1.08454000
0.17459800
-0.63017600
-0.36397000
-0.20164300
0.14671900
-0.61189500
0.64036200
0.29249800
-0.63128600
0.31465500
-0.58617400
-0.13083700
-0.14928200
-0.23013500
-0.61468000
-0.12477400
-0.00937529
-0.52649300
-0.36027300
-0.64716200
-0.63633500
-0.14106200
-0.35381600
-0.79454500
-0.31965100
-0.51830200
-0.05941580
-0.09874290
0.58310800
-0.16458600
-0.31470400
0.40280400
-0.24799400
0.34083200
1.29770000
-0.21962600
-0.21931300
-0.40875800
-0.47776900
-0.19083300
-0.64409000
0.28936100
-0.06337730
-0.66491000
0.33593100
0.22182400
0.51979800
-0.19767200
-0.33397900
0.18713600
1.50348000
-0.48139800
0.80572800
0.58449900
-0.52744600
-0.50127800
-0.22507900
0.69554900
-0.94180000
0.72793700
1.59510000
0.48665400
0.41617500
-0.39684900
-0.38217200
-0.65518500
0.18725300
0.57806100
1.05283000
0.09935840
-0.05060910
0.23176500
-0.48025500
-0.49918800
-0.52299900
0.36919400
0.25884000
-0.06145700
-0.24623300
-0.66969700
0.98659300
-0.67781400
0.48511900
-0.03115740
-1.11144000
-1.08064000
-0.55585900
-0.06971320
-0.58667000
-1.01876000
2.13743000
1.32763000
-0.55549400
0.29188400
-0.39342700
0.64557600
0.12842200
-0.72923400
-0.13258600
-0.22931700
-0.92614600
-0.48097900
-0.64628800
0.09557360
-0.59934900
-0.64073700
-1.34190000
-0.07968960
-0.23628000
-0.08477910
-0.59502600
-0.10608900
-0.56560900
-0.78461700
-0.64542900
0.00311232
-0.50599500
-0.89816400
0.60606300
0.56647000
-0.09750990
-0.91148700
-1.14622000
0.05273260
0.08726330
-0.16008200
-0.68059900
-0.97356800
-0.94023900
0.38470500
-0.30632300
0.46331900
-0.07523200
1.26831000
-0.14305800
-0.22190100
1.33652000
-0.56980600
-0.49300300
-0.42162200
0.63721400
-0.34217700
-0.40257700
-0.07339580
1.83153000
0.68308500
-0.38132700
0.19312500
0.24589700
-0.09094740
0.05401180
-0.40525400
1.40491000
0.71203100
0.25087400
2.91517000
0.56315900
-0.85875300
0.35676800
1.35656000
0.18414500
-0.37644800
-0.25461900
-0.46319800
-0.29198300
-0.23317100
0.17673600
0.08095410
0.18524300
-0.65253900
-0.90246400
-0.14825100
-0.12109800
1.03099000
-0.25826100
-0.41618800
-0.69653100
0.26049600
-0.11597000
0.22682600
-0.69333700
-0.11421200
-0.07145660
-0.30152200
-0.24940500
-0.23937200
0.15707100
-0.38262900
0.78359700
-0.32014500
0.12854500
0.09205660
-0.00513277
-1.04329000
-0.27803100
-0.94056800
0.12558200
2.61358000
1.66982000
-0.76201400
-0.33752800
1.13280000
0.04850230
-0.94175600
-0.57075800
0.67962200
0.53348100
0.27529300
0.13271900
-0.44688200
-0.08651050
-0.97773700
-0.47072100
-0.60202800
0.49326500
0.14698800
-0.60020300
-0.43506400
-0.38336500
0.31059400
0.38071100
1.53486000
-0.15199300
-0.05894160
-0.50442500
-1.27004000
-0.04996100
-0.07443080
0.06537790
-0.45889400
-0.14272200
-0.37692500
1.34588000
1.15963000
-0.22274200
-0.21361800
-0.66746800
-0.04237790
0.29621400
-0.89476400
-0.63629900
-0.70572700
0.03576820
-0.10321800
-0.08164870
-0.13655800
-0.74561000
-0.40519800
-0.44266900
-0.70769900
-0.49584400
-0.15112100
1.19740000
-0.51571800
-0.51863700
-0.57701700
0.16679000
1.47996000
1.38440000
0.18429900
-0.38576100
-0.00312193
0.63571700
-0.96243600
-0.01836500
-0.53001200
-0.26395600
-0.04606650
0.48078700
0.17690700
1.37233000
0.79848800
-0.69378800
0.84802100
0.45912200
-0.38747800
-0.56785800
0.65148300
0.46099200
1.40660000
0.72602100
1.03736000
0.13269000
0.50194600
0.41754000
0.65439700
-0.06504300
0.63305600
-0.33999600
-0.11202300
0.27791100
0.89166400
-0.38414800
0.55609000
-0.41230000
-0.92500900
-0.29330900
-1.00378000
0.01846550
0.01696830
-0.49387700
0.12816700
0.02993870
0.57800500
-0.27697200
0.01157140
0.01704680
-0.27351600
-0.15538000
-0.06550400
0.19053700
0.18556900
1.31588000
-0.41509100
0.80575300
0.56954100
0.03661810
0.25779800
0.24650300
-1.01306000
-0.32853000
-0.18385700
0.74431700
0.55772800
-0.65630800
-0.42822600
-0.11140000
-0.28330900
-0.80105000
0.00252452
-0.17094500
0.35872000
-0.31203000
0.22076300
0.05399340
-0.40654800
-0.52036900
-0.39639600
-0.22571400
1.49708000
0.77497800
-0.22754200
1.14924000
0.26750500
-0.25209800
-0.20089700
-0.26767000
-0.70807200
0.30362700
0.48895200
0.23543100
0.51743700
0.55956600
0.38854700
0.39964500
1.55470000
-0.73848200
0.24185700
0.12052300
0.13116900
0.71488700
1.07231000
0.35142300
0.12986700
-0.22027000
-0.32677000
0.10744400
-0.53360200
0.11023400
0.84262800
0.32849900
1.29036000
2.01001000
0.17347900
-0.19642300
0.00632341
-0.20005100
-0.00953513
0.04354780
0.22226800
0.77007100
0.38815100
1.31750000
0.14326600
-0.51186200
-0.09794690
-0.07947870
-0.68424800
0.11741400
-0.80091900
-0.45386300
0.31930700
-0.36045000
-1.11066000
-0.28114300
0.00061896
-0.73647600
-0.49502800
-0.86843700
-0.38450100
-0.41423200
-0.40578500
-1.00982000
-0.58039800
-0.75195300
-0.63251300
-0.11792500
-0.18321800
-0.73087600
0.69327300
3.22491000
-0.19543200
-0.60561700
-1.11926000
-0.32970100
-0.27356400
-0.28366500
-0.18085500
0.32016200
-0.45330000
0.11099400
-0.99390400
-0.03392680
0.42211400
0.10578400
0.72752000
-0.30690500
-0.17696400
0.18977000
0.31482100
-0.08247320
-0.43230200
-0.02364630
-0.02473260
-0.29227500
-0.43667300
0.21752900
0.22760900
-0.50911900
-0.00227611
2.44654000
-0.42645200
0.06113120
-0.13950600
0.22768400
0.88487100
-0.09016050
-0.42365300
-0.00292348
-0.28890100
-0.52922300
0.08351020
-0.47785300
0.23497800
-0.04971310
0.00089218
0.17915200
-0.47470600
-0.00534781
-0.16030400
-0.23697500
-0.16501900
-0.31387300
-0.39267200
0.11901500
-0.20689700
0.20023300
0.14042500
0.18265300
0.09709890
0.00905176
-0.06609150
-0.25447800
-0.28343100
0.23413800
0.02574560
-0.77806500
-0.06366730
-0.17473000
1.22953000
-0.20449000
-0.49451500
0.13396900
-0.28280800
-0.65078300
-0.02595070
-0.21016600
-0.38897000
-0.37607800
0.39358200
0.57298400
-0.13080600
-0.53902500
-0.17709600
-0.44023900
0.37667300
0.13092500
-0.32633600
0.01565390
0.28050600
-0.16352100
1.24395000
0.36301600
-0.29292800
0.42893200
-0.27386300
0.22902200
-0.50974100
-0.29932000
1.43149000
-0.77285500
-0.22238000
0.08144330
-0.46113500
-0.45985500
-0.29776300
-0.05980660
0.31735300
0.21169700
-0.19297400
-0.84477100
-0.32278700
0.29334100
0.15761200
0.32511900
-0.58340600
0.03178310
-0.69650900
0.43921000
-0.04127750
0.41732600
-0.22142200
0.32454100
-0.54768200
-0.02975170
-0.23849300
0.38016100
1.48173000
-0.17857500
-0.63110600
-0.16928600
-0.15741100
1.01931000
0.29096800
0.42697000
-0.53072800
-0.66349000
-0.13881800
-0.09593160
-0.00347156
-0.73833200
0.05744920
-0.08564900
1.25119000
1.14384000
-0.47571300
0.58553900
2.06882000
-0.23275600
-0.20284700
0.36481800
-0.43930200
-0.31169000
-0.17572900
0.15376800
-0.30976200
-0.28079900
0.06515640
-0.41900100
-0.68090300
0.11565400
-0.10387700
0.08058080
-0.78699700
0.19832100
-0.28630700
-0.77907900
-0.09051590
-0.49371400
-0.65389800
-0.33652000
-0.81164300
0.34925700
0.51018600
-0.63203000
-0.56474800
-0.84581500
-0.07597020
-0.70264600
0.03030650
-0.25080500
-0.28622700
-0.37334900
0.44159400
0.15383300
-0.04350620
0.51886300
0.54260700
0.07629920
-0.04303020
-0.44858700
-0.28691900
-0.22114000
-0.79099800
0.18212000
0.29138500
-0.50257600
-0.21903200
0.56381600
-0.45795500
-0.32187200
0.77651600
-0.09235300
0.14844300
-0.65363600
-0.20523900
0.32314800
-0.84419400
0.63766900
-0.38665100
0.20633200
-0.11272900
0.16842600
0.01923830
-0.11049100
0.18837900
0.09575930
2.79404000
-0.31597800
0.85385300
-0.53448400
-0.40715500
-0.46234500
0.03384640
-0.10122800
-0.41606500
0.00482836
-0.46359300
0.54700900
-0.22425800
-0.43543000
-0.06606240
-0.87620500
0.63032700
-0.62846400
-0.22683400
-0.43660900
-0.18117700
-0.26246200
0.54724100
-0.27360100
0.83055500
-0.46361800
-1.15747000
-0.18144100
-0.19751700
0.21905600
-0.15146900
-0.25759000
-0.09959080
-0.41249000
0.31666900
-0.28259800
-0.55470100
-0.53189200
-0.17088700
-0.86395500
-0.06983970
-0.27713900
-1.23067000
-0.46279300
-0.27265500
-1.24987000
0.10341500
0.24097300
-0.29766300
-0.39941200
-0.15351700
2.86352000
-0.64842900
-0.05871730
-0.31278100
0.22286900
0.09230040
0.57596400
-0.18296500
-0.62091400
-0.02529730
0.16684800
0.24710100
0.44946400
-0.34807200
0.07826350
-0.62671300
-0.28940500
-0.04325230
0.02434560
0.20255100
-0.50371400
-0.33690700
-0.18488800
0.29604600
-1.10428000
0.03811750
0.92558600
-0.22905100
-0.15213900
0.41457600
0.62482600
-0.03369620
0.97293000
0.52618400
-0.67188000
-0.92956000
-0.12647900
0.29339100
-0.48450400
-0.23853500
-0.04202620
0.27779300
0.08301540
-0.54322200
-0.21572700
-0.25425700
0.13981500
-0.33214600
-0.96478300
-0.49603900
-0.45150400
-0.02750780
-0.65124400
-0.34169000
-0.38093900
-0.91793100
0.31978700
0.89808100
0.43977900
1.21047000
2.02180000
0.82264500
-0.32458800
-0.08113790
-0.11120600
-0.18872500
-0.38389800
-0.62625900
0.58757200
-0.15287500
-0.95464800
-0.58713400
0.57212800
-0.50420800
-0.79440900
0.06496560
-0.78059200
-0.26524400
-0.81577400
0.27741000
-1.19720000
0.19175600
-0.16789800
-0.67192700
-0.02429420
-0.41877500
-0.18355000
-0.34235700
0.08813000
0.32415700
-0.03229640
0.05392000
0.29967300
-0.22665600
-0.16627400
0.08637120
0.03155860
0.42181900
0.88503400
-0.07143130
0.34917300
-0.51377400
1.96856000
-0.34265200
-0.33235900
1.39650000
-0.42492500
-0.20746000
-0.00818217
0.26030500
-0.39754700
-0.22852900
-0.57476000
-0.57240100
-0.27693800
0.81421200
0.86680300
-0.40066500
1.05733000
-0.26834200
-0.21548000
0.20042400
-1.11603000
-0.30333300
-0.14824400
0.33079200
-0.49092600
0.64148300
0.71371000
0.86621700
0.57554100
0.47473700
0.58092800
0.25193900
-1.05098000
-0.52589800
0.52206900
-0.69311700
-0.58703100
-0.39119300
-0.76324100
0.43148800
-0.23766000
-0.23028600
0.02713940
-0.35424600
-0.53460600
-0.54742600
-0.74239500
-0.33604200
-0.59201900
-0.27069900
-0.07108780
-0.24122900
0.75130900
0.45736900
0.69940700
1.12487000
0.07118370
0.49313800
-0.31200900
-0.55060800
0.17864700
-0.53413900
0.40792500
-0.15293200
-0.19007900
-1.14999000
-0.77307000
-0.09658010
0.84727400
0.16802200
0.42294600
-0.63833500
-0.34466700
-0.84859500
-0.37301600
-0.87419300
-0.64175200
0.11922700
-0.55205100
0.21631300
-0.58425100
0.90178600
1.74891000
0.56768100
0.15260000
0.25763500
-1.02249000
-0.80634800
0.51785400
-0.20702500
-0.45236200
-0.06677730
-1.59165000
0.26872700
-0.16517100
-1.20784000
-0.01417300
-0.00835358
-0.47294100
-0.15980300
0.46836000
-0.39190200
0.22767400
-0.21887000
0.06959120
-0.12971900
-0.16800600
-0.82521900
-1.47216000
-0.01539280
-0.63972400
1.07148000
-0.33490700
-0.03197630
-0.57958000
-0.14006400
-0.05218550
-0.17552300
-0.41516700
0.02590030
0.27585100
-0.21630700
0.01455970
-0.25794500
0.48453700
1.56919000
0.14629500
-0.50383000
-0.11644900
-0.38486400
-0.82150300
-1.13910000
0.39797200
0.49138300
-0.28728300
-0.13354900
-0.29796000
0.07431320
-0.03110640
-0.33236000
-0.01755380
-0.34210600
-0.13667200
-0.33032500
-0.60594500
-0.26909700
-0.76838000
0.23484000
0.53523600
0.66159000
0.07066800
-1.20539000
0.18206500
-0.40727200
-0.07091250
0.02180750
-0.67737200
-0.76895000
-0.50270200
-0.17345300
0.16044700
-0.08091440
-0.61158700
0.17626000
0.13819900
0.23406200
-0.33867800
0.39277000
-0.48961300
-0.29136500
1.09872000
0.96326900
0.48138700
0.33042500
-0.21437900
0.64739600
0.12832300
-0.10590000
-0.66841000
-0.87025300
0.85782900
-0.28864200
1.54977000
-0.51756400
0.07917060
-0.68143700
0.02598020
-0.58400300
0.15698400
0.87791300
0.42435400
-0.13863400
-0.10073000
0.02281370
-0.26768100
-0.76039300
-0.72654300
-0.16565000
0.34851900
-0.52489000
-0.61631800
-0.16239700
-0.38932800
-0.50956400
-0.43697500
-0.55845300
0.04467330
0.05355530
0.03690680
-0.09455610
-0.83093100
1.40583000
-0.61117200
1.19841000
-0.40536100
0.56917600
0.20644300
0.10815500
1.01956000
0.22382000
0.83010100
-0.09203940
-0.66993200
1.09318000
0.11860900
-0.09049460
-0.70796500
0.45809800
-0.22478700
-0.08581580
-0.30462500
-0.69883900
-0.52449500
-0.14647100
0.45732800
0.58344100
-0.37893500
-0.43959000
-0.37842400
-0.65791800
-0.04855840
0.00991369
-0.45072700
0.04171150
-0.10723200
0.41006800
0.05590810
-0.19415600
0.53211900
1.64583000
0.25774400
0.09453380
0.09907060
0.17909700
-0.68597000
-0.25659300
-0.17700800
0.33443900
-0.43007000
0.01505730
0.02933150
-0.03148160
0.44058700
0.40148400
0.36076400
0.03640390
-0.34294100
-0.48379500
-0.36951400
-0.11634200
0.57423400
-0.20741600
-0.66044800
-0.35842200
-0.52456700
-0.53056000
-0.15103100
-0.43362100
0.99228900
0.07904650
-0.16484800
-0.21664800
-0.07689240
0.19148300
0.03664300
1.06743000
-0.06069710
0.38493800
1.49424000
-0.03470840
0.52966500
-0.32122900
-0.25895000
-0.11152700
-0.35603000
0.82497000
-0.17935100
-0.04921010
-0.57374600
-0.33027000
-0.80870100
-0.29714500
-0.35324300
-0.12864700
-0.21990900
-0.14403800
-0.17900700
-0.91027100
-0.48666800
-0.40713300
-0.49870400
-0.52043100
1.68110000
1.22273000
0.42801400
-0.20313600
-0.15377600
0.90416200
-0.32010400
-0.26440600
-0.11788000
0.45443400
-0.82648200
0.47624100
-0.10627200
-1.01807000
0.22813300
0.55596500
-0.53879500
0.09584780
-0.70406100
-0.03811210
-0.46448100
-1.01107000
-0.47890300
-0.09459390
0.18173200
-0.60904400
-0.01204270
-0.32834800
1.21740000
-0.47902900
0.29487700
0.00108143
-0.39244600
0.24211500
-0.09599090
0.81159200
-0.98256500
-0.60146600
-0.09370820
-0.80650300
-0.68987400
-0.04490880
0.24642600
-0.42705100
-0.61885300
0.49252400
-0.07303000
0.43138300
-0.34402500
0.25541200
-0.49588100
-0.26137300
-0.66465200
0.16214000
1.69832000
-0.05330410
-0.81295700
-0.47030900
-0.05284800
0.39353100
-0.57428100
-0.18322800
0.09090160
-0.57840900
-0.16524900
-0.36357600
-0.33921500
0.21943900
-0.02050880
-0.09218320
0.10967000
0.00481368
-0.06708440
-0.25435800
0.79307900
-0.80251200
-0.72128800
-0.67609800
-0.70977100
-0.87699400
-0.67646700
0.47734000
-0.23020600
-0.68675300
-0.58492300
-0.74784700
0.39603500
0.78964500
-0.38478500
0.16769200
-0.05534560
-0.75735300
-0.28545000
0.37814600
-0.05658760
-0.35054200
-0.52603900
-0.02065040
2.39920000
-1.10684000
-0.25467400
-0.06691430
-0.37741100
0.72576800
-0.10342600
-0.19296100
-0.05774270
0.57095000
0.93017000
0.34272500
0.00924762
0.05557670
-0.19757100
-0.04215670
-0.11050300
0.18079200
-0.43358400
-0.48008300
-0.81827400
0.87559900
-0.26881500
-0.55314800
0.02610500
0.04676320
-0.47988400
0.34043700
-0.18035700
-0.57942900
-0.80075200
0.03739800
0.23154600
0.79516800
0.34693000
-0.18288500
0.47036800
-0.84654600
0.12703700
1.45651000
-0.78941700
-0.29054000
0.18515700
-0.46020500
-0.76672400
-0.42463800
-0.03621090
-0.26346900
-0.40531000
-0.00945662
-0.27213400
-0.06612690
0.43998000
0.32230800
-0.47970500
0.02708110
-0.20169000
0.26671000
0.07250880
-0.31394200
0.03242390
-0.15286900
-1.15867000
-0.21843700
-0.18789300
0.69243900
-0.01405000
0.20298200
-0.74977300
-0.71082900
-0.39336100
-0.62112200
-0.42696800
-0.84622700
-0.24432600
-0.11168800
-1.35722000
0.47850400
0.02000870
-0.45553300
-0.75662700
-0.19383900
-0.16263400
-0.76109600
0.04034450
-0.06534040
-0.70685000
-0.42520000
1.02960000
-1.07784000
1.43442000
0.11953600
0.40530200
0.12102900
1.25519000
-0.22505400
-0.85560400
-0.23127400
-0.58828700
0.56005500
-0.20891300
2.03456000
0.91428500
1.00408000
2.57550000
0.36592000
1.69143000
-0.12200100
0.48516900
-0.99045700
0.34910200
0.15859600
-0.23446800
-0.67858400
-0.08168390
0.50024800
0.53254300
0.83758000
-0.34666500
0.15756300
0.11419800
-0.08000640
-0.34100800
0.30229700
1.74666000
0.81139800
0.92026700
0.48680900
1.13829000
0.63643900
0.27946700
-0.75736100
-0.02841240
0.12909500
0.61116300
0.20971100
-0.69983100
0.21535700
-0.49416800
-0.75231100
-0.03909600
0.10215200
-0.37686400
0.05165350
0.09370200
0.52829100
0.07920280
-0.28167000
-0.70362200
-0.00150618
0.39384200
-0.47095400
0.20150100
-0.64278500
1.46638000
-0.29818500
-0.05358540
-0.21797500
-0.46639900
-0.53409800
-0.32707400
-0.07660550
-0.22199300
0.10520400
-0.25267800
-0.13687000
-0.62477600
-0.58958900
0.34230000
-0.01955570
0.60828600
-0.17876500
-0.44225200
-1.15108000
-0.04780810
-0.62156900
-0.52409100
0.36825600
-1.05207000
-0.42268500
0.20487000
1.76805000
-0.23663100
-0.40736500
-0.68889400
1.11594000
0.16369600
0.08916760
0.24175200
0.24283500
-0.09427340
0.21059300
-0.29808500
0.05008840
0.42568500
0.35953500
0.91048500
-0.95738600
-0.81089800
-0.18310200
0.15018400
-0.60754100
-0.85952600
-0.27370600
0.03459630
-0.67917200
1.02481000
-0.12669500
0.32883700
-1.02720000
-0.33182100
0.13568000
0.55196600
0.00618507
-0.68619200
1.11617000
0.63414300
1.12197000
0.08567620
0.22571900
0.11401200
-0.77135200
-0.54552500
0.13630400
-0.35371400
0.21959500
0.19955600
2.67589000
1.03501000
0.17864500
-0.04005400
0.14748700
-0.51193500
-0.49007000
-0.77486600
-0.46593800
-0.13305200
0.10313300
-0.71654400
-0.29894600
-0.17305900
0.07837010
1.01948000
0.45786400
-0.78763000
-0.80621700
0.53740100
-0.23424400
0.04388080
0.03085910
-0.44202300
-0.50693200
-0.64156800
0.09228770
-0.59849500
-0.41290600
0.14623700
0.62244700
-0.30984100
-0.48830600
-0.06454090
-1.11807000
-0.00839929
-0.11724000
-0.88866900
-0.54692900
0.14411100
0.13115400
-0.31902300
-0.27577600
0.79598400
0.49651200
-0.24426600
-0.88091200
0.08522800
-0.04373210
0.05727580
-0.27273900
0.45330500
-0.59139200
-0.42241300
-0.00526727
0.07087850
-0.05006530
-0.78725600
-0.78879800
0.35749100
0.10496600
-0.86717700
-0.16585100
-0.72968200
-0.40032000
-0.82790600
-0.79280200
-0.24413700
-0.72847100
-0.25555200
0.24069700
0.15473200
-0.62130500
0.44402600
-0.09580310
-0.01355630
0.12851600
0.68273900
-0.98801300
-0.54779000
-0.20817100
-1.11600000
0.31936600
0.10294600
-0.46303600
-0.56638500
-0.05875800
0.13627800
-0.47023200
-0.11384800
0.62956000
-0.27308600
1.08956000
0.33636200
-0.34629800
-0.10305900
0.79652100
0.07122600
-0.71570200
0.95884800
-0.38605100
-0.49409500
-0.03944300
-0.39662900
0.00767144
-0.27287800
0.16961000
-0.35854300
-0.02261180
-0.70098000
-0.19962300
-0.33714700
-0.07916720
0.11449700
-0.65122600
-0.58977200
-0.14350800
-0.26970300
-0.35693700
-0.27964600
-0.02086530
-0.31365500
0.11467300
-0.01288650
0.04124090
-0.71768300
0.25886600
-0.05403270
-0.45795400
1.37591000
-0.02500510
0.01398020
0.41796400
-0.40456900
0.32115700
-0.88312200
-0.63809500
-0.12448300
-0.49220800
0.16036500
1.69743000
0.27303300
0.12131100
-0.26015900
0.08025290
-0.96865400
0.15577600
-0.08515530
-0.14243700
-0.68754800
0.08757690
-0.38450400
-0.01933320
0.14488200
-0.12075700
0.31244300
0.75077100
-0.02066220
-0.53298700
-0.66282400
-0.70644500
-0.45669600
-0.18583200
-0.74836100
0.20077300
-0.76199400
1.04895000
0.05285400
-0.43410600
-0.21384700
-0.51888600
0.01045710
-0.23899900
0.73799600
-0.31329900
-1.29787000
0.15330200
0.49143500
-0.60218400
-0.33006600
0.09930440
-0.03886900
-0.05326240
-0.37620000
-0.32173900
-0.36043200
0.03977740
-0.35449700
-0.69861000
0.23620500
0.21001800
0.01611590
0.66368000
-0.56870000
-0.02534060
0.52900400
-0.53692800
-0.74326100
-0.00033683
-0.06785220
-0.14443000
0.24083900
-0.26589700
-0.08021870
0.20297500
-0.18355500
-0.66957300
0.17606000
-0.54886900
-0.06230050
-1.09162000
-0.08769440
-0.79996300
-0.12130300
-0.26781900
0.65378300
-0.32159200
-0.24878300
-0.46317100
1.67066000
-0.24647500
-0.26578800
0.89867000
1.74322000
0.41844500
0.39547900
0.65119300
0.34316800
-1.16701000
0.56120900
-0.01666340
-0.10358500
-0.48925900
0.25702700
0.20093900
-0.20459600
0.02263220
-0.19060800
0.05291770
-1.01675000
0.34899500
0.04655140
0.21494500
-0.02164750
0.26862400
-0.29317500
-0.25126400
-0.07976780
-0.04024950
0.10057100
0.23496700
0.34371300
1.59713000
-0.08750310
0.23385200
-0.48319000
0.20929700
-0.41317300
0.75989000
0.68938700
0.33376800
-0.00456279
1.44539000
-0.83412900
0.68770000
0.09191540
0.09109590
0.44275400
1.06372000
-0.43222400
0.00131555
-0.14649100
-0.36839700
-0.22858600
-0.48740800
-0.71393400
-0.16706900
-0.00127640
-0.56333100
-0.76931500
0.47712300
-0.28484200
-0.14618100
0.43252800
0.28392200
0.86881500
-0.73553100
-0.50300300
-0.08986950
0.30927300
-0.71534500
-0.28128000
-0.24103500
-0.56494800
-0.50709900
-0.17342200
0.54057000
-0.66237000
0.33873800
0.74113300
-0.65808400
-1.02475000
-0.32493900
-0.35497300
0.15685100
-0.05019280
0.40159300
-0.87552100
-0.41730600
-0.31936900
0.05721830
0.21726300
0.40608900
0.47065600
-0.57381800
-0.89269800
0.35190200
0.36109900
-0.07581850
-0.32066400
-1.24393000
-0.25222500
-0.43369200
0.12306400
-0.56726000
-0.46586500
2.99759000
-0.47138300
0.40423300
-0.00913347
-0.75117500
0.09460480
-0.11014900
0.50679600
0.11400500
0.34848900
-0.04912520
0.33123000
-0.33914700
-0.71921900
-0.45413800
-0.39360600
-0.17843000
0.26768100
-0.80408300
1.23432000
-0.43558000
-0.57907900
-0.42505600
-0.51421800
1.83900000
0.34870100
-0.39754100
0.54093700
0.39368400
0.23747500
-0.81553500
0.38667100
-0.26015600
-1.30578000
0.89369400
0.09231420
0.07646260
-0.01865730
-0.86926100
-0.89372900
0.48506800
-0.58727400
-0.04020200
-0.04597680
-0.24873800
-0.66533900
-0.33798800
0.17135300
-0.38658000
-0.12073000
-0.36060800
-0.50988300
-0.32151200
-0.28619000
0.34911500
0.38630000
0.56313600
-0.50499500
0.28116100
0.34329300
0.68025000
-0.35075100
-0.27444300
0.13261200
0.11514900
0.23677400
0.53083000
0.34540500
0.69959800
-0.30677100
0.40426800
-0.33170900
2.99249000
-0.38480900
-0.50565400
-0.42305800
-1.06441000
0.41916700
0.47893000
0.74804800
-0.80124900
0.47962200
-0.49879800
0.20407800
-0.66957300
-0.21560300
-0.39883800
-0.35092700
0.89218300
0.09693790
0.38378300
-0.16505200
1.04501000
-0.13481400
-1.14669000
-0.76629100
0.16145500
0.12227000
1.63875000
-0.02471420
-0.23044100
-0.32586800
-0.69324300
0.10153400
0.00462114
0.37909300
-0.13718000
-0.62283400
-0.58931200
-0.37737300
-1.08512000
-0.17116500
0.06096110
0.16461600
-0.38968200
0.66109700
-1.00660000
-0.58002200
0.14579000
0.34208600
-0.68494400
-0.23642600
-0.32129900
0.64810900
0.94255400
0.42086800
-0.78470300
0.11108600
-0.03956510
-0.52160800
0.38665600
1.10521000
0.29665300
-0.05461900
0.97570300
0.67944900
0.54561300
-0.26113800
0.29924800
0.20857400
-0.42018800
-0.66434400
-0.75456100
-0.26178500
-1.00627000
-0.02853090
0.97746300
-0.19430600
0.26546300
0.12131100
-0.13475200
0.33984900
-0.29762700
-0.02319850
-0.32410600
0.10731800
-0.23101600
0.40938100
0.35898200
-0.30748700
-0.25765000
0.60008500
-0.42918300
-0.02999120
0.74004000
0.24919900
0.16030300
-0.52673000
-0.65640500
1.64984000
-0.25116500
1.16051000
1.36515000
0.78815000
0.75605600
1.07425000
1.22113000
0.34349800
-0.21482700
-0.60962900
-0.29637700
0.15997100
-0.07707960
0.03872210
-0.07367890
-0.39144600
-0.87865600
-1.00171000
0.03982820
-0.56689900
0.15997100
-0.33263100
-0.03802040
-0.75814600
-0.09950490
1.63060000
0.06108560
-0.55167500
-0.69749900
-0.44071800
-0.11943700
-0.03161830
0.01533490
-0.44275500
-0.18851600
-0.06990160
-0.40139000
-0.51874000
-0.28882700
0.14580400
-0.13295700
-0.79105000
0.32270500
-0.25732400
-0.35998600
0.10976700
0.12558000
1.92274000
-0.34401300
0.18082800
-0.12907400
0.47194000
1.69841000
-0.31749200
-0.30959500
-0.34443600
-0.29966900
0.37824000
-0.20043400
-0.10573000
0.64888800
0.15937700
-0.56480100
0.08288990
-0.34924100
-0.00078685
-0.63941700
-0.22485700
-0.36750500
0.77575400
-0.28896800
1.08278000
-0.60591800
-0.30261100
-0.16734900
0.29749100
-0.12013800
-0.18305300
-0.08430490
0.32423600
-0.23940200
-0.17746200
0.14270100
-0.72053500
0.44020400
0.10835100
0.10835100
0.04632340
-0.70979400
-0.17957400
0.35551600
0.06130180
-0.22946300
0.58620900
-0.47611800
-0.04846220
-1.08837000
-0.09741670
-0.24649800
-0.12982500
-0.34831300
-0.21367900
-0.63893200
0.39115900
-0.06279120
-0.54068300
0.14634500
-0.31817400
-0.19489900
-0.13976000
-0.14612100
2.15653000
0.32418900
-0.09325610
0.93264900
1.13751000
-0.21062100
-0.38648900
1.16787000
0.13313500
0.18119000
0.18229300
-0.45443400
0.03579940
-0.60777600
-1.11333000
0.49106700
-0.90158900
0.20156400
-0.92417500
-0.51036200
1.42147000
-0.18947400
-0.36633800
-0.04740670
1.62716000
-1.09808000
-0.55586000
-0.30506500
0.51943900
0.77124500
0.26938500
1.60484000
0.61965800
-0.16601700
-0.55039600
-0.06129310
0.09886020
-0.15532400
0.49701300
-0.69752400
-0.64326700
-1.02552000
0.03266330
0.17347200
-0.58565800
-0.27619900
-0.78649800
-0.79105000
-0.00535764
0.18424300
0.12844800
0.26554800
-0.43909700
-0.67370200
-0.23947500
-0.35825400
0.34659900
-0.07523830
-0.12748300
0.03861040
-1.02391000
-0.67302000
0.19736800
-0.30769800
-0.76988100
0.91312800
0.04547580
-0.22864100
-0.07512780
-0.24747000
-0.39911800
-0.03179630
0.00226375
-0.63805800
0.12495800
-0.53047500
-0.53047500
0.16119800
0.21879600
0.77940300
0.34901600
-0.26780400
0.00376859
-0.92822200
0.26327700
0.17091200
-0.09965740
-0.22740000
0.02024830
-0.39646500
-0.18988800
-0.05165250
-0.48295700
-0.36846900
-0.00982937
0.64871600
-0.39692400
0.79988700
0.71314300
-0.05853340
0.89520600
1.99843000
0.30448800
0.02292620
-0.26345300
-1.05240000
-0.73271800
-1.13402000
0.48881400
0.24114800
-0.45356100
-0.45845500
-0.58446600
-0.45812400
1.46761000
0.19351000
-0.69206400
0.27306000
2.55893000
-1.25425000
0.63783900
-0.83546600
0.13377200
-0.22418300
-0.96122300
0.01643270
-0.09155110
-0.40584900
0.00701292
-0.08383250
-0.53908800
0.08044180
0.28476900
-0.61212400
0.73800600
-0.69359700
0.27931200
-0.17357700
-0.10314300
0.08781210
0.90668300
-0.10960700
0.31684900
0.52117700
0.74050000
-0.63876500
0.27256300
1.15241000
0.93345800
0.26046400
-0.27231600
0.38801500
-0.68961800
0.48598600
-0.31542500
0.09595870
-0.18671000
0.10445600
0.43296500
0.02340160
-0.43217600
0.23056200
-0.25783900
-0.11885200
-0.37254100
-0.28155500
0.08818960
0.38504400
-0.55164400
0.14101100
-0.11333400
-0.35177900
-0.89125700
0.29253400
-0.74052600
0.25911700
-0.35574800
-0.55028000
-0.24700300
-0.26856800
-0.30896300
-0.39623800
-0.08515760
0.23427100
1.63525000
-0.08594790
1.40465000
-0.02960510
0.23779100
-0.96968300
-0.46142500
-0.68151800
0.59540200
0.10312700
-0.02617110
-0.22712800
0.95122200
0.42525600
0.56215400
1.09989000
0.16221200
-0.47641100
-0.50944500
-0.22868300
-0.52722600
-0.30108300
0.30048400
-0.56748500
-0.26951600
0.25338300
0.49245700
-0.55690700
-0.09979650
-1.11824000
0.37487300
-0.12604800
-0.70208400
-0.55303800
-0.34493900
-0.29785200
0.26301700
0.48517200
1.54575000
-0.92587300
-0.74298600
-1.07914000
-0.65410300
-0.50216700
-0.32780200
-0.89351300
0.05039310
0.28012200
-0.42012200
-0.78882400
-0.27780400
0.43169900
-0.09302220
-0.43632900
0.08686180
-0.16725200
-0.71587500
0.47991500
0.47859300
0.33033500
0.38060000
-0.56075500
0.06685720
0.36978300
-0.54450200
-0.42965400
0.00819319
-0.21030600
-0.26218900
0.24500700
-0.32215300
0.67301400
-0.00979318
-0.59538300
0.84469800
-0.19081400
-0.36885400
0.53703800
-0.15170000
0.31688400
0.02214610
0.07059440
-0.09408960
-0.03995580
-0.66499300
0.07389810
0.32934200
-0.47566100
0.11539400
2.20987000
1.48803000
0.84334900
0.44233000
0.07451700
0.00845790
-0.20437300
-0.27059900
0.19559800
-0.62379900
-0.15160400
-0.67599000
-0.16974200
-0.19529900
-0.00976225
-0.52576900
-0.82516600
-0.44113400
0.05970240
-0.78869600
0.20408300
0.32407100
-0.46510900
-0.63516000
-0.86499500
-0.65971300
-0.42507900
-0.30321300
-0.66888700
-0.52106500
0.23698800
0.38265400
0.12657600
0.02796720
0.10015100
0.23296600
0.02684200
-0.59219000
-0.31421900
-0.45475900
0.07957690
-0.76439900
0.07084430
0.22206900
0.28183300
-0.24033100
0.16714800
0.17514600
0.02870910
0.25879200
-0.41639200
-1.08003000
-1.04575000
-0.34861300
0.52320300
-0.10097600
1.49509000
0.55230500
-0.32189200
-0.33731900
0.05268280
-0.41209800
-0.19652700
0.46108900
-0.44398400
-0.03583200
-0.52769400
0.19760400
-0.96113400
0.07585400
0.33422600
-0.54954700
-0.07627760
-0.27107700
-0.12829100
0.09072220
-0.78852000
-0.24770100
-0.10847300
-0.11164200
0.49456200
-0.55035900
-0.51947400
-1.04479000
0.95769200
-0.40948700
0.17923500
0.36034100
-0.09423630
-0.57772900
-0.18609100
0.09409300
0.40626200
-0.02184660
-0.81618200
-0.60994200
0.68558200
-0.59100300
0.10650500
0.09573990
-0.33483300
-0.21631600
-1.01627000
0.27263400
-0.00393939
0.11284600
-0.47244500
0.89935500
0.04267660
-0.18149000
-0.69061000
0.71525700
1.18315000
-0.03925410
-1.20141000
0.52182200
0.93570700
-0.19560100
0.35543300
-1.00307000
0.36329600
0.01424770
-0.36360200
-0.15972400
0.51840800
-0.22113000
1.36560000
-0.53441900
-0.11931100
1.15343000
0.36761800
-0.05404470
-0.41248400
-0.27548500
0.28286500
-0.85512600
-0.22329900
-0.57700500
0.05867420
-0.07026040
-0.80269200
-0.10358500
0.12234900
0.52049700
-0.04777090
-0.72571800
-0.93161300
-0.83377900
-0.85856900
0.50130000
0.16513100
0.08152200
-0.05042300
0.66517000
-0.59619300
-0.21875000
-0.05562480
0.26089400
-0.18030800
-0.64065200
-0.47824300
0.38900800
-0.39869400
-0.43904300
-0.09176600
-0.45486800
-0.01070170
-0.24332900
-0.21772900
-0.52116000
-0.37276100
-0.51197200
-0.35305700
-0.31675100
0.20887300
-0.45094700
0.47436600
-0.74809800
2.47173000
-0.26289300
0.25438000
-0.19352700
-0.06438140
-0.29226400
1.16058000
0.54597700
0.42882500
0.89623700
-0.60123600
-0.51065300
-0.57487700
-0.29173700
0.52147700
1.09875000
-0.05957450
-1.25392000
-0.15368200
0.67772100
-0.67105500
0.09275310
1.94668000
-0.44808100
-0.51345300
1.21257000
0.39645700
0.97773300
1.53108000
1.11583000
1.02364000
0.92621000
-0.68369000
-0.64033200
-1.64819000
1.50113000
1.89180000
0.64621300
0.93103100
0.65419000
1.38960000
1.43294000
0.61099400
0.03947550
-0.08965020
-0.57135700
-1.05732000
-0.33201900
-0.28060600
-0.05401800
-0.13949500
-0.34094100
-0.77899700
-0.20873000
-0.04817500
0.32102800
0.06089990
0.83494300
1.08372000
0.17408500
0.59616700
0.17438700
0.22857600
1.15342000
1.06499000
1.33059000
1.60679000
-0.66439200
-0.38494500
-0.04648160
0.04832090
0.27082900
0.29952300
-0.16622800
-0.11583600
0.67632100
0.03724890
0.83559400
-1.37306000
-0.81871800
-0.21638000
-0.05299590
0.10256800
0.24173700
-0.35246400
-0.45159500
0.45336400
0.07787830
-0.23571100
-0.16588100
-0.53158400
0.29685600
-0.01887960
0.38353000
-0.20338500
0.93406100
-0.58383800
1.05084000
0.74973800
0.33766600
0.08902130
-0.31960700
0.45393100
1.90694000
1.76760000
0.25064700
0.30325700
-0.43215300
0.04716540
-0.20867400
-1.20082000
-0.10975700
-0.96126700
0.32910000
-0.44991200
-0.31962600
-1.01033000
0.02402570
-0.00689890
0.23039500
-0.40512700
-0.23909000
-0.15745900
-0.29282500
-0.46082500
1.52591000
0.32708000
-0.00653697
-0.09003150
-0.47685600
-0.39772400
-0.00537712
-0.69506300
-0.24421500
-0.36196600
0.12237100
-0.56291300
0.02474380
-0.12317400
-0.32906400
-0.28336000
-0.99707000
-0.54235400
0.04683750
-0.44606800
-0.68029400
0.56326800
-0.75007900
-0.28072400
-0.94454800
0.44266100
-0.11025800
0.54098100
0.27118300
-0.19811500
-0.76957500
-0.11684000
-0.35246300
-0.33769200
-0.63059400
0.40517400
0.09812830
-0.04237800
-0.33813200
-0.00486653
-0.63771900
0.21713000
-0.39288600
-1.04036000
-0.46567000
-1.47329000
0.21759900
-0.36771900
-0.19119500
0.29438400
0.03547530
-0.15141600
3.00160000
0.56765800
-0.65061200
0.05708990
1.01350000
0.01059940
-0.30792600
-0.21974400
0.57026200
0.39742600
0.16049500
0.91441900
0.35845800
0.00746591
0.32123300
-0.28369000
1.25812000
-0.44478100
-0.30997200
0.27373400
-0.19007500
-0.53041800
0.16613900
-0.02765670
-0.25484300
-0.22615400
-0.24444000
0.01025230
0.11362600
-0.46152600
-0.44042300
-0.24527800
-0.14018000
-0.14519200
-0.43175000
0.24522600
-0.57740800
-0.86223700
-0.47632600
-0.61689900
0.23949400
-0.15482700
-0.43954500
-0.14134200
1.02111000
-0.23243500
0.28222200
-0.31788100
-0.50621400
0.00682074
