4.80844000
6.85131000
5.39441000
5.10838000
6.17584000
5.55872000
5.07324000
5.26372000
5.04747000
4.86272000
-0.17631600
4.91773000
5.16547000
5.20632000
5.17138000
1.25271000
5.75148000
0.26692000
5.02373000
5.70762000
5.65272000
0.94502200
6.02796000
5.34200000
5.94954000
5.36059000
4.88719000
5.40358000
1.45150000
5.20092000
5.56273000
5.02083000
5.24157000
5.79816000
0.64242400
5.57431000
5.88449000
5.32248000
5.19660000
4.92470000
5.40976000
1.97389000
4.93077000
5.28312000
0.78161800
5.39509000
5.59192000
5.17007000
-0.34433800
0.29745700
-0.71119400
-0.24334000
-0.29555600
-0.20689600
-0.24631800
0.26961500
-0.43521700
0.18182600
0.43015800
0.52910600
0.20856400
-0.10463400
-0.28203700
0.02589360
0.21250500
0.30640100
-0.48219700
0.39389400
-0.23816200
0.00512143
0.09318960
0.69501400
-0.13645300
0.80391600
-0.57507800
-0.17095200
-0.11694400
0.06966120
-0.13333400
-0.00316769
0.18362600
0.16447100
-0.04032820
0.26105200
-0.22655300
-0.14443700
-0.26346900
-0.46855700
-0.83758900
0.23893700
-0.42516000
0.02154280
-0.65766600
-0.45938400
-0.09628910
-0.12414000
-0.42497700
0.07131480
-0.06042020
0.03340690
0.72724100
0.13834800
0.18156300
-0.61672700
-0.11468100
-0.24091700
1.53371000
0.37415500
0.34757600
0.70900300
-0.77309500
1.61202000
1.12568000
-0.76709500
-0.74127900
-0.18417600
-0.32360800
-0.01493770
-0.05368540
0.08462450
-0.51409500
0.22343600
-0.11050400
0.52964100
-0.52111300
-0.14370600
-0.31289800
-0.29833800
0.06622350
-0.27930100
0.52757600
0.04759740
0.13122200
-0.41892700
0.03125440
0.97007400
-0.37189500
-0.43638800
1.25401000
0.81525700
-0.15946200
0.84857900
0.11245500
-0.02820400
0.01672520
0.02986600
-0.05592750
2.02973000
0.43799000
0.19225600
0.86972200
-0.38089000
0.34147900
0.21010100
-0.03491550
-0.09130030
0.30955200
-0.05030450
-0.11295700
0.17649900
-0.40917500
0.07640490
-0.27780700
-0.41866000
-1.00040000
0.23988300
-0.33054600
0.43116800
-0.51356100
0.17810000
0.79834100
-0.25915200
0.50783900
0.41686800
-0.33547400
0.03711350
0.14820400
0.37859700
-0.23157100
0.17330400
-0.19219800
-0.09645890
-0.00873572
-0.24683900
-0.44049800
0.37078000
0.75762100
0.07336150
0.14730800
0.69065700
-0.11369500
0.09855450
-0.30444000
0.33413500
0.07463660
-0.38825900
-0.09317810
0.39423300
0.49082600
-0.03266750
0.42006700
-0.00601246
-0.35306800
-0.52562800
-0.68495000
-0.49272600
-0.11915400
0.00073727
-1.01274000
-0.10400100
-0.21694000
0.07197540
-0.38757000
0.10852000
-0.61162800
0.39493300
-0.66188000
-0.13955000
-0.24325400
0.74422700
-0.41687200
-0.35871500
0.43954000
0.04914500
0.17695600
-0.23669600
-0.07713400
0.18508200
-0.44235000
-0.43553800
-0.34256500
0.02056070
-0.05749510
-0.91284000
-0.21923800
0.40184300
0.18380000
-0.28891500
0.02414600
0.25112700
-0.64884500
0.34817000
0.06051400
0.38797200
0.53062600
0.71233500
0.27445300
1.40364000
-0.19678200
0.29572800
-0.43239100
-0.01130040
-0.16760100
-0.22520200
-0.41081300
0.05312960
-0.95945300
-0.51392500
0.25788000
1.49285000
0.34486000
0.21109700
0.41068100
-1.34174000
-0.32584500
0.41746600
0.77308700
0.99422900
-0.08083020
-0.23829900
-0.02255770
1.59264000
0.26393200
-0.47170500
-0.17580300
-0.12491000
0.43891000
0.42938800
1.20560000
0.03860380
1.59886000
-0.37674100
-0.20687000
-0.24239300
-0.39085800
0.25079200
1.32645000
0.26676500
0.32933600
-0.31987700
-0.43693200
0.27024000
-0.08657160
-0.09069700
0.17593200
-0.91899800
-0.39418100
-0.01020680
-0.69487100
0.13459400
0.01233790
0.59576200
1.82694000
-0.00441924
0.16459000
-0.48045700
-0.34533600
-0.25179900
0.40092000
-0.48112200
-0.61733400
0.20381800
-0.15352600
1.14927000
0.04289060
1.04160000
0.52060100
-0.06418390
-0.41550900
-0.17090700
0.19114600
-0.13426700
0.51900900
-0.35577000
-0.12215500
-0.12492900
-0.75564900
0.68131100
-0.32873200
-0.33140200
0.13746500
-0.63356800
-0.19076100
0.24134300
0.28669300
-0.18705300
0.48301200
0.12227800
-0.57535400
-0.07062950
-0.01007350
-0.10020400
-0.34089900
-0.14048100
0.45485600
0.24421500
-0.49406000
-0.26832000
0.17573800
0.33424000
0.85431900
0.54296800
0.07432830
-0.55463000
-0.38701400
-0.87024100
-0.83883900
0.07682270
-0.01129810
-0.41245600
0.39578600
0.02158210
0.09944110
-0.04319030
0.13192800
0.27530900
0.14295000
0.25570000
0.40376100
-0.18659000
-0.05725540
0.48844800
-0.05860530
0.40786500
0.08284120
0.16770000
0.25952900
-0.32414500
0.09882970
-0.11546600
0.28204500
-0.34717100
0.15116500
-0.33403500
0.59616400
0.15958100
-0.08023350
-0.43086200
-0.58026500
0.14879300
0.35740200
0.46673600
-0.46386000
0.48878600
-0.00246432
-0.58508400
0.41092000
-0.98345700
0.73859300
-0.23750700
1.66277000
1.56663000
0.10081600
0.32813400
-0.19443800
0.14223300
-0.17114000
-0.49945400
0.40404800
0.22488400
-0.02557040
0.04454930
-0.22069800
-0.58369300
-0.29312000
-0.27226700
-0.13700100
0.07718110
-0.00129868
0.54718800
-0.59968300
-0.07751900
-0.57336300
-0.39516300
-0.24336000
-0.19322700
-0.01254540
0.19599500
0.11769700
-0.11330100
-0.26236900
0.21357100
1.41224000
-0.19151300
-0.40450200
0.13754200
-0.41548800
-0.34307500
-0.75166500
0.61084400
-0.21453100
-0.57156300
-0.98904100
-0.17749700
-0.70764600
0.06443440
0.74302600
-0.58910200
0.30946300
-0.44090600
-0.09910540
-0.02945720
-0.04531570
-1.03679000
1.21646000
-0.40524400
-0.33534300
-0.74905700
0.87312800
0.06658190
-0.46801200
0.15241200
-0.20811400
0.42656300
-0.65339300
0.53606800
-0.39802100
-0.11557700
1.16984000
0.55994600
-0.51700700
-0.38366400
-0.50115900
-0.33651500
0.27944500
-0.14988000
-0.13288600
-0.26199300
-0.81490000
2.56501000
0.08314070
0.21034300
-0.19983700
-0.91037500
-0.16735900
0.21662900
0.01996200
0.50096800
0.99801000
0.32302800
-1.01478000
-0.23374800
-0.31913800
0.45165400
-0.01011400
0.07414410
0.23348200
-0.02293270
-0.41035100
0.05634960
-0.02216210
-0.85017400
0.13952700
0.11278600
0.02373150
-0.31483500
-0.20307600
-0.73877200
-0.25401200
-0.51535200
-0.39358500
-0.47786100
0.54935100
0.04894790
0.70760400
0.15151500
0.13446300
0.17228400
-0.46323100
-0.38524500
-0.09338310
-1.51757000
0.25182100
0.00844143
-0.62575700
-0.38147700
-0.04762060
0.48391000
-0.97311400
-0.11779800
0.66473400
-0.19441100
-0.73250700
0.36255500
0.11431000
-0.05823560
0.40173000
-0.34587600
-0.21582600
1.01106000
0.44718500
-0.78956600
-0.30659800
-0.94571000
-0.06239270
1.01895000
0.40920600
-0.80272800
0.03623470
-0.43416200
-1.08715000
-0.30953500
0.23272900
-0.21859200
-0.36360800
1.14947000
-0.68274600
1.96951000
0.14180500
0.13555000
0.19238500
-0.10454600
-0.30817000
-0.29086300
-0.51498600
-0.30813700
-0.54208600
0.18197300
-0.54116400
-0.06138370
-0.43009700
0.46580700
0.66220500
-0.23221400
-0.61954400
-0.54237300
-0.24775800
-0.01825910
0.77012700
-0.00069384
0.48593600
-0.17979200
0.28267300
-0.60154700
-1.08433000
0.35452400
0.14538100
0.71371200
-0.30564300
1.12501000
0.00209409
0.65746200
-0.29863500
0.13538100
-0.43833700
0.42657000
0.31116600
-0.07254310
3.39002000
0.08028500
0.20087900
-0.69157100
1.42375000
-0.03488870
-0.17979400
-0.37135400
0.08552950
0.19677700
0.47601200
0.41098400
0.14423600
0.14704900
-0.11192700
0.03928890
-0.60583100
-0.16430100
0.13747200
0.11453300
-0.61190900
-0.18547800
-0.00891465
0.57807300
-0.07865520
0.20275400
0.21901300
0.76505900
-0.38905000
-0.36529500
1.35843000
-0.29557900
0.46691700
-0.06428070
-0.07070510
-1.12968000
0.25762500
-0.08496700
0.23875600
1.82562000
-0.50001000
-0.94847200
-0.39803200
0.49454300
0.97204200
-0.68018200
0.36786600
0.20331500
0.91712500
-0.51321200
0.48164900
-0.12080000
0.32752500
0.01283560
-0.82157000
0.15796300
-0.31025900
-1.18028000
-0.18598700
-0.70993500
-0.36576000
-0.10706400
0.12989200
-0.46027000
-0.30828000
1.13503000
-0.02497250
-0.18680600
-0.34291600
-0.73745100
-0.80721700
-0.41783200
-0.61333400
0.38029700
-0.74536400
-0.75379900
0.02267630
-0.50098400
1.43390000
-0.29366100
-0.07738980
0.46722400
-0.71222300
-0.14721900
-0.16881300
-0.17627400
0.71797600
0.04693330
-0.25097800
0.11416700
-0.80847400
-0.32897500
0.13247900
-0.56188600
-0.11852500
-0.75275200
-0.33845900
0.19961400
-0.91578500
0.08982930
0.40524900
-0.40427400
0.00336629
-0.31810300
-0.13550900
0.43637500
0.40270800
0.03692770
-0.08099090
-0.08964570
0.17138100
0.15861000
-0.18380400
-0.30551400
-0.15972500
-0.40947100
0.10055100
-0.34891600
0.42405300
-0.25776200
-0.27285900
0.49540500
0.70830600
0.03473120
-0.65813300
0.64408500
-0.32380800
-0.17763800
0.02064800
0.41801000
0.54973500
-0.01580820
0.10939700
0.49685300
-0.53383300
-0.12588800
-0.60773800
0.56419100
-0.48312800
-0.18663600
-0.50895800
0.10531700
-0.09850220
-0.08263630
-0.51405600
1.08659000
-0.12902500
-0.51388100
0.28209600
0.41649700
-0.48810900
-0.67139900
0.07543860
-0.42387200
1.22066000
-0.06000480
0.12818600
0.38639100
1.16372000
-0.23639200
-0.30354200
-0.22798700
-0.20082600
0.02462440
-0.22535900
-0.69549100
-0.29873500
-0.06210870
0.28974600
0.19688900
0.10400000
0.89495300
0.01860990
-0.50677400
0.16176100
0.92623700
-0.73981100
-0.45979400
-0.74453100
-0.04061730
0.57004600
0.43471300
-0.07455590
0.38504300
0.03113480
-0.56024100
0.22551300
0.05542510
-0.43932300
0.12445800
-0.45005800
0.12438400
-0.32853200
-0.05855990
0.02040330
-0.57042400
-0.11194500
-0.35976800
-0.19689100
-0.03415150
0.39512900
0.44223200
-0.58309100
0.00725017
0.61637100
-0.41553600
0.48938800
-0.20267700
-0.16260100
-0.44089900
-0.07726830
0.31490500
0.52329400
0.47389400
0.44859100
0.17941000
-0.57762800
0.02067060
0.36931100
-0.35688900
-0.23145500
0.24311200
0.18746300
0.44276600
-0.15412200
0.85288900
-0.52248400
0.35711800
-0.08018440
-0.78801500
-0.01126310
0.38504300
0.02247090
0.31482100
1.74754000
0.26231000
-0.90509800
0.06222640
-0.45587000
-0.50808100
0.00048263
0.36110100
-0.58700200
0.33548200
1.17929000
0.71689200
0.36249100
-0.17974900
-0.19667500
0.68439600
-0.62380700
0.72048800
-0.35411000
-0.56659200
0.19415300
-1.14340000
0.29235200
0.45456300
0.28301000
-0.95703600
0.57034100
-0.08675770
-0.20693800
0.69092300
-0.44008100
-0.10969900
-0.38277500
0.48292200
-0.18064200
-0.44624800
-0.20911100
-0.84280400
-0.44754300
0.05342600
-0.32302000
-0.19780800
0.61769600
-0.45589200
-0.47857700
0.01998770
-0.39195200
0.27460700
-0.35648200
-0.06681540
0.72099900
0.83057600
-0.15321800
-0.56623200
0.58848500
0.40395200
-0.30948900
0.49279900
-0.60964100
0.31023400
-0.37274800
0.38482900
0.63112900
0.05762060
-0.63393700
0.16833300
-0.30653800
0.06134600
0.21173800
0.95922600
0.28149200
-0.55438000
0.17550600
0.48819700
-0.84600000
-0.67892000
-0.09355410
0.34194000
-0.29759400
0.35581000
-0.16743400
-0.28394200
-0.40349100
0.05942570
-0.45291300
0.52602100
-0.13020200
-0.21039700
0.24996800
-0.26914800
0.11314800
-1.23845000
1.37543000
0.49942500
0.71670600
-0.19813900
0.14583200
0.27299300
0.82997800
-0.20612300
0.05017940
0.71436900
0.01495200
0.73486400
0.08721350
0.20750300
-0.30106300
-0.32926200
0.34761000
0.50043700
-0.14843800
-0.47633700
1.54899000
-0.36546200
1.04940000
-0.33576000
-0.05419130
-0.13175900
0.51750400
0.10549400
0.38364300
0.34064300
0.21981400
-0.04238930
0.39393300
-0.76968100
-0.05903450
0.56909700
0.52718100
-0.45353500
0.57546400
0.02950680
0.11155000
-0.06560300
0.94943300
0.49526500
-0.51127300
0.39693600
-0.03386670
0.38683600
-0.26732600
-0.72620900
-0.13681000
0.29301400
-0.29144400
-0.92244000
-0.02098740
0.08265810
-0.39211300
-0.28525400
-0.02801980
-0.43765400
0.60810600
0.95156100
0.02720820
-0.22689000
-0.23665700
0.43471900
-0.66525500
0.02937470
-0.25973100
0.27635000
0.04282440
0.18437200
0.43696600
0.37727800
-0.22431000
0.90713500
0.33045800
-0.59833400
-0.26402200
0.25917000
1.61344000
-0.05220670
1.30375000
1.08292000
-0.21189400
-0.24057200
-0.38006100
-0.15174700
0.43732100
0.05784280
0.53962200
-0.22693700
0.00805332
-0.05177550
0.38462500
0.02460810
0.32331400
-0.64924000
-1.25818000
-1.25416000
-0.37207400
-0.40750800
-0.23209400
0.08016460
-0.11666800
-0.50244800
-0.43621800
0.17414200
-0.05829950
-0.18654200
0.04813380
-0.33015500
0.17459400
0.85511100
-0.19053100
0.47435500
0.17706400
-0.40638300
-0.02942660
0.15511600
0.91590100
0.58346000
0.63609300
-0.31906400
-0.19262900
-0.08748200
0.28595200
-0.77013800
-0.60482200
-0.22609200
-0.49932700
-0.50491300
-0.84262500
1.96007000
-0.25821000
0.10548600
-0.60686700
-0.31879400
0.04830650
-0.77642500
-0.22745400
0.18817900
-0.47638900
0.55834600
-0.27892400
1.11639000
-0.19852800
0.16934100
0.12296200
0.07818540
-0.28181600
0.51750400
-0.12827500
0.46652500
-0.34015300
-0.03989190
0.05002760
-0.20283700
-0.63853500
0.24092500
1.54801000
-0.41035400
-0.73602500
-0.44170500
0.17635700
0.14881100
-0.29563200
-0.73005000
-0.11807200
1.88833000
0.69222300
0.40960600
-0.18435400
-0.26146500
-0.32766800
-0.69879600
0.63822000
0.29913100
-0.21339200
0.20089100
-0.35861600
0.45586900
-0.28723100
0.51464300
-0.60914700
-0.15185900
-0.59300800
0.16837600
-0.67362900
-0.33203400
-0.11572400
0.65675600
0.24219100
0.46997400
0.41653900
-0.50379300
-0.36177800
-0.96584800
0.25681900
1.13940000
0.68424600
1.21512000
-0.09821710
1.72346000
-0.19919200
0.77127400
-0.31198300
-0.18300500
-0.15334500
0.20772900
-0.28459000
0.22541900
0.75585500
0.72957300
-0.03098240
-0.22442400
0.24317100
0.09619520
0.57937100
-0.26371900
-0.51730900
1.20222000
0.22969100
-0.28784300
0.00280001
0.08103170
0.13499700
-0.33120500
1.71811000
-0.24900100
0.60233100
0.36579400
0.07352880
-0.22327600
-0.30116600
-0.48345500
-0.51081700
0.49656100
0.19219900
0.47771900
1.23579000
0.74735200
-0.00158993
0.38451100
0.59349400
-0.16371900
-0.28124300
-0.88963000
0.29460500
0.30244200
0.18440700
-1.00078000
-0.27378000
0.00513439
-0.19049000
-0.60120900
-0.25004500
-0.20780300
0.00769120
-0.65584200
0.52172300
-0.11416800
1.00890000
-0.81422300
0.03029450
1.01494000
2.16080000
1.34625000
0.50309600
-0.06028290
-0.12665800
-0.21826200
0.80304300
-0.03991650
0.03882250
0.57656200
0.50260600
-0.58036500
0.72455400
-0.39196600
0.11604500
0.18608800
0.13283900
-0.15129500
-0.02612670
-0.46265100
0.07188600
0.04616810
0.16935700
-0.19153500
-0.23892100
0.11805100
-0.02330300
-0.36314700
2.18936000
-0.19565100
-0.47427900
-0.07455670
-0.10599200
-0.94577300
-1.05624000
0.55009900
1.29360000
0.33476300
0.35455800
0.02802800
0.21418100
0.64149900
0.08692450
0.02046070
-0.24989400
0.22420000
-0.49507100
-0.08498640
0.54750500
-0.26570500
-0.01863520
0.68015700
-0.22779800
-0.08109730
0.66982800
0.12579300
0.37543700
-0.04006630
-0.27129800
-0.07405100
-0.31881600
0.53725400
-0.11377100
-0.39422000
-0.26464200
-0.26859000
-0.05968140
-0.05158570
-0.11868600
-0.07384990
-0.41607000
-0.34308000
-0.18490500
-0.23825900
1.17906000
0.04607710
1.61217000
1.10466000
-1.13525000
-0.52621900
-0.68044600
-0.07003610
-0.30337500
-1.18233000
-0.30185400
-0.56459200
0.12422600
-0.64774200
-0.63173900
-0.29547900
-0.19554600
-0.56584900
-0.11965700
-0.44986000
-0.38299600
0.36511700
-0.82646000
0.67448800
-0.44438600
-0.04210560
-0.29823200
-0.01369440
-0.20514000
0.30143100
0.87316400
0.30812900
2.10920000
0.92130200
1.13461000
1.59850000
1.16582000
1.81374000
-0.20581600
0.14251800
0.49538500
0.49034200
0.11414000
0.96538500
0.45035800
1.75922000
0.44070800
0.48858500
1.85296000
1.09933000
0.57045500
0.19286900
0.64200900
0.15781000
0.48623900
0.34949000
0.16209900
0.50830700
1.40661000
-0.31810100
0.17738200
-0.00160537
-0.27364800
-0.34261000
-0.79494500
-0.15765200
1.33755000
-0.47259700
-0.74673500
-0.39124400
-0.35483100
-0.21081100
-0.36200300
-0.05353360
-0.10984600
0.10698300
-0.14799900
0.02155410
0.32103700
0.23035300
-0.44422800
-0.33143000
0.42249500
-0.19890800
0.00023661
0.14866800
0.11376000
-0.54931800
-0.67797000
-0.44606400
-0.31108600
-0.01015330
-0.42225000
1.62925000
0.08617720
-0.33939300
-0.20351700
-0.44206400
0.32394500
-0.71938200
-0.61371300
-0.17233200
-0.17472200
0.27205900
-0.37754700
-0.06379780
-0.08253990
-0.24154000
-0.32499100
1.03505000
-0.48031600
-0.95960200
-0.71955700
1.09384000
0.73830500
1.24070000
0.64779500
-1.01173000
0.09632650
-0.39195700
0.39360100
-0.83864700
-0.00750924
-0.53680400
-0.03994970
-0.86450000
-0.47281500
-0.26386900
-0.28283900
-0.30544400
-0.59333500
-0.46887800
0.11520300
-0.92756500
0.22092600
0.19431900
-0.13019300
0.32256000
0.01097280
0.18311400
-0.33380300
-1.14371000
-0.41540300
0.39837100
-0.10661800
1.29296000
-0.78950200
1.28439000
-0.35970100
-0.26470600
0.04368580
1.01854000
0.32472600
0.27134000
-0.50274800
0.12464300
-0.46504800
0.01998940
-0.00752210
-0.09605320
-0.07838320
-0.14282700
-0.01711770
0.12202500
-0.16518400
0.71403800
-0.05143510
-0.35996300
1.65942000
0.56898500
-0.30266000
0.02148990
0.62597800
0.43637600
0.09150030
0.07012760
-0.01074870
-0.21221000
-0.26984900
0.04980420
0.28507000
-0.43462400
-0.28989200
0.07280600
0.24159200
0.39156000
1.65888000
1.25184000
-0.04444580
-0.52735600
0.11960400
0.60214400
-0.72230200
-0.17548200
1.49770000
-0.35899100
0.27092600
0.71355500
-0.06933260
-0.78430100
-0.26512400
0.42834800
-0.37869500
-0.18412500
0.21314100
-0.42581300
0.60666300
-0.47291200
2.10398000
-0.30650200
0.30170600
-0.37484200
0.22702300
-0.13742200
0.17882300
0.68833300
0.01081600
-0.79055200
2.03040000
-0.21822300
-0.20324700
-0.43987500
-0.43604800
1.08475000
0.66679700
0.66475600
-0.00992512
-0.45646100
-0.78285700
0.56346100
-0.37743900
1.06080000
-0.14290700
-0.45655200
0.01872670
0.04827130
1.78203000
0.89200800
-0.50511800
0.64099500
-0.50417700
0.17555300
0.66510100
-0.07536030
-0.02236250
-0.30569400
-0.14732800
-0.02708170
-0.16286000
0.23500600
-0.45470700
1.32493000
0.75116400
0.02591670
-0.54830000
0.31325700
0.01914970
-0.36766400
-0.24907800
-0.30351700
-0.18112000
0.32092900
-0.19562900
0.03010450
-1.13862000
-0.27045200
-0.88212400
-0.04257530
-0.52055800
2.02919000
-0.12703800
-0.50861000
-0.23539000
-0.09630770
-0.38710400
0.03621700
-0.08731770
-0.23757600
-0.05674840
-0.11438200
0.01695930
-0.63700200
0.06767900
-0.38398600
-0.38287500
0.39488200
0.16304200
-0.15713800
-0.61607800
0.10598100
0.40672100
-0.59157500
0.07328840
1.41005000
1.46309000
-1.13669000
0.05518350
0.09405240
0.06030820
0.91130300
-0.79267100
0.51751100
-0.42318300
0.00083511
0.08961200
-0.39893900
-0.43195200
-0.17314600
-0.86423000
0.47046900
0.17966100
0.58299600
-0.83932100
-0.56890700
-0.32408200
0.27302600
-0.25296000
-0.15161500
-0.09630770
0.24748500
0.03619920
-0.55904600
-0.08687020
-0.24933100
-0.41596200
-0.11793500
-0.28569300
-0.57503000
1.56081000
0.29465900
0.39709200
1.03265000
-0.12284200
-0.67148400
-0.26199300
-0.45831200
-0.03498510
-0.33709000
-0.79275200
-0.21045700
2.02961000
-0.88634900
-0.02046830
-0.37518400
-0.00645444
-0.13865200
-0.03122220
-0.63870000
-0.32548100
0.13047400
-0.10677100
0.54785900
-0.20861600
-0.24477900
0.18679800
-0.36208700
0.01533100
-0.67342400
-0.76044600
-0.50787000
-0.27020900
0.04957270
-0.01286760
-0.35226400
0.51542200
0.12639500
-0.02491030
0.19474000
-0.65568800
0.87214200
-0.32284600
0.51720700
0.16859900
-0.47648400
0.37614900
1.56193000
-0.24448600
-0.17374600
0.05404020
0.00981333
0.59037800
0.76166400
-0.04396310
0.76899100
0.31722900
-0.00124402
0.08595090
-0.38936900
0.63739900
-0.04035370
-0.76418300
-0.14953700
0.32613900
3.14803000
-0.76438100
-0.11026100
-0.38053300
0.63505900
1.16943000
0.80994200
1.33840000
-0.14831400
2.43561000
1.73664000
0.32034700
0.91707000
0.04681000
0.28705500
1.03741000
-0.86669700
0.39274200
-0.15225700
-0.06787210
-0.21010300
3.09379000
-0.20736600
-0.55078600
0.53768000
0.20938700
0.12829600
0.57533000
2.01577000
-0.16467500
0.26737200
1.54192000
-0.04673370
-0.38079100
0.27658600
-0.73698800
-0.15710500
-0.73553500
-0.48759600
0.32000500
0.13783500
-0.07063880
0.53524000
0.48745000
-0.68892100
-0.24205900
0.58916900
-0.37906200
-0.98207600
0.24630700
-0.83677200
-0.38736300
0.22058000
-0.23274700
-0.77617000
0.93424900
1.46452000
0.33277300
-0.31627800
-0.48395400
0.68836800
0.28517000
0.00220304
0.54039100
0.12909500
-0.88996300
0.41471900
-0.31113200
0.06405450
0.03022940
-0.03416180
0.02302620
-0.70332600
-0.47469600
-0.68226900
0.91544400
-0.27996800
-0.26710000
0.35406300
1.15667000
0.55600800
0.46436900
-0.28579400
-0.66635100
-0.31306600
-0.39938800
-0.18952000
-0.41307700
0.07336020
0.07912560
-0.48480900
-0.15687300
-0.31160700
-0.08400960
1.24856000
-0.23652100
-0.91523800
-0.16044100
0.07589480
0.30436400
-0.09015960
-0.12512800
-0.23125400
-0.57981900
-0.51236700
-0.89059300
-0.22159300
2.15796000
-0.32590100
-0.02517580
-0.87341800
-0.17865100
0.96233800
-0.67459400
0.09837190
-0.49931000
-0.23009200
-0.10344200
2.23825000
-0.15310200
-0.43739500
0.86010200
0.40776100
-0.62953000
-0.61219700
-0.01417330
-0.00536496
0.08288480
0.98874700
0.46651200
0.74695000
0.24125700
1.83225000
0.91903400
1.09154000
0.05486380
1.13606000
0.16662500
1.25779000
0.07233740
-0.05415270
-0.38120800
-0.77444000
0.07646760
-0.31021900
0.31178000
0.41586600
0.11330200
0.07874890
-0.79366400
0.17322600
-0.60857200
0.79015400
0.05674970
0.49589800
-0.20113700
1.16456000
1.45767000
-0.50783200
-0.67651700
-0.36764400
0.20049300
-0.05219280
0.47087400
-0.64252600
-0.13930400
0.21852700
-0.60396600
-0.43232600
-0.09740810
0.09812540
0.26481000
0.85524500
0.18341900
0.29995400
1.07765000
-0.13498100
-0.18755300
-0.25380400
0.20443300
0.21619000
0.11591100
0.21180000
-0.57981100
-0.97311900
-0.39327300
-0.68597500
-0.42032100
-0.47446700
-0.02269190
0.29164900
-0.33733200
-0.45733500
-0.09437700
-0.24187500
0.42712200
0.26177900
-0.24169400
0.22109800
-0.05044060
0.05814400
0.65429200
-0.66201600
-0.00586030
0.12705000
-0.41840700
0.77671100
0.52663600
-0.34159500
-0.07620950
-0.13112400
0.21901000
-0.34989000
0.04153100
0.56429900
0.07056990
0.68094100
0.29910700
1.37490000
1.14293000
-0.30210700
-0.38472500
0.55660500
-0.47288100
0.17762700
0.58981300
-0.45868000
-0.58495300
-0.47366800
-0.28711400
-0.16146500
-0.70614100
0.67172100
0.86368300
1.10479000
-0.24341000
0.99247600
-0.43048600
0.11422300
0.45691600
-0.05878740
0.01112700
0.16070300
0.55703300
-0.45664100
0.07279430
0.17460500
0.57252800
0.57252800
-0.26113600
0.14128300
-0.45355000
-0.55625800
-0.31305700
-0.14170700
0.15090900
0.84283200
-0.85474000
-0.01909490
0.42972600
-0.07571590
-0.22463000
-0.34100900
-0.34140100
-0.15456800
-0.61480300
1.94100000
0.38019700
-0.06628780
-0.59036100
0.46730100
0.34876200
0.45606300
-0.17303400
0.57259700
0.35601700
-0.33013500
-0.03605400
-0.67295600
-0.22241200
-0.54446100
-0.01834630
-0.56968500
-0.13900300
-0.51934100
-0.16571300
0.44927000
0.35014800
-0.29005700
0.91794200
1.33803000
-0.43773100
0.08668730
0.24374800
0.30999600
0.51371700
-0.51589600
-0.10983200
-0.64631300
-0.01698810
-0.60621600
0.03974120
-0.22884000
0.25938500
1.21333000
0.15556400
0.15547900
-0.28840700
-0.65214300
-0.46283600
0.48285100
-0.13336800
-0.19398900
-0.49501400
-0.22154900
-0.03263810
-0.33928200
0.36176200
0.07956140
-0.29517600
0.48325200
1.36619000
0.11495400
-0.30397300
-0.53880800
-0.18874900
0.24528000
-0.78529000
2.53508000
-0.17865500
0.43721800
0.16145800
-0.81983000
0.25545400
0.90616900
0.48325300
0.45356300
0.08037500
1.23298000
-0.49793200
0.30259500
-0.14403800
-0.26126300
-0.08791600
0.08214870
0.34720400
0.89895300
1.26131000
2.70709000
-0.57373400
-0.23135700
0.04126110
0.67754500
0.20044600
-0.06566320
-0.19027500
0.42583200
0.08266390
-0.56764700
-0.16120400
-0.22711400
-0.28056100
-0.23707800
0.32083400
-0.72817000
0.16821500
0.05384420
0.03350010
0.07597000
0.19341700
-0.49535000
0.43996400
0.09410920
0.48168400
-0.23136200
-0.53106100
-0.32767000
-0.10943000
-0.13431000
0.03184080
-0.78249700
-0.42337100
0.01273130
-0.04218000
0.28722200
0.36484800
-0.06592980
0.09832080
-1.18954000
-0.26667600
-0.60422600
-0.05214040
0.59662500
-0.08292490
0.18678600
-0.66633900
-0.43203700
0.65515300
1.10210000
-0.25721400
-0.73796800
0.40385700
0.24992300
-0.31516100
-0.18799300
-0.27547900
-1.30694000
0.15936400
-0.54207600
0.00412528
0.02815850
0.31450800
0.29705200
0.22069900
0.67383600
0.11477300
1.72323000
0.77336000
-0.23862300
-0.14535100
-0.13468200
-0.51522800
0.00448443
0.59597400
-0.01194740
-0.29198800
1.40137000
-0.34709000
0.67466900
-0.18605300
-0.23742400
1.43306000
0.57222100
0.52078800
-0.09585340
-0.22480700
-0.50457800
-0.37852200
0.60773300
0.22351500
-0.42312500
-0.56883300
0.04649190
-0.46298100
2.08615000
0.15400500
-0.02777920
0.02830090
0.49745500
-0.65921800
1.76612000
0.42538400
-0.42294400
-0.20480300
-0.32639200
-0.32463200
-0.10836900
-0.42522000
-0.63576700
-0.45478600
-1.15772000
-0.15763700
0.84951700
-0.72151200
-0.56715000
0.06998560
-0.91715600
-0.69741100
1.02069000
1.06001000
-0.04372710
-0.10942700
0.09899540
-0.69267800
0.30559900
-0.87609300
-0.63703500
-0.41148000
-0.69418500
-0.49180800
0.63502100
-0.27154100
-0.19969600
-0.37077300
0.12964200
0.34331300
-0.19326500
-0.04224290
0.36323000
-0.43655300
-0.22766600
0.08329610
1.51396000
-0.57327200
0.53207400
0.30496500
0.47976400
0.36161600
-0.13698600
-1.08636000
-0.59373600
-0.15343000
-0.12382000
-0.63246200
0.65235900
-0.07582760
-0.15392100
-0.17422200
-0.93013300
0.85640000
0.14570100
0.48800800
-0.41353000
0.85615100
-1.10306000
0.30343700
-0.64647400
-0.36823300
-0.08028420
-0.27730500
-0.17745200
-0.62957300
-0.27264800
-0.35911300
0.17338600
0.11084700
0.87994000
0.18097500
0.16275700
0.05491250
-0.74797900
0.31986100
-0.25763000
-0.63246300
-0.86844900
0.07676270
-0.13764300
0.39719800
-0.10757000
0.43894800
-0.56008500
0.08518210
-0.16622000
-0.35982900
-0.61527100
-0.11359100
-0.30960000
-0.30452700
0.00394394
0.08839640
0.08950050
-0.52180200
-0.01388260
0.30036500
-0.41741300
-0.19555100
-0.17891200
0.19389600
0.19302700
-1.13466000
0.63235600
-0.29515700
-0.18245700
-0.39281000
0.06977920
-0.32338600
0.07264870
-0.37658900
0.43464300
-0.95890000
0.52006900
-0.35838500
0.20697200
0.54261200
0.56270200
-0.43068000
0.28303800
0.44036600
-0.30515200
-0.39736200
0.53722000
1.22587000
-0.40969900
0.53724100
-0.07107410
-0.61936800
-0.16297200
-0.32570600
-0.44351800
0.05000050
0.19330600
-0.45459300
0.39938800
0.03911590
-0.30290300
0.35796200
-0.50452700
-0.15780300
0.46324700
-0.54182800
-0.49441300
-0.21120500
-0.17585100
0.51479200
2.48035000
-0.74395700
0.02289380
-0.74942200
-0.25180300
-0.15662900
-0.85278200
1.03065000
0.82194100
-0.16288800
0.44036600
0.12887200
-0.31369500
-0.07572210
1.38773000
0.48961400
0.26711000
1.70517000
0.64129700
-0.75810000
0.25224200
0.05829420
1.36122000
0.56220300
0.62986300
-0.33631100
-0.48925600
-0.18658300
0.87758400
0.74487100
-0.53463400
-0.23549800
0.37396300
-0.29220800
-0.51711300
0.09487560
1.41678000
1.43922000
1.20799000
1.68334000
0.90063300
1.24400000
0.99848100
0.50621500
1.88815000
0.91736200
0.43786700
0.57541400
1.14675000
2.47400000
0.05345010
0.51984400
-0.06612980
-0.18355700
-0.51662100
0.22369600
0.22828500
0.66026900
0.07894110
0.91706500
-0.44930000
-0.33356200
-0.30098500
1.82033000
0.06269620
-0.50832500
-0.51080500
0.32211000
-0.29709400
-0.58506800
0.12452100
-0.23317600
-0.30923400
-0.26012700
-0.06203010
-0.05056470
0.01277300
-0.14152300
-0.47774100
-0.12923900
0.65393000
-0.60731000
-0.93009100
-0.29823300
-0.22627600
0.26166500
0.17891500
0.27282700
-0.08571560
0.79597400
0.72746100
-1.06661000
0.63834000
0.62931300
-0.13155400
-0.23579400
0.26954100
-0.18520100
-0.20858000
-0.19977900
-0.44564900
-0.27561700
-1.02613000
-1.19616000
0.05328420
-0.48271600
-0.91664200
-0.52663100
-0.20032500
-0.38624900
0.12522600
0.34989400
0.32728100
-0.30258100
-0.23305600
0.16000700
-0.78160200
0.12979000
-0.69491200
0.24046500
-0.60413900
0.08876490
0.02949430
0.02368760
-0.87423600
1.44766000
0.14543300
-0.62254500
-0.15456100
-0.23107300
0.00497781
0.36654200
0.07266180
-0.43215700
-0.21431400
-0.37197500
-0.14676400
0.18100200
-0.16867800
-0.22569600
-0.10638500
-0.27321300
-0.78754200
-0.45513500
0.37282400
-0.53409400
0.03475720
0.07002540
0.15881100
-0.52939300
-0.32660500
0.94614400
-0.18699100
-0.38595100
-0.10730100
-0.38031700
0.26440900
-0.52466800
0.53314500
-0.00065066
-0.09072600
-0.35239800
0.67826500
0.59631000
0.00356805
-0.08266920
0.28429400
0.11075000
0.08179150
0.10925500
0.33826900
-0.17523700
-0.20151100
-1.10232000
0.81429500
-0.24901000
0.38024100
-0.89121000
0.43823800
-0.80009900
0.91367500
-0.30446600
-0.09940870
-0.14524600
-0.39609300
-0.55123300
-0.19064300
-0.29385200
-0.57586900
0.13309900
-0.00090112
-0.81844900
-0.33336800
0.04246470
-0.85688700
-0.45967000
-0.27681600
-0.03187660
-0.85450400
0.03968950
0.00044467
-0.39270600
0.41587600
-0.08537040
0.18526700
-0.52706600
-0.42605500
-0.89616300
-0.08942440
0.01989670
0.77233600
-0.87733000
-0.41377500
-0.04319300
0.01960370
-0.60375100
-0.02875220
1.59494000
2.06866000
3.13377000
0.61787100
0.43809900
0.68730900
-0.57950300
0.03644420
-0.25991300
0.64455000
0.23783700
0.35049500
0.13518600
-0.34912200
0.09863050
-0.14115300
-0.08224860
0.18111800
-0.15376500
-0.02726140
-0.55747300
0.55497100
0.65954100
-0.59994900
-0.48564200
-0.25796100
0.20268500
-0.64936900
-0.16631800
0.57804200
-0.10121700
1.62077000
0.61287700
0.09255890
-0.41905700
0.33682700
-0.22276000
-0.55415200
-0.02608090
-0.65776200
1.11367000
0.55525800
0.84791800
-0.67041200
0.35409300
0.40257900
0.77922900
0.92731300
-0.14984100
-0.17268900
-0.01418290
-0.40182700
-0.60684200
-0.36354700
0.67642500
-0.33139700
0.38686600
0.01937360
-0.17975600
-0.05762880
-0.06068210
0.05807110
-0.07507190
-0.32693600
0.01230200
0.11761600
0.13349600
0.18502200
2.20515000
-0.72602200
-0.63745900
-0.51326300
0.63528800
-0.34863100
1.07116000
0.44670300
0.43322700
1.13563000
0.68902100
-0.32073500
0.12337500
0.36470300
0.19809900
0.14846100
-0.22896200
2.44194000
0.85816900
-0.59518000
0.67695800
-0.67169800
-0.38328200
-0.58947200
0.74956500
0.80197200
0.48411600
-0.22819400
0.11007300
-0.49037100
0.47323700
0.69762500
0.18026900
-0.21184800
0.31945600
-0.09116340
-0.08253560
-0.19591400
1.41702000
0.87433100
0.00222421
-0.14799100
0.19999600
1.36844000
0.83109400
-0.08142740
1.05235000
0.30547000
-0.33638800
-0.58760100
-0.49520600
-0.11700400
-0.36638500
-0.28598800
-0.40655900
0.11235500
0.36461200
-0.16026700
-0.75720500
0.21422400
0.97211200
-0.11705900
0.22132400
0.94083100
0.21111900
0.61781200
-0.42904300
3.28534000
1.03489000
0.25329300
-0.21680800
-0.12035900
-0.21635500
-0.56643600
0.27982300
-0.04758340
-0.06551870
-0.32719700
-0.44941500
-0.61184000
0.80673700
-0.23890000
0.35286500
-1.01907000
-0.66392900
-0.43590900
-0.10935000
-0.18041600
0.13838600
0.24858000
0.05521910
0.11457400
-0.02651780
-0.05119240
0.03748690
-0.28128200
0.01784000
-0.00935017
-0.05179530
1.09792000
0.08290710
0.10963900
-0.28100400
-0.39177900
-0.48662100
0.00943699
0.24666500
-0.02237630
0.24224200
-0.33413700
-0.42675800
0.10185600
-0.27697500
-0.18198700
0.00485653
0.22446800
-0.14850700
-0.49655600
-0.10280500
-0.22380800
-0.10297700
0.11969700
0.03651010
-0.42652000
0.05500430
0.09946280
-0.35339600
-0.19926100
0.25960100
-0.80097400
-0.73040100
0.43458900
1.19046000
0.82435600
0.25915700
0.26447200
-0.75246000
0.28777000
2.49300000
-0.07378410
0.15062200
0.13732300
0.38923200
0.08424910
-0.20819700
0.52978700
-0.32606800
0.30628200
-0.53972000
-0.00803289
0.26367100
0.31353200
0.32038800
-0.05662310
0.41837000
0.47966200
-0.92703700
0.14427900
-0.77940600
0.23463300
-0.65440500
0.28441300
-0.41978500
0.11732300
0.09743700
-0.15307200
0.62069100
0.19639100
-0.18340200
0.31883100
-0.34772200
-0.14063300
-0.33435400
-0.14208100
-0.45525800
-0.20692200
-0.78758800
-0.00698210
0.28345700
-0.45598800
0.01125960
-0.04163310
-0.40392400
-0.39329200
-0.48781000
-0.06209500
0.78280200
-0.49824000
-0.44819700
0.11644100
-0.43720600
-0.51979900
-0.09244550
-0.22471400
-0.31543400
-0.20355800
-0.34224500
-0.21319000
-0.46711000
0.12428600
2.66996000
-0.26823800
0.95186100
-0.24651600
-0.17287100
1.16870000
1.63466000
-0.17440700
-0.68852800
-0.91162200
-0.83664000
-0.06359270
0.00701197
-0.40502800
-0.55622800
0.34535200
-0.02335130
-0.00300740
-0.08495370
-0.55658000
-0.14960700
-0.06603730
2.22901000
1.02128000
-1.03818000
-0.33037000
0.22659300
-0.26479700
-0.24797600
0.05507360
-0.43272700
-0.48741000
0.00425136
0.38022600
0.25770900
0.46822600
0.26498600
-0.65365500
0.43764900
-0.19170200
-0.49197100
-0.20595900
1.19243000
-0.01688350
0.72752000
1.59829000
1.20507000
0.02982500
0.16071900
-0.77840600
-0.77879400
0.05747430
0.77042600
-0.81399700
-0.51596800
0.83202300
3.96593000
1.09164000
0.74723700
0.47445100
-0.15417800
0.13532900
0.33527300
-0.48352300
-0.65687400
0.09573950
-0.31444300
0.44961100
0.43490800
-0.34664200
0.39352400
0.43230500
0.04258420
-0.08132020
-0.44833600
0.25559100
0.35293700
0.58511600
-0.02375510
0.57220700
-0.01092620
0.19081700
-0.24590800
-0.03678340
-0.13709900
0.67471300
2.21481000
-0.00141276
-0.57033900
-0.70286200
-0.86791700
0.00018576
-0.27936400
-0.64520600
0.76217100
0.45220600
0.60774400
-0.08314660
0.12272800
-0.67579300
0.54267100
-0.45499200
0.14657400
0.06294940
0.69864500
-0.13219600
0.30916700
0.11708700
-0.04606990
-0.68961600
-0.14128400
0.82585200
1.06679000
0.30262800
1.94604000
0.68689700
1.86347000
0.52837800
-0.14706200
-0.29629900
-0.15835500
-0.39591800
-0.09112880
-0.26957600
0.05970170
-0.15436000
-0.01153030
-0.38763000
0.17090400
-0.51653100
0.01703200
-0.94379100
0.10495400
-0.63169700
-0.97035200
1.15442000
-0.69656400
0.67225600
0.03311610
0.53922800
1.21130000
0.23841700
-0.20112300
-0.41311600
-0.94446000
0.25779800
-0.41392000
0.30607100
0.01963230
-0.58878000
0.54353300
-0.64374100
0.91607800
-0.28489000
-0.44172300
-0.16628500
-0.31744800
0.97782900
-0.78688900
0.45018600
-0.90168900
-0.11421800
-0.30312200
-0.07042950
-0.35796300
-0.17854300
-0.39021600
-1.54920000
0.12770900
0.20127200
-0.94898300
-0.06851600
-0.19723200
-0.04415590
-0.34662600
0.26911900
-0.20299600
-0.03791160
-0.36260400
-0.30126900
-0.26856400
0.73982200
-0.46566000
-0.78884800
-0.12518300
-0.60876100
-0.34540700
-0.62728800
-0.30924900
-0.44694400
-0.25415300
-0.52217800
-0.42093000
-0.41404000
-0.08784390
0.63411800
-0.10796800
-0.23063700
0.18626500
0.20686100
-0.30356400
-0.37687300
-0.03035200
0.01555150
-0.65600400
0.37104100
0.08555940
0.57168200
-0.77193100
1.20907000
0.45139900
0.84719800
-0.38755500
-0.68304600
1.66844000
-0.51109500
-0.36075800
0.48584600
-0.24567200
-0.29819600
0.33412000
0.31117800
-0.41061900
0.00147452
0.61009900
-0.37183800
-0.60362300
-0.43913600
-0.50777600
-0.10674700
0.45766400
0.30913100
-0.39836100
-0.47763900
-1.28853000
-0.33840100
-0.25419800
-0.19699000
0.26281500
-0.25100000
0.30589400
-0.35831900
1.16808000
0.12228800
-0.28398400
-0.37838800
0.19406300
0.23352900
0.15652000
-0.53449800
1.03234000
-0.20142200
-0.11865500
-0.20368500
0.01635350
-0.73212200
0.45956400
-0.17111600
-0.36560400
0.32615200
-0.43787600
0.52787000
-0.05270800
-0.03624550
-0.50856900
-0.07485690
-0.49770900
-0.67702200
0.41765200
-0.51768200
-0.01744630
1.00340000
0.07080250
-0.15726700
-0.04962040
0.51994800
-0.41681300
-0.06651670
-0.64999700
-0.03441270
-0.78508500
0.22428800
0.13353900
-0.30059100
-1.24095000
0.06741090
1.84110000
1.16409000
-0.62748300
-0.16810500
0.24216900
-0.13756400
0.59670400
0.16070000
-0.41233800
-0.66419900
-0.41345200
-0.47553200
-0.55788300
0.11027600
0.03773680
0.16818700
0.16563300
0.21581700
0.12598200
0.46988100
-0.23017200
-0.38539100
-0.25026700
0.35594800
-0.38763000
-0.87591700
-0.50380500
-0.79772700
-0.14879200
1.31566000
-0.44962900
-0.60523500
-0.20372300
-0.45413800
-0.11398200
-0.60455500
-0.26405000
0.41106800
-0.04606960
-0.64140300
-0.36537100
0.02741190
0.86486500
-0.58471600
-0.72874800
-0.47002000
0.07536490
0.45130200
0.55447000
-0.70409500
-0.50342000
0.01292140
-0.38168500
-0.66306800
-0.67228100
-0.35573300
-0.04003910
-0.28042900
-0.38302900
-0.21273200
0.63417400
0.24803300
0.14028100
-0.27085500
0.01257520
-0.54819600
-0.05833430
-0.06487940
-0.29789800
2.46390000
-0.50754200
0.05802420
-0.06150640
-0.00910326
-0.29318000
0.70457800
-0.09901810
0.24039100
0.30587400
-0.96105400
-0.65656700
-0.40383500
0.44507100
0.30632700
-0.43701600
-0.58882200
-0.21507700
0.11554400
0.00188561
-0.10170100
-0.24221600
-0.07917770
-0.33451800
-0.32948600
-0.03835270
0.00595341
0.69280400
0.55055700
-0.24965000
-0.28698800
0.00090841
-0.27260800
-0.01549370
-0.03273530
-0.22260100
1.62899000
-0.01995800
-0.19122900
-0.74617000
1.61448000
-0.92556000
0.66667100
-0.15834400
0.22704300
-0.70613600
-0.16047300
-0.32703100
-0.45007700
-0.34873000
-0.64822500
-0.41860200
1.69494000
0.35973100
0.22570800
0.01944100
-0.45083900
0.01074370
-0.10414800
-1.04907000
-0.58096900
-0.27944100
0.64163500
0.65694600
0.33042900
4.37826000
0.90959000
1.08982000
-0.20157300
0.15675400
0.89918000
0.71124600
0.59739300
0.29039400
1.65088000
-0.70011300
0.07594290
0.17878300
0.18855800
-0.57330900
0.18260300
-0.52050100
0.00883017
-0.46355900
-0.50974400
-0.57578000
0.02892150
-0.40570600
-0.42362400
0.08470440
1.20862000
-0.19607800
-0.53568500
0.13268000
0.36921300
1.77954000
0.31035200
-0.39842400
-0.18934900
-0.12774700
-0.20251600
-0.14048800
0.25632900
0.54246700
0.74044100
-0.08821620
-0.14318000
-1.19499000
-0.21883100
-0.26788600
0.12527200
1.31267000
0.96186300
1.21512000
0.84988500
-0.65912600
-0.21020300
-0.97107000
0.46836700
-0.54268600
-0.26602700
-0.76489900
-0.46226800
-0.86912500
-0.37039400
0.16935600
-0.24791600
0.51296800
0.40375100
0.79916800
-0.19979400
0.74231700
-0.15372800
-0.20144200
-0.39184100
0.23518000
0.38232100
-0.23226600
-0.50615000
-0.66362300
-0.19110900
-0.09708310
-0.48202800
0.58280800
0.29950900
-0.20229300
-0.52122100
0.27729700
-0.53820800
0.00022502
-0.17069300
0.54439900
0.06197130
0.01903480
0.19343500
-0.62688000
-0.41484600
-0.15725000
0.35679700
0.12228200
-0.37420300
-0.26640300
-1.01706000
0.12870600
-0.54392100
0.95545200
-0.13015800
0.04361710
-0.09792820
-0.97310100
0.38554600
1.20527000
-0.40253900
-0.48171300
-0.07120270
-0.20117800
-0.42396300
-0.59634400
-0.14845300
0.04619620
-0.68285400
-0.24804700
-0.64249800
-0.24832800
-0.80853800
-0.05614750
-0.77149900
0.46399700
-0.28222400
-0.28777900
-0.42958800
-0.07194320
0.07192900
-0.07065000
0.59976700
0.55812900
1.15047000
0.18472800
-0.68524900
-0.42837900
-0.23403100
0.01249220
-0.58141000
0.83379600
0.28627900
-0.52153000
0.55198000
-0.67419000
-0.17566100
-0.20287200
-0.26370000
-0.52388200
-0.13686800
0.20310300
-0.50124400
-0.35162300
-0.54552100
-0.57353500
-0.28345900
-0.34314600
-0.66865400
-0.28030800
-0.54005100
-0.06919540
-0.22637900
0.83529400
-0.14000600
-0.32313700
0.48661800
-0.35966800
0.28582500
1.40803000
-0.12987500
-0.10770200
-0.43172300
-0.36712800
0.03408460
-0.59307800
0.31642300
0.33526600
-0.64435500
0.35217000
0.20308900
0.66987400
-0.09065600
-0.38274500
0.26426500
1.71488000
-0.52686600
0.68629000
0.72305700
-0.39136100
-0.47921500
-0.25491700
0.71305100
-0.88342600
0.87246100
1.75231000
0.42713500
0.46134600
-0.36583200
-0.41538700
-0.63276400
0.26428700
0.66169900
1.22955000
-0.02424090
-0.04439560
0.06389200
-0.59682300
-0.33779100
-0.48108500
0.29928700
0.45634400
-0.12959500
-0.26728500
-0.69449900
1.10857000
-0.50020400
0.59348000
0.10659600
-0.94937200
-1.03880000
-0.47085200
-0.01855150
-0.63894600
-0.79708000
2.27820000
1.44476000
-0.43677300
0.43665100
-0.41900700
0.53063900
0.13582200
-0.69694800
-0.18447100
-0.09376120
-0.77464000
-0.32204200
-0.48219500
0.11130700
-0.55267300
-0.55723100
-1.24004000
-0.11419500
-0.30910100
-0.09269960
-0.60785200
-0.14692200
-0.53262600
-0.82093400
-0.59368100
0.23647200
-0.38749600
-0.81993300
0.66013200
0.53841300
0.06232640
-0.83436800
-1.01570000
0.11111000
-0.02402260
-0.18046100
-0.65166400
-0.93385800
-0.91758100
0.26022500
-0.24346100
0.41441800
-0.20284900
1.47183000
-0.02800640
-0.28008400
1.30267000
-0.49294700
-0.45053900
-0.48178600
0.90873500
-0.48658500
-0.29240800
-0.07146090
1.93394000
0.74408200
-0.36331400
0.22903200
0.28641000
-0.09409640
0.08837790
-0.41661900
1.43691000
0.93504300
0.30381000
3.10779000
0.69943600
-0.81301800
0.41785700
1.50849000
0.28935700
-0.37139700
-0.25875400
-0.45092300
-0.32914600
-0.24870000
0.19107700
0.05477740
0.36620500
-0.58846200
-0.77546600
-0.08514040
-0.04894530
1.01901000
-0.17967000
-0.41983600
-0.66863700
0.45970500
-0.15361300
0.22972500
-0.63313300
-0.16161400
-0.04204500
-0.31087800
-0.35144300
-0.34637700
0.12632100
-0.21066800
0.60223200
-0.28549200
0.12169300
0.02539880
-0.01677530
-1.03583000
-0.28144300
-0.93615800
0.08722730
2.74636000
1.74232000
-0.83921200
-0.35029700
1.10505000
0.10622300
-0.81527300
-0.54189600
0.61823200
0.68909000
0.25451400
0.07122630
-0.39767700
-0.11548100
-0.90573900
-0.47340900
-0.48614700
0.58556000
0.05640050
-0.58623800
-0.38701400
-0.22998200
0.38385800
0.37598000
1.54074000
-0.14971300
-0.04873720
-0.43642300
-1.16691000
-0.02195760
-0.40322700
0.07618740
-0.32385700
-0.19801800
-0.37884900
1.50292000
1.33780000
-0.18715600
-0.17819200
-0.53838600
-0.10287200
0.21081000
-0.87311800
-0.54426700
-0.61487700
-0.04265700
-0.14901400
0.08058600
-0.38571800
-0.72015100
-0.31100500
-0.45315600
-0.67476200
-0.51027500
0.08598700
1.21669000
-0.58967400
-0.42130800
-0.41852100
0.23329600
1.66668000
1.55032000
0.27848000
-0.15102500
0.06230160
0.70114600
-0.77262100
0.04889330
-0.20363900
-0.26123400
0.00802375
0.51060100
0.22760200
1.59899000
1.05476000
-0.61098500
1.09234000
0.50297500
-0.24044700
-0.46709900
0.69715300
0.55642000
1.43271000
0.68502700
1.12940000
0.21434800
0.47089500
0.41100300
0.72757700
-0.02803300
0.80348200
-0.41822700
-0.03077880
0.32823800
1.15286000
-0.31778600
0.43472300
-0.39565200
-0.90074800
-0.14288900
-0.85608800
0.05573000
0.14207800
-0.45481000
0.16734800
0.09333290
0.52497000
-0.14288300
0.13630200
0.17912800
-0.18755700
-0.10036700
0.08183750
0.24270000
0.27457800
1.32333000
-0.28421000
0.79754100
0.85836400
0.28490100
0.08827170
0.32998900
-1.04520000
-0.39567400
-0.05915810
0.83575300
0.81199900
-0.67610500
-0.33286600
-0.03766420
-0.31041900
-0.70546500
0.07086240
-0.17408700
0.47485700
-0.36633300
0.14139800
0.07553120
-0.29369200
-0.40958700
-0.37803700
-0.20888300
1.59760000
0.86751100
-0.21767700
1.26900000
0.19016200
-0.26706000
-0.18401300
-0.19630700
-0.63350000
0.18214600
0.51125300
0.30572900
0.52910500
0.64431200
0.60933700
0.37464900
1.68253000
-0.76157100
0.20531200
0.08858810
0.22711100
0.64245800
1.40668000
0.45865500
0.12680600
-0.08226600
-0.20008700
0.20828500
-0.53980600
0.23113600
1.08833000
0.56870100
1.71083000
2.07088000
0.74485400
-0.17840100
0.21938400
-0.12546600
0.05891980
0.01326060
-0.03935790
0.82282200
0.42961700
1.62986000
0.30071000
-0.45547800
-0.12066800
-0.07580530
-0.64176000
0.11966200
-0.72817100
-0.48555900
0.31879300
-0.36075200
-0.88288600
-0.19953700
-0.05702580
-0.71479600
-0.53293200
-0.69678900
-0.33988400
-0.47710800
-0.45318900
-0.83348500
-0.56091200
-0.73988400
-0.67990900
-0.05653010
-0.11781300
-0.59015900
0.96341600
3.48673000
-0.21071300
-0.47698200
-1.16556000
-0.28091800
-0.40846100
-0.27156400
-0.17734600
0.23523400
-0.46315500
0.06294850
-0.94639100
-0.11757500
0.40556700
0.06809470
0.70998600
-0.30845900
-0.18709100
0.18330200
0.18732800
-0.16367100
-0.53752500
0.20588900
-0.10792500
-0.21252400
-0.42874700
0.44435900
0.16892400
-0.62527300
-0.03524290
2.48771000
-0.27519800
0.06381650
-0.13564300
0.22840100
1.10899000
-0.09254840
-0.44987700
-0.03100080
-0.25792500
-0.58724000
0.04779400
-0.45539100
0.19363300
-0.03406250
0.06313170
0.19222500
-0.45954400
0.00445781
-0.17207000
-0.21617100
-0.04303410
-0.32049200
-0.41610200
0.07578260
-0.18429000
0.15190800
0.22240400
0.18853100
0.07528090
-0.00205865
-0.14319400
-0.33165200
-0.30720400
0.19540100
-0.04412870
-0.79115900
0.00414549
-0.01810380
1.39879000
-0.24106400
-0.51903100
0.07343340
-0.38661000
-0.65301900
-0.06886340
-0.26460600
-0.28889800
-0.27653900
0.42687300
0.84526800
-0.21847100
-0.58676000
-0.29578100
-0.46599200
0.13302500
0.09924210
-0.39863500
0.02940650
0.30543700
-0.05581150
1.35436000
0.33187600
-0.30549200
0.43474000
-0.32467100
-0.10118800
-0.55186300
-0.15815100
1.53721000
-0.53812200
-0.24161700
0.10307100
-0.28425000
-0.23756700
-0.30526200
-0.15572600
0.44129600
0.33534500
-0.26872700
-0.85757000
-0.41990400
0.37481400
0.14691100
0.41121300
-0.60266900
0.03990360
-0.65548900
0.39359700
-0.05050440
0.40817400
-0.18124000
0.33322300
-0.56711800
0.08170180
-0.12811800
0.34463100
1.70471000
-0.21956600
-0.48393900
-0.16464600
-0.23122900
0.77716800
0.15901200
0.24481800
-0.57089700
-0.67897900
-0.00360305
-0.10516300
-0.05697290
-0.85881400
0.01950040
-0.19851700
1.25187000
1.18248000
-0.35624500
0.94919600
2.21654000
-0.20950200
-0.23333700
0.43331600
-0.34864800
-0.30647000
-0.13649500
0.11013900
-0.22574700
-0.25923600
-0.06932150
-0.50487700
-0.59239300
0.27184300
0.01784860
0.07413660
-0.85275000
0.24439000
-0.20721300
-0.84731300
-0.10326000
-0.59047400
-0.70362000
-0.48812700
-0.74575000
0.39446500
0.51615900
-0.60789600
-0.61011200
-0.78435600
-0.03483620
-0.57994400
0.07099590
-0.15638000
-0.29299500
-0.32537800
0.55492100
-0.00520800
-0.12994900
0.39846300
0.71090300
-0.06575690
-0.07467170
-0.49160800
-0.18990300
-0.24709700
-0.61023100
-0.08507910
0.18356300
-0.45923400
-0.28308900
0.68018800
-0.47592100
-0.25353000
0.78534300
-0.16625800
0.34642000
-0.56608200
-0.19474000
0.64923300
-0.80128800
0.63800300
-0.32368900
0.15507600
-0.12164700
0.18199900
0.04159170
-0.16600200
0.20284300
0.11759100
3.06016000
-0.34490700
0.98348600
-0.41408900
-0.43967700
-0.54189600
0.04446160
-0.20281200
-0.30355200
-0.06941200
-0.47214100
0.56064200
-0.22607600
-0.43877900
-0.13268500
-0.66831000
0.73728300
-0.50210300
-0.30194600
-0.62452900
-0.06253070
-0.31694400
0.64737800
-0.17087500
0.86105600
-0.52970100
-1.00120000
-0.21358400
-0.06102440
0.16896700
-0.16762500
-0.25588600
-0.05894530
-0.43056600
0.49383600
-0.25596300
-0.45868700
-0.42952000
-0.21041200
-0.71851000
0.05176230
-0.23764200
-1.23623000
-0.38129600
-0.38670900
-1.00999000
0.08339630
0.26778600
-0.33637200
-0.45014200
-0.20029100
3.19264000
-0.58372000
-0.11229000
-0.24357800
0.16802000
0.11259900
0.58729100
-0.10813200
-0.57104400
0.19881200
0.11742000
0.42183700
0.49148300
-0.24465300
0.28326700
-0.53497100
-0.23822400
-0.01261090
0.07827820
0.12393300
-0.42166300
-0.29983000
-0.14845500
0.31728200
-0.89698900
0.08631600
1.04141000
-0.15177300
-0.11575500
0.51235500
0.60338000
-0.09940310
1.11376000
0.54073000
-0.68469900
-0.89362900
-0.22779700
0.33898000
-0.26661700
-0.33097900
-0.09053600
0.12365400
0.00440236
-0.56478200
-0.19506300
-0.29409500
0.19388300
-0.47831700
-0.78486200
-0.48430400
-0.58270800
0.00869211
-0.53377200
-0.41159300
-0.28330000
-0.95408300
0.42655800
0.89599600
0.47570000
1.34961000
2.24905000
0.78255200
-0.26522500
-0.03141270
-0.18904000
-0.20768100
-0.40693200
-0.69336600
0.64770000
-0.09600420
-0.89101400
-0.52533400
0.83111400
-0.38560900
-0.58953700
0.26324100
-0.52581100
-0.27091000
-0.83755300
0.34720400
-1.13859000
0.19011000
-0.11534500
-0.66525500
0.18740800
-0.42418800
0.03842730
-0.39618600
0.07972160
0.25933500
-0.09060260
0.03026410
0.25456500
0.07672270
-0.05187550
0.21372300
-0.00037069
0.53262200
1.20131000
0.07394280
0.44967700
-0.40180300
2.02786000
-0.27083400
-0.27483800
1.54323000
-0.49609800
-0.19900900
0.08262980
0.17701900
-0.23888200
-0.27633200
-0.41813100
-0.69791200
-0.31192400
0.88531100
0.96784500
-0.42883900
1.10344000
-0.21996900
-0.22556100
0.19567100
-0.98426900
-0.27752000
-0.24033300
0.46527800
-0.36799100
0.85454500
0.65671700
1.13733000
0.68416100
0.66353800
0.55491700
0.30160300
-1.01355000
-0.53423200
0.48175200
-0.78489600
-0.50692300
-0.30847900
-0.73045500
0.34531700
-0.25644000
-0.29250500
0.08325510
-0.26857600
-0.50437800
-0.51026300
-0.88168000
-0.37966000
-0.59926900
-0.34043800
-0.02344320
-0.36329800
1.01293000
0.71269700
0.69151600
1.29027000
-0.04661820
0.42768000
-0.36978100
-0.46906000
0.11874100
-0.54177300
0.49974500
-0.20561100
-0.20902800
-1.12121000
-0.64744200
-0.05261950
1.15865000
0.19949000
0.62927300
-0.63034300
-0.36526300
-0.87323600
-0.55312300
-0.68384600
-0.58155200
0.14603600
-0.37114300
0.14131300
-0.56525200
0.92241200
1.88172000
0.74441500
0.40567700
0.29273000
-0.97254500
-0.57990400
0.42715700
-0.30710700
-0.49174200
-0.02925200
-1.45445000
0.55752300
-0.20589300
-1.11651000
-0.05155310
-0.11294700
-0.43984000
-0.21178400
0.57976000
-0.36034700
0.31657200
-0.19472700
-0.08036190
-0.15425000
-0.26313100
-0.86552500
-1.34346000
0.04312520
-0.60504500
1.17550000
-0.27259300
-0.01027980
-0.49426300
-0.13410000
-0.03729460
-0.14777000
-0.36646500
0.04460420
0.22957100
-0.20819400
0.06702210
-0.21440800
0.41644600
1.70608000
0.30983800
-0.32133200
-0.13021400
-0.28329600
-0.74382300
-1.11980000
0.50994800
0.55717700
-0.27515900
-0.22805100
-0.23269000
0.08364290
-0.09894530
-0.31480000
-0.03835010
-0.15682200
-0.11973200
-0.35369800
-0.66655000
-0.30819900
-0.66920500
0.23757800
0.66483700
0.79222600
0.03880950
-0.99606000
0.24808600
-0.42861500
0.09889480
-0.04370160
-0.72030800
-0.64749000
-0.48415800
-0.09660520
0.05133400
-0.01178090
-0.51036600
0.34099000
0.22021500
0.36442600
-0.39358700
0.36792700
-0.45528900
-0.29743500
1.26958000
1.13318000
0.66419700
0.27391100
-0.14700300
0.57750300
0.14734100
-0.17438200
-0.60607200
-0.97595900
0.91586700
-0.18736200
1.77192000
-0.46000100
0.19496200
-0.63151800
0.08067900
-0.52184900
0.17320000
1.14761000
0.56221800
-0.16015100
-0.10144600
0.14745200
-0.30085400
-0.67927600
-0.72828500
-0.15968500
0.40802900
-0.61413400
-0.58091600
-0.25511600
-0.27175000
-0.46761700
-0.37028200
-0.56476800
0.09837730
0.05048370
-0.05132160
-0.05276470
-0.83641400
1.56967000
-0.39195400
1.50891000
-0.34693800
0.77952400
0.07801460
0.09198020
0.92915800
0.39420900
0.94060200
-0.02567450
-0.65119200
1.19733000
0.22940900
-0.00671432
-0.64587700
0.41772900
-0.12126400
-0.18691800
-0.29248300
-0.65533000
-0.48657100
-0.16597300
0.30862900
0.79201900
-0.43456800
-0.41318100
-0.33441400
-0.68192500
-0.07895730
0.07891980
-0.33768800
-0.04907350
-0.13323100
0.51434600
-0.01662640
-0.16468300
0.63365500
1.83786000
0.34390700
-0.13717500
0.12143400
0.07603110
-0.69923200
-0.23417000
-0.27649400
0.30466800
-0.36899400
0.01957500
-0.04977070
-0.00812680
0.54845300
0.46389400
0.41911500
0.03857680
-0.35657100
-0.42707400
-0.45293800
0.02031850
0.69250400
-0.25198200
-0.56407100
-0.25913000
-0.55966500
-0.55698300
-0.23418400
-0.41025000
0.92611200
0.12247000
-0.00682413
-0.22705800
-0.12012100
0.18431500
0.22048400
1.25338000
0.07961460
0.34461800
1.55568000
0.01640130
0.68928300
-0.17749200
-0.13515900
-0.02348990
-0.35282700
0.97792200
-0.11363300
0.20181200
-0.46576500
-0.25772000
-0.81893700
-0.23452600
-0.39558700
-0.14889300
-0.20408100
-0.19208800
-0.20114600
-0.95522600
-0.49155600
-0.44335700
-0.58741200
-0.55440500
1.90034000
1.30054000
0.44147000
-0.28212900
-0.09669730
0.93284100
-0.27135800
-0.27802700
0.11447700
0.41635800
-0.61256800
0.58670000
-0.14079200
-0.99160100
0.15604300
0.71423800
-0.57644200
0.04189540
-0.61837900
0.01773380
-0.47715600
-0.94616000
-0.42035400
-0.03444460
0.22916600
-0.54677900
-0.02198470
-0.17516100
1.50061000
-0.57719500
0.39435100
-0.06091590
-0.43028200
0.30790300
-0.09447790
0.94580900
-0.83072800
-0.39837500
-0.12060800
-0.74851100
-0.69514800
-0.06261030
0.20406500
-0.46484800
-0.51256300
0.57789100
-0.15315000
0.57610000
-0.37176600
0.24989300
-0.57582800
-0.24822500
-0.63675400
0.06311240
1.83591000
-0.09705760
-0.82618600
-0.33588300
-0.14436900
0.36157100
-0.47798700
-0.07821310
0.11563400
-0.44899300
-0.15303700
-0.41190300
-0.29774200
0.23712500
-0.03391510
-0.09577210
0.10967800
0.01232920
-0.09224870
-0.23764800
0.79369700
-0.68935800
-0.83759500
-0.50988000
-0.68138300
-0.91083200
-0.57714700
0.74584100
-0.27313900
-0.68338200
-0.33964500
-0.69246600
0.28354000
0.91178800
-0.38841200
0.20390900
0.00269433
-0.65678600
-0.32251900
0.35720500
0.09215520
-0.21279900
-0.37633700
-0.03683960
2.74715000
-0.95801800
-0.14965600
-0.02775440
-0.34395100
0.82092000
-0.12434500
-0.14272300
-0.05000560
0.63388000
1.00882000
0.45336400
0.03479730
0.07815340
-0.15436600
0.01630810
-0.13348200
0.22882500
-0.41703700
-0.35898500
-0.79087600
1.06662000
0.00189154
-0.46224700
-0.16341500
-0.02013550
-0.58337200
0.31881100
-0.07445150
-0.56510400
-0.71652700
0.03115710
0.18889600
0.89175800
0.31570000
0.03948730
0.46581700
-0.71700600
0.13842200
1.71660000
-0.74389300
-0.42704000
0.18567300
-0.40281600
-0.76621600
-0.31814900
-0.01121220
-0.22678800
-0.36659400
-0.01562050
-0.27760200
-0.18151800
0.42801200
0.19827200
-0.49439900
-0.00211515
-0.18250800
0.22887500
0.07380270
-0.29707300
0.06645970
-0.23269600
-1.07700000
-0.19498200
-0.16368700
0.70374800
0.05310820
0.33406800
-0.59408200
-0.62662500
-0.35577900
-0.63741000
-0.46397300
-0.79304900
-0.30948400
-0.04250480
-1.31715000
0.52317000
0.16146100
-0.48716100
-0.74519000
-0.22741100
-0.22319800
-0.77121700
-0.00245743
0.01773490
-0.84077600
-0.24937500
1.31472000
-0.97381700
1.56079000
0.08680150
0.54184300
0.26091700
1.38242000
-0.27530000
-0.89973200
-0.25766900
-0.62262500
0.78898400
-0.28358500
2.36121000
0.99107300
1.32101000
2.72408000
0.42019600
1.85932000
-0.08852230
0.60969600
-0.95875200
0.24403700
0.37541500
-0.24425500
-0.71253200
-0.04163310
0.54479800
0.79630300
1.00916000
-0.14816300
0.17040300
0.26578100
0.02542600
-0.23252900
0.42426100
2.04085000
0.79307500
1.09895000
0.55099500
1.57088000
0.61477100
0.38892600
-0.58713900
0.03183890
0.22485400
0.51763200
0.23792000
-0.64718100
0.26912600
-0.42343000
-0.74963200
-0.02171960
0.30644100
-0.32344100
-0.03902620
0.05992960
0.58667300
0.11807600
-0.11944300
-0.64575500
0.02521220
0.47659000
-0.35339900
0.14496800
-0.62947300
1.80248000
-0.20400200
0.08503270
-0.24732600
-0.44321300
-0.46553700
-0.42194400
-0.16664500
-0.24784400
0.11198700
-0.20572500
-0.11297800
-0.64938900
-0.59564800
0.23794000
0.02402720
0.62230400
0.04114010
-0.40582400
-1.07842000
-0.06012310
-0.61984100
-0.27866100
0.40674500
-1.02861000
-0.42529700
0.28557200
2.16320000
-0.08954470
-0.35542600
-0.54695300
1.26359000
0.16060700
0.24315500
0.22787700
0.23288400
-0.14166500
-0.05001190
-0.53386700
0.09683500
0.45059900
0.37671600
0.84837300
-1.08601000
-0.70356900
-0.19424700
0.18859400
-0.47994500
-0.60615500
-0.25302100
0.25496500
-0.59755900
1.29952000
-0.13429900
0.25531100
-0.95852800
-0.36683800
0.29048500
0.82177200
-0.21408000
-0.60609700
1.58395000
0.77570200
1.40783000
0.05654560
0.48122000
0.02057990
-0.71182300
-0.45796800
0.05069010
-0.35881600
0.24674500
0.05806050
2.67729000
1.18561000
0.17588000
-0.07421260
0.04367490
-0.49268300
-0.48366300
-0.76624500
-0.45500700
-0.01745810
0.15024800
-0.69170100
-0.36040500
-0.06477800
0.10558000
1.03297000
0.40543100
-0.68499100
-0.73255000
0.56908800
-0.16644100
0.00619348
-0.12123500
-0.48695600
-0.53077800
-0.69380400
-0.00463565
-0.52517000
-0.24340800
0.11886300
0.46165800
-0.27732500
-0.45116000
-0.18979900
-0.91317000
0.03206690
-0.16868700
-0.90914300
-0.58095900
0.28923200
0.14450700
-0.17832000
-0.27623900
1.13194000
0.59167200
-0.24939200
-0.82691400
0.35560200
-0.15807600
-0.09711850
-0.20032000
0.56048600
-0.53965800
-0.30356000
0.00568022
0.17744300
-0.00902043
-0.76241000
-0.81583200
0.45763100
0.13634000
-0.78149100
-0.21264700
-0.64186900
-0.33872300
-0.74382000
-0.75316300
-0.16043000
-0.70753400
-0.21651000
0.00847103
0.12931200
-0.56275400
0.35351200
-0.25059200
0.22312500
0.07722670
0.66497400
-0.93040000
-0.53840600
-0.18571200
-1.07760000
0.43588100
0.08061870
-0.38221800
-0.51316900
-0.06461360
0.05278030
-0.39095300
-0.07678420
0.62832700
-0.28081000
1.23376000
0.37993000
-0.26511100
0.07131210
0.68785000
0.04215110
-0.68312600
1.01879000
-0.30341600
-0.50935500
0.05621810
-0.35127900
-0.18267800
-0.31120800
0.12891600
-0.39512600
-0.04999770
-0.68349600
-0.20779600
-0.31238500
-0.05283880
0.17203200
-0.68266200
-0.56671300
-0.18609800
-0.21234200
-0.18785000
-0.30950500
0.03870050
-0.26269500
0.15133400
-0.00784606
-0.05480370
-0.73076400
0.26811700
-0.16632700
-0.53240500
1.55969000
-0.07646620
-0.05360910
0.38527400
-0.39720200
0.31754300
-0.83397600
-0.78644700
-0.13144500
-0.52241400
0.09494840
1.82736000
0.31596100
0.07188150
-0.21219300
0.06398480
-1.00787000
0.10652700
-0.16090500
-0.00875244
-0.62354300
-0.04883360
-0.34076700
0.00651227
0.27046100
-0.11910800
0.28478300
0.91230600
-0.10133500
-0.47338500
-0.60643200
-0.74285900
-0.44513200
-0.10402100
-0.73220000
0.20370000
-0.77386800
1.13796000
0.27805200
-0.44655200
-0.18369500
-0.36435400
-0.02370410
-0.20662100
0.68684200
-0.31282700
-1.17807000
0.11519200
0.34039800
-0.67664200
-0.37274800
0.08571630
-0.11608200
-0.21092900
-0.35128200
-0.28950200
-0.25400800
0.07810710
-0.35714200
-0.70867900
0.17589100
0.16614300
-0.02261550
0.67218900
-0.49316800
-0.07518880
0.48719300
-0.41897400
-0.82084700
-0.10399700
-0.03648270
-0.07795700
0.23981700
-0.19611900
-0.15872200
0.42066400
-0.12038800
-0.69857100
0.10656200
-0.50473800
-0.08456630
-0.80013400
-0.01195030
-0.69730400
-0.10899300
-0.31862200
1.00004000
-0.35305200
-0.27056900
-0.31198400
1.87629000
-0.19609800
-0.23182100
1.11795000
1.84165000
0.54277600
0.51022900
0.71555800
0.33078200
-1.06959000
0.55783000
-0.00496383
-0.12018300
-0.56870300
0.42631200
0.07577260
-0.22635000
0.01863260
-0.18766200
0.12515500
-0.95684600
0.35134600
-0.08275550
0.41478400
-0.02649330
0.20599500
-0.25643300
-0.23050400
-0.11262000
0.06745010
0.07930730
0.32053200
0.40582700
1.86626000
-0.18337700
0.28854500
-0.32942400
0.35578000
-0.25843800
0.74340600
0.97641800
0.34896500
-0.00367154
1.76441000
-0.72242900
0.78778300
0.10676700
0.05636640
0.34017900
1.11381000
-0.38747200
0.00210336
-0.11584500
-0.36803700
-0.19007200
-0.45613600
-0.61790600
-0.26716900
0.05427800
-0.49458000
-0.81361200
0.43999400
-0.26602800
-0.26953200
0.35027000
0.24154800
1.00810000
-0.62759600
-0.49669000
-0.14357400
0.25589400
-0.72607400
-0.21623400
-0.18323800
-0.46316400
-0.50357200
-0.17054000
0.52581100
-0.79620800
0.20591600
0.64608300
-0.76620800
-0.92794000
-0.33244800
-0.19867100
0.37916600
0.09185880
0.41932200
-0.77008900
-0.32084100
-0.27603700
-0.00186808
0.13569700
0.41194900
0.38154200
-0.47775200
-0.79959700
0.30669700
0.29751800
-0.16828400
-0.28388400
-0.88893100
-0.34808100
-0.46597800
0.12180500
-0.47937100
-0.35791400
3.32741000
-0.44746700
0.48061400
-0.02364780
-0.66396000
0.04185370
-0.11378300
0.42933900
0.12000200
0.22959400
-0.05392970
0.29711100
-0.28864500
-0.69087700
-0.34826400
-0.38208500
-0.17308000
0.21095300
-0.80909200
1.58194000
-0.44099900
-0.58403200
-0.32953100
-0.52190100
1.85706000
0.25521200
-0.25352600
0.75714700
0.61153200
0.42399200
-0.63773900
0.45904900
-0.34505200
-1.12055000
0.98228400
0.15507000
0.07769970
-0.02144090
-0.81858600
-0.85689400
0.40878000
-0.64298900
-0.10185100
-0.01419290
-0.16883700
-0.54778400
-0.30506500
0.08743210
-0.43718100
-0.14921600
-0.35877600
-0.46211100
-0.30114000
-0.10176000
0.39522600
0.34637300
0.48140200
-0.47035500
0.23538900
0.38598000
0.65243400
-0.34576100
-0.31306000
0.20044400
0.29071300
0.23316500
0.87637800
0.30301700
0.44062000
-0.40364900
0.41446700
0.01424230
3.12584000
-0.24780100
-0.60632600
-0.47210000
-0.98235500
0.68678600
0.44379000
1.15605000
-0.74672600
0.55979500
-0.36466100
-0.10445200
-0.64425200
-0.14805100
-0.42256900
-0.37815000
1.06952000
0.17353500
0.34858400
-0.24594800
1.22392000
-0.11982600
-1.17416000
-0.66704100
0.17020100
0.06761480
1.74636000
0.20919100
-0.19058400
-0.17418100
-0.77286500
0.05294490
0.03099220
0.33969700
-0.11185800
-0.67992800
-0.52187600
-0.39383400
-1.03920000
-0.12503500
0.21740900
0.11114000
-0.42807400
0.56161900
-1.07552000
-0.57400300
0.16214200
0.21331100
-0.57158400
-0.12485600
-0.39775300
0.72970900
1.24967000
0.56432200
-0.66007800
0.22388200
-0.07936800
-0.38155300
0.40295100
1.36817000
0.29606700
0.03700570
1.08018000
0.74903200
0.83096700
-0.07860460
0.26348400
0.18150600
-0.36187900
-0.68226700
-0.67870800
-0.22600400
-1.03103000
-0.09298690
1.13046000
-0.08136400
0.31662000
0.07188150
-0.10379300
0.34672300
-0.25287600
-0.08027000
-0.28454900
0.06804760
-0.21972800
0.45203200
0.35213100
-0.45852400
-0.31380400
0.56723900
-0.43514300
-0.09897190
0.67884700
0.25003700
0.27715800
-0.57368400
-0.38459800
1.79710000
-0.27551700
1.42765000
1.65379000
1.00954000
0.84818400
1.18859000
1.15614000
0.32789200
-0.42494700
-0.55754400
-0.26565100
0.14489100
-0.00453877
0.00700597
-0.07975530
-0.45264500
-0.71716600
-0.89155600
-0.06959760
-0.53475700
0.14489100
-0.21135900
-0.09264290
-0.77474000
-0.06829490
1.68632000
0.07997330
-0.58716300
-0.63241000
-0.42810100
-0.10960700
-0.16351900
0.02097890
-0.31541500
-0.12613400
-0.07652770
-0.39497500
-0.45278600
-0.28432700
0.14970500
-0.07184790
-0.66981100
0.27586900
-0.21134900
-0.46837000
0.14193200
0.15129300
2.06014000
-0.29786100
0.22296300
-0.20280200
0.48716300
2.07869000
-0.35419300
-0.06444140
-0.29641300
-0.21024800
0.29854600
-0.22885600
-0.07088600
0.75360200
0.20253400
-0.62696500
0.07388830
-0.32085800
0.07816950
-0.58593500
-0.19614300
-0.37219400
0.76609400
-0.34097700
1.18204000
-0.32216400
-0.29376200
-0.15555700
0.34378400
-0.08305010
-0.16929700
0.00486726
0.35506300
-0.33624600
-0.16455900
-0.05318680
-0.68538900
0.56592000
0.24461200
0.24461200
0.13566200
-0.55235000
0.02475850
0.49586300
0.24100500
-0.10042700
0.69055400
-0.37839800
0.04428340
-1.17834000
-0.15622500
-0.16799900
-0.06857300
-0.47229800
-0.13698500
-0.69525500
0.60742500
-0.06762450
-0.41914800
0.06092580
-0.32963100
0.07536270
-0.07786730
-0.14171400
2.42733000
0.31418000
0.00656039
0.95699900
1.38419000
-0.27588200
-0.33934600
1.36725000
0.17688700
0.21919000
0.22167700
-0.55907700
-0.09983440
-0.53396300
-1.13888000
0.48072400
-0.79388600
0.23907300
-0.74557300
-0.53314200
1.62167000
0.03402830
-0.38909000
-0.03975370
1.76041000
-1.11674000
-0.59154700
-0.38682900
0.73190200
0.83272900
0.19639800
1.84082000
0.53866400
-0.21132800
-0.55038400
0.05029050
0.11728400
-0.17149400
0.48387100
-0.50546200
-0.56057200
-0.97989100
0.08737370
0.31386200
-0.68174000
-0.29423800
-0.70608700
-0.66981100
0.05004010
0.25051100
0.17354900
0.17839200
-0.30979600
-0.52784300
-0.02223630
-0.22471600
0.41001200
0.04257960
-0.17042900
0.01248280
-1.05621000
-0.50415800
0.45873800
-0.31539300
-0.68102600
1.07105000
0.02624460
-0.13731600
-0.14081900
-0.21883000
-0.40120700
-0.01860690
-0.16746100
-0.69948000
0.17489800
-0.55885000
-0.55885000
0.16176700
0.23273800
0.85992500
0.59866800
-0.21036400
-0.06200970
-0.82635900
0.37295600
0.30267800
-0.09905670
-0.19603600
-0.01781910
-0.38477700
-0.44569600
-0.13883400
-0.43381600
-0.42836000
0.07567010
0.81199000
-0.31299200
0.97255800
0.81766300
0.14295000
1.04449000
2.09856000
0.48216600
0.05319610
-0.28431500
-1.04751000
-0.74629300
-1.05945000
0.36577600
0.08906660
-0.40521200
-0.43785100
-0.64071600
-0.42113500
1.70437000
0.19495600
-0.72920800
0.23096200
2.63212000
-1.30785000
0.51611600
-0.76870100
0.12200400
-0.20677500
-0.88888600
0.04279200
-0.06254130
-0.45460900
-0.08856280
0.06634900
-0.49669700
0.11858700
0.20404000
-0.61904200
0.93878800
-0.50675500
0.28944600
-0.28300200
-0.06862600
-0.02529010
0.76483800
-0.09332620
0.26775800
0.47184400
0.68964100
-0.49863000
0.34094600
1.22568000
1.12504000
0.43626100
-0.33984500
0.27639900
-0.64428600
0.45562600
-0.32864500
-0.02029610
-0.25822000
0.23667300
0.54421700
0.00679946
-0.31973600
0.31172700
-0.21130000
-0.07494530
-0.35829600
-0.24562900
0.08562160
0.27272300
-0.43103900
0.15704400
-0.20578300
-0.38291400
-0.83788700
0.26183700
-0.81151500
0.20395300
-0.30358900
-0.40813900
-0.32454600
-0.16556000
-0.30077000
-0.39102700
-0.00750389
0.37660700
1.91964000
-0.04903210
1.64983000
-0.01705580
0.37265600
-0.90782800
-0.19695500
-0.63347400
0.51258700
0.18143700
-0.00391123
-0.22798100
0.95700000
0.29503600
0.70628400
1.45991000
0.16882000
-0.36783800
-0.48329300
-0.28786700
-0.47055500
-0.40855700
0.36515600
-0.64601000
-0.35074400
0.49058100
0.37939000
-0.27282000
0.07709580
-1.00704000
0.40355600
-0.13895400
-0.66607600
-0.61439000
-0.33329300
-0.28471900
0.21923300
0.57424000
1.78052000
-0.75923600
-0.64358300
-0.97367600
-0.60009000
-0.47228200
-0.28773900
-0.86534100
-0.02218880
0.34124900
-0.37743400
-0.69297900
-0.27366200
0.55908500
-0.15804000
-0.42463300
0.06476210
-0.29237700
-0.73738200
0.18062100
0.56032200
0.35249100
0.42666500
-0.40066800
0.30193500
0.38940600
-0.48069100
-0.25510200
-0.05128200
-0.33790400
-0.23757400
0.26006800
-0.45314000
0.55239300
0.00013298
-0.69181000
0.80103600
-0.18079100
-0.35540300
0.61430200
-0.12494100
0.15619000
-0.08902600
0.03379910
-0.10983600
0.01319350
-0.69163700
0.06476420
0.39203800
-0.41143400
0.08358350
2.28560000
1.80135000
0.95643800
0.55341100
0.13573900
0.02428200
-0.17380800
-0.13225300
0.24957800
-0.59266700
-0.14600300
-0.70112600
-0.05693060
-0.19868300
0.07371200
-0.46654900
-0.96892600
-0.57903800
-0.00739893
-0.65996100
0.33009000
0.29726600
-0.43828100
-0.64302500
-0.95236200
-0.60656700
-0.41653100
-0.18081400
-0.71330400
-0.53890900
0.20300100
0.24515900
0.07483650
0.01803200
0.11780600
0.20340600
-0.05470320
-0.58730900
-0.21747300
-0.34693300
0.13041000
-0.71400800
0.09284880
0.34810100
0.24714700
-0.24196000
0.12310000
0.07523860
-0.04079570
0.24308400
-0.33800900
-1.08282000
-0.97982200
-0.34349900
0.41317200
0.03347620
1.58904000
0.82229500
-0.33766200
-0.16496600
0.12093500
-0.49615400
-0.27316500
0.50519200
-0.37667000
0.10307800
-0.61344000
0.17039300
-0.85660000
-0.00047812
0.26035200
-0.50555400
-0.19388900
-0.23237000
-0.11385800
0.14575500
-0.71629700
-0.25498500
-0.13286000
-0.09376570
0.40241800
-0.62845300
-0.47351900
-0.97196700
1.15854000
-0.46546200
0.24282300
0.45020800
-0.12553600
-0.54544100
-0.19290300
0.10472800
0.24761700
0.03508740
-0.61840700
-0.56588400
0.69247600
-0.51580700
0.14761400
0.22256000
-0.44880300
-0.22774300
-1.04327000
0.30260100
0.19340800
0.06362990
-0.44576800
0.96142100
0.02425640
-0.26106600
-0.52819700
0.69709200
1.30529000
-0.26346100
-1.04390000
0.46198600
1.04646000
-0.11122100
0.39885600
-0.82822900
0.71499400
0.05182710
-0.31445800
-0.04195570
0.68412400
0.06358110
1.48099000
-0.41125500
0.05129720
1.47234000
0.58075800
0.16568400
-0.28571300
-0.17371800
0.33786400
-0.79086500
-0.21956600
-0.56330900
0.05154380
-0.09005060
-0.79689500
-0.12018300
0.05647670
0.44142400
-0.11263200
-0.88019400
-0.88969500
-0.53536800
-0.81847100
0.39994800
0.09099110
0.24025800
-0.12960700
0.55844700
-0.54974100
-0.25426200
-0.12761900
0.45837100
-0.06529630
-0.61663200
-0.52171100
0.48053200
-0.37749300
-0.41115400
-0.09878410
-0.37993000
0.01523160
-0.23727900
-0.06755180
-0.43030100
-0.47809300
-0.52528200
-0.32248200
-0.29993800
0.20973600
-0.46287300
0.67980700
-0.67087900
2.70207000
-0.31243400
0.20137700
-0.17595500
-0.02832800
-0.32609100
1.16625000
0.72071400
0.39530000
1.00616000
-0.54476000
-0.40129500
-0.56176800
-0.28734400
0.73333500
1.38744000
-0.08870510
-1.29192000
-0.11128400
0.65622300
-0.69754000
0.11651500
1.89703000
-0.47390100
-0.48000300
1.37116000
0.58405500
1.08113000
1.84399000
1.44610000
1.37864000
1.24903000
-0.56686900
-0.58224200
-1.41352000
1.60427000
2.25397000
0.87847500
1.03766000
0.82043000
1.47828000
1.43980000
0.76258400
0.05327860
-0.04000520
-0.51265500
-1.10461000
-0.14199300
-0.19824000
-0.17597200
-0.17668900
-0.29408900
-0.69239300
-0.16985500
-0.02055030
0.28792300
0.17107800
0.85396900
0.98617700
0.27097000
0.74137200
0.35512800
0.47827800
1.24028000
1.36538000
1.69054000
1.64134000
-0.46758200
-0.24029100
0.01792230
0.09589430
0.58117300
0.38088200
-0.16199100
-0.07054740
0.60297400
0.20244400
0.94075500
-1.20799000
-0.62754900
-0.08844860
-0.05870430
0.12831800
0.38283600
-0.32575000
-0.27237000
0.55448000
0.36575700
-0.32429400
-0.17597300
-0.53739500
0.25414600
-0.01422580
0.37881400
-0.16991200
1.17642000
-0.55255400
1.31655000
0.93739100
0.65293900
0.28725500
-0.24566500
0.47563500
2.27755000
1.95332000
0.40968400
0.47067000
-0.23289500
-0.01331280
-0.18843300
-1.07727000
-0.11262200
-0.91703000
0.20019600
-0.40873000
-0.42715100
-0.83663200
0.00931851
-0.20734900
0.31283700
-0.36879600
-0.19210700
-0.22653500
-0.27624300
-0.42259400
1.59617000
0.32051600
-0.01947840
-0.03693960
-0.56319700
-0.45682600
-0.05870110
-0.73653300
-0.33772000
-0.34195200
0.08137680
-0.52754200
0.01680220
-0.15037900
-0.21670000
-0.14277400
-0.85592300
-0.51198400
-0.01231710
-0.43557300
-0.78115000
0.50900400
-0.44626900
-0.22161200
-0.82136700
0.45439900
-0.07231710
0.50257400
0.15517100
-0.09985710
-0.80101700
-0.07327470
-0.45326500
-0.26296400
-0.62588000
0.39945200
0.00367976
-0.01744480
-0.27880300
-0.02298740
-0.63939200
0.17667400
-0.11828900
-1.07771000
-0.32136300
-1.29001000
0.21119300
-0.30415300
-0.19277600
0.29564100
0.06516910
-0.12449600
3.17434000
0.77966200
-0.63020100
-0.00496062
1.19738000
0.11174400
-0.35928200
-0.19196100
0.53565300
0.44298900
0.42335300
1.08181000
0.41514200
-0.00728553
0.28888900
-0.31582000
1.27732000
-0.43878300
-0.22425900
0.21590200
-0.19423900
-0.53041200
0.16434300
-0.09029860
-0.35598400
-0.19585200
-0.22440800
0.01931920
0.13355700
-0.44532000
-0.35257200
-0.22548600
-0.07663070
-0.16641300
-0.40251900
0.33480600
-0.54977600
-0.75676100
-0.44727000
-0.58686900
0.20469500
-0.02661900
-0.39737100
-0.08359610
1.09738000
-0.19547200
0.22900300
-0.37374600
-0.48811900
-0.07494880
