4.65128000
6.60181000
5.20083000
5.00167000
6.00507000
5.35781000
4.96479000
4.99401000
4.83633000
4.80703000
-0.46625800
4.65072000
5.00446000
5.07489000
4.88821000
1.01005000
5.52061000
0.22734700
4.78025000
5.45035000
5.36834000
0.96685100
5.55990000
5.19231000
5.55949000
4.99201000
0.58379400
5.14747000
1.17005000
5.07789000
5.37009000
4.82297000
4.96997000
5.46585000
0.43356900
5.41235000
5.61274000
5.09463000
4.91274000
4.71264000
5.24761000
1.28251000
0.67641300
5.08402000
0.54465200
5.08032000
5.37859000
5.02876000
-0.24873900
0.35155800
-0.65211800
-0.34237000
-0.32721400
-0.40120100
-0.25585700
0.33000500
-0.34595300
0.12448900
0.22477800
0.68411900
0.16485200
-0.50658300
-0.39033900
0.08304540
0.28734400
0.34589700
-0.47427300
0.47013600
-0.13965400
0.04411940
-0.02035140
0.66000200
-0.06529070
1.00347000
-0.85787200
-0.43998800
-0.25889000
-0.14062000
-0.07564670
0.02712990
0.07761550
0.07415290
0.04529620
0.30039100
-0.10691500
-0.13909900
-0.33111800
-0.58311400
-0.83152000
0.07702840
-0.26278200
0.05736940
-0.57907700
-0.40691600
-0.37366800
0.06259560
-0.55313000
0.11731300
-0.14380900
0.13762100
0.88658200
0.30257700
0.01024930
-0.63905200
0.04596140
-0.37719300
1.29632000
0.19847300
-0.01152360
0.33430500
-0.82201800
1.41133000
0.69658200
-0.81916600
-0.82924100
-0.19598600
-0.19911700
-0.00557635
-0.12428600
-0.07748560
-0.42907300
0.15581700
-0.10393900
0.40850800
-0.57641300
-0.75599000
-0.41113500
-0.23202000
-0.04553400
-0.44281100
0.68535400
-0.03902910
0.10451000
-0.43265200
0.13893600
0.95169900
-0.44555400
-0.42103500
1.06809000
0.44233700
-0.41264000
0.49334000
-0.23794600
-0.03394340
0.12466100
0.00511149
-0.24893200
1.77404000
0.35468200
0.05824500
0.68082100
-0.42006200
0.22374700
0.19118000
-0.01048020
-0.19468200
0.24292200
-0.11486500
-0.04292470
0.29675400
-0.25218300
0.12745000
-0.28560200
-0.61239500
-1.09309000
0.29650000
-0.33602200
0.31110100
-0.72705700
0.29245900
0.51757600
-0.40826500
0.31906100
0.13351900
-0.43856000
-0.29849100
-0.04522020
0.39128500
-0.37798100
0.12597700
-0.39823500
-0.12845100
-0.13045900
-0.31441700
-0.48102900
0.19335200
0.54542600
-0.20326100
0.20608300
0.58709300
-0.40968300
-0.04645540
-0.30776000
0.33178800
0.08297030
-0.23391800
-0.07837430
0.40101300
0.45059000
-0.19921700
0.38563600
-0.00444313
-0.18894200
-0.92898700
-0.60507000
-0.61515500
-0.42788100
-0.15143400
-1.09643000
-0.33332400
-0.17346100
0.23570300
-0.68202000
0.14610300
-0.52350600
0.01908440
-1.09685000
-0.19562100
-0.06771010
0.58860900
-0.42800100
-0.55509200
0.48314300
0.07874290
-0.05121840
-0.31991100
-0.10377400
0.13985400
-0.71960500
-0.42083600
-0.39521900
0.12005900
0.06030610
-1.12701000
-0.25347200
0.26157600
0.10912700
-0.46588300
-0.41496600
0.34260600
-0.56575800
0.25404700
-0.13458800
0.37236800
0.35709600
0.52407000
0.13313200
0.79942800
-0.42102000
0.21328500
-0.40257900
-0.07213940
-0.33852300
-0.29087700
-0.45095400
0.04794510
-1.21222000
-0.67096300
0.48802500
1.29324000
0.02593450
0.03323600
0.03192110
-1.34358000
-0.68313400
-0.22977100
0.13649600
0.90696400
-0.30555800
-0.20369300
-0.11716300
1.44538000
-0.05150260
-0.50932800
-0.45249300
-0.49667500
0.16040600
0.03581720
0.93699700
-0.01616210
1.26484000
-0.21267600
-0.05475470
-0.25893900
-0.34302200
0.13291200
1.06615000
0.08911210
0.24573400
-0.38322600
-0.57695100
-0.17458600
-0.11269100
0.10646000
0.20892600
-0.83165700
-0.50490000
-0.08354530
-0.68609400
-0.20762000
-0.04476020
0.66752000
1.48531000
-0.21753800
0.05283880
-0.41579500
-0.43723200
-0.31547900
0.61033200
-0.42950200
-0.93988800
-0.21847800
-0.14209800
1.24502000
-0.15354000
0.98110700
0.32934300
-0.21651000
-0.42522600
-0.04678160
0.05043080
-0.04496460
0.47839500
-0.36845400
-0.37597600
-0.03610360
-0.89310000
0.21159600
-0.35241900
-0.42746500
0.05785420
-0.59758900
-0.30160600
-0.02155340
0.35460100
-0.11967900
0.45748200
-0.03875930
-0.57447800
0.10371400
-0.03148620
-0.14618700
-0.40163300
-0.10969100
0.49819300
0.20306200
-0.69296800
-0.21984000
0.21411500
0.21526400
0.57248400
-0.35846200
0.19171500
-0.55554300
-0.40777900
-0.86523200
-0.92151100
-0.15405100
-0.13462700
-0.45529900
0.31246900
0.02805720
-0.06497550
-0.24137300
0.23155200
0.05411000
-0.22369500
-0.12414000
0.20891800
-0.21812500
0.05825500
0.25009800
-0.15852900
0.23146600
0.14973200
-0.20765700
0.43870400
-0.89445000
0.03279600
-0.26212600
0.38021700
-0.50263600
0.12343600
-0.45095800
0.56439800
-0.02631710
-0.13432900
-0.82731700
-0.72032600
0.03611160
0.55492700
0.14643500
-0.81481100
0.55815800
-0.14522200
-0.48079700
0.19658800
-1.10083000
0.54597500
-0.26676500
1.12513000
1.32899000
-0.28258000
0.25373600
-0.34810900
-0.33623100
-0.19788900
-0.63372900
0.40704000
-0.22885400
-0.42195900
0.39356700
-0.24647200
-0.69514400
-0.27906900
-0.31133100
-0.24301800
-0.15108000
0.04085100
0.48562500
-0.61801800
0.14509600
-0.69472000
-0.70122900
-0.06431390
-0.37239300
-0.04774480
0.17570300
0.18439700
-0.38826100
-0.33368400
0.30430700
0.84660100
-0.43456400
-0.42104400
-0.00298523
-0.77467300
-0.40139700
-0.73721200
0.61911100
-0.53178200
-0.60591100
-0.96685400
-0.42039800
-0.90226000
-0.32060900
0.29869500
-0.60050700
-0.00866096
-0.37358500
-0.15532200
0.06077190
-0.19451900
-1.39174000
1.23226000
-0.80402400
-0.06555250
-0.72235700
0.53541300
0.08378200
-0.52859400
0.12688600
-0.12945400
0.25659900
-0.67450700
0.30029000
-0.31639900
-0.35352300
0.96674100
0.10949500
-0.83246500
-0.40918200
-0.51404100
-0.22951000
0.20250100
-0.20821200
-0.37621200
-0.34823400
-1.16596000
2.29145000
-0.38421100
-0.29178100
-0.68636100
-0.96068700
-0.12094300
0.14910100
-0.05732780
0.18288700
0.94621500
0.22825700
-1.03501000
-0.33185700
-0.60783100
0.29952500
-0.00096305
0.04443480
0.02168230
0.04583200
-0.33051300
0.03338790
-0.11216200
-0.79749800
0.01516520
-0.08763990
0.05850100
-0.29813400
-0.39500700
-0.64619600
-0.24053100
-0.59087400
-0.37330800
-0.61605700
0.46045900
-0.07135800
0.48212400
0.12822700
-0.46192600
0.19312600
-0.33773400
-0.40818200
-0.21511000
-1.59340000
0.38910200
-0.26308900
-0.82084600
-0.35707700
-0.32128600
0.58395300
-0.99903800
0.01573960
0.48753500
-0.14387900
-0.89877500
0.52380700
-0.19401900
-0.21098200
0.20000400
-0.53600800
-0.25066800
1.03506000
0.31330500
-0.60587000
-0.34605000
-1.00555000
0.05264770
0.98159300
0.26421200
-0.96213700
0.04545090
-0.56447700
-1.09217000
-0.11439800
0.30785100
-0.01614920
-0.25021000
1.00280000
-0.80705300
1.58613000
0.02794500
-0.00366137
0.09530330
0.02095750
-0.25854500
-0.32497800
-0.62359900
-0.31557600
-0.42868200
0.30959900
-0.57175900
-0.13489700
-0.42805400
0.58025100
0.49272100
-0.03552250
-0.71572600
-0.69118500
-0.34773600
-0.14011700
0.46880100
-0.02334070
0.34227100
-0.79468500
0.40490600
-0.90393200
-1.03012000
0.36651200
0.30668900
0.64200600
-0.38325800
0.91489000
-0.04983670
0.39919100
-0.31295300
-0.03031820
-0.57047100
0.13212300
0.42280600
-0.08590150
3.21062000
0.12882700
0.24443800
-0.92399500
0.97338400
-0.11832500
-0.33453400
-0.42937700
0.07564620
-0.03939890
0.21725300
0.22263600
-0.45743800
-0.20066000
-0.17966100
-0.08012290
-0.82285900
-0.60313700
-0.15950200
0.16928300
-0.64342900
-0.42717900
-0.06766750
0.34184900
-0.17139800
0.10490000
0.05588490
0.44601400
-0.59176800
-0.85650100
1.19811000
-0.39333200
0.38609800
0.08568210
-0.23902900
-1.27674000
0.75621700
0.03131760
0.40791000
1.36572000
-0.49973700
-0.75732100
-0.70483700
0.32944600
0.65810100
-0.91188200
0.34410800
0.41971100
0.79594900
-0.52720000
0.69201000
-0.08425540
0.19589800
-0.06065640
-0.99863700
0.11955300
-0.29032000
-1.35649000
-0.12936400
-0.67699500
-0.36603900
-0.14552200
0.15218800
-0.53877900
-0.29037200
1.20928000
-0.08335290
-0.12102600
-0.47377400
-0.83160300
-1.03984000
-0.58260100
-0.69421000
0.45607500
-1.29892000
-0.84225000
-0.23568900
-0.48468800
1.05360000
-0.33282000
-0.02373050
0.42139600
-0.67909100
-0.18917700
-0.53131600
-0.11549700
0.62317300
0.15287100
-0.56008200
0.20051200
-0.86768400
-0.38912200
0.10609700
-0.57461700
-0.13153500
-0.72818200
-0.28684100
0.13750800
-0.98878100
0.21654900
0.50681500
-0.45688900
0.06460550
-0.60773100
-0.23438100
0.41800700
0.20674700
0.05084640
-0.08531590
-0.16957900
0.25279400
0.23412700
-0.12812100
-0.41701800
-0.34713200
-0.54311400
0.22330100
-0.30856700
0.13910600
-0.21470200
-0.19795200
0.57381400
0.21771500
-0.13524700
-0.82996800
0.63648800
-0.29223400
-0.09227950
0.06566610
0.33272700
0.44121400
-0.08081180
-0.14882000
0.46741000
-0.25510800
-0.15922700
-0.57456000
0.47803500
-0.56058700
-0.03040490
-0.46759400
0.00146990
-0.07966620
-0.24543300
-0.60890700
0.92507000
-0.35626600
-0.52486400
0.25830600
0.33148900
-0.53193700
-0.63963900
-0.11709900
-0.28894800
1.18309000
-0.04035350
-0.11733000
0.22838700
0.75969800
-0.39039000
-0.34503700
-0.16071500
-0.21717000
-0.06971500
-0.50075300
-0.83635900
-0.73387400
-0.20019400
0.34463300
0.26982700
0.26981000
0.94447300
-0.17611900
-0.42144500
0.28682800
0.73198500
-0.56911700
-0.46571000
-0.76301500
0.05284210
0.45433500
0.04619500
-0.10953300
0.41188300
0.13523600
-0.64567500
0.41948100
-0.13840200
-0.38518000
-0.01247660
-0.49911700
-0.00879075
-0.45787000
0.01206710
-0.01835000
-0.63771200
-0.02436290
-0.33601800
-0.02185160
-0.49091200
0.06139430
-0.01681800
-0.78691800
0.13862400
0.56951700
-0.40902500
0.20714800
-0.52465000
-0.22606600
-0.24408600
-0.01278460
0.34172400
0.55442800
0.53300600
0.39733300
-0.07107620
-0.87731900
0.12921100
0.20293500
-0.42539700
-0.41483500
0.16683000
-0.14189300
0.46912700
-0.06762710
0.90749000
-0.34406800
0.21617500
-0.13631300
-1.15529000
0.02217840
0.41188300
-0.50244900
0.47092600
1.54468000
0.26183100
-0.89209900
-0.08473650
-0.54602900
-0.53887500
-0.24086200
0.21894300
-0.80783400
0.11701500
0.83674000
0.45289900
-0.14294500
-0.41131200
-0.35926500
0.47837500
-0.67871100
0.74921100
-0.40826100
-0.48020300
0.04483790
-1.47541000
0.06669630
0.26272400
0.25370900
-0.94005900
0.21975000
-0.19819900
-0.22954000
0.48896600
-0.25412900
-0.25615700
-0.63519000
0.49359000
-0.45268900
-0.44596800
-0.06060030
-0.88765300
-0.30482800
-0.26384400
-0.47295600
-0.32438700
0.55789300
-0.40589100
-0.45364500
-0.18600600
-0.34837600
0.10370100
-0.18756500
0.06080090
0.65889700
0.60279400
-0.21392000
-0.13862800
0.30892200
0.18834200
-0.60993700
0.27911100
-0.66582500
0.14809400
-0.62970700
-0.09703010
0.58303800
-0.17576900
-0.82671600
0.05848640
-0.52271700
0.06720450
0.31267800
0.74784900
0.35328500
-0.76686300
0.14811300
0.38796500
-0.86216000
-0.48182300
-0.41002800
0.66027400
-0.74493700
0.05786280
-0.33568500
-0.34906500
-0.50925700
0.03340730
-0.44359500
0.43855400
-0.07295270
-0.13637700
0.48407900
-0.31545800
-0.03313600
-1.39604000
0.98031500
0.57178300
0.44136000
-0.01685170
-0.14612200
0.11647000
0.58008500
-0.13213700
-0.00057375
0.82909000
0.29581000
0.71966200
0.19943200
0.03305690
-0.54804300
0.08867750
0.00106801
0.38079200
-0.27786400
-1.00875000
1.32423000
-0.68361200
0.95531900
-0.73298500
-0.05766360
-0.11811700
0.62061100
0.13010100
0.28951000
0.05330600
-0.06213200
-0.09517260
0.39346100
-0.74711000
0.12608600
0.54887100
0.39388400
-0.66252200
0.34057600
0.06053050
0.10102300
-0.09502100
0.78498100
0.58816900
-0.53466000
0.05584450
0.19004700
0.44346400
-0.11513000
-0.63147600
-0.09885380
0.27916100
-0.31913500
-0.91555500
0.04135160
0.01155090
-0.45464900
-0.08737530
0.42717500
-0.44269900
0.60939300
0.81159500
0.09322760
-0.15588000
-0.34624000
0.46547900
-0.66256500
-0.23618900
-0.48462400
0.07203730
-0.32945500
0.29775400
0.40696900
0.22670500
-0.11119300
0.85014300
-0.07865300
-0.46888100
-0.33824000
0.19867600
1.26349000
-0.39114800
0.98570500
0.97664600
-0.27655300
-0.16280800
-0.22530500
-0.09820560
0.36729100
-0.03051350
0.32107900
-0.19110800
-0.17514500
0.03615010
0.26278600
-0.14216500
0.27999300
-0.71087400
-1.25519000
-1.03036000
-0.38370200
-0.31829700
-0.32677000
-0.22126200
-0.41786300
-0.47506900
-0.45544700
0.13223900
0.27265200
-0.41257800
0.05324950
-0.24712800
0.11219600
1.05079000
-0.22104700
0.46362200
0.02616080
-0.38466800
0.14431900
0.08188820
0.94930400
0.61958200
0.40023500
-0.19491200
-0.01766500
-0.11068000
0.12491500
-0.75938500
-0.66973700
-0.17651600
-0.72478900
-0.40545100
-1.03565000
1.53315000
-0.29991400
0.07320670
-0.66430500
-0.41469500
0.01058630
-0.70830400
-0.13560400
0.17622200
-0.54261400
0.66336500
-0.43520300
0.70697400
0.20409800
0.35379600
0.10378400
-0.01618690
-0.19992200
0.62061100
-0.15927700
0.53012200
-0.67866400
-0.33623400
-0.14785800
-0.35259000
-0.56328300
0.18976300
1.49264000
-0.31350600
-0.80364300
-0.56895400
-0.08050250
0.22448200
-0.43216700
-0.46228200
-0.22343700
1.82469000
0.29448700
0.37207100
-0.37620100
-0.27958000
-0.71481700
-0.82287400
0.49353000
-0.01968300
-0.70228600
-0.05438360
-0.33591300
0.44083700
-0.23843800
0.54902400
-0.97199100
-0.26702800
-0.57854400
0.21776500
-0.59429700
-0.20769000
0.07359260
0.51286100
0.13082000
0.53050600
0.45954900
-0.50485800
-0.21970300
-0.98811200
0.20258200
1.16057000
0.52526900
1.19162000
-0.15532000
1.27977000
-0.21181400
0.61235500
-0.68250100
-0.06868880
-0.09218720
0.21399200
-0.15053300
0.19057500
0.34146700
0.91227200
-0.05404060
-0.26548900
0.39348200
0.07358780
0.67549600
-0.23508400
-0.87507000
0.89186400
0.25303600
-0.29612200
-0.06730270
-0.22054500
-0.02959570
-0.34491600
1.42596000
-0.35234400
0.59260400
0.16802500
-0.15393800
-0.40381600
-0.51584500
-0.41978200
-0.28671500
0.43225900
0.16194200
0.48485500
0.82638800
0.99733400
0.13409900
0.32003200
0.46693000
-0.26611800
-0.60504200
-1.17363000
0.41217300
0.31728800
0.03874710
-1.03531000
-0.33983300
-0.15697500
-0.32308200
-0.28825400
-0.10051900
-0.38163700
0.09944140
-0.64262200
0.46453300
-0.13031300
0.71300500
-1.17605000
-0.30305100
0.79509100
1.86579000
1.13424000
0.54337100
0.04312530
-0.20466500
-0.15728000
0.80583700
-0.03777980
-0.04454270
0.01368980
0.31105500
-0.75510100
0.67486800
-0.44289600
0.24006100
-0.14019600
0.14840400
-0.29526800
-0.03222130
-0.49401800
0.02834820
0.03263650
0.24859300
-0.15723100
-0.57374200
0.33064700
-0.08955250
-0.69351000
1.77043000
-0.28861700
-0.30271600
0.10662300
-0.16340800
-0.94797700
-1.39123000
0.71922700
1.07169000
0.20071200
0.13428400
0.15894000
0.33106500
0.48433100
0.00308583
0.01324330
-0.11179300
0.23004700
-0.64983300
0.08500720
0.28665200
-0.22357100
-0.02780470
0.34995000
-0.23134700
-0.28246200
0.40555900
-0.15054200
0.26210100
-0.20968800
-0.21844500
0.21554200
-0.18092400
0.57175200
-0.17940200
-0.47372000
-0.24829600
-0.48182400
-0.08376310
-0.07104540
0.16036600
-0.41065900
-0.62582600
-0.49034600
-0.06010370
-0.35740400
1.03050000
0.16352800
1.34102000
0.98917300
-1.51622000
-0.67522600
-0.72414800
-0.14451900
-0.42344100
-1.44779000
-0.11618700
-0.74982100
0.06042060
-0.74879200
-0.31667900
-0.25775800
-0.22333700
-0.53735400
-0.12724800
-0.68706900
-0.40914300
0.31599500
-1.10057000
0.52908700
-0.88839700
-0.15445500
-0.26034000
0.07247970
-0.25767600
0.31674400
0.75952700
0.23115900
1.79708000
0.82759200
0.92882700
1.01831000
1.02821000
1.17871000
-0.08528070
-0.11385500
0.12030900
0.41520000
-0.06165480
0.89871900
0.28467100
1.72617000
0.19379300
0.04416920
1.75745000
0.65308300
0.73805000
0.01573920
0.17972400
-0.01640370
0.47792100
0.26264200
-0.02174180
0.25783000
1.23782000
-0.19493800
0.06721390
-0.57762900
-0.18033400
-0.68654300
-1.21815000
-0.27943500
1.16860000
-0.56370700
-0.68756300
-0.47146600
-0.40342300
0.02810390
-0.31793500
-0.16099100
0.01337190
-0.04953090
-0.16946000
0.38291600
0.36217300
0.47558700
-0.43135900
-0.47353100
0.40334600
-0.22003700
-0.15987200
-0.04564670
0.06921810
-0.76152000
-0.92771300
-0.48821000
-0.66556700
0.02174560
-0.57627200
1.46043000
0.18604600
-0.34952400
-0.23291300
-0.50236300
0.52489700
-0.65989000
-0.91500300
-0.47885500
-0.05820000
0.22950800
-0.40218200
-0.02708170
-0.18314600
-0.35498800
-0.40151800
1.07043000
-0.73229000
-1.25306000
-0.74073600
0.89121000
0.29738700
0.96569400
0.41156200
-0.97313500
-0.02273640
-0.32327100
0.46940100
-0.80070300
-0.13430500
-0.23823500
0.08670430
-0.97796500
-0.55472500
-0.25389900
-0.38635600
-0.18286200
-0.47373500
-0.60710200
0.03998070
-1.02193000
0.21446000
0.23816900
-0.19872100
0.16121200
0.11451600
0.26531100
-0.09973010
-1.06966000
-0.35967800
0.34575500
-0.08949620
1.01731000
-0.68442400
0.80901900
-0.38863500
-0.33949500
0.17195500
0.67074400
0.47500700
0.28975200
-0.54546800
0.11136900
-0.62021900
-0.22974900
-0.36329800
-0.62898200
-0.17122700
-0.20360800
-0.30755000
0.14848800
-0.41621500
0.46069900
-0.08730390
-0.52115100
1.15697000
0.56302700
-0.39128900
0.08239100
0.50085000
0.49883600
0.02447510
0.36096900
0.10703600
-0.06319720
-0.20794000
-0.05275680
0.35500200
-0.32053000
-0.13554200
-0.21765500
0.12446700
0.38242500
1.18195000
0.78533100
-0.15406700
-0.37829400
0.33605200
0.54521600
-0.57233100
-0.16251500
1.40865000
-0.39326400
0.41056800
0.38330400
-0.27114500
-0.63097000
-0.36108300
0.11706300
-0.49916400
-0.14103600
0.16137100
-0.52622000
0.44492300
-0.55056500
1.86260000
-0.40597700
0.20257400
-0.24264100
0.13538000
-0.06271830
0.40282700
0.55318100
-0.59421400
-0.59679300
1.77286000
-0.61132000
-0.28555100
-0.85954900
-0.37273700
0.91976300
0.26372200
0.45318600
-0.40228600
-0.79038800
-1.06940000
0.52032600
-0.61257500
0.95026400
-0.71368900
-0.52019000
0.03333380
0.09843360
1.27792000
0.36533600
-0.69698600
0.56202400
-0.68419600
-0.09401370
0.37656500
-0.00331150
0.20874000
-0.20902700
-0.27935900
0.11575000
-0.13158100
0.33953100
-0.48805600
0.85485400
0.36507200
0.03603140
-0.61168000
0.57619300
0.19815400
-0.44416100
-0.15429200
-0.36000900
-0.50114000
-0.12299000
0.00515814
0.24380200
-1.17395000
-0.04710140
-0.75528500
-0.05813090
-0.87798100
1.41724000
-0.31281600
-0.44339800
-0.26140300
0.06258730
-0.44668900
0.00997839
-0.11488000
-0.19317400
-0.02755100
-0.13654300
-0.03271730
-0.64877400
0.04518860
-0.41499300
-0.51637500
0.40899900
0.21658000
-0.10308300
-0.82156800
0.34698700
-0.06144830
-0.60936400
-0.20403700
1.19155000
1.03627000
-1.02368000
-0.09330570
0.04101310
0.01206350
0.77238000
-0.67253900
0.43428700
-0.26376200
-0.11496900
0.17160100
-0.56872100
-0.54840200
-0.01613490
-0.92755600
0.50143000
0.01567630
0.68927900
-0.79609700
-0.42515000
-0.11016500
0.38410300
-0.39276700
-0.24664900
0.06258730
0.27750000
-0.05373920
-0.53672800
-0.33636500
-0.19967200
-0.67531000
-0.26383900
0.06187330
-0.83918800
1.32517000
0.09453610
-0.08199450
0.94399100
-0.08175210
-0.59515300
-0.29346000
-0.42532300
0.05132380
-0.16987500
-0.58187800
-0.04685890
1.86805000
-1.23122000
-0.38165500
-0.42662400
0.00536899
0.00090180
0.03388920
-0.53420400
-0.69564500
0.37136400
-0.22601000
0.36279700
-0.20577900
-0.33066900
-0.11581200
-0.14649100
0.08877320
-0.79649900
-0.81058500
-0.48453100
-0.44818200
0.20249400
-0.11148900
-0.47014600
0.45966200
0.08713370
-0.25830300
0.22430900
-0.54684300
0.82458600
-0.23623500
0.23676300
0.13521700
-0.64576600
0.15787700
1.42737000
-0.31231100
-0.33635200
0.00253173
-0.04835050
0.63079000
0.70031700
0.05025390
0.75662500
0.37654400
0.34920900
-0.05294890
-0.59277800
0.56950800
-0.09978190
-0.71147000
-0.42107700
0.23553800
2.32662000
-0.94714600
-0.09498140
-0.43904100
0.80071600
1.01352000
0.39930600
1.29836000
0.02710100
2.04176000
1.34981000
-0.05925250
0.84241800
-0.25391600
-0.13080200
0.82148400
-1.27192000
0.25066700
-0.33855900
-0.21294800
-0.13836300
2.85666000
-0.71407900
-0.60726300
0.17107200
0.07638720
0.07123440
0.71268600
1.56622000
-0.49454600
0.16017200
1.07694000
0.00709452
-0.58378200
0.06085090
-0.60646000
-0.15225700
-0.68152400
-0.45897900
0.20086600
-0.11422100
-0.11402000
0.42760500
0.39358700
-0.59787300
-0.24752800
0.49881000
-0.47251100
-1.07346000
0.21490800
-0.86052500
-0.22177800
0.20891700
-0.03505620
-0.63009900
0.68897100
1.12230000
0.25578600
-0.40551900
-0.39273500
0.24977900
0.26048400
-0.20128600
0.25502000
0.02592510
-1.04403000
0.32927600
-0.37401300
-0.21661800
-0.38515700
-0.24539300
0.03189580
-0.60770300
-0.33231000
-0.54987600
0.87258600
-0.18136400
-0.27760500
0.41907200
0.91793000
0.41291600
0.26892300
-0.53587900
-0.47003200
-0.31053500
-0.39363300
-0.21507500
-0.58592600
-0.16226700
0.06521370
-0.52352900
-0.28220500
-0.50041900
0.06045050
1.17086000
-0.33942400
-1.23902000
-0.40069100
0.06382080
0.37026200
-0.17067000
0.10064800
-0.21714800
-0.54727600
-0.44671400
-0.90410900
-0.18494400
1.97468000
-0.32807600
-0.04768700
-1.11386000
-0.32506300
0.31909500
-0.82865200
0.16350900
-0.30245400
-0.33777900
0.02047920
1.96978000
-0.36081300
-0.27148000
0.29666000
0.16143000
-0.68801800
-0.58683200
0.05808600
-0.11957400
0.14850300
0.90415300
-0.03534190
0.86441700
0.08133060
1.14758000
0.69060100
0.68980400
-0.39939700
0.98865900
0.02828450
0.97543200
-0.09493110
-0.38695700
-0.38078000
-0.82748300
0.31922900
-0.60773100
0.14897200
0.39785900
0.50503900
0.13595100
-0.68068800
0.05117640
-0.50434200
0.70224700
0.12761400
0.44552400
-0.31171400
1.09430000
1.14822000
-0.52326900
-1.21370000
-0.54545400
-0.00784909
-0.22045400
0.40837000
-0.55365500
0.00266587
0.21097000
-0.50141000
-0.56646600
0.07021790
-0.05875430
-0.01894090
0.95116700
0.27496300
0.48311800
0.66233600
-0.21224400
-0.14553800
-0.16307800
0.23121000
0.19916900
0.16256300
0.10022700
-0.64653800
-0.79390600
-0.33014100
-0.71955300
-0.33058100
-0.44108700
-0.05851120
0.25689500
-0.54387400
-0.46970300
-0.26658100
-0.12885400
0.40802600
0.07956530
-0.16392500
0.26259800
-0.08193490
0.01315230
0.30068100
-0.82017900
-0.05853070
-0.04620400
-0.48559600
0.38203700
0.42254200
-0.23074300
-0.21522800
-0.17461100
0.16856700
-0.50550000
0.15332000
0.18837900
-0.10019800
0.33140100
0.19488200
0.88237900
0.83803400
-0.58584800
-0.35909300
0.50745600
-0.70207700
0.21195200
0.48210900
-0.29864600
-0.52056300
-0.46896400
-0.24778800
-0.07016170
-0.62777500
0.50054600
0.51591100
1.02013000
-0.39334600
0.60021800
-0.59432300
-0.06123760
0.33333700
0.12752500
-0.01012370
0.09044080
0.48665500
-0.49271700
-0.10865600
0.13867900
0.56770200
0.56770200
-0.30198100
0.13851000
-0.31087500
-0.44503400
-0.31339600
-0.21431100
0.18239200
0.69610000
-0.82631700
-0.04878040
0.30586300
-0.12407900
-0.13823500
-0.35745100
-0.41577000
-0.11406900
-0.86039700
1.37524000
0.19858900
-0.11083300
-0.92226700
0.06620740
-0.00561888
0.05349600
-0.42001300
0.36759800
0.17950800
-0.18594100
-0.07810070
-0.77743300
-0.22822300
-0.50577600
-0.27319500
-0.48690800
-0.32556000
-0.96244300
-0.22870500
0.49153400
0.11663300
-0.63240100
0.87900500
1.13891000
-0.54782700
-0.04081650
-0.10727100
0.21184200
0.21563500
-0.71064700
-0.01587010
-0.64507400
0.06919710
-0.56388600
-0.17496300
-0.14402100
0.35852400
0.62078800
-0.05211720
0.19583600
-0.18838000
-0.87400100
-0.30541900
0.24498200
-0.12484700
-0.22825100
-0.47878400
-0.22729100
-0.03611830
-0.19706800
0.47035200
0.13202800
-0.31553500
0.60976100
1.32675000
0.11542800
-0.52905900
-0.58884700
-0.17864000
0.30300200
-0.71127900
1.95515000
-0.47277700
0.40057200
0.23901200
-1.46467000
-0.13104600
0.44449900
0.34124700
0.40145900
-0.03425840
0.54320700
-0.54070600
0.22077400
0.05709880
-0.27700400
-0.06418220
0.07236700
0.12919400
0.72813900
0.56270100
2.35341000
-0.72111300
-0.19322900
0.23533900
0.63567200
0.12056700
-0.02420960
-0.23048500
0.31528400
-0.07918260
-0.68839900
-0.13536800
-0.12514700
-0.22427800
-0.38061000
0.05000890
-0.71435900
0.13032500
-0.09965890
0.20435800
-0.03385610
0.26035100
-0.57063000
0.30674300
0.09212730
0.55583200
-0.13783800
-0.52704800
-0.39575000
-0.14881400
-0.20371200
-0.02573840
-0.89824500
-0.49564500
0.13257800
-0.15907900
-0.08820870
0.38110800
-0.45000600
-0.25427100
-0.98581400
-0.33597400
-0.64075200
-0.14325100
0.53229000
0.08497060
0.23296300
-0.79783900
-0.43109900
0.38683100
0.88203600
-0.91459400
-0.69851700
0.32861400
0.08850780
-0.22922400
-0.26699200
-0.34220100
-1.51736000
0.04351540
-0.63875600
0.07079970
0.10804000
-0.26708300
-0.05065100
-0.05980290
0.53569700
-0.20496400
1.63183000
0.58500300
-0.18830400
-0.34659000
-0.05933300
-0.56483000
0.02051620
0.53789000
-0.13480300
-0.34529100
0.93538000
-0.33221500
0.52589100
-0.03841680
-0.32764300
1.42496000
0.36860000
0.48581400
-0.18576600
-0.47800900
-0.43595100
-0.65735400
0.41711700
-0.01683700
-0.40712200
-0.65729100
-0.09516470
-0.39159100
1.83139000
-0.03736980
-0.22238900
-0.15835800
0.39125500
-0.71277400
1.80772000
0.49142300
-0.89877200
-0.34772100
-0.34606500
-0.56979400
-0.29792300
-0.47149900
-0.74532600
-0.35405200
-1.41879000
-0.19629800
0.95580200
-0.68824600
-0.52721700
0.03688840
-0.87628700
-0.65271600
0.67080800
1.01633000
-0.25302800
-0.27747700
0.06797520
-0.73989900
0.06014500
-1.10302000
-0.46505900
-0.28838500
-0.64201100
-0.48789800
0.39378100
-0.08309290
-0.14530500
-0.49121200
0.18939400
0.24656700
0.00189783
-0.24770300
0.16338500
-0.76154500
-0.44671000
-0.00595387
0.91884300
-0.43959900
0.56795100
0.11737500
0.53613200
0.47360000
-0.03226270
-1.12541000
-0.71535000
-0.77573900
-0.39031000
-0.56671800
0.60301400
-0.03925580
-0.08633230
-0.21232100
-1.02316000
0.65339500
-0.13691500
0.18463400
-0.58788100
0.72825500
-1.09979000
0.35698800
-0.58992000
-0.25797800
-0.22041100
-0.54228500
-0.17573400
-0.43902600
-0.39623200
-0.48085700
0.14243800
-0.08383050
0.81976300
-0.07871210
0.10049600
0.06787510
-1.00581000
0.43770800
-0.41928300
-0.56671900
-0.88795400
-0.10367100
-0.20947600
0.34167400
0.06019510
0.29468100
-0.46123000
-0.03117720
-0.09386450
-0.23177200
-0.45795900
-0.11355800
-0.35577700
-0.39837400
-0.18094500
-0.40680500
-0.04392430
-0.45172200
0.07074350
0.30475700
-0.42841300
-0.06583220
-0.25656300
0.30185900
0.37505100
-0.94100200
0.33618600
-0.46237200
-0.35727700
-0.52914600
0.05366440
-0.56444700
0.16759400
-0.39712000
0.44687700
-1.14760000
0.29633300
-0.52813600
0.36596400
0.40845100
0.20134100
-0.59867000
0.31693600
0.43924800
-0.09953480
-0.36801800
0.54106700
1.18886000
-0.37455500
0.33420800
-0.18632100
-0.72395000
-0.16601100
-0.33170000
-0.33404200
0.30935100
0.08613050
-0.26979000
0.40537100
0.04171930
-0.37791500
0.52269700
-0.42647600
0.01913180
0.27394900
-0.55486100
-0.47462600
-0.14141400
-0.05687830
0.32664300
2.36640000
-0.76257500
0.29368800
-0.65854000
-0.36789100
-0.17738300
-0.92581800
1.29580000
0.71516100
-0.14671900
0.43924800
-0.03797100
-0.17188000
-0.07440630
0.80862400
0.50465800
0.08087610
1.70079000
0.66824500
-0.85613200
-0.01645560
-0.05202950
0.98104100
0.13854100
0.53093600
-0.32316300
-0.62913600
-0.37002000
0.71479600
0.55357000
-0.57078600
-0.29527800
0.10916900
-0.68089100
-0.77333900
0.17760500
0.95366100
1.43319000
0.92070500
1.15870000
0.66142100
0.97713000
0.80162200
0.40966300
1.26651000
0.51688500
0.27558000
0.44524400
0.78756400
1.96771000
-0.10887900
0.05188110
-0.23060000
-0.01110500
-0.62962400
0.12021900
-0.16123400
0.42979500
-0.33396900
0.46802800
-0.45440200
-0.76308100
-0.43544400
1.66217000
0.09229740
-0.45630400
-0.54468500
0.28175300
-0.28015300
-0.48690200
0.16984800
-0.31174900
-0.39389600
-0.59218000
-0.36226600
-0.08065120
-0.16909300
-0.13632900
-0.55889400
-0.16415800
0.42070400
-0.70743100
-0.92060000
-0.46459000
-0.32999900
0.37475600
-0.01206370
0.54605000
-0.02975080
0.60210800
0.68253100
-1.08171000
0.51029500
-0.17148500
-0.25160500
-0.26266800
0.14783500
-0.43325000
-0.17472600
-0.21709000
-0.39254800
-0.24860300
-0.74645200
-1.34111000
0.14784700
-0.26685200
-1.11735000
-0.61049300
-0.06874480
-0.46062500
0.02362900
-0.02802990
0.27225400
-0.36242200
-0.25557100
0.14799300
-0.76324600
0.10416200
-0.70652200
0.06785040
-0.54451600
0.14586900
-0.10134700
-0.02911980
-0.84644800
1.25867000
0.27247400
-0.72627600
-0.13221200
-0.02914460
-0.04798940
0.17380200
-0.07003410
-0.53006000
-0.57774800
-0.30566200
-0.12994500
0.08467660
-0.12146900
-0.33735100
0.34536800
-0.27951100
-0.71058300
-0.45064500
0.43400700
-0.43749500
0.21667500
0.07662000
-0.02504900
-0.78789200
-0.34085000
0.56576100
-0.31126100
-0.59287200
-0.15328300
-0.41328900
0.14842800
-0.59932000
0.07627410
-0.09654880
-0.17733500
-0.67277000
0.53694300
0.80615200
-0.11157000
-0.17914900
0.15162600
-0.23578900
-0.23603400
-0.02516400
0.30510600
-0.00474553
-0.28883400
-1.09101000
0.41450700
-0.28922800
0.46803800
-0.81518800
0.40463300
-0.91498800
0.70406100
-0.45123900
0.06561500
-0.21508100
-0.36414900
-0.39859500
-0.21439400
-0.38835500
-0.50805900
-0.12243900
-0.03896580
-0.90265900
-0.36036200
-0.14424800
-0.65214900
-0.47073400
-0.20567400
-0.44314000
-1.35994000
0.14068300
0.04492800
-0.47943200
0.35890400
-0.47029600
0.05563980
-0.59590200
-0.61413000
-0.76046400
-0.18854800
-0.02181040
0.46494200
-0.58627200
-0.51259700
-0.06761360
-0.05879800
-0.83031700
-0.07181160
0.92740200
1.84499000
2.56275000
0.49550500
0.46936700
0.01198170
-0.44811900
0.01687020
-0.13048200
0.64235800
0.11432300
-0.18792800
0.28436800
-0.17525900
-0.05495500
-0.16594900
-0.14958900
0.10891500
-0.11451800
0.10429100
-0.32262900
0.41172800
0.49041600
-0.57961700
-0.34934000
-0.32815000
-0.11323300
-1.06450000
-0.34450000
0.53776500
-0.60709300
1.45250000
0.31180300
-0.27040300
-0.23231000
0.40987600
-0.18371700
-0.46526700
0.01414250
-0.52497500
0.64097400
0.19655400
0.86982500
-0.55402000
0.08048960
0.41665700
0.40277300
0.28231500
-0.08771470
-0.35200500
-0.30167600
-0.32991600
-0.66569500
-0.22363500
0.44875300
-0.58153300
0.15017700
0.02979500
-0.21677700
-0.22769500
-0.02860010
-0.00155532
-0.01069560
-0.32393900
-0.01947850
0.09659590
0.05420730
0.32003900
2.32290000
-0.98902500
-0.92768400
-0.50208200
0.71448400
-0.46804800
0.87037700
0.22255700
0.36946200
0.99837000
0.62237000
-0.48399200
-0.33525400
0.06215220
-0.04884840
0.12625700
0.03136890
2.29636000
0.25368000
-0.57454800
0.45082300
-0.61762800
-0.43082400
-0.31492900
0.53991500
0.50892200
0.18601700
-0.16275200
0.51721800
-0.51551900
0.58367400
0.42755000
0.20149200
-0.19102900
0.44698400
-0.09873080
-0.53996900
-0.35360000
0.85257800
0.70215400
-0.07032660
-0.13793600
0.12316300
1.25857000
0.83665600
-0.49956800
1.04047000
0.19955400
-0.40583800
-0.34783600
-0.36419200
-0.20484600
-0.21971600
-0.16431300
-0.16297900
-0.03700100
0.36098800
-0.34378900
-0.89847900
-0.07826190
0.86976500
-0.14133100
0.15377700
0.58042900
0.03810140
0.36033400
-0.62592400
3.07930000
0.84510600
0.26377900
-0.18612600
-0.06201160
-0.14490200
-0.47308300
-0.30385200
-0.01180150
-0.10184300
-0.39990300
-0.35287900
-0.51655800
0.39615500
-0.21827000
0.02961680
-1.03124000
-0.64840200
-0.50995500
-0.17742800
-0.30711400
0.06827140
0.19311300
0.11389600
0.06794960
0.01826800
0.19789500
-0.17891300
-0.08600390
-0.30467300
0.06661550
-0.35006100
0.98043500
0.07300360
0.09301710
-0.12409000
-0.47867200
-0.43077600
-0.04980550
0.13833300
0.11055100
0.22373800
-0.22522400
-0.27459200
0.09215960
-0.36790800
-0.25029900
0.08422170
0.28123500
-0.20721300
-0.51633600
-0.18322800
-0.16656000
0.26302800
-0.11898200
-0.31813800
-0.54667100
0.13159300
0.32153400
-0.79771600
-0.21478200
0.17683300
-0.79892800
-0.60577400
0.06471330
1.02616000
0.51892600
-0.07101750
-0.02014310
-0.56691200
0.04320990
2.11422000
-0.03892310
0.21662600
-0.05833170
-0.08359620
0.18514900
-0.21411900
0.15738900
-0.42649100
0.06193220
-0.38909900
0.03327010
0.24431200
0.32377900
0.32305900
0.01998280
0.23695800
0.56411400
-0.92700700
0.30140000
-0.66201000
0.37431000
-0.60547700
0.58067400
-0.41033800
0.29339500
0.13230900
-0.31732500
0.44805000
0.11371200
-0.06473760
0.28453100
-0.58906900
-0.28263100
-0.44047100
-0.14644600
-0.38801400
-0.17615600
-0.80469400
-0.06359590
-0.07546240
-0.47301500
-0.02095700
-0.09529610
-0.35775800
-0.55131300
-0.66528200
0.02923680
0.60407500
-0.38355100
-0.26773200
-0.02165200
-0.40837500
-0.40506600
0.01504850
-0.21181100
-0.48747700
-0.22949600
-0.40811400
-0.52308900
-0.50308700
0.01122220
2.08052000
-0.35055500
0.97592900
-0.40764800
-0.02952060
1.11973000
1.27257000
0.06752940
-0.54262100
-0.94704100
-0.77739300
-0.00080740
-0.09466720
-0.45090500
-0.36217000
0.38430700
-0.04509820
0.04456660
-0.19164900
-0.61805300
-0.12345700
-0.12016500
2.14349000
0.66780500
-0.90647900
-0.07381820
0.12631200
-0.21111900
-0.16851600
0.03665770
-0.62535300
-0.64877900
0.07216800
0.44074700
0.42919500
0.47334500
0.18868500
-0.51430800
0.35067600
-0.25915700
-0.41979100
-0.06162750
0.92231200
-0.55252400
0.37194300
1.48397000
0.91513300
-0.23619400
-0.20566200
-0.98710200
-0.67060800
0.16332000
0.19128500
-0.93009900
-0.72039700
0.28565900
3.64674000
1.10180000
0.50376500
0.29226700
-0.04861480
0.00809037
0.21367300
-0.60362100
-0.86767200
0.14484700
-0.23291700
0.50507300
0.36554100
-0.25070300
0.37993100
0.54327600
-0.06407350
-0.11780800
-0.30531300
0.08120790
-0.04593010
0.19415300
-0.27123200
0.34036000
0.01751940
0.11872500
-0.28244100
-0.12062400
-0.07114570
0.12620100
1.88863000
-0.28513300
-0.47578600
-0.75647100
-0.81354700
-0.18954600
-0.24071400
-0.58364000
0.75090500
0.50833800
0.06189310
-0.19974200
0.02441060
-0.84554000
0.71676500
-0.40615900
-0.06866490
-0.15604900
0.90226300
-0.16032500
-0.19517300
-0.10674000
-0.39835900
-0.76050600
-0.25628700
0.60754400
0.99061200
0.19649600
1.44305000
0.58119700
1.23165000
0.44383300
-0.23667200
-0.40830400
-0.20315000
-0.27451000
-0.07094410
-0.35976400
0.03055710
-0.13122100
-0.07055480
-0.38920100
0.04049630
-0.54599200
-0.07842750
-0.75666100
0.01499820
-0.50103300
-0.93205700
0.50983000
-0.95455400
0.46410300
-0.01311160
0.33862600
1.17174000
0.13761100
-0.53127600
-0.43187300
-1.06371000
0.03336330
-0.51443900
0.20852300
0.02293620
-0.50242000
0.58814600
-0.52449500
0.69118400
-0.27960200
-0.46312000
-0.30544500
-0.29752900
1.22356000
-0.75046000
0.55327100
-0.65537500
-0.07480620
-0.34504500
0.11952400
-0.33522100
-0.29588900
-0.27327800
-1.55359000
0.13080600
0.05873530
-0.93922400
-0.01565340
-0.34973100
-0.24647100
-0.38470200
0.14808200
-0.26572800
-0.28597800
-0.38302600
-0.22051000
-0.25562500
1.01040000
-0.44565900
-0.66851300
-0.09558830
-0.55684800
-0.53926200
-0.84793900
-0.27161800
-0.53072100
-0.34067400
-0.58885100
-0.20887200
-0.25420100
-0.10513600
0.68260800
-0.15714800
-0.09345660
0.22788400
-0.29589000
-0.19573400
-0.48525200
-0.07285370
0.10074500
-0.54072500
0.24454700
0.38049000
0.26704500
-0.84652300
1.15616000
-0.06169320
0.29458000
-0.66799000
-1.00202000
1.18124000
-0.31299300
-0.15060900
0.45479100
-0.26337700
-0.40436500
0.28020300
0.21732600
-0.46488800
0.04506500
0.26327700
-0.35852000
-0.41595800
-0.32727000
-0.65272300
0.02292300
0.37474200
0.21706600
-0.28323500
-0.64700200
-1.30039000
-0.14918400
-0.16293800
-0.53115400
0.19592100
-0.34051900
0.12562200
-0.38737800
1.08811000
0.12546900
-0.31060400
-0.13624900
0.17709000
0.12176100
-0.08087110
-0.69760900
0.77634600
-0.27860600
-0.13885200
-0.04924350
-0.10216800
-0.72839500
0.17667600
-0.23608200
-0.24722500
0.68626700
-0.56178600
0.27736800
-0.49022200
0.04383470
-0.42681500
-0.16032600
-0.22897300
-0.53379400
0.21543200
-0.61430000
-0.16537600
0.98943300
-0.32339400
-0.28303900
0.03721720
0.60545200
-0.70107000
-0.18658900
-0.56748000
0.03780460
-0.75455800
0.18593600
0.34465800
-0.29304200
-1.28179000
-0.21498700
1.55108000
1.05569000
-0.62314500
-0.03762020
0.29706200
-0.14803200
0.66625700
0.05150840
-0.46565800
-0.62432400
-0.49165300
-0.62207000
-0.43157000
-0.13953700
0.20782400
0.00376725
-0.02468720
-0.48022700
0.21054600
0.05312290
-0.71311700
-0.35187400
-0.37055400
0.23418500
-0.38920100
-0.83615100
-0.41111600
-0.83937900
-0.28783300
0.91027800
-0.61564700
-1.03758000
-0.00049923
-0.58874100
-0.32213700
-0.54039600
-0.24870700
0.43642300
0.10064000
-0.55109800
-0.36105200
0.28726900
0.85421600
-0.66379100
-0.80338600
-0.41393600
0.09978860
0.33724900
0.19888500
-0.66818800
-0.50422800
-0.10981400
-0.33974000
-0.54924400
-0.52206700
-0.31236200
-0.24311400
-0.43544900
-0.15163800
-0.62154800
0.68773000
0.36060500
0.19368500
-0.32738900
-0.22581600
-0.67886300
0.09335470
-0.09024110
-0.24775200
2.16795000
-0.41005500
-0.01287560
-0.03934950
-0.15106000
-0.38708200
0.62568400
-0.24864200
0.34366100
0.18061500
-0.97731700
-0.60454700
-0.45793900
0.40352400
-0.03121010
-0.15077100
-0.42384500
-0.37773200
0.12307900
-0.06365670
-0.33999400
-0.26708300
-0.46477600
-0.47575900
-0.24584000
-0.23594800
-0.27460400
0.55352700
0.53963600
-0.36028900
-0.34580500
-0.05924090
-0.21036200
-0.02219120
0.09766100
-0.11432000
1.27531000
-0.14701100
-0.10639200
-0.67761400
1.32086000
-0.96644100
0.74860900
-0.14455600
0.26930700
-0.52055700
-0.21982300
-0.34336900
-0.49275700
-0.17344500
-0.71821200
-0.62640500
1.35271000
-0.05367630
0.04345040
-0.00324037
-0.44459000
-0.27652600
-0.17842400
-0.83817500
-0.86973300
-0.49263500
0.39265000
0.57751100
0.20469200
4.13099000
0.70526100
0.66653300
-0.13266500
-0.15211200
0.57300300
0.83947800
0.13926800
0.28143600
1.03090000
-1.01071000
0.09087620
-0.41777700
-0.00264522
-0.52158400
0.06493200
-0.54460800
-0.05297000
-0.39704100
-0.64937800
-0.41666100
-0.10920900
-0.34772400
-0.52583400
-0.27312900
0.64829900
-0.38301000
-0.57379700
-0.12495600
0.23040300
1.19295000
0.23641700
-0.31845900
-0.08493640
-0.02234360
-0.25597700
-0.10684400
-0.00944324
0.10902300
0.55485700
-0.09094710
-0.22159000
-1.08644000
-0.03629610
-0.39428400
-0.24946800
0.97052300
0.69351800
0.96462900
0.45123800
-0.48439400
-0.15209100
-1.20087000
0.40024900
-0.25985500
-0.44232300
-1.23379000
-0.69392000
-1.06040000
-0.50914000
-0.09628390
-0.15332400
0.09339220
0.02451150
0.85538700
-0.16837900
0.60995700
0.04941220
-0.16550300
-0.64020900
-0.16818400
0.10471000
-0.25829600
-0.57295500
-0.75166400
-0.19675000
-0.37525200
-0.48593900
0.63500500
0.22518100
-0.14906700
-0.80474400
0.33280900
-0.51584600
-0.05300390
-0.13567200
0.44240200
0.12549000
-0.19101400
0.29798500
-0.77842800
-0.46014300
-0.18072100
0.42219200
0.10602000
-0.26936000
-0.27257400
-0.95852000
-0.21384900
-0.53981000
0.54959300
-0.49341000
0.19581400
-0.20097400
-1.06806000
0.31606100
0.70371300
-0.43510200
-0.33973300
-0.61509100
-0.46024900
-0.29635500
-0.46183400
0.13968400
0.21869600
-0.56437100
-0.01250090
-0.53904400
-0.34117800
-0.90278400
-0.02584400
-0.63328300
0.31976700
-0.25491200
-0.39383700
-0.35183800
-0.00842676
0.09762200
-0.15609800
0.73692100
0.52983700
1.00241000
0.27714700
-0.59064300
-0.38803800
-0.22260600
0.06841680
-0.47842000
0.55256900
0.26153100
-0.76080200
0.27242500
-0.62026500
-0.06026430
-0.29634800
-0.08057510
-0.65630700
-0.01309050
0.01785340
-0.47949800
-0.38603800
-0.54960100
-0.61786700
-0.24713300
-0.35274900
-0.71743700
-0.36872000
-0.55121400
-0.12354900
-0.08897770
0.40536400
-0.25998300
-0.23233800
0.27029400
-0.15242800
0.42912600
1.21939000
-0.15553000
-0.27998100
-0.60976000
-0.66786500
-0.44200700
-0.70400900
0.17498700
0.10518700
-0.61825200
0.44775500
0.09127000
0.57591300
-0.20477600
-0.38196400
-0.15884200
1.07411000
-0.62426500
0.66713100
-0.08371250
-0.40184000
-0.80316600
-0.11278700
0.55968000
-0.97177900
0.51430300
1.37355000
0.43331400
0.49675900
-0.47583200
-0.58143000
-0.51010300
0.27554500
0.44654700
1.20302000
0.03690930
-0.03517890
0.08369640
-0.63573700
-0.52525200
-0.70794900
0.35473400
0.62638300
-0.06964470
-0.27039300
-0.60511500
0.47256600
-1.00153000
0.22376300
-0.09933700
-0.98264700
-1.09015000
-0.66644600
0.05732210
-0.45294000
-0.98794000
2.29845000
1.60189000
-0.51634800
0.36274800
-0.40372900
0.56264800
0.02428960
-0.64872600
-0.09667290
-0.29919800
-0.73093200
-0.44335900
-0.47854900
-0.01715300
-0.73073200
-0.59455600
-1.38891000
-0.22530100
-0.18818300
0.01182840
-0.70238400
-0.06313120
-0.81891200
-0.81570500
-0.77328700
0.40411800
-0.41777800
-0.81203900
0.67366000
0.62910400
-0.16541900
-0.79629000
-1.06193000
0.08490410
-0.04209160
-0.19940900
-0.58638000
-0.84077300
-0.81204800
0.36811700
-0.25747200
0.07812200
0.02055390
1.28217000
-0.11188300
-0.33142000
1.12542000
-0.56366100
-0.37040600
-0.38886600
0.26188900
-0.31484700
-0.52734600
-0.19687900
1.62660000
0.43075800
-0.16195300
0.03832190
0.22954900
-0.04805810
-0.20522300
-0.38290800
0.85125700
0.63505300
0.25455100
2.90275000
0.12641400
-1.12104000
0.13225900
1.48863000
0.36015500
-0.47686600
-0.33450700
-0.45218400
-0.39613500
-0.35254000
0.09036200
-0.06874500
0.14959900
-0.69571300
-0.84835700
-0.02652290
-0.28834000
0.54099000
-0.28310800
-0.66775100
-0.83316100
-0.04719310
-0.05215820
0.05977160
-0.69028900
-0.10489000
-0.19704700
-0.24406000
-0.27776600
-0.26474100
0.17736700
-0.45440700
0.64052600
-0.36019600
0.10806000
0.12773400
0.09662120
-1.07168000
-0.33819700
-0.80002600
0.09775720
2.61755000
1.66059000
-0.74744200
-0.40838700
1.09251000
0.10654300
-1.03507000
-0.79480300
0.62607300
0.52596200
0.01884470
0.14652700
-0.51781100
-0.08814580
-1.10033000
-0.47603700
-0.41193800
0.34260100
0.05795080
-0.53139600
-0.57529200
-0.48178200
0.35194800
0.14449000
0.89250900
-0.22394600
-0.31216600
-0.64744400
-1.32422000
-0.02471620
-0.20724700
0.17007300
-0.29355400
-0.11760800
-0.41530000
1.36506000
0.91158100
-0.10482900
-0.40094300
-0.87081100
-0.05669570
0.12194300
-1.11277000
-0.49824700
-0.58147500
0.03507180
-0.39079600
-0.30175800
-0.14380500
-0.67290100
-0.36026400
-0.39588200
-0.56355500
-0.47474100
-0.05879620
1.10724000
-0.49194000
-0.50325900
-0.55465300
0.03670090
1.29379000
0.97491200
0.02015950
-0.38870300
-0.08066390
0.48953900
-0.87769200
-0.09780170
-0.46301800
-0.33487700
-0.25049300
0.38470500
-0.17034300
1.15347000
0.90393800
-0.82462100
0.62313700
0.38821800
-0.50393900
-0.68445000
0.76618400
0.25678200
1.26200000
0.36269700
0.79020800
0.16917700
0.29887900
0.03481000
0.58013000
-0.15724000
0.56694900
-0.24846800
0.15571900
0.38591300
0.75214400
-0.38594300
0.31878900
-0.51106800
-1.01982000
-0.23126100
-0.96989000
0.33057000
0.05600860
-0.39342300
0.05584470
-0.08599290
0.56572200
-0.44740600
-0.18406700
-0.01047490
-0.22640700
-0.27656200
-0.13167500
0.14261300
0.15669800
1.33349000
-0.33199600
0.60242100
0.41919900
-0.39091900
-0.08263990
0.05396900
-0.98080900
-0.31849200
-0.39458600
0.42941800
0.71429100
-0.67588400
-0.71586800
-0.14982700
-0.32663200
-0.61530900
0.17243800
-0.22617800
0.04500200
-0.44168500
0.02842010
-0.03691560
-0.52112500
-0.67790600
-0.37188300
-0.22090000
1.65878000
0.72611000
-0.48207600
0.86527800
0.20630900
-0.23542100
-0.19141900
-0.21054900
-0.64820200
0.27183500
0.39783700
0.29712100
0.51090300
0.61948500
0.17313000
0.49579700
1.38546000
-0.69053700
0.19315800
0.18898800
0.05375090
0.31434300
0.89312400
0.38464100
0.26132000
-0.40475600
-0.39386300
-0.06098800
-0.93814200
-0.06375780
0.83181000
0.12062100
1.57883000
1.81427000
0.06651200
-0.15683300
0.02591600
-0.49445400
-0.01144370
-0.03885440
-0.08304870
-0.29802700
0.44108600
1.16629000
0.13017400
-0.44594500
0.01386810
-0.23983100
-0.75499700
0.06265900
-0.78778400
-0.60605500
0.27347800
-0.44376000
-1.03317000
-0.28456900
-0.02745050
-1.07171000
-0.65830100
-1.02656000
-0.51247100
-0.38443200
-0.52542700
-0.97035700
-0.59476800
-0.78020700
-0.65507700
-0.17663900
-0.01542440
-0.61112700
0.60834600
3.17081000
-0.44796200
-0.67045400
-1.15638000
-0.37310700
-0.15091400
-0.14382300
-0.15354300
0.44244700
-0.34349400
0.09429290
-1.17499000
0.03846440
0.36348400
-0.03047760
0.53055000
-0.28779100
-0.13115600
0.17606700
0.41491400
0.01899070
-0.36362300
0.11624100
-0.02095800
-0.48465300
-0.24584100
0.67772100
0.24349500
-0.55655800
-0.01020210
2.35836000
-0.33116300
0.00733282
-0.08795760
0.19591000
0.53716200
-0.05512770
-0.38166000
-0.14801900
-0.43130200
-0.60578400
0.09840590
-0.49223500
-0.02413770
-0.06313290
0.12442000
0.15298900
-0.43961100
-0.02524340
-0.16597300
-0.23019500
-0.40086300
-0.38787100
-0.50482300
0.08398540
-0.22614600
0.32799200
0.06019840
0.09241370
0.02821300
0.02274540
-0.06489030
-0.21794500
-0.30040800
0.14594000
-0.05019620
-0.79459600
-0.04140330
-0.30283900
1.18790000
-0.16087300
-0.52400100
0.16749700
-0.55297800
-0.71313900
-0.05363860
-0.23558000
-0.43622900
-0.37265800
0.22246100
0.55155500
-0.10912500
-0.76542200
-0.08600630
-0.37559300
0.52207000
0.03654580
-0.46042700
0.05624200
0.35074700
-0.16332500
1.18673000
0.24436500
-0.24747500
0.51612900
-0.34980600
0.22774100
-0.32259400
-0.17585300
1.22660000
-0.89415100
-0.16524900
0.04178940
-0.58330100
-0.68360300
-0.58439500
-0.00940525
0.28462600
0.01985690
-0.14136400
-0.90854100
-0.38626000
0.31489800
0.00285417
0.34251000
-0.72998900
-0.03320710
-0.57284100
0.41264000
-0.03149430
0.10484200
0.02823830
0.26826400
-0.64888700
-0.07032280
-0.42653300
0.17629700
0.88340800
-0.09695840
-0.77207600
-0.36496400
-0.09836470
1.02180000
0.39086400
0.46690900
-0.50840700
-0.62830100
-0.29616400
-0.26926300
-0.12420900
-0.80078800
-0.12519800
-0.29095300
1.05639000
1.18170000
-0.16626200
0.50323800
0.88042600
-0.45588700
-0.41924600
0.60092200
-0.31458700
-0.40496000
-0.12893600
0.20111700
-0.50729500
-0.24733200
-0.04367740
-0.38103200
-0.84155600
0.33064000
-0.30293900
0.10579100
-0.85263700
-0.02261500
-0.14231600
-0.66742700
0.03256870
-0.46001700
-0.82216400
-0.25863900
-0.91265600
0.36248700
0.21910500
-0.28887300
-0.60703500
-0.88695500
-0.14662200
-0.84365200
-0.19310500
0.01212660
-0.31284400
-0.43777900
0.41164300
0.15308400
-0.00860665
0.44772500
0.40518200
0.19629800
-0.26278300
-0.49488700
-0.38632800
-0.18218600
-1.12718000
0.20579300
0.28995800
-0.81649900
-0.20036800
0.43303300
-0.55997000
-0.57040800
0.68566200
-0.11308300
0.14682800
-0.71490800
-0.19525300
0.70004100
-0.94409300
0.56602200
-0.28220500
0.21753200
-0.14293900
0.26623400
0.18314600
-0.15601100
0.21400700
0.12453100
2.71775000
-0.44820300
0.77799400
-0.67633900
-0.30789800
-0.48671000
0.18664100
-0.19875800
-0.45595900
0.04355570
-0.40830000
0.46266300
-0.13651600
-0.41982900
-0.22681800
-0.65316900
0.54547100
-0.59988600
-0.24453900
-0.56911200
-0.25600700
-0.23649200
0.34905100
-0.30568900
0.59245900
-0.62327300
-1.27323000
-0.09137150
-0.38137400
0.25910800
-0.18412800
-0.26300100
-0.07871860
-0.40937000
0.44713300
-0.45439500
-0.32557400
-0.60932800
-0.17475900
-0.91059400
-0.15083000
-0.30261100
-1.20333000
-0.50405700
-0.23903200
-1.30188000
-0.28476300
0.17428900
-0.23493100
-0.29831300
-0.13899200
3.12408000
-0.62231300
-0.16460600
-0.29456300
0.07793890
0.22720200
0.62529400
-0.38876600
-0.83798200
0.19447700
0.08862220
0.26961900
0.31652600
-0.22675700
-0.25300500
-0.67346800
-0.22729800
0.03247930
-0.04468430
0.00363344
-0.63954600
-0.45635100
-0.27284600
0.23537900
-1.07218000
0.04649130
0.92921000
-0.31981300
-0.22651000
0.41387700
0.44428600
-0.25137000
0.55910000
0.55385500
-0.66387600
-0.84263700
-0.22679000
0.16632700
-0.47258900
-0.23409400
-0.10945100
0.21455700
0.05590870
-0.65823000
-0.25590600
-0.10197800
0.22477500
-0.23953200
-0.93719100
-0.47499000
-0.56320100
-0.00919940
-0.77083000
-0.46640700
-0.31552100
-1.03416000
0.46034000
0.87110800
0.42747200
1.05046000
2.01672000
0.28230400
-0.39099400
-0.46000100
-0.11509700
-0.22975300
-0.33087100
-0.82467300
0.34679300
-0.09237410
-1.00798000
-0.73887200
0.24645200
-0.50533600
-0.70714900
-0.19590800
-0.71588800
-0.35085000
-0.69492000
0.10349400
-1.18184000
0.22440000
-0.29294700
-0.62960700
-0.04315510
-0.51133900
-0.11727000
-0.38956900
0.03066920
0.39026700
-0.13679000
0.08771010
0.07307850
0.16374000
-0.38902400
-0.31798500
-0.05094710
0.15377100
0.73240300
-0.12445600
0.08939930
-0.94904800
1.73744000
-0.40558000
-0.39107900
1.11937000
-0.39025600
-0.26721800
-0.06484740
0.37801000
-0.36949000
-0.26604700
-0.57214700
-0.52705600
-0.25383500
0.70925100
0.93376400
-0.51981000
0.88710800
-0.34955300
-0.24259800
0.25436100
-0.97925500
-0.14564400
-0.15302200
-0.19145000
-0.52839500
0.83968700
0.55355200
0.51656600
0.29443000
0.23563800
0.57114400
0.21385500
-0.96678100
-0.59261200
0.55130800
-0.64996600
-0.59249100
-0.36625400
-0.68369600
0.46470100
-0.19769200
-0.10084600
-0.05464080
-0.31884400
-0.63699100
-0.39525700
-0.59460100
-0.22851600
-0.60304700
-0.29025400
-0.13527700
-0.62985400
0.68036100
0.36092300
0.42722900
0.82951200
-0.30501500
0.49022900
-0.41429100
-0.45221000
-0.20147200
-0.32043600
0.02969950
-0.29945600
-0.36328100
-1.10682000
-0.90385200
-0.14540300
0.53932400
0.17749300
0.42075000
-0.61610300
-0.20698600
-0.99088000
-0.38025500
-0.83093600
-0.55736800
0.29636700
-0.62555200
0.18675300
-0.52751000
1.02837000
1.85018000
0.59161100
0.02064820
0.30165100
-1.18680000
-0.83046000
0.58276900
-0.24217100
-0.58410900
0.00207793
-1.54406000
0.29673600
-0.26987200
-1.30708000
-0.10953100
0.06547850
-0.50808800
-0.19295100
0.40407900
-0.49768700
-0.08340120
-0.10285500
0.18833400
0.02234400
-0.21058000
-0.66754000
-1.60587000
0.01792160
-0.48622500
1.22553000
-0.22940900
-0.22751200
-0.49093400
-0.13451300
-0.02709630
-0.20281600
-0.35307500
0.19841500
0.36518200
-0.08467480
-0.01647760
-0.39300100
0.34918500
1.42360000
0.01984230
-0.54106500
-0.10974300
-0.22269700
-1.00388000
-0.94622900
0.34113300
0.29357600
-0.29481100
-0.13071400
-0.22015400
0.09498640
-0.11051500
-0.53854900
0.01091710
-0.25494000
-0.16021600
-0.29499600
-0.78846000
-0.24692500
-0.59139200
0.20086100
0.46216700
0.57319400
0.02599560
-1.14637000
-0.00503252
-0.53928400
-0.09180140
-0.10162500
-0.57229600
-0.62489500
-0.39228300
-0.18627500
0.10734200
-0.06333360
-0.68960200
-0.30230100
-0.23212100
-0.40444200
-0.26376700
0.37191400
-0.49232300
-0.26743100
1.09127000
0.72429600
0.29630000
0.24439500
-0.09359570
0.62634100
0.27858500
-0.11216300
-0.74400000
-0.89682900
0.80289600
-0.31485200
1.67386000
-0.59826000
0.18339600
-0.69001800
0.20425700
-0.89642200
0.23947500
1.04722000
0.31086400
-0.27022900
0.05580470
0.02738340
-0.15766700
-0.85390600
-0.85129700
-0.24013500
0.33570300
-0.40697100
-0.34692100
-0.08062450
-0.20107900
-0.49163100
-0.42821700
-0.52625600
-0.04427550
0.12494600
0.00076716
-0.18807800
-0.86898500
1.42684000
-0.51647800
0.71043700
-0.36049200
0.48060700
0.11646400
0.09472180
0.86933700
0.51876000
0.66163500
-0.06674030
-0.57642200
0.92231600
-0.08529980
-0.24493300
-0.60545000
0.47448400
-0.05567770
-0.12656900
-0.37632800
-0.79230300
-0.63974000
-0.22054100
0.50364400
0.32888600
-0.41473100
-0.54232600
-0.04851060
-0.54930200
-0.43804800
0.17371200
-0.38893800
-0.08009310
-0.07042230
0.16130700
-0.01322110
-0.22923600
0.35561800
1.39406000
0.40782200
0.28814200
0.16868900
0.08891970
-0.70318500
-0.28066300
-0.26826100
0.19418300
-0.45721700
-0.13984500
-0.60218700
-0.29031600
0.45551700
0.21285300
0.34484700
-0.18307600
-0.46323200
-0.73351200
-0.30338500
-0.06592590
0.22248300
-0.23346000
-0.75526900
-0.51679400
-0.47701800
-0.51951200
-0.05307970
-0.36198300
1.07131000
0.13100400
-0.24172200
-0.18525300
-0.00446098
0.04981610
0.23933600
0.92637100
-0.46574500
0.49084200
1.46425000
-0.05522430
0.72721600
-0.33085500
-0.31470700
-0.27622000
-0.37700200
0.70795000
-0.18807700
-0.25877100
-0.44434400
-0.44490900
-0.87117400
-0.57074200
-0.44514500
-0.13568500
-0.18689300
-0.15286200
-0.24946600
-0.84792900
-0.51598100
-0.47911500
-0.47507000
-0.64652800
1.28801000
1.09082000
0.48380500
-0.39667700
-0.11108100
0.85806200
-0.26518000
-0.22207500
-0.22010000
0.53327100
-0.77124200
0.42491400
-0.12804300
-0.73195300
0.16471300
0.52235800
-0.39012300
-0.06439140
-0.73693000
-0.04199970
-0.51723600
-0.90221800
-0.49730000
-0.23414400
0.26794900
-0.55986300
0.01475180
-0.61495200
0.88082900
-0.58490300
0.19714600
0.15163000
-0.45670600
0.14498300
-0.02074490
0.36247300
-0.70742000
-0.66001500
-0.21434900
-0.64441600
-0.71780400
-0.01687000
-0.05897370
-0.39867200
-0.57881100
0.49865600
-0.13959700
0.20639600
-0.45176300
0.09464920
-0.84071800
-0.20192300
-0.48177300
0.09103150
1.53866000
0.01862440
-0.93663500
-0.41352200
-0.04733430
0.36606700
-0.48957400
-0.08304770
0.09406470
-0.59599500
0.06933350
-0.37408300
-0.40576200
0.34667400
-0.00302148
-0.13506600
0.27025300
0.14478600
-0.09097310
-0.16865600
0.41917300
-0.98075700
-0.71023900
-0.53311000
-0.58701500
-0.85570900
-0.55592300
0.29918000
-0.27221500
-0.75247000
-0.60684200
-0.84458500
0.42227900
0.85647900
-0.39643800
0.34675600
0.14809700
-0.74145300
-0.33368100
0.36539600
0.13261700
-0.29554500
-0.49771200
-0.09190140
2.38848000
-1.34831000
-0.23282100
0.09475170
-0.51371900
0.72577500
-0.17526400
-0.17341900
-0.17902800
0.71283800
0.35348500
0.32322200
-0.03681440
0.12990200
-0.07929970
-0.21940500
-0.09855020
0.16812200
-0.37834600
-0.74079500
-0.91690900
0.43030800
-0.34755900
-0.68709900
0.00088527
0.06704790
-0.54865600
0.23929300
-0.26018800
-0.49665900
-1.08671000
-0.14470900
0.29279200
0.71080000
0.32795900
-0.00737447
0.39521400
-0.69230500
0.33844200
1.33595000
-0.76482000
-0.28136400
-0.10967900
-0.38962700
-0.89693500
-0.52525000
-0.10966300
-0.45452100
-0.43011000
-0.06291430
-0.09968330
-0.13289200
0.24118100
0.45586100
-0.45987900
-0.02605520
-0.09482080
0.22781800
0.09694980
-0.25183600
0.06459070
-0.11863900
-1.41636000
-0.50141000
-0.06149960
0.63288000
-0.26470000
0.26352800
-0.67293500
-0.60449700
-0.33920500
-0.72849800
-0.55137400
-1.00826000
-0.16331000
-0.16321000
-1.47354000
0.47560300
0.06411680
-0.75190000
-0.97003100
-0.29776700
-0.31908700
-0.91878900
-0.29272800
-0.19423400
-0.70863800
-0.32871100
0.80122100
-0.98244000
1.42936000
0.22415700
0.34665300
-0.02273960
1.10131000
-0.28911300
-0.93098400
-0.16390900
-0.51167200
0.46843700
-0.24282100
1.76432000
0.86455800
0.67392000
2.48379000
0.55944800
1.05424000
-0.09055000
0.61018700
-1.05679000
0.34866600
0.41150400
-0.09885390
-0.59396400
-0.01441780
0.53422800
0.56140700
0.48810900
-0.63206800
-0.06768300
0.17710800
-0.26673900
-0.41231300
0.47130100
1.32265000
0.77127900
0.79356800
0.21980600
0.88528000
0.61987800
0.19570900
-1.04977000
-0.47379900
0.01078260
0.64371500
-0.23668000
-0.78001300
0.12083300
-0.59786500
-0.80612800
-0.05418010
0.15045600
-0.37716600
0.19683200
0.03408820
0.43406100
0.12219600
-0.22816900
-0.74299800
0.02815900
0.51722700
-0.73826000
0.15887200
-0.67012700
1.25244000
-0.58946300
-0.18565400
-0.12794600
-0.40684500
-0.57329400
-0.28255000
-0.21706400
-0.18207800
0.07122990
-0.39422500
-0.51087200
-0.62101100
-0.63500700
0.04446370
0.03167730
0.58684100
-0.14833000
-0.49023000
-1.10029000
-0.07530200
-0.63388600
-0.62342500
0.21203100
-0.98661400
-0.47347900
-0.00014734
1.51303000
-0.37478800
-0.40439800
-0.69241400
1.23116000
0.02523610
-0.09470870
0.25241000
0.14970500
-0.10304400
0.03627410
-0.28425100
0.19318900
0.48500300
0.46011400
0.66060500
-0.68752100
-0.81680800
-0.11391700
0.27716900
-0.49732700
-1.28266000
-0.14041600
0.05787150
-0.71098000
1.13282000
-0.17076300
0.30211600
-1.15421000
-0.08410480
0.83357300
0.31045700
-0.51431100
-0.73017300
1.02453000
0.35216200
0.86126600
-0.12306700
0.21284300
0.08278750
-0.89319900
-0.46065300
0.18972200
-0.68668600
0.29049100
0.00584434
2.48021000
1.23921000
0.04108410
-0.25722300
0.09936940
-0.82618700
-0.37128900
-1.05582000
-0.38496300
-0.12176900
0.01078910
-0.56139500
-0.41253800
-0.44560700
0.07104810
0.81053600
0.30534100
-0.83315100
-0.78477900
0.57040900
-0.50781500
0.00375823
0.15277900
-0.33905400
-0.87201000
-0.78900400
0.05706890
-0.59426100
-0.29510500
0.15611600
0.64856500
-0.33741700
-0.57153100
-0.08736020
-1.34602000
0.20342700
-0.18136700
-0.85162600
-0.62121800
-0.21518400
0.20951000
-0.34290400
-0.36626500
0.65978000
0.13133500
-0.65864600
-0.81371800
0.22466900
-0.54720200
0.05710960
-0.33959900
0.45393100
-0.49896200
-0.41180500
0.09727010
-0.00967691
-0.09784370
-0.84248900
-1.15184000
0.52814500
0.03318370
-0.93767800
-0.27011700
-0.69498100
-0.38850300
-0.92656800
-0.66742900
-0.19384500
-0.67589500
-0.17226600
-0.13691000
0.09711700
-0.82811000
0.36780700
-0.13745400
-0.10707400
0.05545050
0.55109600
-1.12096000
-0.66995500
-0.37559200
-1.15270000
0.43915900
-0.04745450
-0.36974000
-0.51873200
-0.04388240
0.08688650
-0.31177600
-0.18068300
0.71313100
-0.09612230
0.91020400
0.32171600
-0.32793100
-0.10269700
0.46860400
0.03120690
-0.67971900
0.81481600
-0.45444900
-0.39781100
-0.27412200
-0.37595300
-0.07603080
-0.27730700
-0.12910300
-0.37923900
0.04989780
-0.55749200
-0.24065300
-0.27303400
0.02742490
0.12656300
-0.72660800
-0.62479600
-0.22386500
-0.30308800
-0.40941700
-0.14499200
-0.17657800
-0.50291200
-0.02821850
0.01861220
-0.03133800
-0.65637200
0.25095600
-0.06582470
-0.48159100
1.10920000
-0.10402400
0.03362640
0.34909600
-0.35869500
0.34804800
-0.99993200
-0.73504600
-0.05542360
-0.63248200
0.25458400
1.54496000
0.21500300
0.13959200
-0.23273100
0.13705700
-1.06491000
0.11968400
-0.06170450
-0.22471000
-0.60537200
-0.36619100
-0.23314800
-0.10032900
0.02048290
-0.13867000
0.15013800
0.60504400
0.01263170
-0.44679300
-0.66122400
-0.65829900
-0.48947800
-0.70374000
-0.80579400
0.09160760
-1.00933000
0.92785700
0.05622010
-0.36954500
-0.20515400
-0.78390300
0.23800800
-0.31425000
0.64019900
-0.16651500
-1.65382000
-0.05658310
0.68851700
-0.53023700
-0.23411700
-0.11055600
-0.09431390
-0.11907700
-0.38302300
-0.37334100
-0.57083800
0.15550000
-0.50182600
-0.90386800
0.25528000
0.21805000
0.06996930
0.56199500
-0.84987500
0.06365380
0.39982900
-0.56582800
-0.62450000
0.19125700
-0.01573380
-0.20544300
0.17093600
-0.33983900
-0.12302400
0.13833500
-0.36477300
-0.56031400
0.11307700
-0.40378700
-0.03581390
-0.82346800
-0.10936000
-0.95767300
-0.22486900
-0.29690800
0.58944000
-0.36040300
-0.06258960
-0.58410200
1.59817000
-0.33168300
-0.27500300
0.78985400
1.14904000
0.05277890
0.37269300
0.44953600
0.06091320
-1.18806000
0.47134200
-0.17743200
-0.03153900
-0.53155000
0.13388900
0.25483200
-0.11217600
-0.29070000
-0.83369300
-0.17011900
-0.99243900
0.29499500
0.05985950
0.09621670
-0.03677400
0.32894400
-0.32096900
-0.31348000
-0.35444000
0.11299900
0.14874800
0.39032700
0.05598310
1.39545000
-0.25858000
0.52087000
-0.59858900
0.10889400
-0.51321900
0.71527900
0.58120900
0.54234400
-0.03340400
1.41613000
-0.81938800
0.58279800
-0.01569160
-0.10909100
0.41679600
0.49519600
-0.49294300
-0.14316800
-0.37017800
-0.32836800
-0.41378100
-0.70096300
-0.58164600
-0.10517500
0.00763009
-0.63950600
-0.94903200
0.60293600
-0.44547000
-0.12648800
0.22094400
-0.91470200
0.70951300
-0.70583500
-0.35959900
-0.01369970
0.14755200
-0.65130500
-0.72585000
-0.18244900
-0.58656700
-0.51189200
-0.25306400
0.64061600
-0.54287300
0.44269000
0.67587200
-0.87281600
-0.96696500
-0.30252500
-0.48218600
0.12298300
-0.21444900
0.34129500
-0.86041100
-0.42457500
-0.24510500
-0.12782000
0.22516000
0.48536600
0.29825800
-0.80273100
-1.06483000
0.48201700
0.25152000
-0.13192300
-0.32291200
-1.11218000
-0.24119600
-0.28421300
0.09474580
-0.37140300
-0.43017500
2.78137000
-0.36359800
0.28286600
-0.15732200
-0.64237600
-0.02293860
-0.04521530
0.10050000
0.17095400
0.36832000
-0.06364480
0.41630700
-0.23173800
-0.66882000
-0.43294500
-0.42416600
-0.04654630
0.12233200
-0.67335800
0.96687500
-0.43282100
-0.51472100
-0.40426300
-0.51026500
1.88936000
0.17253700
-0.47878200
0.64183700
0.34958900
0.28865600
-0.82159100
0.48548300
-0.31977900
-1.25720000
0.44529100
0.29013600
0.05880790
0.05235530
-1.04367000
-0.97763700
0.61635300
-1.08577000
-0.17790500
-0.03549140
-0.67127000
-0.61263300
-0.33778400
0.08447730
-0.46788200
-0.04469680
-0.55066700
-0.66167900
-0.50792800
-0.59762900
0.14460700
0.45066900
0.64089300
-0.33416200
0.29290600
0.21039900
0.69438900
-0.47000600
-0.42488700
-0.05432070
-0.03808490
-0.39106400
0.38113900
0.51811200
0.61091700
-0.56327400
0.20849100
-0.41644200
2.78472000
-0.35921400
-0.52148800
-0.57462000
-1.02566000
0.22844800
0.34148600
0.73910800
-0.86079000
0.20001700
-0.64521100
0.20917700
-0.61861300
-0.38635100
-0.31965400
-0.31127200
0.63719300
-0.16808500
0.03653360
-0.10449900
0.77616600
0.00499784
-1.01263000
-0.64565200
0.15641500
0.22054400
1.40494000
0.12234400
-0.30084600
-0.48303600
-0.59681200
0.07937530
0.01203260
0.20553700
-0.37257800
-0.67955900
-0.52842600
-0.33456200
-1.02895000
-0.37156800
0.03161600
0.22031800
-0.25643800
0.64623400
-1.06102000
-0.56365100
-0.11282800
0.02493320
-0.94984900
-0.23902100
-0.29213100
0.65169600
0.76683900
0.30626200
-0.96560600
0.22834900
0.08415000
-0.57481700
0.36346300
0.92820900
0.23638900
-0.00517519
0.79008700
0.70806600
0.36853600
-0.15299800
0.27405700
0.15688500
-0.52160200
-0.65732900
-0.77033800
-0.24205500
-1.03017000
-0.08214650
0.68711300
-0.40134200
0.18105800
0.13959200
-0.07441830
0.17863100
-0.20357700
0.01813750
-0.28570200
-0.19636600
-0.15704900
0.34465300
0.41993500
-0.45022700
-0.26406500
0.67163700
-0.41611000
0.02824810
0.54946600
0.02377620
0.12807100
-0.62359600
-0.77473200
1.58908000
-0.16496700
0.95952000
1.34209000
0.36180400
0.43572500
0.94949100
0.97410500
0.48945300
-0.43140200
-0.49304600
-0.26236000
0.16450100
-0.16846700
-0.17808200
0.00413704
-0.48626400
-0.90882800
-1.04566000
0.11922400
-0.40769100
0.16450100
-0.47431000
-0.01474620
-0.65498200
-0.19801500
1.39817000
0.12212800
-0.53384600
-0.78874100
-0.61602500
-0.18150600
-0.32619900
0.15992600
-0.37252600
-0.12822300
-0.12156600
-0.48762200
-0.51183000
-0.36016500
0.20783600
-0.14811300
-0.61865200
0.38705700
-0.60373300
-0.47535600
-0.14240900
-0.22543500
1.80007000
-0.31417000
-0.18337100
-0.02707870
0.21066500
1.58827000
-0.41453800
-0.49104000
-0.63608000
-0.27899800
0.18280800
-0.39966700
-0.16602000
0.48890000
0.21506600
-0.50831000
0.04090620
-0.34089500
0.00337654
-0.69485500
-0.34260300
-0.43963600
0.65154800
-0.17011500
0.62339300
-0.71084100
-0.06091020
-0.35896700
0.49500100
-0.01279600
-0.42017900
-0.18513200
0.30196200
-0.33030800
-0.20995100
-0.00408842
-0.57513500
0.35025200
0.13328900
0.13328900
-0.25245000
-0.58659000
-0.29556100
0.51904400
-0.13147500
-0.38803800
0.20536800
-0.39264000
0.00380416
-1.15504000
-0.18214900
-0.36476200
-0.00497688
-0.25728400
-0.25071900
-0.40097300
0.30390500
0.10084900
-0.57535500
0.12780900
-0.35779100
-0.03901120
-0.12679800
-0.11463600
1.74292000
0.17775800
-0.24638900
0.65268300
0.82777600
-0.39583800
-0.38380400
0.87901600
0.06562360
0.24520600
0.07266510
-0.28793600
-0.07883050
-0.61440400
-0.93174500
0.13754800
-1.05710000
0.11421900
-0.88961400
-0.39637600
1.25161000
-0.18045000
-0.46583300
-0.34829100
1.46591000
-1.22333000
-0.77007600
-0.20259700
0.23958800
0.73206900
0.15173600
1.60576000
0.48424800
-0.17974500
-0.45330100
-0.59601900
0.18955300
-0.33233500
0.38100100
-0.80869400
-0.65654400
-1.13225000
0.06274650
0.78837400
-0.65293300
-0.45697600
-0.62441700
-0.61865200
-0.09121960
0.26926400
0.11166400
0.21218200
-0.31167000
-0.66693200
-0.35956800
-0.44831800
0.21343400
0.11111200
-0.02149580
-0.14942600
-0.96261100
-0.58338500
-0.11972300
-0.29810600
-0.83318700
0.71929000
0.07782720
-0.10809600
-0.15985700
-0.18122200
-0.32204400
-0.01547250
-0.14072200
-0.82614200
0.10048600
-0.61262300
-0.61262300
0.01603410
0.24216700
0.65020000
0.06772160
-0.25222400
0.01032960
-0.81006400
0.27066400
0.25387100
0.02891270
-0.16209100
0.05205330
-0.44185000
-0.10980200
0.05187830
-0.57605400
-0.39109900
-0.02637590
0.44991500
-0.42587000
0.58330600
0.50846700
-0.22690700
0.48380600
1.79244000
-0.08729980
-0.00072282
-0.30962200
-1.14472000
-0.62919800
-1.06980000
0.47280400
0.37525600
-0.48515200
-0.44553800
-0.42358600
-0.60883700
1.31590000
0.33599000
-0.92008200
0.29601100
2.15869000
-1.31119000
0.68885700
-0.77810200
0.08281920
-0.16045400
-0.84698800
-0.06288500
-0.29939200
-0.49012000
0.04453100
-0.06872330
-0.56051300
-0.37935000
0.22308000
-0.57327300
0.68301900
-0.73704800
0.31393300
-0.07644010
-0.03541390
0.02368860
0.97279800
-0.19250600
0.25105800
0.45270200
0.35409100
-0.72792500
0.32652500
0.88913500
0.73253600
0.11681600
-0.18783400
0.27218900
-0.72207800
0.52096200
-0.53847500
0.15984400
-0.12477500
-0.04124100
0.49159600
0.03929310
-0.24255800
0.14340700
-0.20988700
-0.17189200
-0.44629100
-0.26383000
0.12821100
0.31908400
-0.54153000
-0.27536000
-0.03880700
-0.48152200
-1.04954000
0.26278600
-0.72138400
0.03802070
-0.17985400
-0.46493100
-0.36165000
-0.42693800
-0.52174700
-0.30282600
-0.05768370
0.00806110
1.39833000
0.02595530
1.20189000
-0.04386460
0.42186500
-0.93241300
-0.13294200
-0.90325700
0.51332300
0.03605990
-0.15457800
-0.23474700
0.90818700
0.27897700
0.59213100
1.09881000
0.23701300
-0.33994800
-0.64080300
-0.27865800
-0.49572600
-0.43259200
0.21375500
-0.50804900
-0.38231800
-0.04576630
0.47646100
-0.57585000
-0.18595400
-1.09174000
0.31375100
-0.07020630
-0.86686200
-0.42178400
-0.26649100
-0.51126200
0.29839300
0.46489200
1.34244000
-0.98856400
-0.57443800
-1.01659000
-0.60885300
-0.59710800
-0.25362900
-0.90485800
0.10789500
0.16010700
-0.55979300
-0.77728700
-0.42952600
0.11321400
-0.11842200
-0.45874500
0.02992060
-0.28911800
-0.53682400
0.36806700
0.46765700
0.00497534
0.10435400
-0.43656400
-0.14032000
-0.06323660
-0.54588500
-0.45760400
-0.03588640
0.02157030
-0.22603800
0.05177840
-0.47178000
0.64334000
-0.05901210
-0.56483900
0.70587100
-0.50576000
-0.39940400
0.35142500
-0.23821600
0.17865400
0.01613390
-0.03673410
-0.08939030
-0.18662000
-0.60199100
0.07903170
0.42546200
-0.48344300
0.03978260
1.93575000
1.51632000
0.70968700
0.03935150
-0.12662000
0.08211680
-0.20445400
-0.55790900
0.20159200
-0.49622900
-0.09547750
-0.76520500
-0.33752200
-0.13564500
0.14249500
-0.48631000
-0.74248300
-0.46849900
-0.12963700
-0.70468000
-0.05448890
0.49882900
-0.62488900
-0.71449200
-0.80004400
-0.38550000
-0.51258300
-0.42814900
-0.52459900
-0.49551300
0.23591900
0.29212700
0.09984140
-0.05467800
0.17378400
0.29654400
-0.11619600
-0.41015800
-0.18261400
-0.49273600
-0.00073022
-0.78975100
-0.02774240
0.20990100
0.42356500
-0.22385400
0.12401800
0.22025400
0.04763060
0.12557300
-0.46724500
-1.01062000
-1.04887000
-0.32143100
0.25380600
-0.02966710
1.45097000
0.31105100
-0.25756400
-0.33461600
-0.15020100
-0.46155300
-0.33329200
0.33834000
-0.53567700
-0.17953500
-0.59748900
0.02475740
-0.98404300
0.22271000
0.31790000
-0.54162400
-0.12134600
-0.10139300
-0.34528700
-0.00566174
-0.74217600
-0.18687400
-0.02007380
-0.07298640
0.13199900
-0.67761200
-0.46284500
-0.93122100
0.85034700
-0.36253900
0.17788800
0.34491900
-0.17292900
-0.46634500
-0.22496100
-0.18340100
0.46680500
-0.17304200
-0.91624400
-0.51509400
0.69996700
-0.56895300
0.04477900
0.08124230
-0.23969600
-0.28821300
-0.96662300
0.38298000
0.18664100
0.15697500
-0.61017200
0.84129500
0.01086820
-0.15581600
-0.67023800
0.68653600
1.16723000
-0.03319880
-1.22283000
0.47398400
0.64344400
-0.34659500
0.11437800
-1.20107000
0.72710600
-0.09629470
-0.44913300
-0.25037300
0.46122200
-0.35791400
1.07788000
-0.67377800
-0.04538130
0.67989400
0.22418600
-0.56501000
-0.26674400
-0.64066100
0.38356600
-0.86509800
-0.10508100
-0.54611800
0.14333100
-0.09042490
-0.80394800
-0.03153900
0.20922400
0.70681900
-0.01418770
-0.66374000
-0.87939900
-0.44679500
-0.84763800
0.43637400
0.06565350
0.18220800
-0.18961700
0.63691400
-0.62702100
-0.21424600
-0.23953400
0.72919000
0.00787066
-0.60413300
-0.49211200
0.45656700
-0.52479200
-0.38847500
-0.15324100
-0.30171800
-0.08245970
-0.37194900
-0.09604990
-0.58698400
-0.43948000
-0.62955100
-0.25867200
-0.30412300
0.28439100
-0.57481800
0.23271800
-0.81760000
2.36845000
-0.32534100
0.19698600
-0.13644100
-0.08559820
-0.41924200
0.62670100
0.35671600
0.33551600
0.73378200
-0.82945900
-0.58786800
-0.79783600
-0.32082500
0.68765000
0.89590500
-0.05341710
-1.16292000
-0.28799700
0.49083200
-0.57943100
0.07353540
1.74541000
-0.31595000
-0.52197500
1.08661000
0.37843400
0.86433600
1.14766000
0.91054800
0.76394600
0.67465400
-0.88491400
-0.58621600
-1.57648000
1.62158000
1.64148000
0.41039000
0.92567600
0.61664400
1.18527000
1.10555000
0.30865600
0.10932200
-0.02607700
-0.62518400
-1.09134000
-0.19462100
-0.31656400
-0.06587980
-0.06733430
-0.42503300
-0.68525100
-0.36185600
-0.00280324
0.29030300
0.01953240
0.70996000
0.81095300
0.14732700
0.08447110
0.70811000
0.13188000
1.03221000
0.81577500
1.17592000
1.30760000
-0.95241200
-0.48990300
0.16553100
0.01403560
0.38663600
0.30542400
-0.26108200
-0.34934700
0.23317200
-0.01988610
0.68629200
-1.53762000
-0.88167000
-0.40017900
-0.04881760
0.04170340
-0.05818710
-0.34305900
-0.43504600
0.46294000
0.25069900
-0.39971800
-0.30925400
-0.77897500
0.22105900
-0.12530600
0.30802000
-0.14165200
0.67735000
-0.84546800
0.83956600
0.30341900
0.34673500
0.05879750
-0.35502500
0.44000900
1.46770000
1.71518000
0.18360600
-0.16238600
-0.72355100
0.18514100
-0.35965300
-1.26065000
-0.35451000
-0.86491300
0.31103600
-0.66720800
-0.27741700
-1.23584000
-0.14773000
0.03865570
0.03611870
-0.42281600
-0.22094900
-0.23852200
-0.43836000
-0.50758600
1.63899000
0.47697500
-0.07159010
-0.31302200
-0.47577700
-0.36022500
-0.13472400
-0.60623300
-0.74750300
-0.35597400
-0.04052460
-0.51435400
0.05978980
-0.16212100
-0.35504000
-0.51050300
-0.89172100
-0.56268700
-0.04343780
-0.38965200
-0.84739100
0.17021600
-0.65496600
-0.35565100
-1.00247000
0.41593000
-0.38415600
0.04228540
-0.15334100
-0.42788700
-0.88420000
-0.09864100
-0.46135600
-0.60135200
-0.58563800
0.49014200
0.14820400
-0.03953160
-0.38928700
0.07576250
-0.66901200
0.01939290
-0.22098200
-0.93992700
-0.33199300
-1.48819000
0.18970200
-0.42277400
-0.12044000
0.20192600
0.26875000
-0.39227600
2.89966000
0.41775500
-0.62287500
-0.01900420
0.85505700
-0.11360700
-0.28531700
-0.31484900
0.48908100
0.41532500
-0.00174311
0.68100800
0.29380900
0.03052090
0.23024800
-0.29528300
0.98809900
-0.38939700
-0.20222900
0.29627400
-0.19156900
-0.52715200
0.18401300
0.00538981
-0.09966940
-0.24266300
-0.19348200
0.12846000
0.12398100
-0.35236400
-0.45388700
-0.24906500
-0.15643300
-0.01493430
-0.53609600
0.10985400
-0.64721600
-0.79659100
-0.41389300
-0.69086100
0.36572100
-0.11872700
-0.36013300
-0.16925100
0.98497500
-0.38060100
0.45482500
-0.33758000
-0.53652200
-0.01242270
