994336
994812
991835
993301
993018
32
31
991176
991842
993597
25
994010
35
37
994132
994847
993626
994848
994182
993768
992587
993710
994662
994734
993454
992541
9226
992753
994123
992748
992147
993764
994960
993586
41
992206
991528
994790
991320
993323
992529
993303
993172
9315
992566
993679
991014
991451
994692
994823
993156
18
40
994339
9378
994480
994479
994762
9080
38
9398
991870
994450
992845
993623
9845
990723
39
990525
991970
990309
993807
994818
993114
990310
994731
990602
991798
20
15
993713
991872
993940
994971
34
994607
994117
9356
992120
990209
9538
993428
992336
990492
994070
990779
992375
994819
994606
994880
993824
990883
991345
994175
993624
993270
994814
990692
992505
990801
990728
9051
993744
991615
990729
991159
993308
42
990326
9368
990236
994888
994308
993117
992463
994810
994825
991135
994625
994798
991565
992444
990746
993119
994324
993601
9639
992661
990667
9889
994319
992589
994077
9836
9196
993084
991169
994885
990482
994968
991542
993599
990682
9534
994961
990805
990657
992669
994840
46
992630
994051
993411
994849
990899
994079
993866
991801
990201
993800
991149
9834
992215
990573
9482
994721
994466
994178
994352
993046
994808
993260
994841
991623
994846
994268
991083
994430
9096
9318
9246
9116
9310
45
990304
22
9157
994433
991360
28
9508
993778
990604
993592
990796
990886
991510
993654
994386
993958
24
994789
992599
9308
990795
9869
993258
990146
992350
994783
9294
992744
994870
992570
9792
11
994226
994116
991965
994689
990295
990457
9759
9087
993118
994886
992240
9757
9573
991303
994843
992826
991529
992963
993379
992354
9641
993176
991119
43
990306
990987
993648
994225
993881
993615
9389
992691
994149
991850
9526
29
9856
9390
9811
991227
990498
992809
990643
994286
990885
994976
990616
992308
992690
994139
990113
992683
991581
9426
990575
992314
991299
993045
992678
993726
990500
990942
993405
9019
991240
992919
992452
991312
990646
991521
993622
9364
991569
990799
991241
993892
992937
9552
993484
16
991422
9232
991871
990585
9175
993977
992995
990198
991046
9016
993851
992368
990067
990939
992027
9057
994329
9017
990317
990079
992696
994882
992679
993081
993718
993400
991364
993170
994995
9860
990085
991490
992916
9488
994809
9225
990678
991069
36
992246
9456
991445
9563
991311
990468
990016
993537
991530
992689
994273
994130
994668
992205
991947
993984
991330
992821
994222
994881
991294
991758
990695
990177
9353
991280
992398
992181
993498
07
9465
990143
993385
9405
991193
33
992177
991064
991906
9181
17
994824
992817
992441
994176
992269
994528
991438
990823
990321
990137
9021
990029
993644
994854
991534
993533
994275
992324
993236
990442
991808
992178
993717
44
993259
991756
993588
990764
993847
990087
992223
994143
994470
992674
991824
993515
993606
993950
994887
991624
994155
993494
994791
993683
993213
992427
991689
991532
991574
9329
9521
990516
994972
992663
990499
19
994918
991271
990072
990196
990515
993976
993070
992969
992166
993037
991449
991158
991288
993305
994188
991316
992317
9796
9727
993993
9657
994228
9342
990660
993415
9169
993785
994822
9375
991998
990324
993098
991251
992347
992565
992623
991967
990221
990235
992201
990358
993237
993358
991005
990297
990819
990566
994711
9125
993968
990389
990133
994150
9095
991664
990803
993817
990323
992528
990061
993158
991520
993376
992012
994860
992935
994544
992183
990828
994429
990009
990471
994795
9702
993112
993795
993367
990747
992667
9158
9799
993190
03
990007
991688
992306
994246
73
994141
992214
9662
993306
990917
990022
994030
9716
992612
00
990824
994332
01
9742
994554
991831
991310
993088
991291
993722
994512
992540
992124
992222
994432
9547
993054
9440
991300
990054
994075
994078
994531
991396
990331
992164
992407
993854
990447
991599
990535
13
993669
993101
994446
9512
9350
992578
993602
993944
9733
990960
992718
993930
990697
991105
9221
9243
992517
993702
993042
990674
991437
993197
994059
994717
991594
991790
9866
992658
993998
994412
993742
990963
990513
994053
992595
994518
990940
994181
990510
990383
30
993144
9212
990313
990628
994305
993687
994804
9237
991162
47
993591
994187
9500
08
991329
993447
990903
9751
991178
992733
991081
993633
991313
9562
12
9540
990390
992073
9447
991279
993914
994375
991298
991282
9556
9876
993865
994247
990212
991576
993115
992337
990761
991432
9714
991838
993828
991779
9170
991860
990199
992975
991852
990421
990583
990998
990215
993583
990679
990797
993043
990937
991516
992455
990140
993140
9674
994605
991309
9245
990789
9046
991053
993113
992468
992698
991356
994468
992506
991812
991525
992176
9379
994805
990103
10
994341
9768
9847
991662
990110
993600
993383
991761
9154
993435
9551
992148
27
992276
992367
991367
993989
991864
990314
990180
991908
9155
992868
993422
992586
991111
994813
994578
994925
990505
9182
994579
992752
992262
994363
994356
990707
990677
994316
9635
994190
991000
994945
992476
9388
992810
990014
993698
993987
992688
9511
990900
990673
994255
993531
990015
990003
994152
990128
9793
990262
9746
993059
992182
991841
9645
991307
990837
992006
991519
991059
990699
992522
991825
9842
993575
991136
990175
9664
994511
993825
993965
994782
991621
994730
02
993534
9589
9304
990135
992448
9688
994342
993470
993681
993796
993086
9550
990537
991968
991328
994682
9588
994114
990681
994877
994635
992579
991469
990311
992592
992905
991703
993609
994256
990559
991450
991566
992451
994371
994180
991114
992055
993286
993619
993012
990117
993302
9386
994303
992395
993725
994781
991523
990160
993065
991011
992673
994695
994970
9238
990320
9752
992360
991706
990727
991517
991868
992282
994021
994878
993508
991690
994744
990118
991362
994541
994954
993827
9895
994276
993784
9850
993253
992699
991065
990028
9490
990735
993095
992442
994507
992650
9531
991203
990419
993057
992163
992581
992133
54
992217
991287
9188
990354
991051
992604
991269
991764
992662
994203
993321
993032
992069
993947
992404
992607
994042
994393
990330
993311
993052
990672
993085
9312
991015
990470
9052
992061
990480
83
992423
991124
991613
992728
9877
992681
991286
993337
993772
994183
992582
993621
992030
993519
994908
990722
9311
993605
9278
993674
991799
990253
990197
993714
991969
993277
991020
990733
993709
9638
992564
993520
991093
990744
993047
990237
9509
993706
994377
992042
992322
994239
990933
993278
26
991655
994173
993080
991933
993401
994490
993247
992158
991250
9587
990460
990716
994186
992998
994032
992428
991392
993055
991552
991078
990881
990379
991436
993402
991334
9729
993091
9535
993905
990162
993169
993121
994609
993338
994463
993326
991196
9187
991802
990465
993878
992560
990926
993199
991295
992685
992825
992004
992866
991001
991257
991980
990841
994481
9726
994516
994237
991785
993194
993060
990512
991988
993437
9853
9395
21
991919
994360
993604
9763
994552
992629
990748
991172
991232
991893
9412
990430
990179
990971
993094
9044
994281
992747
89
992287
991701
991317
992352
990685
990125
994646
992111
993334
991139
990649
993135
990210
993083
9666
993245
9527
9129
994290
991767
994014
994969
9840
994930
14
991966
991454
994624
993373
994797
992453
992307
994067
994111
991092
9725
994563
990514
990335
993723
990558
991958
992967
993898
9443
991602
992757
992798
9802
991355
9258
990768
991617
04
993883
9620
994876
993627
992460
992657
993110
990731
993789
994381
9285
991973
994875
994427
9059
992972
990640
993215
993975
991214
993871
9863
994724
990609
992890
994698
990712
992485
990228
993761
990367
9309
992047
992301
990763
994514
993961
991644
994837
992244
992390
993471
992076
992620
992019
992239
991412
9731
993833
990332
992891
994476
993138
992946
990738
994697
991856
9754
9223
991834
994947
9152
9501
994080
990669
990915
990914
994028
993540
991598
993645
991804
992365
993104
993449
992467
994136
992624
993241
991117
992693
994857
990696
992787
992411
991538
991652
992399
994981
9269
994003
994185
994859
990567
990997
994489
994233
9174
992388
990654
9033
994406
990564
993371
994866
991601
991468
9140
992266
994140
994050
991734
990030
990584
990868
992273
994863
993684
23
994026
9240
990503
993580
993732
991886
993550
994411
993296
9295
993179
991509
990305
994326
994756
991215
990698
993143
993141
994904
993443
9401
992909
991306
993252
991137
992999
990357
991325
991590
994523
994280
992717
991544
990989
992710
993220
990908
994349
990529
09
991244
991281
994045
9803
994517
990340
994033
991086
990458
992561
991485
9758
991416
993530
994811
9424
993038
993611
990742
994467
994728
9247
992382
993482
994929
9176
9851
992875
993632
992927
993133
994792
992970
993109
993342
992862
992285
993150
990977
992180
993408
9879
993740
994151
990251
993122
991898
994128
9814
9815
994543
991285
994655
990259
992349
991847
992026
9870
990443
990388
993525
990568
991571
9183
992348
990754
992323
991224
994864
9287
992038
9233
994198
992315
990410
993461
992883
9422
991018
991782
9685
9894
993072
9097
993145
990633
994208
991040
993937
991039
993994
992358
994949
994465
9335
993003
994501
990256
992577
993165
991457
991493
993346
992456
9487
9520
9769
994184
9627
9403
994311
991934
992046
9050
991252
993805
991207
990252
990599
993555
994384
991003
992869
990842
990923
994727
993573
992675
9473
9302
991794
993620
993918
993576
9195
993474
990982
993855
992957
993913
994009
991419
9470
991853
993887
992772
993513
992644
9272
994553
990083
994189
994839
994649
992986
990418
994726
990359
991815
991742
992864
9683
993403
994771
990322
990334
991600
992858
9586
991753
994409
991428
991989
994074
993678
993754
990988
993649
990927
994287
992855
990216
992584
994631
991889
990785
994898
991643
990714
990042
9107
991177
990605
9193
994906
990862
992104
992048
9058
992196
994932
9018
991940
993908
991464
992000
993214
990534
994193
9779
991620
991038
993646
994895
990426
991678
991658
994751
991619
990655
9748
994301
992414
990572
991253
990593
993058
992797
993715
992056
993770
993299
992397
992010
990155
994643
992901
991806
992216
994282
994867
994337
991154
993837
994423
990432
9159
993501
994661
993102
991587
9584
991473
994676
990023
991611
992391
9791
991113
9275
992988
994191
994134
993201
991315
994300
991976
994639
990648
9764
990919
994736
9722
990462
9214
9566
993487
992672
990387
992464
992384
993490
993033
993852
992990
992590
9898
994202
992926
994220
991582
991954
991844
994950
9474
993775
992447
991501
993427
990257
990932
990435
9817
992847
991888
990855
991556
993739
992490
994027
991026
990978
991474
993689
990858
993485
9693
992719
992119
990806
992062
991099
993631
993451
991763
991704
9824
994836
9700
992254
991800
990105
991563
992161
992380
993488
993378
9720
9532
991427
994449
990847
992477
9261
993704
990173
990734
991786
991896
990099
995004
990662
991708
991161
990274
990048
990287
9629
9004
9713
991833
992907
992839
9373
990941
994899
994162
990786
993000
990821
994156
993803
993062
9177
9374
994493
991278
9643
994157
9760
992280
990586
990093
992312
992372
9186
991259
9719
9844
991771
993514
67
992811
992531
993798
993196
993942
993354
992830
994431
9724
993985
993999
994169
993707
990548
991669
990829
990497
993560
991351
991213
992871
993815
9637
993298
994777
992786
9260
991891
993794
9156
992965
992060
991484
991314
990104
992588
992357
992202
991707
993915
990315
993372
993634
990615
990985
994988
990523
994658
9444
994873
992118
992478
994962
994934
993638
990055
991583
993963
990096
993983
992231
9132
993922
993938
992103
990614
993473
994223
9381
993843
993765
991435
991379
993503
994043
993162
9899
993625
991851
991372
995002
990058
993920
994901
993011
991045
990793
990437
994907
993980
994965
991562
993481
994394
993657
993034
992987
990452
993467
993465
9721
990996
991694
993268
993188
990570
992082
993453
991029
993148
990962
994119
994608
992526
991927
993712
990433
994515
991304
9397
994369
991592
992837
993653
994094
994146
991102
991194
9495
991929
990543
991726
990147
990478
992525
991211
991461
9249
993010
990255
990184
994733
990171
990329
9360
992754
993336
993957
994340
994333
9855
993292
990200
993927
993397
990921
994737
9682
991722
991762
993959
9591
991073
992446
992583
63
994236
9567
992274
990531
993652
990277
990246
9007
992551
994529
993445
991134
991476
9365
992331
993849
993829
994318
991439
994355
990229
9886
990995
995009
992238
994224
9594
991559
994435
993293
994304
992290
994163
993516
992838
9745
990178
992850
993282
993200
990938
992117
990027
9878
991115
990495
991711
992079
993242
992412
992804
992563
990463
994350
994509
990203
991388
993025
9658
9185
990838
992369
991755
992562
993769
9178
992938
9753
994598
990385
992637
992680
990112
9565
993598
993412
990598
993131
991248
994720
993992
9274
9289
993071
991902
991813
993670
992140
991274
993264
993077
991322
9361
992751
993309
993092
990472
994424
992014
994001
993409
990038
994974
9039
991795
990905
994037
991903
990046
992930
994160
9801
991920
993809
993177
9241
9533
993797
991398
993995
991862
991150
991094
992777
990689
993636
994110
992028
994562
994008
993015
990536
992092
992210
9604
994963
992617
991370
9491
993362
991016
993856
993178
993418
992098
991807
991508
993391
9555
9355
9513
991066
992122
994567
9006
993216
9220
994101
991645
994388
992923
993630
990464
990969
992904
991747
992248
990986
9210
994251
991087
994458
990740
991858
994862
993909
994558
992615
990056
993921
9056
992480
9699
9089
990562
992803
50
990293
994660
9897
993019
991258
9529
993147
993746
990132
993749
9766
994850
990909
994712
993899
990227
994821
9279
993183
994713
993727
994844
992769
993374
993272
994219
9276
9698
9022
9358
992980
9234
9284
990475
990588
992984
990360
990219
9665
9545
991502
994585
990892
994034
9736
992639
994065
993990
994385
9090
994996
9324
992856
9411
991994
9575
993246
992985
9343
993187
992932
991499
9024
993986
990688
990910
994587
991636
993479
992430
994254
991179
992481
9137
990620
990603
994802
9053
9031
990485
994773
9570
993808
992032
990165
992791
990875
992859
990636
994068
991961
993616
9537
994715
994221
993068
993206
990804
993240
992264
9832
991375
9218
990518
9165
992359
990651
994889
9060
994104
991030
991630
994663
9244
9477
992997
993997
993793
990894
9305
993152
991854
992844
994416
991131
992127
9303
993752
994923
9399
991917
993647
990928
994474
994992
990161
994924
993748
9561
993925
991231
991411
994645
991246
994121
993421
992774
994298
990950
993949
994570
990800
994550
990364
992195
992013
990102
990798
991589
991765
991760
9804
991637
990684
994640
991341
993294
994786
992245
990912
992328
991095
991049
992902
993872
994701
991400
9082
993049
990859
993821
990204
993672
994452
992940
991346
991151
990757
993859
993234
990101
9147
990427
993507
990417
9794
990647
990501
993375
993802
990446
990541
993848
993568
9881
991597
992722
993318
994909
992445
9518
990037
993103
9027
992106
994938
993933
9206
990767
9166
9028
993090
9678
993008
990445
994699
994580
992410
991057
993210
993111
9640
991682
990090
9663
994581
993668
991507
994380
9654
994410
994087
992043
992585
9201
9348
992497
992692
990026
992737
9668
994738
990889
992190
993182
992634
993317
991202
994044
992031
993783
994535
990944
994422
9507
991044
82
992169
9142
990884
9704
992779
992638
992771
992806
993559
993731
992416
992431
994153
994006
990134
994168
992636
990089
992258
991336
992655
990413
992515
992897
992271
991698
9029
992020
993263
992780
9585
990848
991505
993524
990294
994569
990904
991208
9455
990812
993974
990550
991646
993988
990094
990769
992193
990412
991776
993328
993543
992888
990623
990376
993181
9211
9609
991547
992487
991608
990325
991733
994917
991384
991147
992833
991901
995005
993911
990611
993331
993463
994200
993867
992576
993589
990020
9468
993996
990214
991683
993107
993971
992653
990206
993458
994425
992219
991157
991572
9406
993161
992513
993051
9063
993386
9108
9250
9197
994526
991350
991390
994345
9462
992593
993893
9788
991465
991368
991319
992459
993612
992508
9452
991772
993171
993526
9671
992626
994657
991163
991553
990833
992989
990788
990817
992255
992725
992944
992915
990874
992768
990890
991265
992534
992973
993577
993155
993231
994205
992015
991256
994166
994722
991275
991343
991032
9043
991660
994212
990312
993970
993389
991884
9797
992389
9761
991267
991653
992341
992113
992294
990232
992002
9854
991626
992958
994671
9351
992643
9248
9281
991555
993895
9127
992942
993202
990808
991719
990035
992621
992289
990073
991740
9838
992641
990765
9064
994443
9227
992065
993283
990626
990145
990922
993635
9194
992652
991822
990467
993087
9798
991540
991522
993900
992237
9299
991691
994231
991946
9036
990925
991089
993173
9055
991165
990372
993249
991219
994270
991863
992835
994390
990202
994694
993262
990948
990248
992992
990339
994801
991395
992820
993557
994896
993879
990244
994696
9104
990158
9715
990758
990916
994681
990045
995001
991407
990924
994672
9106
993919
994600
9282
993969
990631
993928
994760
991221
991622
993462
990656
9650
9805
9605
9515
991951
9524
990081
9576
991084
992521
991009
990349
9459
993734
992895
991603
994852
994772
993801
993067
992903
993127
990154
994049
991063
990185
993475
9288
994691
991171
990813
990634
993192
991106
992252
9790
9074
9291
992370
9385
991791
994434
993548
993991
993319
992139
994133
9435
991921
990439
9102
9164
992892
992906
991025
9002
992156
994706
994632
993079
992511
992016
994408
994407
992438
9543
991082
992283
991743
994271
992936
990233
993755
992600
994125
991239
9231
994415
993603
990706
990006
9762
9146
992857
994366
993982
9394
9171
994266
991513
990077
993565
991019
992167
9130
990840
991551
991651
990404
994595
990399
991977
992494
9416
994058
994055
990469
990658
9264
9306
994211
9265
994297
69
992374
990553
992616
991915
994299
993813
62
992994
990671
993235
9439
993811
993097
990059
993457
991085
993981
9061
9228
993617
994759
9852
992260
994555
994261
992962
993522
993741
994513
994718
992284
9624
994071
991489
990530
991832
9203
993584
994031
9370
993735
994594
991916
993315
9346
994714
990702
9599
990398
994750
9307
9396
9859
9492
993398
992278
9322
994620
992406
993955
990524
991840
994061
9454
992330
993469
994097
992327
990136
994179
993271
9505
992863
992530
992272
992512
994684
994774
990124
991195
993719
991380
993979
991536
994913
991414
994546
994973
993661
994378
994964
992242
994012
990428
993106
990380
993219
990676
990945
993696
9254
993902
994593
991950
990635
992356
990402
992296
993903
9597
991318
9191
991640
993840
990301
991043
9415
992518
991545
993483
993978
994091
993180
991344
990574
990802
9148
993387
990898
60
992466
994214
991007
994284
992953
991819
990822
994242
9115
993551
994937
990832
991909
9616
992115
991323
994827
991426
990051
9875
9607
994495
9703
993954
05
992036
993926
991766
992509
990732
992226
991235
9536
991302
991156
9126
994144
993124
991757
993730
9253
992413
991402
991895
991074
992309
9467
990849
994396
9884
991618
991628
70
992832
991293
992889
992035
58
992209
990403
993790
993561
990121
9542
991625
994420
991754
992983
993705
994742
992355
994527
992666
991332
993468
9425
992268
994413
994603
994118
993368
992611
994502
990700
993774
991826
991956
991164
9213
994444
993193
992861
993029
994856
9173
992492
990298
992812
992149
990994
9190
9546
990429
993478
991498
993224
993569
994577
9103
990920
9843
991326
991724
992235
9393
991357
993506
994194
992418
993149
993862
993324
9083
992129
990371
991358
991197
990355
992493
993853
994048
990582
991112
9345
991843
994796
990968
993736
9409
993733
993335
994024
991506
994076
992645
993858
994890
990783
990934
992793
992378
994405
993056
992433
9564
994264
992842
990336
994619
991941
993562
991593
9514
991606
990080
993066
991276
990661
9738
992288
81
991010
991155
991949
991750
991008
993108
993136
990281
992298
992110
990226
991152
9871
9121
991751
994568
994122
994335
994613
994725
991955
993946
990285
993396
994815
993146
992991
9632
992033
992089
994092
993035
9069
9718
990947
994549
994314
52
993352
992057
990600
991342
992816
994403
991107
990098
994627
994258
994421
990289
992018
992993
990188
992420
990018
994036
993581
993951
990964
991612
994933
994382
993232
993186
990224
992084
990863
994454
993571
993312
991634
994196
9071
993444
991591
990069
992765
992345
993257
993941
994483
994652
994842
992764
992071
993680
993063
993729
990507
991496
990913
990000
990493
992865
991284
991434
9062
992077
994491
994683
991866
990956
990888
993860
991942
992876
992813
993904
991588
992499
994257
991876
992743
994946
993517
9391
9383
9684
9088
993205
9677
991692
994259
992917
990810
994614
994312
9377
994669
991561
991650
993952
992074
993209
992730
992208
990613
9572
991975
992527
991657
993381
990618
993934
994779
991715
994347
993823
994975
990053
992503
991013
991481
9054
994525
994985
994769
991952
994323
994216
991914
9300
990474
993590
9695
992160
990411
990509
992458
9202
991718
994351
9808
994209
994238
9744
993695
990044
9569
9582
991067
992310
9131
993924
990943
992642
993339
993014
991056
991573
994702
991109
993814
992500
990011
994399
9823
992703
993132
992099
991277
993792
992979
9810
9874
994445
993697
992910
993864
993628
991391
990276
992400
991712
9280
994533
991491
992873
992542
991865
991674
993185
993295
990816
994227
9519
993382
990622
990665
991845
991892
9001
990397
993151
991050
991848
9384
992536
992484
993486
992233
9696
993637
991504
991535
992836
992807
990708
9525
991829
9255
990049
991297
990826
991759
992419
992749
994710
991225
994989
991198
990091
992706
991035
9420
991190
994665
993027
9392
991409
991539
993578
990519
9273
993552
9673
991828
993826
991373
991899
994650
9382
9630
994148
65
991937
993720
9438
991383
993553
992796
994785
992039
9363
990850
990319
994807
994295
991055
992619
994977
992145
9541
990632
990002
990576
9040
994858
9544
991047
993677
994093
9268
990483
9652
994592
993745
992849
993363
993349
993518
990522
994986
992900
991928
994944
991564
9209
990930
992457
993248
992981
992606
994704
994115
991429
994023
991687
993747
994263
9602
994232
994241
992259
991121
990717
994749
56
9622
991068
993700
9841
994534
991654
993261
992899
990549
9376
9694
992736
991399
9778
990194
991140
991972
991584
992011
993460
994703
9625
991254
992270
990861
991910
992267
992893
993651
990918
990929
991338
993207
994892
991731
992192
994588
993137
992344
991487
993874
991675
991670
990441
993806
9010
9680
993841
993290
994997
990163
991730
992366
991376
991456
993547
993666
992109
993126
991405
990152
991028
994623
990911
995007
994039
992808
991638
991913
993221
991932
991900
992373
990946
991209
993845
9809
9354
994612
990453
992443
991924
994833
994980
990625
994522
990970
992682
991415
9251
990953
991705
991810
990664
992520
9579
992281
992618
994244
994098
57
992631
9032
992022
992408
9772
992343
994469
991616
9782
9448
9690
992684
992941
992191
991944
9067
993935
9099
994586
994309
991243
994939
993945
9163
9747
994835
992087
990610
993489
993184
990477
991382
991260
992440
990484
992648
991192
9262
993250
994201
994803
990263
990630
990327
992021
991261
992924
994641
992227
992112
9486
992933
993064
992943
991466
991586
9338
994583
993532
992303
993304
993536
993528
992256
993279
994291
992731
990344
992665
992714
992885
990784
994278
991827
991647
991076
9267
990991
993676
992840
990887
992040
990299
990290
990578
994391
994757
9357
993344
992574
990597
991475
994147
992605
9296
991681
993280
993322
9675
993890
992732
9647
994626
994272
991685
9857
9613
993208
990092
994124
992934
991938
991735
994853
990082
991514
993663
993499
992548
990012
993873
990423
990967
990538
994099
991210
9068
992009
993436
9783
993394
992465
991789
993320
991479
993023
990557
990004
991401
993496
991778
990005
9626
992496
9711
9145
51
994508
994709
994629
991788
9463
990992
993425
990416
992005
992773
991720
9755
992394
990907
9317
994438
994666
994005
990972
990396
992597
991183
991366
9825
993500
9806
990693
991182
992959
991881
994016
9549
992729
991478
9741
992976
991418
992929
992064
991911
994000
990830
991797
992479
991605
990652
992701
992956
993570
991425
993227
990438
9821
991217
991672
9139
994794
994100
990949
9701
990773
991995
9623
991537
994064
9423
992159
993738
994414
993022
9008
994292
992051
990878
991348
994107
9479
9257
991879
993233
9651
990078
990157
990844
990827
990629
990193
9151
991873
994177
991737
994249
993002
9648
991141
9896
994213
991146
991072
991936
993766
993842
994753
990539
991880
994081
9528
993688
991472
991431
992200
990843
9084
991579
993128
990521
992955
992340
992188
992759
991869
992144
991904
993595
990025
991268
990511
990303
9286
991648
994344
9434
993511
991075
992709
994690
991668
991667
991986
990774
993332
992854
994547
993276
990659
994984
992318
993594
992001
9765
990882
990071
991595
992726
993433
9780
991263
993667
992286
990527
992794
9256
991337
9128
992376
994086
994052
993480
994966
993343
992822
9516
9371
994040
990489
992874
991700
993275
993297
994475
990249
992766
992778
991665
991925
994269
994872
993228
991283
992676
990149
991233
992966
992421
990292
990755
994874
993819
992800
993212
991070
991245
990781
991420
993251
990168
990653
993406
993030
994486
992174
990479
994735
990065
992964
991699
990062
994230
990756
993493
991702
992671
994365
992877
992379
992134
9138
9336
993910
993771
993130
991097
993716
990254
9207
990720
991978
9292
9749
990596
993781
9222
992424
992070
9117
9820
990223
994630
990381
990896
994979
992194
9712
992928
993417
992450
993229
992724
994602
9199
993203
991331
992165
993868
994217
990456
9224
992483
990086
992824
994816
9217
993850
66
994931
9020
993822
990366
993799
994784
991292
990973
990675
993773
990794
994732
9418
992100
993174
993167
992708
9883
991642
992502
992383
994487
993629
9402
990751
995003
993685
991167
993307
9450
991041
990730
991071
9471
993804
994723
991979
990551
993492
994936
994453
993441
9581
994942
9705
990547
990592
993554
994621
991580
993521
9410
992302
990272
9510
992908
990075
994500
991575
992058
991803
992143
993239
994540
991991
990123
992346
993509
993593
993356
993350
992130
9828
994538
994590
994174
990415
992486
990718
992977
990131
993360
9100
991363
992659
994248
993640
990901
994485
990581
991882
991503
9328
994551
991017
991769
994321
992075
990750
991443
991206
992795
990753
994358
991805
994142
992546
9446
991696
993345
990545
992664
990544
9560
991792
993157
992136
9086
991410
990151
991857
990891
990116
9000
991787
990865
992081
9882
993424
993154
9880
994240
9098
990408
990019
992700
9449
994328
991671
990377
993686
88
994158
991793
994576
991732
990719
79
991971
993962
991054
992598
993061
9432
991849
991752
992338
990872
991386
993413
991327
993393
993175
990563
992474
990343
994679
9141
990271
991890
9290
990001
992843
993491
991518
990554
993751
992884
994313
990637
9469
9048
990225
9687
990491
992381
992025
9864
994084
992740
993816
991234
991442
994994
992514
993497
993906
990114
990579
994564
9011
992677
994654
9263
994062
9200
993834
991697
9709
990454
994729
993608
9301
9644
9485
993313
994277
991935
9189
992785
994274
9380
992913
990839
994566
992627
994952
994279
994647
991237
992422
992392
990466
990159
994828
993556
990663
992558
993692
990451
993134
9559
84
85
992295
992141
990070
991964
990150
994112
991533
992734
9481
994250
992713
991406
992510
9633
993694
994754
9849
990555
994368
994719
994472
9676
993392
991837
992097
994073
9517
991168
992918
992911
990068
992436
992186
994693
992760
991148
994218
9065
992403
992409
992538
9818
992569
993886
994088
990024
9293
991723
49
990187
9634
991143
990156
993004
994758
993743
993917
994302
991349
990506
994983
990060
994002
991983
991403
9091
991874
991394
992017
991037
993664
990776
994315
994436
9192
994775
992091
991181
992095
992628
994165
993655
9574
991145
990076
993836
993662
993675
990957
990825
992790
991633
992783
994905
994615
991661
991223
993535
990752
992313
990650
994063
993009
991629
991746
992253
994127
992544
992949
990243
990382
993001
990931
9408
992818
9558
991021
991417
991238
9872
993960
9775
990409
9316
9122
994320
991002
9179
990191
993204
990936
9334
992224
990741
994582
990368
993289
991745
9441
9656
994506
992571
991096
993269
990282
991296
994367
993545
993222
994346
992401
993614
994871
990606
991878
9458
992702
992968
991242
992738
992207
990369
990736
991230
993538
992434
990686
994159
992251
990897
990954
992221
994106
9362
993089
992471
9807
990230
993762
991749
992846
993267
992199
994372
993656
992819
994572
991129
9867
990245
994687
990871
992162
991981
991413
993255
993956
994746
990250
991558
994105
990787
992489
991836
9618
993120
990857
9387
992243
990745
9835
990642
992066
991883
991058
994559
992342
994477
994959
994648
991433
993737
9475
991377
991568
990088
992952
991048
991543
9124
991447
994653
994197
9730
994793
993782
993223
991524
992275
9271
990120
991216
991931
992781
991741
993442
990234
992961
9829
993078
992782
992649
9266
9005
992096
9229
992974
991716
990770
9568
994642
9070
9686
993711
990811
993399
994428
990621
993728
990569
992362
9728
992756
994651
991453
990238
993407
990013
991404
991080
991467
994530
992236
991004
9419
992535
990291
990350
991387
990965
994019
9773
991103
994755
993325
994993
994788
9846
9270
991125
994617
990241
991199
993369
9332
990267
993549
990127
993643
992333
992491
992945
991452
992880
9681
990186
9204
991339
992547
991184
991385
992329
992232
59
994560
990307
992257
991861
990715
994574
990533
994542
990375
991185
994379
994262
993439
993440
990624
991305
991855
993877
994215
991560
992179
991229
991236
992024
993166
9168
992371
991023
994439
991821
992462
991142
992218
994089
990540
990138
993351
992712
991959
993894
9649
9781
991486
990895
9478
994294
991659
9601
990999
9349
990258
990902
994090
9436
993370
994017
994447
992539
9464
993760
994387
991775
992469
9073
992402
990705
9831
990222
994401
993897
9149
993243
992580
994455
992197
992951
994170
994787
994234
990266
991607
994243
992552
991631
992034
990777
990791
991255
9826
9496
9077
990481
993039
991024
994520
9352
992300
9617
9706
991557
993388
994289
994267
991912
990790
992742
992610
993355
992670
9692
990487
990490
991945
991408
993923
991052
994389
993912
990378
994283
991784
990687
993416
9472
991061
993359
992184
993786
991441
991717
992553
994767
993410
993907
990052
992292
9427
991830
9489
993366
06
994956
994154
993314
9150
9689
991725
990976
990066
992473
991160
993703
9596
993380
991585
994161
9493
991060
992572
991220
991301
992086
990139
990031
9522
991686
9655
993641
990240
992948
990993
990709
993159
992114
993265
990893
9610
991153
993005
991729
9506
994440
994327
991290
992135
993929
990486
991448
992555
994260
992694
9259
992556
990425
994914
993450
990721
992591
991596
990542
992609
993446
994673
994628
992792
9734
993964
990494
993327
990213
991492
994768
9571
9421
993567
991352
991118
992921
991673
990852
993225
992697
992037
990348
991477
991186
9242
9003
994456
992549
9105
990434
992053
994678
992150
9858
991397
993585
993699
993330
991684
992299
990820
991247
9109
991962
993116
71
994397
993757
993384
994195
9636
991205
994829
992750
9298
990683
993357
993885
9180
993093
990440
9323
990436
990607
990860
993284
991031
990302
9072
992801
992746
9708
9123
990401
9437
994497
992516
992185
991541
990384
994955
994884
992425
991604
991321
993472
990183
991101
994306
994307
9578
994571
9184
9219
993818
992922
994138
990414
994716
993105
994288
990182
992567
9498
990356
992454
990172
991987
990095
993021
991371
994137
992173
994167
990666
994361
993013
990208
992828
994618
992523
9786
9891
9732
991381
55
993869
992651
992878
990043
993211
993028
990351
990565
992439
990589
991126
991926
992894
994521
991610
993861
992154
992687
993419
991132
994677
990879
993432
993831
993266
993546
991340
994747
994210
990300
994504
993665
992105
9583
9400
993973
994496
994426
994911
9430
994674
994601
994357
994740
992602
994066
9743
990395
992568
993863
994894
9770
994900
993759
9341
990394
9813
993423
9429
9037
992815
993846
990526
992116
993510
993777
991818
994498
9557
993820
991780
994806
994129
992175
992896
993434
993316
9771
990032
991770
990867
990594
990363
994865
991128
992745
9862
992614
993618
992971
993341
9523
9707
994419
992660
992291
992834
990645
991721
990546
9113
991446
992229
992841
994948
994705
991809
994503
994131
991511
993876
994776
991108
993195
992157
991663
9598
990169
991062
994741
78
991187
990974
9461
990851
9135
991549
991180
994883
994745
994636
992228
990063
991567
994041
994103
993502
9580
993285
994743
992377
992519
994471
990109
9013
9750
993671
990959
9848
9101
9830
991885
992603
9530
994680
990591
994164
993164
9628
9777
991266
9407
9015
990951
992050
994462
9670
991218
993477
991905
992882
993780
992432
991138
994820
990275
993544
991777
992711
991289
991953
9669
991820
992385
993404
991639
993414
990115
992072
994575
992559
9235
991922
992996
9230
991012
993377
990126
9691
9739
992213
9041
994348
992633
9619
990835
994817
9134
990450
994748
9215
990983
993431
992415
992920
992488
993936
993074
991122
993810
992126
9868
9717
993160
992939
990990
9321
994331
993891
994537
993939
992125
991814
991990
993691
990122
991693
993776
994072
995000
992230
993607
992931
990192
994935
993844
990268
993048
991347
990279
990167
990057
992351
992305
992762
993125
992789
990704
991430
992094
993972
9297
9023
990431
991714
9136
993558
991471
9026
9327
993779
994991
990021
9776
994597
993168
991079
991839
990815
994940
993579
9774
993420
990338
991823
992189
992171
990278
994484
992332
994229
990873
994459
992608
994591
9873
990528
991088
991212
993020
9723
993857
993888
993429
992741
994172
993053
993673
9120
9160
990670
994545
991816
992335
994109
990392
991649
992575
990461
990264
9167
990100
9172
9045
992960
990780
994700
9642
994120
990864
990033
991609
9679
992297
993459
993787
993238
991923
9339
994395
990406
993310
993750
992247
9035
990422
993541
993230
994085
9414
990318
990488
9042
990218
9320
9014
992123
990333
994441
994060
994861
992090
994799
9369
994910
9861
994902
990870
995006
990455
992654
990260
990400
992044
990961
994265
992554
991773
990010
994022
992234
993512
990880
991494
990617
994800
994831
993642
994919
992121
990504
994374
991999
9319
991470
9283
993701
993198
991359
992353
994478
992155
992470
991768
993281
991173
992860
991709
990979
9025
992132
992211
994334
993610
9049
993254
992507
994204
991992
992784
994253
9756
993539
990353
993835
993226
994686
994113
994046
994338
9816
994199
992851
9078
990370
991273
994920
994638
994536
990619
991736
992225
990036
990239
990374
994461
993073
992755
994761
994018
990107
994418
992334
991676
990130
994499
9277
9497
992656
992128
991515
991458
993036
990097
993660
992720
993244
9612
9888
993721
48
9819
994539
9697
992686
992045
994664
992088
992263
991497
992029
992601
992151
9047
991930
993724
991249
990144
990342
991077
993100
991710
992319
9076
994926
991939
994473
991627
990074
990247
994708
994102
992495
992316
990269
9631
994637
991264
993274
9333
992898
991098
990448
994482
9404
991036
74
994565
9595
993830
9839
990473
991695
9453
992668
990386
994869
990935
991042
994915
992704
993291
992947
990176
992831
993812
994325
993495
990966
992187
991130
992437
9795
992537
993523
994448
993791
993353
992853
994392
992814
990181
991483
990577
990639
992203
994464
994364
9614
991739
992770
992721
994616
993682
990532
992886
992405
990039
9433
991374
994943
994293
993361
994893
992041
9009
991985
990170
994235
993967
9887
992925
993347
990153
991460
994763
9133
991488
991554
992533
992003
990856
994402
993365
990040
994519
993870
992080
993123
990459
994056
992727
994941
993040
9428
990980
992198
990580
994752
991728
992716
991480
992848
9153
994096
990958
993763
990064
990737
991512
9340
994029
9787
9460
994457
990807
990008
992101
990444
992872
991006
992146
9890
990691
993948
991875
991034
9114
991526
9785
992763
991677
994057
994383
9085
991369
990407
993529
994370
993574
991335
992152
993931
992823
994611
991090
993690
992557
9314
992067
9767
86
993464
993882
9653
993348
992646
990280
991110
990690
991421
994135
992622
990701
992705
992068
994903
993218
991423
75
991859
990710
992594
990296
991308
992212
991191
990502
990759
994557
991997
990508
994171
992482
991727
990854
992715
994020
994832
990341
993082
991188
992339
992265
990556
990703
991127
991744
992138
9162
990337
990627
990809
992472
9646
992241
994359
991104
990119
993217
993340
994659
990612
991174
9600
990142
990050
994778
990560
991440
991189
9038
990217
992739
993527
992107
993916
991641
9892
994634
991738
9030
9484
993476
992250
991393
9313
994891
993756
992361
9659
9110
990713
994951
994953
990424
990017
993839
9548
993153
993390
993007
994573
991228
9143
994957
990476
993017
992220
992707
994596
9252
990174
991948
992311
991993
994054
994589
76
990771
9359
53
990711
991389
991482
991974
994510
990952
992052
991894
9590
990328
992879
992805
993096
990166
994108
992501
993287
990984
994707
9367
993076
992078
992153
993767
994524
992788
992887
992829
991570
9577
994990
993943
991100
9092
61
992475
992102
994897
992435
9111
9608
993438
990834
992982
990836
992387
994548
990034
994095
990853
991027
990207
994047
9672
994982
991531
9667
990084
990638
994492
990814
992131
991495
992799
991918
992912
991361
994879
990608
994604
990391
9621
9553
991907
991123
9593
994675
991632
993031
993329
994417
994317
77
992852
992325
992735
993016
993542
992386
992085
994400
994398
991120
992978
994556
994670
991984
994599
994069
990106
9239
992695
993075
992279
991033
993430
992543
992532
991578
994667
9740
992063
990749
991365
994830
9494
9208
992613
993880
9344
991459
993613
990762
994765
994362
990265
991679
992504
990347
994083
991022
994927
991846
9075
990345
990195
993189
9372
9592
994373
992417
990818
9093
990571
991272
991324
993069
993708
992775
993139
992326
991943
990981
9660
994987
990845
990108
993448
994442
991500
993639
992426
9800
992950
9417
993026
990846
9119
994252
991996
993006
993504
9457
990778
991091
992802
87
990869
994766
9710
994451
991887
9502
990641
991897
9480
991546
990694
9466
994015
9236
993041
990725
993932
9603
992023
991455
994845
992320
994532
994004
990242
993300
994206
993099
994780
992498
9326
990792
991354
991748
994922
992293
9476
990286
991548
992761
994192
994354
993650
994025
993758
992758
994505
9034
990047
9081
994851
990284
994322
991378
991222
994488
991817
992172
990644
990308
993889
991166
64
990362
9413
991614
990552
9789
992108
9611
992827
994633
991680
9827
990164
990346
990148
993142
994622
9442
994145
9094
994644
992049
990595
992007
994584
990205
9347
990283
990316
990724
994739
991353
994126
993832
994296
993050
9451
9865
991333
992767
993044
992914
994958
992635
990129
990141
994928
993658
991635
992304
991713
990261
993596
994035
9198
992867
990726
992647
992723
991867
992059
991527
9833
990590
993163
993884
990373
994013
992396
991656
992093
994770
990587
9822
993256
9615
9735
994868
992573
991811
993452
990561
991175
994656
9366
992870
9144
9445
990680
991262
993572
994688
994912
992632
994826
80
992054
993587
994038
993364
994999
992640
9503
994245
990496
990231
994343
991774
993333
994460
990190
990668
992545
994285
993966
993288
993563
991783
992083
991462
992524
992204
990365
994376
994207
994978
992393
990775
994855
992363
9812
991550
993566
992429
991781
995008
72
990743
993191
990906
993564
9499
990220
990270
9325
992625
993129
994082
991116
990866
993273
994610
992321
990273
9837
993901
991201
994921
990288
990877
9661
991226
994404
991877
990772
994967
993896
994494
994310
990601
991963
993505
992170
994353
991796
994561
9784
993953
992137
993455
992776
9012
994011
9112
992168
9431
991463
990955
993838
994437
9066
992596
990211
9504
990831
990760
990361
990876
9483
991666
994764
990975
993753
993395
9885
993456
992008
9606
990189
990420
990111
992277
990739
994685
990449
992461
9079
993693
990517
993024
994838
991957
9331
9737
990782
992954
9554
993426
992142
991444
993582
991204
990766
992364
990393
991424
994834
991170
991200
993466
992881
994916
990520
9337
9539
993788
992449
68
991960
993875
992261
9216
9161
990405
992550
991133
994998
9330
992249
994330
991982
9893
991270
994007
991144
9118
991577
990352
990041
9205
993659
