32
993301
993018
991835
991176
31
37
993597
994132
994182
994812
9226
993454
994848
35
25
991842
993626
994010
992587
993768
992541
994734
41
994123
992753
992748
994847
992147
993710
994662
991320
993303
994823
994960
992206
991014
9080
993586
993172
991528
991451
993323
993764
994479
9378
994339
991870
9845
993623
990723
9398
992529
992566
9368
990728
990602
994790
991872
40
15
39
994692
993807
993428
994606
991345
993824
9538
990525
993114
20
994818
994607
994971
992375
9315
990692
991159
994814
992120
994731
992845
993940
993744
994117
994762
990492
993713
993156
9356
42
990883
994450
992336
990779
990682
990309
9889
994880
990310
994841
9051
994480
991135
18
38
34
993308
994968
9534
994070
991615
992589
991970
993679
990326
994810
993411
994308
9639
990209
994175
994319
994625
992505
46
990746
994819
994888
990729
994825
992661
993117
9096
991542
994798
993624
994885
993601
992444
9834
9157
990805
992630
9573
990899
993119
990801
9318
993270
9757
993084
9792
9836
994352
991798
9641
994324
991801
990657
990573
9856
994849
990482
993778
992240
990575
993866
991510
993881
992669
994721
994961
990201
992215
993176
992570
991360
990457
9196
990236
991149
991169
9308
994840
9294
990667
990146
992916
994433
993258
28
993800
9552
994976
994886
992683
991569
993718
991303
994689
994809
990987
993592
992963
9116
990072
993046
9390
993118
991565
991850
991965
994116
9482
9087
11
9526
994466
9405
991241
993851
990939
9310
992826
991530
22
992919
993260
993484
991574
993599
992817
993379
9016
992463
992744
990796
991758
991083
993405
9456
991046
993615
45
9759
992674
993717
994079
9017
990585
990016
994228
994051
9869
43
991529
992809
991906
992269
992690
990886
990795
992308
9021
991069
993045
9488
991445
991947
991664
29
994808
9508
993622
994268
16
994870
990604
990113
990499
990295
990304
991756
994846
992599
993683
992691
994470
994286
994176
992937
994149
991311
992595
994995
991271
994783
992027
994225
994430
991422
993847
993259
992324
990643
994711
994528
994329
9811
990321
24
990079
992678
994077
991312
991294
994226
990085
9860
9246
994668
9364
990306
9329
993213
991521
9465
992314
994791
991280
994386
993958
992354
992689
991581
992679
993305
9181
9232
9389
9563
992317
994843
9716
990646
994143
990799
992177
990143
993113
991316
991490
990942
994854
990616
73
993170
990695
994789
992350
994429
993984
992201
993644
990515
992658
992205
993415
990137
9426
17
990500
9057
993515
993654
991330
991623
03
991240
993385
994824
993588
991364
990029
991227
994512
990498
993190
9243
992368
992427
36
993376
9175
992452
991831
994178
9245
990447
993358
993702
994881
990297
994188
991624
9019
990221
9702
994222
992181
9158
992223
992696
9225
990022
993237
992222
994887
990819
994544
993537
9353
990317
993494
991808
990235
9521
992667
44
992246
990823
991299
994717
990468
990358
992124
990442
991525
990313
992528
990917
993950
993648
993606
991291
994273
993977
992441
991064
992428
9342
993055
990215
992407
992975
990196
992868
990177
9727
993914
992398
991162
990324
9657
991871
991438
994446
993669
993968
994139
992969
9440
991011
993726
9876
991998
9237
994305
994360
990198
991251
992821
994181
992623
990061
991449
990885
9221
993098
990009
993101
992306
9350
991300
994155
992517
994795
994053
991193
993998
990389
990803
993533
990054
994247
990674
991005
990660
9095
991534
993892
9212
9125
992540
991779
993158
992012
9796
9638
993121
9662
994972
991119
990535
993367
990015
994187
994246
992347
994059
994468
992337
991158
993054
991059
993698
993795
993785
990067
990998
991178
994432
994860
991764
991662
993865
993993
991790
990007
994341
991621
993042
990900
993591
993796
9714
9512
990133
9799
33
990140
990331
991523
990323
993722
994945
990678
990764
993854
990699
991599
9551
990354
9046
993088
990697
994014
991825
991203
992262
993065
990379
993422
994507
992522
992148
994695
993070
991356
994804
990747
990722
991532
991329
991520
994635
994190
992662
994078
990537
991644
993447
990963
993632
992455
991967
990960
993144
991081
991838
991396
993197
993687
992663
991105
992757
992006
9635
992905
992810
9238
992586
994822
990707
992728
991864
991279
9375
990087
9169
993306
992733
994152
990470
991437
992995
9540
990390
990828
994281
993825
993828
993575
992073
991196
994918
990679
990761
993037
992565
993122
993236
9388
991824
990421
990669
9511
19
990228
994255
990681
990262
993930
993531
992280
9312
994130
990628
9562
992604
990212
994316
990199
993944
994141
993621
990797
993989
991852
994805
992423
990510
994183
990583
9447
990160
9725
993827
993817
9490
994578
993095
994150
9842
992158
991689
991136
990824
994531
994554
993605
994332
9154
992612
993600
54
994075
991450
992718
993681
993338
990744
993634
994877
992946
992592
991464
992657
991893
992282
990162
992166
993286
83
990505
993883
9722
9733
993091
992183
992699
991841
993115
990937
993081
990789
992698
9866
993112
994342
990103
991287
990128
994511
990175
994797
992560
990430
993609
991516
992909
9863
992395
9233
993302
993470
9588
990330
991269
992752
9500
9674
991086
992607
9589
994605
994203
992578
994954
9587
991310
994134
993400
990287
992837
991761
991517
992182
993498
991886
990465
991355
9547
991306
994276
9182
991298
994698
89
992506
994114
992287
993110
993052
991785
994280
992217
994489
991286
993435
994371
993908
992582
993043
992360
9847
9401
990672
992476
994030
994021
991172
992030
991111
993383
993296
994256
991968
990058
993837
993525
9395
992404
990908
994476
991919
992442
991313
992244
991908
993326
991454
990768
992380
990727
993321
993508
993619
991509
990180
991328
991392
993057
993443
991432
993165
992891
994876
992047
990210
992276
990940
991124
991362
990367
01
993947
990677
991980
993247
9170
9768
991367
9851
991051
991868
993169
993185
00
993012
993086
10
993245
993674
992352
992061
9898
992866
990982
994609
993905
991552
9763
9527
990821
9304
994771
990096
994003
993871
993583
9509
992624
9550
994180
994067
993918
990314
994490
991594
990259
990516
990841
991577
9620
990566
9729
9556
994363
9688
9278
991412
992323
993194
993162
990471
993059
9258
991215
994028
993706
990640
994730
992069
990118
991688
990357
990914
990915
990135
9645
9247
992957
994857
991040
990460
993784
9188
992629
991252
990633
990673
991485
991860
993215
994624
990881
990712
9044
27
994925
993976
992055
9443
993576
994782
993550
990197
991566
993965
990237
993032
990903
9155
9260
990584
992214
993138
994381
992447
991834
992561
994080
993793
992019
994744
994239
993732
992164
9850
994377
991039
993922
990685
994552
9877
991078
994423
994837
994969
9285
991719
9779
990740
9535
992998
992685
993598
991317
993878
994393
994193
991295
990320
991782
992167
990110
993534
9764
994356
994032
991003
992927
992448
994311
9751
991000
994970
9177
990419
992367
991139
991224
991038
991250
9814
30
990738
993602
994875
994427
994908
07
992399
994517
992004
990383
991428
9731
9379
9658
993524
994303
9272
992839
993311
994981
993620
990733
08
991767
9295
21
994375
992460
991652
991257
993514
991015
993474
990305
993408
991001
994682
992644
9056
990599
991706
993199
9726
991065
994481
9520
991576
9335
994173
993334
992315
9664
992411
990735
02
9815
994406
990514
9742
992290
993645
991281
991244
991898
993373
992988
993573
991703
990480
992564
991690
994563
992178
990352
990748
994929
991858
990793
991093
993407
990649
992883
992673
991804
994655
991288
991613
994904
993849
990388
992117
994186
994947
991973
991493
990971
991590
992468
991232
994467
991309
992353
9403
992999
993513
990559
991617
992926
990125
990696
993942
992650
991940
991853
992747
993994
991307
991969
991092
9183
990003
9879
9752
990837
991253
994449
992478
992301
993754
993852
993025
991018
992693
9174
994050
992890
990531
990452
9769
994631
991194
990418
993094
994290
994751
9531
993761
993038
993441
994756
990529
990399
994676
993047
991469
993798
992772
993449
994237
990855
991598
993772
991734
09
990038
991799
994898
994151
994337
9746
991053
991844
994724
990926
993337
992525
994232
994241
993898
994895
992076
993833
993241
990030
993451
993071
993371
992847
992046
990179
994639
992875
992797
994518
991583
993915
992092
990742
992986
9853
992111
990102
994514
993135
994866
993746
994140
992451
9193
990503
993080
994045
82
992026
993709
992935
990513
9790
9058
993461
9802
991315
991611
9555
990612
993555
991334
993482
993141
992322
994326
993983
993402
994697
994727
994839
994154
994938
991988
994074
994008
992264
9152
9604
993899
992180
994189
9804
991851
994813
993794
991763
991802
991600
992161
9052
991379
992864
994934
9089
991806
9165
990731
994579
992869
991239
993646
992967
992990
994773
993133
994465
992348
991519
992202
990610
991794
992579
994720
9195
991026
990986
990216
990654
993264
991989
991718
993649
991457
994251
994006
993143
994026
994859
990714
991150
994275
992390
990985
991214
993109
9793
993465
993077
9249
9817
992365
994300
993033
9760
991655
9824
992430
992717
993775
994867
994384
994671
993471
9495
23
9700
990437
993975
993342
993437
9289
991137
993220
9545
994111
9643
990252
13
994523
994501
993501
9240
992855
990989
993403
9791
990117
991602
992620
990335
991889
994863
990028
993179
992196
994233
991154
990253
993530
993805
9758
993467
991416
47
990048
992104
990933
993633
995002
991643
992655
993003
990754
990099
992056
993995
993060
993627
990083
993216
990000
991966
9840
9386
993739
993913
993829
9309
990919
990611
9412
992273
991571
992294
992970
994553
993987
992456
994973
991812
994042
9748
993200
991772
991954
993821
991020
994728
993150
990892
994409
992176
991094
992382
992048
993219
992600
990829
990014
994388
9566
992388
990426
990178
990941
992349
991419
990315
991044
994136
9754
993453
9501
994146
991436
994411
994901
993008
990462
992962
991934
993589
990463
9894
994184
990978
993938
991282
991847
993479
994864
990609
992787
993887
991704
994162
9685
994254
990334
9360
993418
9693
990311
991461
9713
991765
991976
993742
992133
994649
993412
992688
993988
990763
991678
994737
992825
994516
991538
990340
994661
992239
9187
992077
9394
992453
9462
992307
992464
994541
992965
991833
990229
994949
990988
990785
9832
993401
990042
990641
990410
993920
993967
990512
993765
991645
994034
9129
993391
993638
993085
9678
992907
994643
992485
992397
991117
9473
992508
991341
992446
992901
993580
990605
994076
9214
994726
992302
991430
9287
990548
993127
991544
993789
994068
993725
9018
993611
990923
994125
993148
990446
9374
991522
994811
9886
991413
63
9156
991398
994202
993177
994988
993657
991207
994191
994550
994965
994349
993672
992831
992811
990023
991683
990093
990495
992095
992355
990562
994646
9006
993961
991473
992754
993473
993963
991213
990132
993695
991264
990655
992490
994658
9004
990868
992477
9269
990977
9724
993565
993278
992038
991016
992216
992915
993397
991502
990046
990322
9761
993712
994094
992002
994198
990598
990969
9223
990332
9855
991888
9373
992751
991929
9302
993843
9897
990432
991400
993242
9159
994759
991742
9470
9218
990716
991278
991646
991114
9650
992098
992710
994836
9234
994043
992577
993072
993855
990648
994153
991375
991696
991372
993992
993049
994287
994718
9627
990962
991800
993604
992788
991640
9753
993000
990568
993062
993990
991225
992020
990904
990586
993856
991211
991260
991658
994282
991920
993481
994760
990927
993011
991747
991231
991474
990161
992163
993516
993092
994803
9101
991325
991267
9584
991755
991512
994474
990965
990258
992876
993670
9682
993996
9147
990433
991043
994435
991476
993277
993519
990572
992103
992405
990404
992312
994463
994301
990567
993616
990171
991198
990101
994195
992859
991435
9033
994660
992830
992372
991030
9361
994567
990847
993104
994110
993276
994699
994340
993131
993689
992062
992028
9765
993201
990147
992871
991484
993485
991163
991711
990349
990329
9438
992042
990613
994157
991637
993540
992551
992467
991138
993124
993928
992942
990485
994424
9683
991562
992231
994827
992930
9439
991601
992118
993957
990891
994909
994962
990478
991792
992122
991161
992665
9422
990203
9060
993770
994493
9843
9878
992357
9704
994777
992031
9803
990536
991958
9358
993354
992256
994101
9053
993293
993102
990204
9720
9882
992248
992254
991067
991675
993188
990173
991045
991113
9895
9029
994179
990947
994873
991701
991220
991365
994903
990970
994562
990246
991896
9176
990932
9059
990668
994452
994623
992000
991099
991472
993282
9275
9197
990997
994796
992274
990581
994610
994772
991619
993748
993815
992585
990890
994259
991055
993858
992037
991304
993427
9097
994715
993625
990047
993210
9002
990928
994033
995009
990862
990477
993231
991933
991620
990011
992997
990523
9132
991350
991944
991582
994208
992917
992923
990651
991151
994585
992777
990451
992791
9279
994899
990387
9838
991152
991370
991928
9411
991494
993636
991134
990184
992271
994163
990656
9137
991468
990055
992115
991829
994989
994786
9721
993107
991284
994244
67
992637
990472
992496
990893
9591
994394
9311
992018
9874
994974
994580
9699
992888
990541
991029
9575
991797
990069
992984
991259
991686
993959
990858
990759
992284
991351
993252
993331
991909
993226
9899
992412
991465
993997
993292
994932
992681
992266
993937
994539
992433
991547
993389
9444
994598
9594
993520
992057
990587
993469
990950
990020
990247
994422
9039
991959
992900
993263
9629
993335
994119
9084
994230
9663
9281
992139
992832
992626
994733
994248
990443
9736
9406
990416
991636
14
991202
990497
9887
991862
9064
990552
994380
991559
992311
994097
9533
9844
991481
994581
990121
994369
993356
9050
991584
994963
9164
52
992833
992824
991681
992106
990336
991760
990550
991556
993145
990059
993202
990614
993392
994169
992509
992972
9719
993690
990878
991143
992416
994913
990920
991258
994366
993721
994878
993921
990530
991916
992082
991936
9160
993445
994410
990041
990859
994923
994535
992786
992721
994570
990257
993187
991323
990473
992903
990620
993999
992910
9028
995004
9273
9503
993497
994874
993879
991677
9435
990719
9697
992987
994156
992884
992085
990921
991427
993183
990458
994788
992844
9343
994121
991843
991501
992091
993955
993734
993152
991854
9070
991407
9461
992736
992036
991074
991101
993214
993178
991695
992562
990840
992804
993420
993731
9772
9734
992238
991597
9602
990558
993421
9537
992359
990233
993653
9599
9812
991551
993399
9107
990491
994543
991707
994694
992858
9762
991572
9586
990596
994048
991708
993723
992233
992531
991008
992779
991849
991628
9680
990268
992850
993927
9142
9149
9766
993925
9047
990034
993036
9698
991009
993019
992487
993074
993665
993952
9548
993631
990706
991184
993134
993051
990346
990486
990484
9784
994852
993840
993933
994216
991177
993378
993660
994236
993066
992440
992384
990684
992149
992730
993848
990206
992885
992617
992099
992210
992156
991951
9668
990200
993812
994022
994297
992130
993128
9805
994747
994666
992892
993398
990636
9036
990256
992989
993488
994956
992636
993584
991418
991795
992303
994333
994558
990483
993364
9637
990285
993750
990812
992014
992692
992780
994527
992198
991903
993763
994896
991256
991625
994526
994742
991607
992060
994642
993561
993844
994318
992457
9324
992259
990996
991226
9280
991828
994257
990368
991383
991531
991182
994872
990889
994710
992378
991971
991337
991743
992838
990360
993971
994533
993067
991388
991635
9290
993923
990745
9892
9385
992803
993567
9777
991653
9532
990172
991921
991219
12
9286
993161
994086
994027
9711
993120
990875
990456
992410
9865
991025
993295
992140
992270
993596
994443
9524
990545
9543
990056
991131
9023
9652
990522
992330
993468
990185
994418
993736
9565
995007
992765
9194
991171
991737
991685
993568
990251
993063
9178
993017
993543
9241
993206
994106
9130
994304
9001
990413
993926
992119
990760
993343
993014
992584
994930
990659
993475
993319
993425
992475
994939
994611
992190
9041
994569
994583
9873
994212
992186
992327
9642
991942
991740
992243
994109
993222
994065
990666
990918
992615
992902
9424
990569
990897
993816
9206
9024
993677
992639
994066
9244
991348
9474
990098
991507
991878
9220
994946
991661
994221
993985
994529
994996
994323
991489
993641
993198
992075
992766
991925
993246
993834
994833
994345
992296
990025
991807
992800
994785
993707
9567
994641
9261
991164
9043
991671
993327
990808
991019
991939
991292
993483
994462
992530
990769
9413
993184
994986
991010
992563
990539
990435
9715
993560
994299
993740
992886
991634
990637
993257
993511
994219
994161
992769
994506
991536
992459
26
990191
990001
991066
994792
991047
990412
991972
994992
991771
993050
994571
991540
991943
04
993554
992761
993462
992329
991729
992932
990222
994499
9884
992009
993862
992590
991431
991545
994801
991322
993339
993860
994615
992634
994012
990255
990402
994900
9609
992146
993432
992486
991318
993979
992289
992722
992079
991275
992961
992539
9560
990392
993803
9428
992278
992542
991979
78
991877
990765
991956
992285
9546
9166
993909
993299
991757
994502
992013
992197
994706
992798
994651
992814
994858
990242
991179
993757
994378
990533
991986
994385
994546
994458
990466
993083
990097
993448
994509
9755
9185
991524
993239
990638
991057
992362
990280
992806
993079
992737
994350
992812
992895
994261
992328
9491
992581
991403
993472
992113
994036
994835
993797
994258
994503
994508
990773
990593
994907
9677
993487
991604
9381
994684
993697
9305
990570
992494
991669
990814
994942
991369
994071
992759
990896
991385
9407
990635
990992
993553
993438
992265
993873
991827
990277
991630
994779
992010
991700
992065
991513
992431
993755
992192
991865
992218
9459
990790
990366
991546
992981
991978
992074
9365
9783
9264
994113
991205
991786
990454
994595
993705
9126
990292
9701
992260
9416
994168
992426
993850
994284
993058
9823
994061
9071
992583
994964
994894
992534
994471
991386
994985
992764
993691
994832
992894
994172
994005
991960
9827
992934
9359
9515
9163
990967
991845
992829
992155
993272
992396
992313
992827
994192
9274
991670
993307
991103
9113
993836
9494
990549
993375
9633
991884
992403
9331
991063
991657
990438
991190
991221
994084
9780
9507
993704
993569
991948
990974
991127
994238
990112
990652
993868
990916
992480
991759
991155
994272
992818
9603
9684
992195
994211
990448
9025
994498
991776
991028
9484
990104
993782
990913
993105
992697
991505
990734
992507
991027
992538
9883
990423
9571
9561
990073
990786
994145
9251
993493
993317
990370
994023
9705
991666
990291
991941
994488
990431
990130
994415
9408
9393
990076
990705
992646
994638
992292
993191
992675
994769
991638
993548
993552
994696
994753
990767
994738
994513
990429
991682
992922
993557
990639
992203
991499
993459
990127
994681
990487
994271
994746
993956
992067
993287
993547
993762
9263
9517
993450
993974
9299
991049
994317
994160
993090
990597
991048
994407
994408
991770
992709
991242
991041
993089
993792
9829
990946
994413
990994
991994
994865
992483
990711
9383
991050
993097
994679
991932
992701
9841
990493
994020
991426
991446
990374
992110
992760
991541
9837
990905
9634
993769
990966
990091
994933
992860
991366
992945
991890
9338
991145
990035
992887
993140
993233
990328
993205
990806
991626
994906
994412
9819
993970
991236
993522
991631
993841
993318
9788
9203
992973
991052
993388
992128
994958
994483
990757
990348
992799
993972
990202
991371
9464
992521
9224
990756
990092
991153
993571
9363
994205
9011
9282
990804
994220
992391
9880
9210
992908
994089
994977
992849
9828
991714
990376
993910
9063
994850
993289
993664
994270
990518
991376
990871
991993
991075
9150
991848
991667
991985
990351
991935
992920
993285
992912
990842
994362
990021
991076
990832
9458
992738
991753
990037
993409
991815
994315
990576
991887
9293
993346
992227
9105
993876
994047
9257
994924
992526
991274
59
9288
990397
991453
993813
992682
9397
9100
994204
992897
993911
994770
990165
9250
992421
993811
9549
994955
990925
994118
9513
993671
991206
990931
994549
993218
992374
992515
994616
991007
53
992300
993651
992084
992408
990152
9875
992281
9676
990043
9271
994454
993831
993186
991883
992066
9086
994274
990661
992297
991537
991622
990044
991917
993688
9442
994390
990385
990930
992142
994194
991411
9144
992331
994781
992523
993715
991085
9337
992333
9434
991495
993556
993666
993826
994690
990129
79
990150
992272
994100
994283
994082
990653
9656
991296
993551
9369
993594
993658
990700
991121
994338
991660
990717
994000
994215
990755
991720
993727
9476
991946
994355
990898
991133
990281
993232
992861
9472
993458
991353
993040
994536
994455
990588
993073
992796
993352
992616
9180
990615
993490
993243
992334
994622
65
994142
994054
994496
992500
992711
991724
993284
990244
9467
994038
991332
990123
991589
994750
992491
994007
991832
992255
993668
992653
990074
992436
990631
992472
992268
991233
990250
991199
991975
993517
993404
994444
9415
994608
991612
991751
9626
992904
992275
990791
993809
992469
990439
9492
993752
994196
9610
991727
991344
993365
994403
992152
992277
990114
9576
9162
992835
991656
992719
992939
993256
993413
990153
9675
994401
991950
991881
991550
9231
9471
991715
992511
995003
993244
992862
9745
993434
990005
993207
992820
992778
9600
992889
990019
990080
993804
993262
990275
990361
992635
991087
990124
992608
993452
991856
9127
990266
9529
990156
9075
993344
994743
990642
9489
991429
992706
991732
990849
990227
992318
990312
993874
994243
9115
990579
993635
994634
9399
991107
990752
992813
992263
994749
990827
992672
993749
991926
991731
992977
990071
994757
991409
990624
991915
994214
994017
9103
994515
990835
990158
994459
991805
993870
990144
993523
992805
993363
994129
994492
9322
991222
994457
990704
994653
9606
991417
993480
990777
992548
990852
994862
994520
993867
994200
994264
991931
994453
993637
992364
990603
991665
994124
991447
87
9717
990983
9307
990751
992343
991402
992241
991672
74
991914
992913
992994
994534
991863
994957
9577
992049
993912
994519
994665
990698
990912
993336
992545
50
9131
990350
9636
993227
992743
990395
993808
991663
992588
9111
993939
991168
994748
993861
991726
994472
993814
991810
991709
992756
994002
990632
991990
990053
990580
992627
991414
992918
990984
991406
994167
9712
990551
991023
9718
994001
994081
991605
991125
994979
992705
990600
993806
994322
993931
994166
992842
991478
991880
994495
992740
994491
991249
990090
990663
991397
990307
994370
994540
990807
994018
993229
991728
992773
992345
991840
990715
994227
991508
994291
992338
992985
993423
992179
991503
994966
990634
993394
990363
990271
9409
9808
992135
991106
990032
9140
994590
993612
990081
991487
994213
994987
993903
9870
994090
994046
990671
990519
991142
992377
9094
991144
990450
990592
990547
9825
994663
994037
990895
9449
992193
990188
993489
992497
991585
991733
9468
993476
992484
990077
993559
990658
993174
992488
991285
9687
991349
993041
991830
994806
9054
991089
991128
992094
990774
9679
991070
993234
994787
990534
994296
991593
994993
60
9362
992801
990355
991722
990865
9741
990952
990218
990214
991876
992105
990045
991073
9090
993678
9568
86
9124
993872
9148
990532
990662
9341
990929
992033
990508
9647
993192
991399
994223
68
990380
992734
9831
992940
993238
990318
994159
994524
993155
992058
992966
992713
994627
991922
993137
993410
993546
994494
993562
9597
9091
9022
990839
993129
993015
994953
992252
992774
990979
991744
991592
9392
994967
990870
9079
991157
990415
991116
990240
991608
993332
991218
990787
9066
994700
992097
992219
990122
994104
990689
991373
994447
991129
994582
990464
991245
994618
992952
992286
992906
994736
994091
993168
994421
990621
994475
991514
992781
9083
993595
994387
994722
992261
994944
991923
991999
993894
992001
9616
993662
990844
994395
994486
992808
992125
992383
991924
993249
994137
992170
991712
994321
992035
9801
993370
991953
991183
9582
991061
994599
993790
994144
990422
993164
9423
994709
990555
991618
9253
9151
992005
990436
992648
991395
993964
9265
992319
994016
9518
994645
991404
992044
991836
990560
990298
993002
992458
993010
992207
9782
992237
9010
992553
9404
990848
994931
993023
992356
9821
991483
994052
993341
991223
990528
990434
991629
9858
994678
992226
990816
991927
993416
994990
990264
990856
994083
993966
993082
85
991627
992235
992369
9068
994892
993314
992606
990815
992309
992694
994320
992400
992896
9418
995005
993106
991072
992008
990356
9284
992481
994525
9816
993382
994263
991439
990571
993268
991651
992089
991826
993266
991578
993348
991789
994128
990720
9477
992071
992834
993267
992053
994399
994327
994328
990836
991266
993777
991230
992385
990693
9168
994428
990922
9420
992893
9525
990396
994442
9625
56
993254
990445
9696
994487
990453
992187
992727
992598
993885
993896
9564
994984
994778
990303
994294
990702
993735
990274
994298
994365
991746
990976
991633
993386
991342
990272
994073
992880
991374
990142
993313
9211
993298
991084
991277
994107
992783
992250
992870
990420
9613
992370
992121
993941
994912
993068
994031
991466
992554
9463
9049
994420
992489
993406
991319
992424
993224
990365
994133
992807
994098
993661
994602
993100
994485
991022
992332
9848
49
994313
9366
991459
993788
991603
992068
990182
994302
9797
990800
991335
993893
9523
990909
990703
993886
990440
993973
992664
994396
991090
9032
992929
990792
991425
994542
994431
990449
9785
993696
994978
990732
9867
990168
994652
992096
993640
994959
9487
990884
991821
991283
992293
993280
9542
991750
993991
990867
994702
990026
994921
9649
991024
992229
990286
991167
9396
9015
993934
992956
994951
992968
991526
994856
9771
990155
993417
990049
990372
993203
994807
991754
993460
990758
9414
991380
992288
993369
992305
9849
990141
991077
993029
990589
990115
991892
990762
990845
991698
991591
993504
994478
992422
994532
9580
992129
992950
992325
991331
993924
993916
990811
993980
9592
991694
990408
9864
990951
9570
993773
990405
990724
992109
994784
992445
9198
992415
992643
9121
9007
9669
992032
990337
990861
994600
9510
992933
994510
991333
990428
992230
992960
993419
9108
990339
992687
992291
992785
990157
992258
993393
991687
992638
991056
990230
991210
994619
994891
990794
991460
992964
992516
993320
991339
993969
991949
991062
991185
991377
993261
9502
993507
991588
990260
994701
991326
990078
990625
992712
9618
991387
990607
9345
994626
9868
992245
993366
991748
992518
992503
9266
994148
992017
992784
994438
991467
994448
990261
9559
992169
993362
992344
9539
992199
994629
9228
990521
992157
990193
994844
990403
990907
9522
991981
69
992816
990467
992520
991456
993542
994975
991937
992434
991415
993532
994351
992212
990063
990051
9671
9732
993581
9136
992040
990136
991079
991606
993981
994614
991693
990224
994686
994170
994359
9583
991749
994774
990782
994425
992070
991752
992700
990944
994943
992652
993758
994461
994683
990089
9854
993384
992618
990344
991068
990407
994712
992739
994201
991195
991389
991549
992881
990084
994240
993381
9888
994620
993629
991882
991879
990866
9192
990924
992443
993936
991246
993639
994295
990813
992857
992992
9321
993147
990299
991784
992051
991263
990294
993737
993312
9313
993729
72
991586
993455
994592
9454
993607
993005
992257
9323
9082
991235
991420
993587
994538
990618
992846
9055
992771
992605
990006
9859
990345
992465
993518
992601
991442
9441
990194
994391
990540
993053
9208
990353
992454
990783
9141
992938
993884
993181
77
990608
993929
994672
994260
990223
994568
994745
9681
992944
992851
993433
9590
9202
992171
992418
990830
991037
9530
991673
990590
990064
9778
994348
994414
990232
9506
994826
994861
993209
994980
993368
990279
991891
990082
993424
991165
994343
993204
992763
991730
991839
993027
993786
990817
990217
994667
992011
990105
990901
990398
992703
992668
990192
991974
993875
990629
990538
993570
993108
993774
991713
990241
994063
9787
9846
991837
994436
991434
9301
994828
994693
994521
990075
990052
992023
994669
9857
992715
9376
992034
994705
992645
994911
994147
991982
992499
9437
992836
992234
991642
993578
992613
991102
990880
9747
994288
994713
993823
994357
9102
994632
9167
992840
991650
9161
991555
9088
990565
993440
62
992770
994158
992209
992389
990249
990741
992794
992793
990524
991543
992651
994044
991736
992392
994439
994372
9204
994374
991539
9485
991352
994780
993361
993099
994802
993149
990975
991823
994102
994265
993572
9255
9691
9739
990119
991983
992983
990100
990594
991788
992559
994335
991900
992536
990943
994072
9481
9862
990409
993034
994673
991527
990288
991188
992406
990606
990282
993208
990887
9106
991181
991160
992127
9569
992767
993953
994469
993132
992474
992510
991096
991091
993509
994633
993978
990980
992208
991535
990650
990853
991553
994041
992745
992921
990601
990391
9807
992435
993869
06
990176
990771
990088
991777
994640
994434
993577
993617
990159
990818
991745
993780
992949
990687
993486
992619
992449
992714
993478
9581
994800
993783
9749
991691
991191
993917
9306
993030
9135
991579
990544
993503
992535
9209
990138
990617
990670
994950
990710
990802
990382
991955
991384
9646
992642
993733
9689
993309
991448
990834
990283
9377
993279
990341
992402
994269
992609
991477
9709
992413
993265
993838
993897
993351
992417
9430
993275
991659
9000
9133
992502
990424
990301
992393
993499
990481
993157
991381
992789
992941
9267
990166
990189
990644
990371
994648
9654
990406
9262
990721
993069
992550
995001
9038
9574
992654
994725
994556
9326
9690
993890
992093
994589
9891
994064
994584
992978
992874
993932
993747
9810
991262
992602
9030
9446
991401
992872
994630
990934
9114
991486
993526
9351
9067
992726
993009
993064
994842
992632
992898
990991
993541
993802
991912
990945
991938
9798
994920
992792
991268
993694
992232
9259
992283
990851
993353
991995
990154
992512
9617
994055
992143
990057
993659
993273
993935
991561
990626
992925
9653
990219
990109
991122
993839
990574
991270
994285
991515
990749
9189
993714
9387
992731
9391
992414
994482
992379
994314
990479
991992
9186
993430
994596
990822
990377
994126
990864
991060
9013
993146
994621
990972
994382
994497
9325
990111
992556
992993
990425
994209
991006
993315
990938
9382
993830
990726
9118
992552
9665
994983
994400
993291
9572
994224
993035
9557
993656
990809
993355
992982
991796
9330
990033
991873
994674
993730
993325
992882
991766
991769
9333
992144
992050
991254
994545
993510
992750
993787
990401
991952
994451
9661
994603
990776
994484
994927
994096
990993
991097
990831
991140
993330
993173
990475
992572
9191
992656
994716
991504
992173
992249
993103
993760
991482
9074
992543
992160
992524
990062
994893
994941
993512
9813
9775
990833
9786
990293
991346
992749
991768
993217
991977
992549
994278
991071
992513
990273
992959
991297
993390
9558
9528
994099
9371
991234
994522
993491
9505
990647
990002
993387
990910
991874
993585
993496
990164
992366
993608
991702
990850
9179
991855
991208
992802
9344
992200
991564
9222
992102
991390
994242
993294
992899
992621
994559
990039
991314
9579
991382
994838
992295
993949
993545
992666
9648
991717
9621
991238
993324
991441
992597
994761
992848
992466
992083
993535
990400
991570
993028
993436
9171
991668
9339
992114
9781
994122
994103
992376
992052
994766
9303
991818
994235
993539
991902
990474
990116
993274
991500
992863
9605
9104
991132
990949
9585
9730
9235
991452
991554
993076
994905
991654
9486
994775
994656
990622
9357
993692
991739
991410
994719
70
992575
990187
990504
9205
992514
994095
993549
9400
9593
9554
990877
991705
994331
992024
990108
993593
993357
990973
992159
990623
9217
84
994537
48
990333
58
9327
993039
990582
993781
990347
992815
993269
993505
994654
991680
9076
990024
993652
990863
994703
991463
991587
994591
9134
994564
990507
993544
991013
993756
991861
992723
994573
9475
992251
992137
9219
991716
991189
992671
990012
992610
993832
991905
993835
990488
993031
9692
990954
992659
992016
9660
9332
991173
9112
9139
9695
991996
9173
993741
992371
993125
994680
994755
9027
991803
994997
990784
993904
994057
9651
991548
991276
992729
992996
991408
991088
992043
994325
993230
992131
9336
990968
990343
9248
990750
76
991147
9514
994799
992080
991148
992843
55
993946
991363
993340
994604
991082
993558
990070
991738
992221
9672
994231
993426
992003
9750
993708
993820
993022
9199
990578
9774
993943
993960
990411
991255
990302
993250
993111
991649
991775
9723
990248
990163
993463
991639
993919
994617
992955
991899
991146
993686
990543
992720
990501
993647
993154
993175
992492
991735
992185
993078
993044
993442
992136
993021
994555
9896
992086
990511
994871
993007
993891
994768
993328
992175
993221
991324
9619
994794
992479
992498
990394
9622
9595
990386
992702
993853
992310
990167
991869
994588
993630
992150
990874
994505
994402
992425
9673
993281
992088
992611
992134
993579
994575
992253
9666
994937
992704
991901
993495
990869
991336
991475
991021
990902
992782
994165
9469
9830
991895
991674
991405
994547
992116
994940
994917
994650
990770
994714
990664
9298
9504
992473
993771
9455
994217
991498
993986
992299
9012
990665
9703
993004
994687
9320
992493
992741
992596
993374
992112
9659
9354
990675
9069
9795
994830
994664
990417
992953
992680
991511
994108
992162
994560
990476
992614
990120
991289
994675
992852
994383
993248
993655
992373
9340
990060
993151
992054
993767
991945
990095
991462
992340
990004
994754
993189
992628
991819
9236
992041
992790
990066
993779
992943
991293
990065
990050
9328
990086
994577
993223
994088
991783
990683
991997
990739
991610
992755
990690
991354
9644
990911
993846
994015
9596
992878
990455
992758
991340
994883
9432
991563
995000
990798
994019
990736
992279
990148
9227
991648
994948
9367
993225
991031
9707
993693
992574
994868
991058
991120
994361
992877
994245
9146
992695
9818
991338
994767
993810
9296
9436
994707
990174
992228
992725
994164
991112
991170
991200
992432
66
994764
9800
993211
990554
993048
992437
992856
9031
991118
990300
993529
992191
992194
991248
991984
991229
994185
991822
991187
991265
990027
993667
991480
994982
991697
990489
993123
993719
993271
992401
9119
994013
9242
990496
990263
992948
992954
992021
991816
993235
990243
993457
992247
992708
9213
994229
993822
994688
993907
992107
991987
994586
990743
992928
990267
992971
9631
992867
993180
9123
992132
993650
993982
9738
990145
993906
994416
9215
990231
992979
993359
992087
991699
993506
994691
990691
993610
991496
992501
990686
9735
9710
993159
994289
992873
994029
994548
992420
990676
993951
990373
993877
9128
9316
994845
993527
993743
993087
990826
993446
9835
994741
9544
992991
994763
992007
994249
993502
990359
993590
991357
990876
991197
993020
990766
992571
993724
88
991780
990234
9881
991875
994262
994379
994565
994704
991918
9861
990068
993372
994817
994004
994936
991032
990964
9153
993212
9040
994266
994657
9445
9045
990961
993900
994597
992081
993304
993643
990270
991130
990393
994112
992126
992776
993253
994879
990289
9370
990688
992184
993075
993842
990375
993024
9809
991100
993182
9348
9319
994998
991358
991174
990205
994999
990213
994815
990995
991455
9640
994670
994445
991261
9143
991814
994473
991963
990563
990369
993859
992732
991209
9794
9498
9806
990013
994593
993528
9230
991676
993395
994373
990225
991036
993819
994035
993240
994793
992387
993521
991458
9120
992429
991359
9078
994207
993322
993153
990509
994419
994758
990527
990627
990860
9346
994426
990245
991575
991791
9872
993882
990854
75
993377
991327
994910
993195
9300
993888
991272
994440
993456
992100
992569
990873
995008
990843
991471
990126
994914
994138
992321
991506
992622
994060
991817
994009
992958
993492
992519
993160
992951
992482
993310
991679
994199
9452
990427
9670
990186
991321
991885
9085
991033
993564
992980
991866
993026
990820
9483
994437
9728
990718
9145
994677
994174
9826
9612
9314
992326
992029
993700
9480
993720
994344
990506
991394
9099
990207
991080
994601
991813
992015
991433
990630
992828
990469
991034
992165
994464
990872
992947
991470
990730
994085
992063
992676
993799
994347
9630
992022
9479
990935
993444
992381
993288
9615
994915
992724
992914
990645
9624
994594
992641
990441
992649
992304
9062
992462
991035
9598
991391
993902
993061
990591
993711
991479
9005
992064
992640
9623
991115
994853
992936
991017
9352
990788
990190
993857
9417
992547
993680
991109
993166
993228
990183
991567
9026
994612
994389
992220
990936
993766
994735
991684
994834
991811
993682
9252
993676
994069
991302
992145
991308
9184
990517
994441
994729
994376
994292
993349
994637
991273
9553
992438
992078
993863
990502
994740
991907
994025
990381
991217
990494
993776
990239
9072
991991
994398
992138
991204
9317
993006
993801
993466
990308
991212
992555
991721
991793
9402
9516
992039
9694
57
9429
994039
993316
991166
992236
9349
992819
9003
990149
995006
994831
990031
993013
990008
990619
990846
990131
991632
994367
991098
994293
991773
990595
994210
990036
993699
991305
991518
993290
992072
994919
9493
993618
993001
994557
994994
9852
9655
994405
9098
81
9607
993889
992439
994353
992141
990151
991192
994723
9744
9384
994307
994306
992394
994024
990040
990208
9541
992677
992537
992686
992823
994732
993431
993329
994477
990958
71
994364
994821
991558
993536
992684
991533
993167
992267
991443
993360
993738
994561
991108
994902
990520
992576
9708
990708
993333
994587
992341
990342
9073
991910
993954
9239
994127
992101
991228
993016
992335
992594
991126
993895
992591
993716
9292
991343
993751
990290
9355
992153
9536
993056
994062
993396
9256
990220
993574
991347
994659
994890
994354
9499
9496
993116
991012
992841
991054
992533
992924
990772
993642
9453
991787
991243
9706
994135
992123
994935
994776
9008
992211
9893
9380
64
991710
994312
992090
991042
990557
991216
990364
994991
990490
990170
991762
9427
990238
992168
9268
992557
994131
994092
9632
9421
992746
991368
993464
993347
991820
9254
994392
994218
990713
993193
992419
992471
9822
993901
991378
992546
991781
9614
9172
9885
991962
991301
990680
993500
991867
9065
990362
994500
992716
991809
993255
992045
992854
994277
9020
9009
994267
991568
994404
990546
990195
990953
9433
991393
994087
990553
992346
990226
993945
993753
991201
991846
994279
994636
992213
992735
993614
994566
992593
994916
9419
994093
994926
994456
992853
991609
992931
80
992108
993701
990810
992316
9037
993350
991095
993283
992567
990181
993563
994647
992775
991186
992558
991104
994330
994708
994234
994869
992358
990709
992461
994889
990254
990753
05
992527
990956
990107
993685
994171
9740
990701
993429
993130
990319
991857
992298
9820
994206
9770
990378
990526
993439
993096
990999
992204
994417
994851
9890
991423
992189
9789
991641
994576
990882
991904
992768
992625
9334
994928
9061
994739
990577
993345
994358
993948
992470
993845
992544
991961
992976
9466
9093
9216
994829
991964
991290
9448
991180
992409
990778
990278
994685
990694
993603
990879
994816
994056
991421
990384
9200
993864
992504
993380
994460
994250
9035
992670
990327
991596
990561
9431
993628
993093
994752
990139
992573
993171
993673
994551
992495
990094
990338
991741
991580
994011
993538
994884
991573
9460
990269
9611
9686
990414
992025
994952
990981
9519
9578
993818
993566
993414
51
992386
994397
990780
992911
994105
991616
991774
994197
994346
992450
992795
994897
991141
992342
990542
990296
9092
994574
9628
992188
990888
991859
9014
992225
990825
994120
993745
991897
991614
990775
994058
991492
990725
992363
993582
993675
61
9110
990276
993136
994765
992631
9081
994252
991440
9601
9042
992762
991424
9756
9291
990990
992822
992580
990169
994530
9608
990955
992660
991247
990265
990906
991004
994040
992603
9833
992568
994922
991930
990010
9737
994334
9497
991361
9122
9425
994309
990325
9767
991957
994049
9277
992172
993139
993728
9297
993759
992742
993300
993297
991497
9034
991913
992879
9478
9270
993962
990018
992647
992242
992974
9410
9283
991002
9743
991723
991156
992633
990461
990737
994820
991123
990284
9117
991647
992320
990959
994572
993126
993196
991725
991491
9229
9207
991911
993251
991692
994644
990894
994613
990134
990857
990211
9451
993663
993880
990556
990948
992154
994504
991110
994310
991894
991778
9667
9372
991444
990017
9190
991557
9450
990316
993142
9776
9839
992339
9773
992351
992224
993703
990106
994628
992174
9138
993477
990459
993613
990957
991595
991175
991237
9457
994177
991560
9871
993163
990444
992059
990781
994368
992151
992361
9109
994115
992865
993791
992532
994855
992707
9347
990564
994253
991488
9048
994882
990838
993684
9276
9077
9201
