993586
25
994339
994812
38
993764
37
994182
991835
994798
31
993018
994848
994734
992541
994010
993624
991176
9378
991842
993679
992753
994847
994692
994819
992505
993626
994132
39
993768
993454
35
994070
994960
992845
994841
992748
994606
993710
994662
993597
20
993172
994123
994814
991528
991872
994971
9226
994825
992147
994886
41
994823
991798
993156
991320
40
9315
990236
992201
993303
992587
993824
991451
15
991064
990492
994480
993940
991870
11
993323
993308
992375
991014
9051
993958
9080
993260
994731
993117
993713
992120
993623
994433
993084
994880
993114
994479
46
990779
34
993622
992669
9538
993411
994117
992206
992661
993744
991970
993270
991756
992312
9368
18
990723
992529
994885
993046
16
990310
994790
9157
994178
994319
991135
994222
990695
994386
994450
994175
991801
994607
9318
993428
993654
994051
991169
994268
03
990805
991615
994961
994324
993435
990602
990899
9845
9398
993785
29
994721
991360
9856
28
993807
990525
993851
9757
994446
992690
992444
991510
994762
990324
9639
990883
992463
43
22
992566
992570
992589
990113
992215
990457
990209
991159
9426
992314
994079
990728
991083
994783
993601
991345
992336
992630
990585
994818
990682
9889
9356
994225
990146
990692
992181
994810
993866
991069
990295
994226
9310
990939
994150
9294
993683
993376
994286
9196
9096
9016
993336
991445
990326
993118
991303
990746
24
993258
990801
994887
992679
992506
994077
993778
9534
992937
990306
9836
9221
994888
992787
994466
994531
9169
993800
9834
994824
994139
9792
990309
9057
9187
992441
994968
992623
992595
990657
990016
9526
9465
9390
42
993881
992269
992744
9573
993065
990482
992308
991149
9482
991623
993447
36
991490
991530
990823
994143
993190
991529
993865
994308
992919
991965
9087
994187
993199
990942
9225
990643
990678
990317
990803
992683
991241
994870
991312
9877
9589
991449
991565
992689
994849
9641
993606
991569
992826
994352
990499
991850
993977
994329
9768
994149
990175
9175
9019
991542
9488
9508
990795
994275
990087
992667
9552
991316
992166
44
994507
993599
9456
9246
9308
992240
993533
994356
991046
993648
992354
992691
992817
990215
994427
993385
991574
993989
992452
992963
991600
991906
992809
990573
992678
990729
993197
9182
9212
9389
990722
991328
990764
993537
992368
994811
19
990674
994846
994388
993950
993045
991871
990575
990022
994176
990987
991581
993042
994188
993012
45
991594
9876
9759
991758
991136
990085
9860
991356
994625
991311
993592
994881
990515
9243
990785
990072
990379
991664
994228
33
992599
9181
991288
990137
990067
993158
994809
993484
994078
993379
992350
992306
994789
990460
990313
73
9512
991967
990900
993115
990498
993088
991240
993718
994412
994808
17
993405
992577
994689
991689
990819
993615
994544
991824
993213
992222
990646
991422
992674
990221
994181
994075
992935
994430
992027
993892
992223
991306
9295
991119
994840
991402
992073
993113
990465
994661
993087
990886
9129
992324
991868
990937
30
990667
9116
993176
9811
991790
991804
993259
991438
993094
994860
992522
991998
993098
991947
9095
994116
992317
9521
993854
990297
01
992581
994511
991841
993987
993609
992696
9716
994972
991599
9237
994843
994429
9405
991291
993669
990196
991310
993944
993644
994030
990304
9799
994197
992658
992177
993717
990061
992657
991364
993358
990681
993531
9021
991280
9017
992916
990201
990389
990616
994141
991831
990110
994246
993498
994155
9082
990103
993054
990660
992612
994276
991621
993515
991534
9329
9796
994668
993702
9563
994516
993119
994411
991779
993052
992821
992246
990500
990513
9158
994290
9620
994717
994124
991808
9443
992427
994470
9702
9853
990923
991287
993726
9342
992629
02
991624
990198
9869
991437
990748
991644
993984
990963
994273
992182
994130
990007
994711
993305
991294
994822
991271
991764
993490
990140
991980
990135
993930
993709
993817
992995
9350
9364
993588
990707
990323
990679
9238
993083
990321
991162
9490
992348
990210
992148
993216
990604
993081
992047
990419
991081
990649
9662
990917
993784
990442
9170
990320
990885
992180
993400
993402
993145
990133
990177
992183
992528
990796
991523
990358
991856
26
9520
994866
991313
992205
993714
994363
990960
9245
994375
992448
993415
994553
994489
990699
994995
89
994518
993165
9232
9895
992262
9540
993311
994183
991619
990468
991039
993772
994432
994512
992637
992124
990566
991011
994528
990079
991251
991464
991299
993740
993972
990471
994882
992390
990821
991908
994490
993200
992407
992398
994316
9440
992969
994360
991658
990614
9353
9447
990447
992012
992352
990998
992905
991005
994543
992006
990277
992411
993277
08
990516
992624
992810
994857
994281
991329
992391
991286
994976
991834
990257
9657
992455
9666
992347
991059
47
992620
992176
991158
990514
9727
9312
991662
990697
992928
993847
9638
9714
990009
993086
990192
992971
993998
992975
994305
994791
9258
991432
991493
994805
991227
991330
993994
994342
992673
990315
992663
990742
990015
993236
994045
992757
992688
14
992540
994233
994247
992733
990789
992476
990180
991355
990824
990331
990462
993367
991838
994567
990797
993993
993487
990029
990505
990628
993383
991552
993583
993605
990716
993494
990383
990799
993564
993055
994635
992360
990470
9379
992582
994854
993634
990926
9527
9397
991613
994080
993306
993796
992560
990212
992992
992164
994541
9375
994032
990804
994578
991194
994371
991450
990311
990228
990837
993602
991521
992699
990237
990143
991115
990584
9751
992991
991742
992752
991144
994908
993722
991000
994695
9863
993101
990390
994605
991785
994514
994481
994945
991825
991004
990698
993591
994332
993102
990235
991300
993645
992337
991852
991799
992217
992423
9674
992578
994014
994563
990160
991367
991973
990006
990322
990388
994969
992451
994134
994053
991105
9154
9587
992598
993715
992478
993674
992957
9281
992282
993037
9395
992404
991601
994326
990128
994797
990003
992055
9530
990037
992276
991250
9304
993600
993302
993091
994341
991577
992290
992585
993914
994191
990747
994184
991761
990199
991690
990354
992388
994720
9388
991701
993110
994771
992323
994815
994059
990197
992042
992586
9635
994369
9188
993698
9842
991279
992583
9717
992643
992946
9285
994394
992004
9247
993706
990262
993422
9046
9866
991053
992399
991657
992216
992133
994291
993247
23
992698
994579
83
993871
990112
994463
9753
993112
993573
991253
991520
994804
992604
990903
993681
9847
992464
54
9729
992517
991812
993003
990054
994391
994782
993646
992214
990115
990828
993883
992367
993976
9688
9551
990800
992158
994664
994280
990162
993827
993918
990996
9349
9724
991532
9746
994006
994180
991295
991562
993947
993409
990537
991392
992342
992389
10
991193
991298
992322
990841
990410
992650
9878
993108
993529
991257
994587
991341
992671
993334
993253
993981
9309
9840
993508
991099
993095
994948
991138
993843
991307
993299
992428
993162
991864
994795
992901
991927
994255
993144
991334
991566
994186
993070
9386
991427
990334
992061
991111
992866
9879
994311
991051
992825
994256
993965
991734
991224
9125
991893
991630
992728
992467
992890
992436
993565
993043
990352
990759
991412
990171
994929
994128
990535
994925
992264
9177
991038
991044
991698
994878
994554
993047
990510
991357
990768
992468
991362
990933
993975
990932
993237
994239
990694
991092
993576
994493
991688
990940
991509
993175
993321
991269
992460
994384
9562
993540
994682
990330
9815
993915
994904
991802
992717
993575
993920
993837
27
992998
991851
992401
993967
993481
9851
991065
9511
9306
990104
994111
990421
992986
993619
990964
9361
993015
991113
991231
993525
991388
994028
9742
990583
991538
9560
994875
993795
990829
993408
993519
990683
993921
991525
990761
992280
992607
994003
09
9547
994630
991196
990631
991086
991203
9850
9210
9803
993169
993696
9725
991003
993011
9004
9261
992356
994152
13
990349
991833
993140
992461
9089
992104
990969
994104
991516
992588
991988
9532
9501
990522
990862
991327
991576
991966
994333
993337
9335
991937
990915
990914
992701
993122
992837
993632
991372
992030
994676
992376
992921
994698
991338
990018
990977
993338
990938
990568
992380
994172
994877
993979
992868
994121
992970
994282
991678
993225
990733
991847
993141
993503
994190
992026
992447
993905
991091
993373
994756
991172
992527
991278
994954
994381
9155
990024
9401
9898
991215
992718
992987
991898
991252
991996
9550
993420
993263
990497
990986
994431
990125
9588
990806
990868
994652
990598
993010
991454
993687
993694
991767
9233
990178
991469
994872
991886
992888
992761
9555
990096
990910
994417
991588
990558
993062
990950
9566
9561
994792
991485
991232
990340
992662
993621
992847
992936
993058
992648
9412
991968
992167
9733
990881
994876
991571
9855
990839
994157
993821
993371
994370
991317
994136
992019
990118
990287
992185
9862
9044
991129
990735
990814
992891
991213
9683
992925
993864
991722
9220
9844
992579
993375
992038
992926
9218
994475
994601
9424
994251
994033
993421
9224
994254
991314
993080
990749
994636
992111
993649
994409
993935
991139
9422
9058
992882
992909
991643
9643
990179
9645
993951
992672
991124
993038
993620
992239
9097
9049
993426
994435
991315
993825
994763
994950
994114
9152
991020
993286
9677
9764
990971
993403
990712
991655
9500
990792
9664
991782
994094
991322
993074
991396
990028
992349
992093
990655
993968
993401
992365
994730
994852
993185
992018
9137
992644
991969
992175
992315
993482
990620
994122
991001
994219
993470
992069
992071
991750
992766
992477
992870
9843
994193
992414
992564
991826
993723
991752
992591
9033
993983
993962
990332
992434
991791
993770
993898
994467
991645
993135
991214
992772
992681
993612
990651
994523
992518
993742
993625
991040
994562
994026
993754
9758
994644
990696
994021
9425
991691
991994
995004
993627
990731
992442
994393
993878
991348
992372
992178
990246
992046
990312
992508
994938
9059
993465
990056
9791
992626
9373
990838
9769
9260
992010
991736
993828
9195
993032
991095
990611
9056
993761
9636
991832
994140
9183
990855
994223
991860
9760
9535
992327
993142
991794
990227
991727
993296
993121
993823
00
9713
990523
991435
993194
9531
991858
992747
994918
990251
9470
990252
9817
993391
9726
9592
990418
994454
991590
990662
992238
994198
994000
993241
991061
992062
990559
994865
992677
993793
994173
994509
991710
990763
994501
991472
9838
9741
993292
991583
992139
990478
993725
991854
991335
991526
992287
991491
991519
994933
990401
993025
992855
990430
990669
9022
994497
991309
994744
9586
990314
994631
993507
991765
9798
9779
992857
991026
993555
994837
994146
991960
9819
991719
9314
993034
992609
9275
991154
9554
993170
9467
990798
9010
990437
991602
990593
9473
994727
990610
990367
12
9278
990908
990744
993684
994296
994958
992779
994423
994859
992924
994452
990256
993138
992565
993278
991551
994947
9894
992084
992619
9793
993604
992231
993812
990042
992907
990734
993214
990892
993554
992634
990997
992875
9174
07
992382
991915
991067
990648
990518
990432
992125
993451
994655
993938
990609
992910
991933
993783
991586
9874
9358
990672
994272
9755
992990
994377
990577
990645
994476
991627
994643
992364
9872
991484
994406
992307
994154
9517
994502
991239
993248
993342
994151
992048
992284
994468
991617
994646
9814
994424
990493
992942
993393
993437
991616
994970
993143
9765
990099
990508
991207
990023
992985
990084
990038
992028
994050
990102
992754
9446
994428
993528
990014
990333
9545
994645
993060
990254
990927
993868
994979
993589
990727
990475
9159
992405
993227
993631
992397
991118
993434
9637
9462
992988
992740
993019
993441
9302
990985
9383
993959
993242
990155
990989
994574
9537
993133
991155
992255
992832
992864
991418
993550
993281
9569
991318
993833
994043
992655
991797
993765
993927
991940
992494
994237
9678
990978
991916
992115
993220
991281
991244
9806
990443
990639
993580
991331
991934
994988
9189
9241
993577
994729
991704
990791
990530
991078
992487
991522
993407
991874
992202
9518
990570
993849
990677
992592
990077
993467
993433
994639
992273
9381
994303
993534
991073
9693
992702
992482
991220
993104
993748
993059
992972
990605
994517
9556
991489
994232
994241
9754
993252
991010
991395
992036
990710
9156
993279
993202
990433
993077
990612
992031
990564
994270
991114
992520
993908
994907
991718
994465
992999
992243
994986
994148
990543
991620
991381
991954
990357
992161
993412
994768
992294
994012
992804
990117
990216
9487
9311
992830
82
991296
990536
990229
994313
993443
994855
992237
992119
990962
993264
992639
992400
992820
9752
9068
991774
991941
991963
992742
9064
992296
994982
990793
9763
993289
993616
992521
992233
9406
990485
992502
991428
994863
993516
992456
9432
9293
9821
994119
992257
991862
994164
990524
9360
990512
994614
990944
991494
991729
991090
990636
990706
992481
994949
9491
993179
990048
994472
991928
991016
992930
993092
992515
993389
990673
993085
9574
994647
990261
9415
992117
994780
994530
991015
991179
992470
990790
992453
9748
994930
993514
9394
992410
991633
994737
993485
9240
994027
994769
990902
992903
993368
990711
992584
9808
990370
994747
992485
992403
9106
991079
993331
990200
992357
990738
993746
9715
993775
992788
991556
9640
9079
992490
9178
9131
990439
994274
991211
990191
991582
993689
991889
990572
992828
992693
994310
993792
9740
991285
990587
9052
991929
992292
994751
991198
993614
990204
990069
994813
991888
992938
991343
994426
991028
992653
994042
994443
991800
992013
992666
990093
991274
992426
990490
992842
990685
993352
993445
993928
992636
990820
994660
991757
65
994202
990774
990208
991561
992769
990531
991473
991754
990533
993524
990921
9003
992548
9884
992798
993079
990982
992892
991650
993633
994335
992226
992446
21
992244
994220
993309
994615
991748
994024
9700
9035
993869
992077
991447
991379
59
993856
992435
991068
994203
9160
994074
993127
991897
993245
994125
992415
993963
993560
9018
9824
990305
992054
994107
990891
993870
992850
990599
992685
991598
993571
994699
994389
994076
992900
990136
9623
993497
991093
992265
993966
994162
993049
993146
992877
68
990918
990238
990011
993239
993798
9423
994413
9374
990866
994883
992927
993899
994380
990434
992230
993692
990941
9234
992525
9185
994067
9810
9731
9772
9366
991476
990132
993423
990637
994663
993520
991786
993298
994317
992960
9663
994055
994416
991492
993939
994017
994569
992965
990030
993919
9571
991843
993365
993667
994703
990654
993462
9658
9359
994923
994264
992122
993191
994624
992812
993809
993453
993647
990026
992923
991726
994785
993909
9631
990203
991440
990858
9289
991869
992860
991989
994956
994839
994725
9393
990188
990472
993760
993215
990452
9060
993598
994965
990424
991592
9014
992268
9523
993067
994966
991184
991495
993961
990224
992146
990426
993474
991177
990745
990617
9439
994457
57
990270
992723
993326
994399
993596
991143
990218
994101
992859
992967
990121
9710
9197
994515
993992
991351
991029
9272
992384
991375
993124
993786
9699
992008
9271
990567
990860
990925
991553
992751
994906
993911
993100
993378
990528
9102
994830
9075
9463
994499
993675
994899
992118
9251
992618
992355
990431
991865
993152
993315
993897
9749
991325
990905
992256
993739
993636
994580
994718
992819
994911
9695
992479
991339
9172
990161
991669
993985
9495
991982
994189
9524
993558
994803
993346
993700
992076
991652
993173
991084
991780
991755
990425
994981
992057
9609
992797
994109
9385
994844
991544
993850
992186
994396
993128
994594
992052
991474
991349
991150
994415
9403
992568
991219
993155
992526
992469
993995
992811
994934
990901
991419
991323
991753
990141
993394
992553
993638
9686
991737
990156
990529
992514
992934
994269
991152
991845
993611
992777
9698
990913
991681
993635
993873
990715
993013
992606
9583
993469
991921
9802
990073
990489
992329
9151
9730
994609
991972
994287
992979
992271
991517
990484
993351
994748
993449
9384
992043
991792
993988
991121
993567
9549
55
9002
994065
9094
994314
992719
994773
992248
992385
9602
994087
992090
994437
74
994677
9086
991795
993460
991591
994382
993794
994671
992024
992022
994259
994788
991554
991225
990150
992068
9579
993000
990495
9399
990250
992665
994867
992190
994008
990399
990083
994702
991197
994068
994545
993862
993736
990271
9617
994728
991751
993716
992962
991481
991724
994163
991195
9322
992457
993734
990870
991821
9502
992095
9471
991455
992735
991206
994623
9761
994315
992709
994260
9223
990138
991304
9705
991498
9805
991178
990182
9085
992538
993848
994325
993942
49
993187
992530
994364
994608
993913
9319
9413
990835
991277
991807
990817
994062
992266
991202
991910
991031
991900
990503
992800
993399
993206
993922
9109
990480
994508
993661
9041
9475
993657
992060
993925
992516
993427
993008
990539
994306
994307
991391
992952
992534
9264
994300
993887
993704
990413
991230
990127
9009
9519
77
992135
990970
994980
990392
993009
9857
9418
993952
991223
992000
994312
991902
991979
9262
69
992302
992929
994903
994227
990098
993841
9654
993268
990184
993789
992631
991098
991457
991919
993568
992311
9006
993276
991789
991074
994378
992163
991147
991667
993720
9146
9290
994772
9207
990943
993082
994558
992686
992913
9193
990002
991270
991475
993530
993471
9407
994434
994205
9499
992549
990474
994611
990000
990752
991730
9149
993234
990206
994802
993066
992600
991400
991631
992615
9127
994706
990760
990387
992749
994365
992245
9594
991229
994066
994577
992871
9599
991290
993767
993937
990758
9408
9142
990369
991102
995002
994086
990307
994654
994529
994796
9685
991738
991470
991903
993973
9603
993473
990919
993184
991885
994110
9164
991810
993210
994593
992106
9871
990808
991483
9441
994349
990241
991646
991305
991049
991043
994710
993249
991408
993697
990233
990288
9458
9703
994034
9827
993251
990451
991896
993031
993997
9459
991814
990640
992846
990101
993749
991762
993735
991365
991101
990454
992759
994089
992353
994806
993109
9680
9438
993590
992652
991706
994992
9277
993198
990656
991499
991936
9766
9605
990047
990632
994350
993392
9139
991501
9100
9428
990812
993845
993662
992297
992241
9351
994658
992079
994527
994552
990541
9257
993553
990068
993774
9580
994944
9039
992874
994836
993643
994821
994355
9881
991733
9416
992193
994174
990291
992955
990060
994610
992501
992552
990930
991071
993106
994909
991260
994487
992676
994801
990059
9679
994827
991675
990091
994462
992258
992767
990109
993496
994989
991638
993040
992416
990754
994779
9882
990213
994939
990255
990873
9334
991058
991009
990163
9542
990339
993547
992897
991430
992362
990852
994048
990242
9493
994959
9147
994337
993640
992274
994271
9338
991057
993811
991559
990548
993246
992092
992458
993480
994696
990491
990769
993882
993766
9287
991326
993071
994683
990318
9543
991018
994242
9650
04
990395
990230
990174
991692
991037
993532
994284
994764
991778
993116
993495
990095
993488
990247
990327
993666
994997
993131
994403
994236
990740
991190
991917
991547
994724
992835
9150
990264
993461
992731
993757
991958
994357
991421
993290
991386
994617
994890
992531
993425
9165
993970
9707
9337
9167
9144
9279
991784
994088
992569
993813
991867
9005
991944
992085
993349
992056
990756
992559
992839
990876
990652
994474
71
993719
993971
991580
9259
990272
990708
9111
994973
994168
994439
9291
993240
992510
990445
990346
993068
9800
991914
992488
992072
991540
9694
992813
81
990951
990562
9352
991243
993150
994482
9214
992437
9186
992801
992861
9211
994549
990402
993343
992049
990477
990780
992173
992880
9069
991151
993132
994853
991654
991467
990404
993802
990624
990435
991912
993690
9053
9633
994216
992065
992883
990214
991612
992710
990671
993307
992252
993699
992303
9558
990486
9024
991017
990176
76
992232
992250
993780
990403
993889
994023
9417
9025
990877
993737
9343
9202
992786
9249
994932
994955
991033
994243
993912
992044
990621
990928
9897
990090
992590
994258
9668
993745
990041
992413
994766
9387
990325
990815
992020
994781
991537
991436
9332
9736
9846
9804
990638
990222
992107
992089
991368
9442
992474
9107
991635
992782
994564
992395
991389
990124
992714
993585
990243
993313
990040
9194
991410
992509
993223
994266
990019
994760
991500
991909
992155
9522
990552
991597
993380
992806
992984
991008
992109
992831
993230
993089
994200
993867
994850
993917
991413
991120
990511
991720
991806
992869
991452
990259
991687
9280
993502
9163
9299
993731
990411
991366
991369
990081
994777
990641
990239
9392
992724
991319
990051
990194
991112
993954
991931
990730
990360
992780
990690
9783
992562
52
992260
994856
993262
990984
994231
993888
993458
993478
991249
994318
990438
992313
991063
992680
992374
991185
990635
990988
9676
992431
993468
990458
9205
991819
991670
993388
992099
9248
991025
991205
993855
990714
991221
993685
992105
991137
991739
993814
990603
990809
9660
990842
992647
991629
991242
9036
992286
994061
990013
990622
991127
992944
992207
994156
994585
990772
990719
992424
994637
995009
991837
994964
991023
990890
994684
992843
993417
994936
993688
992989
994828
9396
9114
994522
991370
994917
992235
991478
994414
993863
994345
991974
9672
9128
990830
991925
994279
990012
9854
994893
992851
990464
993493
993061
993501
991363
994340
9040
992338
992247
990172
993732
994106
991235
990700
991443
993489
994570
992922
993705
993641
994978
990767
992408
9608
991884
994127
9513
993570
991696
990031
994366
994064
991587
994513
991503
992449
9711
991535
992197
993511
992834
9790
994770
991683
991237
992878
993475
992212
994362
994620
990586
9300
990463
9626
994229
9330
991275
990920
992507
993440
991918
994649
994071
992301
994895
993486
992033
994019
990668
992156
990020
992694
990666
993366
992083
994212
992886
990560
994985
994726
990836
990755
990154
992917
991458
990501
992659
992443
990884
990145
991350
990446
994896
994262
994379
991546
991047
990956
993243
991128
991606
991066
992572
992792
990865
993668
991384
991208
9892
992002
990863
990629
993652
9652
990893
992557
990661
992968
990684
992103
994723
991625
9584
990757
994627
991702
994129
9472
992187
990308
991951
991541
991999
990416
9704
994990
9043
991076
994759
991770
991637
991853
993682
990336
992574
991415
991401
9090
991055
9445
994914
992015
993543
991468
9682
993219
993107
993957
992746
990590
992091
994491
990954
9598
993327
994898
993886
994131
9370
991959
990282
992791
992343
993387
992993
9474
9614
9239
991180
9604
993839
994408
994407
992959
994604
993858
9597
990999
991141
990786
991414
995008
990142
9616
992412
991695
9023
991052
991403
993472
9544
991848
991163
990993
994001
993154
9270
991827
993372
993181
990519
58
993769
992157
993686
993630
9081
991682
994921
994920
9525
990483
994765
993923
994862
990119
993747
9575
994278
992793
991611
992209
992098
990285
992884
992254
991245
993853
993207
9788
9132
990217
9084
990165
991041
992430
992192
990770
992803
991201
992142
9480
992622
990556
992833
991700
9301
9494
992149
991122
993656
994506
56
9701
990342
990736
992720
992542
993815
990992
991192
993329
993397
990581
991012
9321
990152
993948
990372
993781
994913
994736
994555
9307
9541
994072
992914
994492
993325
990576
993384
990995
993980
992189
9444
9873
990693
992134
9244
993147
993028
993157
991593
993332
994532
994299
991246
990813
993381
9671
9042
990895
990867
63
9101
991103
994218
9665
993390
990904
992743
993879
991685
9883
9067
993595
992713
992796
993479
991387
9712
991887
9124
994488
993288
9382
994016
993430
992904
990074
990076
990123
991976
992440
993876
9787
991732
994486
993670
9331
991164
993506
993029
9489
993295
992475
9133
994483
991628
991390
990487
9812
994192
9777
994778
993513
990615
993929
990871
993457
9453
994590
990240
991771
992394
990440
9371
9256
991161
993779
991932
990423
994746
993956
994521
994738
991148
991604
9775
992242
993859
991429
994667
992513
994900
990025
994304
994715
994209
991608
9273
994687
9050
993002
9298
993192
993452
9203
990053
990226
993518
994656
993844
991772
991920
990689
990816
992980
991117
992225
9435
992289
991342
992764
993463
992483
993410
9582
9070
991699
990912
994540
990476
993231
991050
993672
992563
994749
990147
9515
992894
994442
992064
991426
992267
990173
992997
9734
991513
993361
9348
990298
993517
993832
992906
993743
9823
994294
992739
990105
991740
992101
993244
9484
9062
990853
990840
990973
992783
990005
994153
994478
991461
991849
991829
993730
991502
991539
992774
9576
994680
991183
994642
991254
990787
994674
992144
992334
993073
994597
992152
9737
991087
9436
992234
990329
993712
9012
992784
990130
990274
87
990545
990588
9557
992695
993982
993419
990875
994137
9653
992745
992270
9596
990263
9593
994638
991045
991708
994987
990916
992736
994519
9365
991125
9839
994494
992844
994092
993090
991107
994002
993291
993310
994471
992393
993183
990538
994891
994536
990195
9841
992621
993004
994581
993166
994020
991990
993035
990371
992138
992664
991672
9108
9269
992304
994942
991823
993678
9180
991496
993205
9719
991876
990207
990686
992863
994732
994632
992763
994650
990164
990001
991442
990687
994385
9809
992094
992359
991948
992108
993072
994263
990417
994082
991441
9649
994038
994057
992711
994800
992132
993542
992977
9529
994009
993664
991134
992041
991265
992613
990381
993552
990280
993266
990849
990382
991975
993026
9166
994040
990234
993805
993193
9229
994459
990406
991411
994322
993955
993233
990705
992496
9093
994573
991679
994524
994673
994297
992768
9430
9339
991466
9647
994653
990726
993211
990055
994440
993406
9864
9115
9369
992344
994613
993836
994714
994118
993404
991353
991191
991212
994761
994265
993448
994820
990219
993151
9367
9886
991272
9029
991132
991123
993148
993872
992179
990934
991284
994169
994453
993188
9228
992285
9449
991596
991518
993238
990244
994622
991636
990878
990045
991406
993660
994659
990245
993629
9404
994874
9661
992561
994924
991817
990232
990082
992912
993319
991663
993822
991308
993846
991775
992131
994701
991376
994215
994634
9629
990034
993254
990848
992016
990427
990952
990299
992480
991828
994309
991434
991131
992370
992419
994786
9591
9402
990732
990111
990448
9001
992379
991707
992539
991075
9362
992932
993354
992608
9354
990607
994576
994697
994211
990765
9880
993364
990129
992210
994285
994018
994542
994464
993763
9570
990088
992086
990186
994208
9607
990549
993023
9496
991558
993608
994602
992433
9123
9618
992346
9750
993446
9506
9818
993333
994063
993974
994372
991536
990046
62
993105
990553
992102
992692
9642
9722
991622
992765
994425
992330
994083
992872
992328
991899
85
990847
993111
9363
994011
994745
992096
992580
9565
994640
992799
991895
994566
993283
994794
990316
990601
992597
990120
993831
991950
9255
990623
990398
990126
991589
993208
991156
9469
993628
993594
992331
990675
994525
9548
991703
992511
990193
992418
994996
994946
990301
993357
991760
9377
9013
992051
994361
994135
994556
990108
994185
994347
994526
990974
991056
993752
993926
992981
990961
990044
993902
990794
994722
992332
990547
990592
990062
991417
9794
993017
991380
992795
991840
993036
75
9176
9762
991258
994469
994401
992628
990292
991555
990578
990619
993348
993099
9687
990832
991568
990922
9071
991514
993057
9670
990405
991106
993521
9720
993891
993024
994421
994245
994238
991922
9355
994864
994998
9076
994054
993027
9546
993069
9092
993808
993875
992325
993659
993653
991531
991816
991157
993051
990071
994099
9327
990924
990436
994835
991238
9420
993901
9409
990554
991259
991632
990565
990281
992807
9832
990630
991397
994977
9669
9828
993050
9899
993587
990202
9429
993016
9411
992700
990958
992649
991749
990341
9505
990100
991337
992939
995001
990633
990151
992670
990776
992760
990035
06
990859
9130
994261
994257
993314
995005
990766
991024
994244
990376
9199
993924
992014
990550
992420
9324
994679
993707
991182
995006
993274
991416
994967
992021
991034
9770
992497
992037
994112
993991
992259
991236
990807
994485
991382
990253
993386
9533
992885
994171
991524
993545
994894
9503
9140
993803
994733
991715
990345
9813
994387
9464
9274
994838
991187
993328
992236
990946
994418
993483
992715
990771
991048
990818
992838
991336
994328
992536
993455
9286
990720
990670
991142
9179
994962
991773
9507
990907
994931
990851
993272
992614
9778
991769
990713
994367
993526
9476
993894
992383
992865
991693
9536
992029
67
991234
992053
993819
80
992902
991549
992140
9774
992741
990190
990373
993209
991809
992687
990955
991439
994503
992635
991480
993804
9235
990957
991007
993569
992402
991255
990351
9231
990506
992697
9486
995007
994845
992112
994302
9282
991880
9034
9088
993459
991694
994743
994422
994498
994069
994902
991070
991901
991217
993224
992994
992281
993416
994096
992899
994217
992278
992066
991883
991289
992472
994390
9031
9600
993492
993903
993618
994586
991282
992381
992675
993450
992951
993218
990166
9849
991986
990356
994395
994404
992660
991515
993370
991651
990377
991952
9099
992737
994510
991709
994383
991768
993203
990517
992100
993791
990157
993949
994097
993584
993593
994449
991407
991248
990947
994582
990167
992369
990773
990618
992137
990688
994334
9655
990929
9887
9200
993222
992651
994817
992523
992153
990887
992326
992486
993130
992279
994359
992113
994598
991653
991714
991992
992129
994194
991946
993651
993345
994105
994719
994321
994535
991723
994353
990375
992858
993398
992708
9622
992159
992776
994539
994546
992040
994559
990721
993362
991425
994690
990906
993212
990415
990428
993890
992873
990275
990266
992345
990502
994858
990092
9868
990187
9345
9865
994392
993539
994984
990741
992895
994368
991639
994224
9721
994060
9104
991088
994538
992550
991209
993163
990597
991977
990743
991226
990931
991398
993476
993226
991731
990594
994641
9288
990596
990396
990368
994626
992473
9038
990647
990854
993316
990534
9539
993280
992571
9126
50
990896
992617
991264
990833
990337
9437
991567
991062
990653
991656
993960
992722
991302
992814
993324
9253
993318
993322
992920
991548
993255
990717
9735
994603
994739
990279
9414
990429
9891
9789
990070
993444
993728
992948
991766
990364
994565
990663
990861
991054
992876
991857
9479
991487
9747
990122
991743
991674
991671
994196
992074
993282
9675
990456
993969
9577
994991
990450
9893
994420
992011
9219
991818
9684
990850
993436
993382
994842
9103
9689
991578
991713
991170
991200
992840
991189
992611
9870
992958
993607
993201
993432
993153
991939
992908
992721
990185
994716
994879
9848
992392
993312
994343
994201
992734
993677
994774
992789
993304
9434
991263
992646
992333
9027
990704
991431
991881
9333
993999
990691
990039
991460
994561
990268
9795
991661
991030
992503
9801
991171
992203
991866
992918
990980
994678
990420
991104
993257
9161
993936
990303
991607
991728
990966
990344
9606
994199
9595
9066
993536
993695
993504
990571
990269
993852
994892
993773
993733
991032
991462
993933
993256
991512
992358
992195
993561
990845
991109
993603
991393
990608
991861
990625
991642
991677
9105
993546
992141
992818
992319
992293
993030
9621
994133
9162
993512
994113
990782
994952
9400
993581
991955
991409
992082
991892
994436
990521
993232
994214
994400
994826
992318
990600
990080
991776
991352
991805
991160
992785
990544
991943
993075
992730
994675
992703
993579
992816
9072
992484
991712
994230
993724
992770
991013
991985
9651
992421
991446
994943
991486
9268
991019
990294
990965
992645
990844
9357
992726
992829
990527
991292
9173
991640
991913
990289
991839
9627
991089
994295
994851
992396
990540
9867
994799
990144
992627
994869
994108
993320
993014
992406
9510
992956
994816
991882
994444
994752
991100
9135
992933
992762
990948
991891
993129
992950
992160
992213
994534
992725
990874
993830
990153
990959
79
994533
990036
993750
9786
993885
990872
9728
990642
994935
994787
994707
992773
9316
990075
990676
993287
9454
994767
994993
994167
994694
992964
991374
992879
993797
994484
9171
78
9690
991145
990737
9091
991907
9028
990350
991584
994458
991333
991686
990582
993916
991332
992849
9376
990701
9055
991680
990302
9619
993829
994158
992070
992127
993134
991579
994633
993578
9634
990278
993582
990211
991711
9468
994147
992291
991321
9477
990473
993896
9118
992551
990050
990385
9074
994669
992459
60
992750
990762
991210
9026
991777
993523
990665
992610
994957
993556
993996
994618
994742
992272
990365
991173
991660
992454
990936
990159
994681
993701
993838
993293
993053
993990
9145
9481
9265
9296
991935
993931
991423
992949
9485
994091
991716
994712
9885
992848
993048
993840
994974
9732
993527
991507
9168
990223
991813
994834
992682
992078
9644
992543
9303
990086
993438
991788
994588
9831
9209
994293
9032
993877
993548
992063
993413
991859
992602
993834
994584
994438
990273
993269
992758
9896
991082
991002
993195
993544
993335
9452
990634
993377
991465
990551
993782
9192
9230
992732
992815
991256
991626
992110
994871
993639
990983
993137
991424
991324
991174
992017
991648
994277
9875
993217
992298
993857
990078
9346
990953
990183
994093
992853
991505
993727
992275
990507
993103
994829
992130
9267
992465
992165
990168
993665
990479
993300
994015
990374
9427
992668
990889
990994
994833
994374
993164
994451
994410
992121
994477
9120
992638
53
9201
9008
990139
993041
9047
994600
993663
994753
992035
991875
992080
994571
9743
9078
991042
993741
994252
991110
9141
994073
993986
991267
992887
992126
992196
993064
990293
994166
994160
990444
993001
992827
990979
993978
990911
990784
994537
991175
991036
9528
994144
990366
9313
9276
992283
990362
993261
994793
994441
993414
991953
992300
992545
994648
991987
990595
994098
9204
993126
991199
994145
992889
994102
991705
992219
994344
991641
992097
993777
993500
992535
9888
992208
994776
990052
993267
9011
990882
9455
991080
991964
994041
992277
990089
990363
994901
9590
990627
994103
992576
9391
990702
994100
993842
991228
993510
993835
990975
993374
993650
9767
994889
993353
991962
992712
990394
994022
9568
991961
993721
990064
994861
9266
994320
992378
9835
994447
994445
991297
994331
70
9781
9656
991570
9061
991463
9206
992978
994142
992982
992409
9030
993642
990021
992439
994951
990579
990286
993418
991759
993275
9065
991673
990391
990348
61
993395
993799
990386
991923
992492
991471
993178
992684
9826
991060
990658
992498
9083
992032
990283
9807
9328
992512
994213
992489
990412
992537
992075
992218
990134
993505
994686
991188
991666
84
9250
990284
9492
991676
9553
990097
992050
994927
990481
990441
991563
993356
994868
991261
991383
990810
991072
993429
992445
990248
992493
9829
991153
9134
9709
992220
993007
993005
990496
994204
994081
991022
991550
991283
993355
992654
9825
9048
993788
9572
993906
992915
9692
990449
993339
992191
991978
995003
992567
9784
993271
991573
990580
9516
9450
994338
991697
990260
993574
994090
991855
990455
990032
48
9054
991399
993691
992438
994052
993610
9242
993755
992775
994473
991096
990249
990879
993880
993729
990509
990709
992603
991377
992996
990380
993063
993806
994775
990967
992162
993161
9498
991533
993347
9216
990888
993559
990148
992945
994354
994595
72
9252
992805
992310
991911
991077
993753
994505
990107
992596
9184
991811
993673
994327
993637
993229
993189
994249
991564
994616
990574
994179
991647
992524
991878
993359
990589
991634
990751
994161
991268
991420
991983
993509
993562
994207
991745
990846
994755
990459
993790
991448
994693
990626
9380
993693
9317
990290
994691
992500
992931
990469
994599
992616
9112
991877
994884
994044
9797
993826
992005
992546
994666
992204
994983
9284
992039
9323
990414
994560
9564
991659
9625
9613
9433
992898
992642
990258
993756
992067
991216
990397
991949
993186
994037
993751
992377
991405
993093
994568
9292
994713
992862
991273
990328
9227
9837
990526
991293
993801
9015
990116
993363
990935
9610
993021
990335
990724
994419
990347
992261
991186
993317
9045
993762
992263
991543
992221
991168
993096
993499
990864
992771
990613
992954
992228
992504
993738
990467
9718
994292
9213
9000
992824
993522
993964
992229
9581
9483
9073
9771
9667
991603
991116
990407
994397
9585
9514
992555
991945
993884
990066
990822
991926
990149
994029
992422
992299
993934
992841
9673
991717
994461
9320
993020
991511
9063
992007
992081
991482
9861
990058
994177
990831
991133
9222
990043
990355
994035
994031
990783
9341
9372
993946
992198
993159
994398
993250
990753
991836
991167
995000
991404
994376
991506
994159
992808
991830
993549
9336
993294
992425
991993
994937
993551
9615
993442
993174
990968
9007
991890
993860
994999
9198
993617
990557
992558
992341
994784
991181
991585
994665
993820
994704
992961
992729
992143
991035
993535
991618
993491
992633
992116
9624
994085
994013
992856
9117
991846
991479
993160
991735
991924
994688
994496
994126
993708
9113
9820
991991
991488
993816
991085
993078
993464
990563
991385
990027
990205
990033
991373
993182
992756
9830
9776
990869
991545
992601
992249
992168
990422
9297
990650
991444
994049
992790
9773
994005
993033
994583
990461
993945
993658
991783
993228
990408
9461
992953
994095
9780
991930
993344
993235
992199
992339
9421
993953
992794
993563
991378
993787
990158
993180
9098
991027
993776
9744
992170
992363
992941
993022
9148
994195
9136
992309
9559
990114
993572
994700
9121
993284
990393
9890
991344
990703
05
991218
991371
992802
994056
9460
991938
9567
991094
994672
991453
990949
991394
991557
992966
991781
992656
994460
991995
9659
992554
994058
993818
991497
992625
994963
992151
990319
992704
991879
992145
991981
993861
993340
993168
990542
991668
990826
990094
991527
991904
991844
992632
994301
993541
991222
991815
994975
991108
9347
994402
991572
991820
9077
991665
993136
991233
993273
990972
990225
994455
990664
993039
992896
991763
993097
9457
992188
9340
994619
994708
994705
994500
991262
992822
993671
9816
990361
990063
992973
990945
9217
991605
993538
994456
993297
994754
992605
9191
994346
994036
994351
992200
991361
992003
993196
993466
992150
991787
991873
994670
992320
993221
994047
990267
993076
992575
992533
994348
992211
994115
992386
9153
994007
993360
994298
992823
993771
994039
9215
9263
990591
994741
9706
990777
992852
992983
994575
9283
990049
991247
991346
992194
992227
991266
994612
993044
994248
9119
994004
991504
990898
9738
992025
991006
990725
992738
992706
990644
993711
990453
994165
992429
994897
994084
991359
992755
990532
991301
994234
990856
994735
993895
994550
991354
9696
992641
992295
990359
992854
994240
9630
994206
9110
992911
994591
9208
992716
991146
9611
993874
992940
9785
994572
993285
9646
991126
993910
990384
990504
9681
991741
992371
990834
991575
992705
994709
994873
990811
994910
991560
991984
993139
991609
990750
9020
992114
990827
994912
990220
994926
9431
992556
992340
992881
990909
990276
991957
9236
991610
9697
991204
990106
991971
994323
991459
992947
991340
9782
994750
993810
994905
993424
9756
990494
993350
990802
9852
9833
992893
990546
991793
9305
992224
9143
994288
993758
992172
994289
993893
990378
993907
992045
994253
993171
9497
994592
994547
993676
991863
990520
994025
9448
991276
994405
993759
990189
992123
990065
9612
9632
992466
992171
992184
992491
990788
994922
991097
990300
990004
992417
991725
992519
992593
992034
991721
993566
992154
992727
9138
993204
992351
994551
9504
991684
9344
991894
9037
991358
994589
993904
992136
994448
992366
990555
992128
993943
992059
992943
994210
991614
991165
992174
992547
990739
992867
994651
990778
991997
994504
991747
990569
992778
994657
991347
994046
994495
992288
991166
992169
992001
990296
990343
992594
9648
9739
9691
992335
990680
992495
990400
994919
992009
992305
992974
66
991130
993056
991905
992544
990561
990718
9190
993680
990265
51
992058
9858
9859
990170
991956
9745
990991
990181
9822
992781
994740
994596
9325
992321
9466
994916
993125
990857
994373
994235
994831
990338
993006
993265
993396
992387
994120
994915
993167
992499
994940
994548
993369
990231
994629
992640
994221
994557
990897
994757
993477
990409
991796
994807
993149
991942
992450
990880
990775
993177
990010
993341
993330
993941
994994
994170
992462
991021
992573
994283
994758
992471
9478
992087
994138
990008
990606
991456
992532
991477
9451
9419
990976
9601
86
993456
994628
990981
9708
994621
990466
990169
990990
990781
88
993703
992253
9254
992432
994953
993932
64
993439
991822
993120
990659
990017
9578
991140
992316
9628
994330
993900
994358
9723
9122
9326
993123
993613
992251
990057
991595
992088
994928
994941
990843
992707
993655
991649
994267
9410
992836
992373
991744
990131
991746
994685
990825
991433
993431
992023
992361
992976
991508
994520
994250
990894
990353
9509
990488
994832
991803
993557
