38
994812
994848
31
39
994734
37
994886
992206
994798
994182
993018
992541
994818
9378
991176
994222
991835
994819
993260
994010
992147
992679
42
18
994960
9315
994823
992201
993713
993622
994692
993084
993117
994880
41
993768
994070
993454
35
991320
994123
993046
993303
991798
9356
993710
994662
993323
993597
993824
20
994790
993411
993626
991870
991528
993744
9226
992587
994479
994433
990309
993172
9368
993958
993881
994175
9080
9051
990679
994783
15
994607
11
994446
990310
991842
994814
993088
994427
993940
991014
990779
994606
9157
992505
9538
993601
990236
991451
993624
991756
9398
994117
994132
994731
994811
994847
992669
992845
46
993308
990728
994810
994466
994885
992753
994225
993679
991064
9016
16
991328
9845
993065
993199
993866
993715
40
990326
993623
990067
994516
994721
993114
9639
990306
994450
993270
9856
28
992375
990746
9196
991135
9310
993376
992748
992120
991801
9225
19
994971
992336
9169
991872
994150
993428
991159
34
991623
991294
991615
990682
991169
9294
992589
990692
9057
991422
991069
990209
9318
03
994223
994197
993156
990801
991530
991149
991445
994324
22
994567
994809
990899
993564
990146
990324
990695
991970
994332
994480
994308
993989
992744
992463
33
990723
9759
993987
992223
9834
43
990492
992678
9482
992570
993533
9534
45
990321
9641
992787
991312
994388
991510
992240
993118
992826
990823
991345
993950
24
994825
993683
991871
993865
992566
9757
991490
991083
992529
9096
990803
990602
992181
990805
9456
992937
9526
992690
9465
9573
993190
990987
991542
991303
991449
9889
992683
9796
990883
9860
990085
9095
991965
991565
991569
993807
992595
990573
990482
990939
9379
992905
991906
992643
9182
990175
991850
990729
990585
991360
990113
993259
993764
994139
992215
992269
993851
992809
9181
990722
990022
990674
993102
992308
9116
994968
991005
994319
44
993778
991317
9836
990742
992467
990317
992401
990295
993176
990657
994178
992963
994887
993385
994432
991046
993718
991529
992398
994846
9508
993606
992817
990643
994762
994824
991998
992027
993604
993197
991664
990513
990137
992919
990006
994668
991838
990678
991808
991241
992658
993358
991136
9792
994518
990923
992506
9390
73
991841
9175
9702
994226
9019
990016
990498
993531
994976
9426
9232
994841
992624
993892
993508
993615
990389
991316
993054
992314
9170
994286
89
992441
991758
9405
994051
9563
992350
990143
9212
994961
993042
990525
994531
990221
9488
991288
994181
993698
993599
994625
993648
994888
994228
990447
994840
9308
993498
994481
992148
991287
36
990457
994149
993113
9552
990015
992451
994079
993012
992404
994386
993045
992354
993981
994176
9353
991581
993515
990795
994143
994860
990460
991624
991689
993087
991947
992262
9811
990087
990072
993592
9177
994128
993949
994843
993625
991438
9877
993119
993800
992667
994268
990614
993914
993726
992868
991279
992599
993583
993847
992522
991868
994053
992661
990331
9662
992006
994528
990515
992347
990262
990206
9017
990379
994329
992916
990649
992427
991973
991523
991178
993948
994870
991119
993854
993086
994183
994246
990796
9246
9350
990837
993993
993400
993115
994341
991534
994808
9281
9768
992317
9657
994080
993484
992935
990499
993258
9087
9158
992012
992586
992368
991039
9716
990575
994429
990963
992674
990196
9295
9512
992623
994661
993609
9620
991831
990313
992677
993415
9447
991330
993968
992342
994791
992689
990998
990277
991824
990761
990892
994969
991271
994233
994822
992691
17
994995
990383
994854
992581
992455
990616
990358
993405
27
994363
994141
992444
993305
9223
990470
990660
9714
993091
993236
991698
9329
993098
991574
990201
990215
9221
991764
994290
992757
990419
9551
991790
990500
992598
994544
992177
994805
993905
990388
994881
993537
992630
990354
993785
990604
991599
993944
991356
993702
9312
990061
990735
992124
9638
991493
994849
994430
992306
992182
993447
9799
991306
990819
991310
991908
994014
994882
992668
9237
991078
994470
994305
990314
9342
994184
990940
9725
991364
990140
994578
990960
993237
993094
9335
992390
992696
991162
992717
9245
992246
990646
990942
9664
991081
990568
992205
993837
993277
991278
994078
992324
9129
994925
9243
991967
9869
9554
990497
993915
992714
991144
990471
991594
992166
30
994507
9258
993379
9306
990764
990128
990914
990915
994635
9521
991011
991621
990235
991619
993605
991355
992657
991779
991832
990886
993692
990311
991729
9260
993669
9389
9440
994489
993311
991299
990583
9364
990442
993426
990628
992176
990468
83
991658
991051
991253
993402
991286
991300
990516
992423
994375
9674
990749
9490
990323
9803
990699
993514
992476
990584
992352
994789
990054
993375
9240
991630
990667
993081
992183
994187
990079
9876
994032
994711
990390
9304
994411
994316
991038
994605
9854
991044
9154
991552
994280
994352
991485
990535
991662
991847
994186
992975
993052
994972
994273
994514
991311
990566
990465
994190
992348
990304
994275
990900
990056
990458
990110
990007
992752
991402
9587
992612
994593
993883
993930
991196
993602
990297
994553
991227
990037
991864
47
991028
992699
994188
991722
990320
994878
993947
29
993367
990180
990199
994024
993591
994945
991280
992637
993334
991980
08
992733
992111
9056
994839
01
992442
9688
992376
991193
994255
991812
990003
9666
994030
990937
994416
993200
994804
9156
991427
993140
9853
993645
991613
990697
990839
992901
992821
993817
991825
993898
993055
993644
993796
991428
993565
02
992969
994698
991727
991933
993722
9509
9866
990177
9046
992388
994512
993101
57
54
9842
993555
992837
994059
994947
994342
991600
9727
992578
9520
993306
990964
991412
9878
993401
9863
990349
9314
991392
993519
992718
990698
992287
994003
990910
9527
991251
992360
994172
994417
994697
26
9285
990028
991644
992055
993003
9102
994412
9840
9247
994394
991129
993420
994601
990212
9349
993145
993058
990996
991566
994276
990009
990357
993935
990377
992239
992217
990029
10
994130
990598
994485
9530
993378
993247
992810
993619
994311
992222
991520
992337
992185
991291
991432
993037
992164
994954
993918
994511
991521
992698
992173
991789
993408
993772
990171
992026
991856
990821
993740
991239
994086
993529
992957
990112
23
993165
990885
991329
992071
9556
994094
993843
990748
993576
994771
993977
992604
991244
991281
991111
990192
990160
990950
990198
9746
993525
994958
994247
992650
990707
994574
9561
991602
991105
992448
9125
994371
994260
990077
994360
991802
992264
9082
993714
993095
993706
994689
992745
991678
993169
992880
9188
990681
991000
993828
994701
994114
990638
992428
992322
991313
992766
993100
990104
990352
991372
991053
9386
994391
991379
991834
9424
9467
992073
990814
9502
993600
991761
9210
991701
9755
992453
9388
994541
9829
991968
991335
993337
990103
990252
993494
991633
990982
991396
9729
994950
9611
991688
994866
991203
993938
991295
992282
9589
993849
994424
990345
990804
992626
994493
991450
993674
991400
992084
992019
994203
990828
991553
994155
990315
990162
991086
990747
994134
993827
990522
990977
990537
14
992540
994782
990430
991467
992607
992061
994543
992464
991298
994244
993032
12
992967
994045
991152
994253
991194
994877
9395
991577
992403
990639
992436
992296
9791
991092
991736
990135
990620
992290
991719
991706
993110
991367
992592
993734
991742
9131
994876
992323
991916
9547
994368
9574
9523
993409
993998
990463
994530
991994
993871
990462
990733
991282
990716
990917
994490
993984
9238
991341
990335
993962
994314
9021
993640
990789
9724
993528
990133
993725
993078
993412
991464
994562
990237
994730
992407
992663
9722
992452
992153
992728
990655
993253
992620
993983
992582
993616
994837
990410
991429
994815
991220
991388
993188
992688
994964
990367
992030
992903
992349
991437
9540
993513
9748
991913
9741
990712
991018
990024
990824
993908
993034
994754
994023
993627
994463
993470
990797
990932
993321
993821
991601
994844
991095
993302
9443
992866
991852
994077
990503
9500
992365
990696
9761
993473
993709
993251
990512
994587
991454
994251
991517
990685
9855
991937
991690
993969
992662
990156
990926
990785
993241
9044
990452
991250
991214
992301
993765
993202
9850
9763
990759
993924
993911
9397
992294
991349
992372
990216
990246
993422
990905
994202
991158
993687
990228
994768
990257
992986
994449
990993
9713
9375
991782
991417
992756
9152
994191
990210
993754
991348
994904
993920
991583
993631
991395
990862
993121
990413
994116
990570
994475
992158
993215
993681
9895
994795
9790
994982
9319
9406
992319
994720
994241
994232
991888
992851
991726
992583
994857
993621
991351
991526
991231
992517
994050
991829
991833
990083
9423
992577
991643
9373
990903
9881
994033
991821
992857
992779
991941
994813
994356
991598
990421
994582
992255
990694
994991
993612
990858
9808
9711
991509
991447
991554
991245
994499
991114
9501
994075
991638
87
994067
994156
990478
9606
9058
9751
991213
992812
990058
993122
992008
992629
990558
991927
9717
9566
9677
994148
991704
993550
992518
993487
992356
992984
991240
992671
9261
992971
82
993994
990706
993760
992995
9401
994180
990605
990268
992890
9715
992133
992238
992747
993060
9754
990841
992216
991681
994989
991004
992999
993299
9742
993646
9011
993852
991851
992315
990372
9693
990986
990531
992685
990125
9839
990099
991224
992875
993540
993206
993338
992579
993520
991921
9569
991691
994579
994747
990485
994121
9187
991001
994695
993575
991331
993135
994652
992741
9309
993975
992825
993133
994327
994979
991631
990654
993568
994639
991606
994028
994021
993019
85
992047
991314
992161
991059
994566
994256
990188
994291
990443
994282
993441
9535
9160
991844
991068
990633
990071
9293
993138
992888
991826
991232
991547
990734
993573
990636
992265
9241
992894
992411
992930
21
994301
9422
991010
993162
994038
992042
990514
991785
994770
9195
992374
994970
993855
990631
993112
993654
991954
994901
9394
9064
990933
994875
990959
990510
991703
994409
993809
994797
994532
994476
993919
994655
9059
9779
993684
994643
993516
9682
994727
993175
00
994076
993878
994978
9894
993588
991886
991588
991710
990305
990687
991891
9704
992731
993326
9412
994930
992353
994326
994563
991940
994278
992104
994623
990155
993216
992257
991987
992431
992864
994554
990738
9275
990034
992782
9857
991813
992990
991915
9821
990848
9155
9418
994717
994939
991085
994369
991179
993554
994300
993686
993393
992804
993108
9731
990505
994552
992002
994723
993917
9679
991067
990042
991627
994902
990339
994313
991895
992965
991472
994899
990672
9280
9658
994303
81
992985
990745
993620
994501
994992
993185
992806
992244
9862
994370
991854
994956
990669
993391
991172
993278
992297
993352
994948
990229
990800
992609
991124
993292
990439
76
994738
992268
994157
994420
9311
9421
992391
9381
990484
992357
9802
9159
9224
994682
991040
993460
992325
992292
994208
990856
9360
991500
993723
992926
9249
993437
993925
991988
994615
9730
991296
9288
990036
991889
991516
9287
9172
991113
994063
990132
990013
990366
9555
991430
993148
990427
994152
9271
991827
9033
991408
990928
9446
993295
9898
993643
994826
992820
992180
994333
994664
993474
9050
994756
993490
992093
994042
994636
994641
991525
9049
994744
991473
993503
9025
9846
990136
992273
991625
991804
9753
993383
9847
990560
994027
993921
991762
9361
991750
990179
991620
991748
990178
9244
992468
991975
991532
991934
990018
9493
990645
991983
994946
990287
59
9408
991591
994769
991862
9726
991257
990381
990637
993482
990791
992932
993869
993784
994224
994622
991099
992929
992786
993873
991475
9053
992636
992561
993951
994988
993047
992928
992588
9004
992600
993524
994867
993589
992226
991211
992639
992110
990832
992092
9766
991996
990652
994716
994614
991147
992737
990043
990438
992163
992510
993973
992020
993263
994494
9844
995002
990219
993862
993732
990256
990048
990191
993889
991148
993628
993717
9202
993825
990329
994467
994364
990474
994833
9286
990641
9462
993015
992584
991797
994413
9006
994785
990611
994057
9804
993748
9289
9407
994792
991912
9278
9137
990334
993187
9550
9316
990997
991671
992542
994294
990675
993038
69
993325
994897
990971
994263
990096
991154
992876
09
993979
991318
994944
9233
991655
9637
13
9838
990040
994710
991969
993927
992828
994502
9762
991357
990610
994365
991269
994911
990686
9699
990433
992942
992970
990446
9194
9687
993634
9636
994523
990437
993795
993068
990356
990475
990023
992832
990541
993373
991238
994653
993697
992004
992389
990743
9075
991094
992585
990613
994380
991115
9643
990838
990727
992743
990807
993127
993050
992060
993423
994193
990969
992370
990368
990881
9415
990683
994853
992099
991869
991768
994729
994037
9592
993194
994043
991065
993141
9097
992413
991843
994898
991469
992471
990052
992606
9343
990634
9445
990978
992469
9769
992302
991978
994559
993233
990938
994533
992797
994474
990635
993965
992924
9532
992490
992311
9473
991810
995009
991225
991501
9106
993331
993735
992119
990508
993351
993469
990472
994908
993770
9518
9874
992284
9705
992998
991519
991823
992243
993361
990867
993458
993705
9661
994535
991760
9609
9341
990925
990250
994609
990487
993544
990577
9227
991015
993403
990069
990891
994985
993008
9851
9266
991709
993471
994382
992891
992248
991215
9734
990624
994423
990073
992761
994570
992155
991763
990752
994472
994140
993867
994200
992044
994766
993976
991198
994239
994147
994443
990908
991898
991057
993656
993462
990176
9437
990274
993942
993191
990539
990480
991597
991767
993407
991571
9279
9351
9103
993786
9588
990147
993632
994426
991063
992927
994801
9800
992142
992399
994201
993080
9094
992909
9760
990817
990518
994362
990490
990165
9892
992860
9403
990774
990572
990172
994779
993433
9366
991228
9220
993043
994307
994306
990318
993434
994497
994890
991556
994323
993353
994827
992772
993736
990533
990204
990264
994377
990084
9262
990769
991651
990269
993238
9012
9678
994835
991593
993225
991858
993696
9584
992327
992414
991339
990888
994107
991366
994763
993737
993661
994604
991979
991139
991171
9812
991487
991362
991401
992062
994281
994610
990001
995004
9814
994855
991221
990731
9028
991784
994454
990724
992212
993210
990481
991724
9439
990091
993371
993553
992878
992021
9879
993467
993276
994909
9586
993558
992883
990930
990416
994285
994452
991720
68
992652
992515
990985
992397
992799
994242
994315
993560
991026
9610
992433
993170
9542
993465
9040
990041
9039
992591
993667
994966
993079
9683
993329
990322
992553
990163
990829
990944
990968
9200
990102
991023
992046
9506
9234
991418
992307
992167
49
992457
993451
9843
991184
993792
993070
994646
990059
994986
9263
993835
992528
993675
991848
9036
993793
990648
993227
994194
990098
991645
992334
993967
991963
990035
992440
9435
990272
990726
9712
994296
992380
990835
992800
993547
994124
994066
990418
991274
991616
993789
991751
990644
9022
9689
9572
993124
993315
9296
994071
994266
991338
992686
9164
990432
990760
9695
9487
993868
993757
990730
991421
994676
993992
994302
994725
993662
9322
994584
9548
9090
991754
991966
993638
992256
991163
991507
990757
994524
993116
993959
992052
9469
993974
993850
992548
992765
993590
993971
992064
992254
993164
994726
992054
992131
990793
9168
993286
991019
994796
9371
9897
992763
991207
992538
991102
992966
9537
994703
993309
9014
990947
991919
9086
9719
991284
991161
990435
991677
9873
994856
9009
9272
994269
992197
991190
994921
992276
991670
9700
9489
991880
993255
9736
991642
991098
992955
994515
992859
993067
9891
9003
990799
994000
9069
992693
993598
990992
990919
993668
994864
991562
9459
990956
993833
992048
994938
992260
9653
990860
991809
990859
993332
990984
992814
990836
991042
9614
9111
993083
990812
991442
991512
990673
992793
990609
9038
994654
990164
991653
9672
993432
990684
994068
992831
992395
9629
990523
990710
992036
991648
9425
991960
990226
993125
992010
9750
993109
991293
994468
990931
9631
993982
993220
991219
993443
990380
992673
9703
9524
9720
991032
990705
990477
990403
991230
9442
993897
9594
9359
990249
994737
994491
994129
990289
990529
993836
991182
991217
9824
991256
994663
990651
993230
991752
9819
991491
994558
990662
9174
9183
994168
9698
993445
992446
991589
992870
9334
9783
991537
994488
994513
991617
992520
990259
9079
9251
992288
990767
994162
79
990965
993749
993937
994212
993294
9645
992015
9622
992869
991003
991307
993120
993815
9041
994767
9623
994959
993264
994457
993611
993672
992946
993198
992192
991674
990173
990270
994645
993699
992914
994630
991025
9728
992095
9132
992130
990227
9167
991902
9189
991071
994119
9438
992079
994069
991860
9207
993343
990553
50
991652
990330
992312
9414
992871
994101
993970
990138
994597
9602
993774
993997
994631
993365
993155
9784
993421
991103
992270
992849
990202
9580
992233
994164
991747
9290
991952
9896
992676
993211
58
992647
994054
990242
993031
994981
992082
993775
993899
994920
991711
9599
990528
994781
990299
990000
992175
994406
991576
991131
991628
990702
992202
991737
991675
994482
9142
9571
9497
992633
991551
992907
991409
9458
992470
9063
992416
990798
991233
9144
991561
991208
994109
990713
991543
9634
990454
994690
9806
991323
992846
991893
990387
994144
993563
991326
994865
990121
992247
992426
9052
992328
9764
992157
994100
991153
9428
990927
991386
992922
994852
990385
994254
992842
992892
993010
993370
991685
991502
990161
63
990773
9068
992780
992190
992089
990715
990247
9218
992024
991017
993534
991100
993128
994963
990117
993831
992613
992898
993106
994299
991411
994746
993956
9385
990327
994337
991546
992329
992286
990376
991334
993690
993077
991164
992489
990719
993204
993240
993813
992794
9660
990401
993435
992803
9291
991513
993142
990890
994850
993212
9151
9180
990055
9302
994913
991223
992830
991049
990871
993580
994085
9541
990445
9206
991202
994580
992214
990093
992266
991997
990766
990700
990877
992968
990466
9030
9230
55
991686
990597
991807
992972
993261
994590
994381
993614
990754
990599
994471
994048
994385
9047
990105
992031
992362
991590
9616
992383
9149
993346
991769
990663
991385
994113
993372
991669
9517
993257
993389
9299
992882
990241
993035
992945
994258
990893
994923
993545
990756
992355
992739
992000
991016
993542
9027
992777
990889
9583
9330
990918
992274
990308
991476
994189
994331
990261
991431
994110
9201
992139
993025
994577
990127
9383
990045
990842
994933
994862
993002
994973
9562
9171
992128
990989
991951
990340
990260
992788
994036
992835
992562
993933
9393
994598
991944
994906
991538
993390
993657
994097
9229
993730
993205
991707
992634
990090
9178
993488
9559
993011
994272
9449
991774
992601
990916
990530
9365
992281
994017
994384
993812
9880
992367
9737
9031
993417
9165
990332
992730
994271
992564
990286
9656
992754
9357
990346
991800
991259
991327
991235
9035
992415
992412
993014
992557
991541
993380
992346
991008
9575
9470
992735
994340
990214
994660
990395
991585
992913
992632
9888
992912
994422
992700
9805
993532
994160
990230
993511
991755
994016
993282
9413
991052
990755
993507
9823
994836
993691
992521
992560
992486
994284
990666
994325
992936
990451
992702
994410
994526
991138
991713
993374
992964
993291
991342
992101
992017
994709
991732
990218
990567
994414
992670
990901
994602
991819
991022
990661
990895
992193
991657
993336
992475
994034
990047
993074
994072
991470
993399
9197
9083
991160
990020
990467
991592
990865
994469
994517
991925
993281
993424
80
994259
994936
992938
990855
994434
991708
994498
990768
990488
993926
992987
9199
990014
993570
990962
992921
990046
991799
993766
9613
993005
992447
992049
990344
990436
9176
9013
990184
994321
990360
60
993327
992791
990081
993844
9765
990291
9367
990404
994297
990303
9511
992665
993368
994620
994803
994257
992666
991322
993630
993848
994658
990625
992278
9570
9752
991806
993506
9114
991586
992405
9071
992759
9112
9577
9298
991665
9098
9545
991498
992710
9384
992038
991549
993152
990763
67
9680
991778
992462
992989
9002
9416
993633
991753
991503
992303
994707
9141
9133
992644
990142
993427
992137
9604
994618
9494
991074
992796
992672
992715
991246
9254
990222
994912
9101
990532
993082
990564
991559
9718
992088
9560
9815
992345
994221
9568
993075
993184
992178
994390
993266
9647
991680
994980
991037
991455
992709
9810
992900
993224
993647
991654
992230
991757
992456
993242
990612
992018
993229
993808
991117
992653
9642
994403
992576
991091
994322
995007
991776
9269
9777
992338
990141
993811
991743
9503
9608
994215
990808
991992
992028
9775
991050
9875
9193
991958
990341
993988
992267
990370
993364
992499
990038
9841
990876
991267
990336
994064
993805
994568
991381
990896
992861
991972
994104
9697
994019
990593
994173
991337
992402
992043
9432
9327
993248
9147
990353
992149
991079
990355
994757
992068
9793
992107
992419
992649
991896
990271
992160
9273
991047
992565
993891
9721
9146
990126
9179
990402
991695
991027
993966
991045
993472
991118
990005
994931
991771
990292
990044
991048
9481
993562
991815
991734
990244
994318
993497
990902
9733
993595
990240
993304
992009
990394
994509
991836
991672
993961
994687
994749
992117
992140
993061
992534
991611
9018
9809
994542
991730
992103
994573
992371
9259
991696
991914
994227
9337
990658
991495
992125
994020
990548
9625
992764
992122
991883
992066
994383
993761
993314
993841
9732
65
993029
994367
9484
992134
990157
993382
991390
990086
992491
993512
9567
992400
9270
991137
994328
993340
9150
9771
993585
992074
992241
991536
994619
991407
992132
993863
994031
994435
993556
9067
990897
994083
9899
994617
991540
993832
990983
993939
991426
992597
990936
990758
990434
9127
991043
991920
994447
992982
993059
991440
992622
990429
991309
9544
992118
9543
991718
991363
990970
993594
994702
9690
994987
994952
9590
9128
992611
993322
994990
992953
9453
9758
9579
991626
990425
992895
992332
991837
990325
990145
9162
993289
993406
991325
992983
994955
994832
9235
991389
994684
9239
991882
9034
991350
992917
991155
992207
993023
991770
990840
994007
994229
9088
991321
990870
9650
994112
990100
993739
993864
994026
9427
990450
992225
9139
993577
990952
991156
990118
994431
994724
991876
991650
992503
990711
992865
994644
994678
993995
993909
9528
990790
991749
9108
991101
992507
994838
992908
991404
991985
990868
990946
994196
9305
9668
994418
991667
992424
990629
994588
993934
990258
991484
992619
991242
992925
994366
992513
990078
994611
993978
992065
990924
994821
994122
994001
994624
991292
994345
994118
994270
993040
992090
991884
990068
9062
991640
9827
990011
990581
990075
991483
992304
991932
992035
993875
994484
993354
990943
994453
990967
994794
992682
994673
9134
9256
993859
992080
9882
990552
994705
992641
993298
991127
994777
993243
9211
993425
9032
990846
990607
995003
9399
992382
9374
991096
991128
993157
991953
991143
992618
993912
993685
9871
993720
992252
9010
992435
994828
994442
993991
993104
992396
993481
994082
990426
992067
9617
993179
993234
9499
9292
990951
9463
994773
992773
991252
990417
991946
9369
992179
991792
993856
9105
991959
990386
993468
9100
9515
9884
990622
991522
991393
992951
992615
994240
992847
990197
990051
993903
990536
991441
9404
991682
994650
990195
993641
991982
9250
990115
994378
991374
992877
9274
992944
994706
9553
9023
990787
991993
993256
994550
991885
990002
992834
991492
992032
991170
991200
991873
990720
994163
993493
990677
993858
992680
991587
994060
990030
993049
990887
994335
9084
9832
992502
9818
994872
992280
992385
990019
994008
992750
992811
990920
994627
994477
9582
993596
994651
994616
994185
9402
9325
9649
993131
991971
990150
993557
9303
990736
9798
992070
994672
993861
994510
994310
994772
992378
990851
9492
9646
993689
993946
993313
991723
994718
994977
992063
991555
994571
991391
993232
992146
994965
991456
994626
991466
994151
991453
992359
990049
990194
990559
9471
9392
75
992508
993694
994539
992736
991637
990935
991892
994984
993486
993536
993745
993571
9060
992245
990123
9495
992077
993414
991977
991683
991055
990744
993057
992209
993913
993826
992531
992384
994962
993845
9076
993274
993716
993249
993193
992801
993342
9054
994245
992195
994089
994274
991121
994006
991629
991264
992792
992943
990845
991305
9864
994879
993750
992114
993923
993721
9354
994935
9277
9321
994264
9253
994806
992840
992805
991910
991548
994802
994462
994799
990398
992364
991928
990187
991352
991929
990328
9663
992920
990961
994436
994713
9735
991693
9198
993004
993092
994786
990623
990026
992617
993254
992646
994683
9362
994142
992022
990217
9300
994220
992608
992751
990290
992798
993823
9130
993642
9486
991249
994492
994914
991262
992855
993262
9619
991936
990483
993207
993922
994759
991702
993464
990495
991369
990245
992844
993639
990770
993617
9255
990144
992785
993213
993779
990119
994929
992511
993840
993386
992421
993069
9118
992838
992525
993252
990351
994106
992977
991849
992432
992298
993245
9020
992760
9525
992839
994891
9828
991157
992775
993033
992885
993495
994529
990884
994478
992438
9121
990333
993397
993320
991505
994238
994041
9091
993607
992884
990929
9029
991365
990183
990350
990806
991853
9655
995005
9005
992708
993062
991370
992988
994393
991961
991632
991173
991861
991413
9089
991573
990255
992947
993387
9074
991795
9066
994207
991867
992410
991976
993404
994694
9597
991254
992034
9513
993551
991545
991986
994261
993664
993324
992684
78
992039
994279
992783
994728
991974
991714
990875
993510
990203
991343
993798
990642
994179
992358
992681
990263
994349
9709
993543
993344
992075
9635
992720
994350
991090
9865
993085
9870
993822
993660
990089
993293
994997
9665
991878
992767
991984
991263
990166
991531
994537
992711
994942
991943
991397
994739
991123
994214
994940
994052
993788
993552
992530
992727
992514
992261
994399
991733
991319
992902
993743
994874
62
990847
990600
9772
991270
992993
992642
994243
993349
991041
990062
994540
991641
990595
994211
991865
991786
992481
992373
990813
992106
9042
992659
9107
992127
9204
994917
993830
992887
994927
993051
991981
992768
994486
990995
990650
53
993780
990279
990294
990399
994993
992872
992406
990124
991183
990550
992105
993489
990025
992527
990491
991187
994111
994012
991034
993285
992196
992497
9472
9859
993192
990786
9441
990721
993608
991478
990282
61
994174
994231
990312
990594
9739
9691
993279
990991
990830
9338
990456
9504
991275
994536
9434
993569
993886
994392
990878
992509
993231
9536
9558
993209
991210
9633
992694
992085
994565
994896
9522
994458
992473
992523
994859
993297
990411
992460
992271
991635
990524
992724
990783
991687
990213
992420
990097
9358
04
992906
994198
994166
993146
993541
992549
993105
9444
71
994669
992631
993884
9228
992819
993518
993107
993288
990369
990647
993430
9886
992701
991610
992738
991265
991584
56
994217
992749
993549
990913
993177
993480
994760
995006
991474
991935
9565
992259
993333
990792
991020
994545
9868
990627
9214
992458
991443
990224
994216
993810
992896
992543
993751
993265
993461
990039
9749
991931
993214
990632
993846
992443
991458
991021
991185
991964
994088
991828
992572
992112
990852
990507
9475
77
993695
990665
990592
990547
992726
9514
993659
992824
990765
993366
991205
992050
993173
990714
991195
07
993016
994091
990866
990364
9600
994334
990239
993129
990248
990590
991781
992638
992210
994538
991167
992253
991700
993496
990253
9696
993838
994903
990139
992341
993887
9564
994975
994525
990596
991845
993455
9348
9043
9780
9430
991866
991277
992833
991007
9093
990973
9208
992874
9787
990794
993752
994425
994170
994696
992551
994520
990288
992807
9676
990578
9104
991132
990302
993362
990027
991056
993360
991406
9024
990979
993273
991375
991084
9007
990266
993438
990152
991673
994395
990976
992377
9000
9236
990863
9092
993719
994534
993916
993201
9135
992580
993296
9595
994907
994047
9001
994002
9531
992994
991206
994732
9363
992703
990833
992893
992191
990974
990586
992923
9498
993928
994503
992313
993137
991830
990182
992547
992289
992056
994596
990717
994642
991874
992545
994445
9185
992952
992094
990576
994871
992363
992098
994312
9163
992369
991273
990254
991134
994974
994035
993888
994415
992394
994343
9686
991380
990120
992918
993063
86
991142
993449
994883
9496
993693
48
992263
9301
993665
991304
993290
9417
9654
993186
9231
992258
994787
991989
993347
994585
991524
9778
9485
992293
9813
9825
993071
993794
991950
994428
992941
991900
52
994401
994154
992494
991909
993244
994679
992113
990448
992333
9671
9789
992742
9640
991414
994218
991881
991435
990844
994592
9078
991465
994681
993708
994648
992552
993053
993985
990617
992770
991765
990588
990784
992934
993688
994055
990391
990671
990159
9257
993829
993901
992430
9347
9344
992781
993666
992848
9396
993806
993024
991489
994389
994892
993876
993960
991775
991062
991416
992655
991336
990021
991029
994714
990911
991122
990621
993816
992480
992330
990060
994487
84
993103
993860
992096
994949
9652
991125
994816
993879
993733
990469
993163
992960
993022
993618
992318
992454
990810
994549
993416
992762
991956
993476
9890
991073
9861
994404
994137
993356
9801
993677
992053
9546
991368
993208
992569
993658
990151
990880
990771
992769
9707
991285
9409
990396
992734
991002
9136
991659
994640
9826
9377
993317
991759
993870
992808
9785
991903
994778
9607
990898
991403
992078
990912
72
990606
9248
992651
990850
990397
990109
994461
990284
993955
993151
990543
991237
994649
991899
993271
990476
992277
991604
994666
991107
990489
9382
993539
06
991425
991949
9282
993392
994674
991744
9026
992843
992956
992083
994090
990957
9598
990966
992889
993066
994465
993652
990556
994359
9685
991857
993952
991384
991150
993653
994527
992648
990479
994448
9740
990776
993910
992102
991514
990815
992645
991436
991649
990361
992948
992886
994248
9795
992981
993017
994444
993475
993339
990148
992692
993182
990223
991212
993154
992076
993936
993777
991419
992229
992344
991346
994519
992159
9817
991398
990656
991875
993819
991506
991539
9516
993492
991917
994594
991186
991780
990057
992829
990012
9849
991745
992539
992535
990158
992129
992169
994638
992850
993707
9464
991234
994158
992381
993530
9593
990444
994842
993548
992746
990948
994851
9331
993797
993147
990603
991948
991410
991544
9109
9081
993239
992931
992422
990094
991197
994441
991612
991075
992237
9681
992933
992827
993839
9460
992959
991243
992818
994926
990941
990494
991717
992135
993954
991399
9591
992051
990501
991666
993181
991061
994455
993341
992429
990153
991887
994496
993452
994546
992660
993319
9452
9387
994780
991165
991603
990464
991377
992795
993168
994236
9837
992208
992899
9420
9867
991646
990080
994629
991773
990670
993649
992836
992856
9276
994459
990174
991088
990031
991359
992571
993853
993526
9352
992165
991564
993073
991070
9124
993030
990207
992478
994583
994018
9816
993636
994092
991608
994009
993773
990872
990949
994283
9215
992231
9576
990972
9119
994548
992732
990922
990540
990618
992614
9756
990762
9549
990076
993143
991634
990640
992331
9883
993561
990406
9313
994438
994591
992449
992144
993957
992687
992152
993132
993039
994133
994495
990405
993502
990453
994230
991863
992635
990267
9648
990149
991471
990420
991901
9339
990316
994074
9242
990431
994560
9781
990095
994869
992143
991030
994295
992343
991415
990934
991563
992719
9659
992392
993680
9126
991508
9710
993724
993972
993581
990772
992013
992242
994127
990653
994289
993491
9411
993369
991568
991151
992151
994022
994665
994736
990281
993582
992755
994346
993906
9788
991607
9644
994205
993036
990154
9186
51
994633
990440
993896
994774
991582
991504
991261
990980
994087
992001
992997
990849
9684
993041
9192
990114
992713
993559
991347
992723
992097
991636
992973
9345
992234
993246
993457
990342
991488
994440
992498
994206
990301
9835
993769
992218
993521
994894
9307
992961
993882
990668
9145
993509
993203
990571
993578
994400
993904
993436
994637
992654
993250
990189
994743
992939
994603
994600
991106
992186
9479
9008
991191
994659
9507
993522
992695
993663
992272
993144
994722
992546
991289
993579
992285
994937
994691
9603
993857
9585
994288
9222
994073
994483
9669
992813
992326
990275
990193
991787
992616
9618
991494
992862
993027
993130
9885
9770
990414
992472
9166
992962
992005
992434
991394
9391
9429
993355
992386
990348
991333
991283
991076
991772
994195
9621
990129
992954
991766
991089
991496
990921
993450
993603
991222
993517
990511
990778
990424
991699
992316
991668
994741
993284
9115
991382
993527
991087
990082
994046
993894
994419
9055
990185
991353
992309
993799
993872
991383
991387
994161
9887
991229
9858
993410
992236
993272
993874
992291
993006
992897
991676
991735
991260
991192
9848
991141
993767
991376
990167
992300
9037
991995
994934
991840
992536
990988
994437
994748
993613
992069
990689
9117
990659
991518
70
990574
993026
994586
990527
992627
994700
993377
9140
993885
993316
9203
992716
993384
991499
9651
9510
9205
990958
994889
990108
992496
990544
991922
991177
993268
990251
993803
9491
991605
992249
992776
991814
991201
993312
9376
992979
994547
990473
992086
994159
9461
990371
9626
992802
994807
992488
991879
994171
992115
992007
991515
994357
993134
993153
990579
991315
993111
993394
991434
990205
9433
993567
991877
9505
9519
993483
991324
990517
993893
992904
991482
991740
992482
990283
992126
993099
994169
991991
990063
994095
994338
993801
992213
991579
994873
994192
991855
991647
993963
993505
993335
991661
992250
994376
990415
993363
990725
993348
991725
992387
993763
991663
992559
992867
991656
993890
9776
9436
990502
994656
993635
992321
992697
9747
994398
993741
994998
991803
9632
993226
991174
991216
992299
993446
993742
990562
991181
993228
994347
991452
991715
9830
993610
991550
994126
990619
991535
994753
994298
990999
994924
991272
9786
990375
993096
990307
993174
993682
994387
990220
994396
994062
993009
9148
993593
990428
990582
991622
993670
992721
993787
994204
993755
994219
991572
9615
9070
993802
993478
992251
993028
992418
9120
993703
9474
990234
990630
991024
9268
994613
993161
992033
993584
991420
994473
992041
990909
994508
991705
992758
994634
993535
990265
991818
994522
992057
990441
994408
994407
994004
991031
991791
990704
994421
990565
993463
994742
991660
991596
994555
990816
992340
992393
992016
991268
991692
994576
990521
993398
994081
992003
9213
991728
993310
991942
990569
992150
991290
994044
993731
990690
9267
990208
992790
992379
992910
992568
992596
991009
990134
993459
993902
993818
994105
994265
992187
991911
9773
994750
992221
992516
993021
991939
991120
993729
993712
991199
994108
994863
991255
9701
990975
994005
994788
9065
993222
992563
991236
994061
993013
990955
990615
9476
991093
9694
992189
991479
990874
9455
9477
994858
990750
991461
994374
993123
993820
9122
994210
991080
992219
990534
994820
993453
991266
990168
993345
991146
990393
991248
991276
9794
990561
994775
993929
991302
994320
9346
992087
994309
991697
993980
992408
990422
991301
993359
993328
994608
993746
9831
990708
993267
9320
9529
992550
992461
9448
992437
991058
990693
990374
990378
995001
9323
990409
991511
991497
991805
9191
991116
990545
66
991609
9480
9667
990190
990820
992479
994861
990337
991618
991104
990122
992283
990455
993429
990064
993782
994013
994165
990739
992275
9692
990101
992459
9675
9457
993307
994344
992485
9627
991580
994136
991694
991924
994704
9605
992014
994919
990238
993814
991013
9333
991639
992121
991077
993747
993283
991897
994093
991788
992232
993842
992816
991060
992203
990994
994943
992544
9596
994199
992100
994680
992145
994572
990053
993986
994699
992664
990362
993431
991082
993651
990232
993931
9797
990751
990200
993001
993440
990904
9581
9336
993704
990861
992526
9782
991457
991481
990285
992500
993790
9872
994115
993964
993089
05
990363
990718
994951
990319
992194
9332
992474
9161
990066
993064
992594
994581
992725
992574
990601
994900
993007
993727
990740
991054
992141
9328
990542
994621
992853
993444
994745
9533
993442
990243
9264
992091
992784
993629
993990
993587
994761
994599
990338
994102
993419
994500
990854
9822
990050
990589
991373
991297
992138
993413
994632
991066
992778
991820
9099
991012
9297
994967
994905
993000
992575
991557
992483
994793
990373
993501
994957
993189
990074
993637
990412
994996
9723
994561
990864
9085
9612
9852
995008
992023
990563
9893
994830
991036
993166
994715
991918
990953
991486
990300
991130
990225
994612
990981
994575
991712
993418
990280
990092
990549
9265
9670
993300
990822
9061
992279
991816
991731
994358
9468
990519
9284
990400
992425
994372
992590
994817
991308
991033
990070
994040
992841
9072
993223
991344
9324
991890
990906
991423
991218
992537
994167
994765
88
993350
990676
993499
992305
994688
993500
990111
990365
992439
994402
992081
991258
991247
990703
991145
994262
994379
990664
994056
990506
993195
990130
9113
992108
993538
990691
994983
991955
990818
993676
990555
992136
991570
992310
993020
992722
991188
992815
9184
992339
991133
990008
990276
992492
994740
993546
992980
993895
9630
992295
990825
991109
993943
9807
994317
994355
992628
990834
994249
991794
9738
993269
990382
991533
994235
993395
994098
994667
991817
993287
9219
990853
991006
992501
993090
9744
994237
993523
991166
992058
992949
9138
990780
992320
991567
992996
991126
9173
991175
994287
992493
992558
994776
994505
990509
990526
993783
992911
994999
9326
991444
992625
992174
990107
993671
994460
994719
990907
9743
991783
994685
993776
990990
990954
991168
992211
993941
9015
992504
992610
9045
9454
990033
994564
992940
9673
992881
990181
994177
991578
990233
991035
994686
990347
993076
992879
991904
993804
992602
992037
992822
9483
990626
993318
991204
994834
994831
9283
990298
993701
990701
992199
994131
9209
991560
9340
993996
991777
991480
993448
991739
992950
991793
992227
993388
993758
993221
991446
992978
992011
992109
992705
991721
9745
991999
994712
994049
992445
994595
994708
993139
994755
9624
991957
990065
994065
990587
994800
992235
992040
990709
992487
993781
991839
991112
994569
991226
994405
991332
994521
990827
74
991938
993504
992675
992640
991822
993877
992171
994677
992228
992465
992991
994277
992335
992656
992789
991811
993753
994675
993219
9077
991746
9419
994234
990504
990231
994145
990580
990088
9110
992484
993149
993097
993136
990781
990520
990737
994439
990811
991945
994994
990493
993044
991558
9774
991072
992409
990106
993183
992477
991439
990273
991962
994058
991097
990449
994292
990741
994146
993217
994628
992168
990408
994932
991907
993907
994751
993711
992466
994829
994671
993655
994103
992567
9557
990359
991405
9123
994784
994764
9252
994348
990004
992512
994138
994250
991361
991990
9767
994213
992184
990170
993280
991684
992450
992740
991575
991462
993275
990423
993700
992823
990879
994293
993235
990296
9370
994361
990343
992774
992976
991209
9466
994464
991140
9400
9450
993759
993791
994011
992621
994845
994758
994304
994125
64
991527
992852
993396
994353
9048
995000
994099
994551
993834
994918
992172
993180
991459
991926
992524
993381
9431
990554
990211
9372
993650
990732
991859
991371
994096
990461
993330
990882
990293
993572
990608
994589
993477
992045
992854
992533
992025
992555
9820
993485
993756
992863
9578
992873
990496
991796
993093
993196
994039
991448
993072
9217
991378
990753
993218
9380
991354
991180
992116
9143
994693
994504
992958
993160
992729
994868
993126
990680
990407
991468
9153
994015
992417
994153
990831
993150
992198
992605
994910
991716
991340
990826
990777
990809
990546
9216
992706
992707
992188
992154
992495
992554
994351
992029
990843
994506
992072
994354
994209
993932
993439
994733
992156
9190
991424
990873
991741
992224
991738
9355
990802
994922
990688
990551
992858
994135
993566
991679
994252
994025
992556
994456
991930
990278
992162
990131
990116
990945
992704
994120
994267
991358
994451
993171
991894
993953
993048
993762
991923
9317
993728
992593
992771
9601
994735
991614
990869
993159
9451
990782
994556
990788
992974
993466
992603
992204
990486
990010
991905
993771
990538
994916
993738
994895
990459
992200
994752
992351
993056
991595
9539
994330
991460
9708
993880
993178
992915
993456
994397
994670
993678
990169
994928
990557
992366
990775
991463
991433
992170
9706
9073
992123
993900
992519
994915
9478
992712
993945
990894
993574
994373
991189
994557
990384
990591
990857
991108
9833
991110
991477
990017
994029
994657
993673
990032
992220
993999
9410
994893
993167
992532
994884
993357
991846
994941
9628
992059
992573
992992
994084
992361
994953
993158
994647
993479
990186
990392
