994886
993713
994798
994466
992206
992201
18
994175
991870
39
993117
994960
993624
994734
994818
992505
993679
9315
992541
37
993088
994182
994606
993710
994662
993018
993260
994070
9016
42
9378
993604
994446
9356
9573
992679
993323
9368
994790
994819
36
993046
993411
993683
11
993084
991451
992748
990746
994123
993172
990309
992467
994427
993744
991937
991014
993156
993881
994731
03
990679
994811
994823
993114
9169
9226
993824
993623
994692
993601
29
994479
993958
993454
990695
992669
991842
991835
19
20
993622
40
992147
9538
990383
991176
9051
994186
994607
994222
994010
9318
992084
990939
991135
991801
990614
28
992119
994885
992924
9465
993950
992587
990310
992787
990805
35
990460
994725
993948
991872
15
41
991330
993597
992589
994433
9856
993303
994432
9080
991083
9212
990492
993308
991756
992845
993428
993768
16
991328
9799
993102
994225
994223
992744
993606
994814
993940
991064
993376
991311
991169
994518
991528
991069
9157
990723
994220
994846
992375
33
9096
990317
9834
992240
994971
990324
992336
9095
990321
990742
994388
994567
994887
991320
990331
992182
9310
990729
994810
992570
992916
993042
990236
990883
990803
994197
990137
994143
992919
991294
9225
994721
993176
993447
994880
9116
991565
992120
9087
46
992690
992842
9534
990823
994117
994450
990692
992809
9196
991970
9860
990085
994128
994051
992314
990795
990728
990682
992832
991998
993094
991530
991422
990067
9757
9182
991312
9398
990306
993199
994481
9845
991534
9520
991445
993277
992937
992817
993626
991129
991241
9759
992668
994132
991449
992586
990839
991095
990497
992689
993533
993715
990886
990657
991316
990602
990295
991581
992529
992826
991871
990326
9796
993531
991510
993949
9260
994668
991689
994843
992678
89
991965
994854
45
47
990998
993259
990462
990779
9836
992463
990801
991005
9294
9639
994847
994961
9353
992368
993140
990649
993197
44
994394
993540
990146
994080
994783
993409
990113
9379
992963
991850
990016
9641
990674
992223
991360
990585
990535
994075
9056
993190
994860
993726
24
992215
994324
994311
9688
992595
994809
994149
9308
991178
992637
990022
22
9792
992352
994824
992753
994611
990747
993987
994139
01
992246
992576
990457
990819
9154
993091
993358
990175
991338
993764
9482
992401
990643
994968
991490
992317
994411
990796
991841
992717
9702
994762
991520
992686
990959
991742
9527
994308
990475
993565
990171
993058
9456
990087
993045
992905
992262
994360
991868
994316
990140
994789
991288
992658
994278
992624
992205
993592
991287
9768
990009
993615
993118
994178
990206
9019
991345
994878
9488
994270
73
991159
994226
991802
990209
9552
991046
994430
992540
994352
991808
9574
9490
993564
993851
9221
9181
994463
991615
992124
991832
9243
992935
994332
991967
993065
30
991906
990899
991355
993402
992269
9335
9129
9664
990277
990525
9666
994246
991569
993258
993609
9177
9281
993169
993865
9876
992623
9057
991300
990997
994701
990072
990499
990210
994181
990143
994183
990389
992427
993113
990354
992975
990814
993449
992683
994528
991623
994150
990937
991279
9638
994079
991291
993405
994841
991149
993251
990804
993415
994825
993625
993385
990797
991664
993669
990320
990314
994514
993101
993866
990215
994976
993299
994516
992398
990192
992174
9741
993278
990447
9447
994493
991278
9412
992667
992185
990722
991619
991542
994791
990470
992181
991364
991136
992306
9811
43
993854
994625
993599
994228
9258
994881
990660
9716
994045
27
993081
994593
992027
991963
992308
992522
993807
992506
992926
991299
993255
994176
992864
994319
990015
9512
994247
993989
990987
991764
991690
990177
994995
990498
992643
994844
991306
990261
990311
991244
991281
994141
992276
992448
9854
9889
993115
994587
991039
994130
991231
990977
992354
9405
991644
993378
9754
990785
993270
994717
993698
994866
990212
994124
991438
993573
992468
991790
994342
990681
990471
9662
990304
993515
991303
993367
993914
991310
992158
990699
9364
990604
992176
993181
992517
993098
994329
991973
991856
991382
990313
994507
9389
991427
994030
992071
9170
993993
994429
994341
993247
991552
9877
993484
994268
994480
993325
990584
994363
991779
993714
992452
993220
990940
991356
9232
991624
993628
994121
990221
9050
991051
9017
994574
992324
994541
993718
992581
994888
993981
990575
993892
9152
992599
992148
9753
992012
990135
992238
991011
993032
990147
993311
990340
994290
990960
993983
994281
993591
9082
990006
993514
990761
991196
992661
992441
990837
994106
990685
994188
991824
994822
994635
990335
991529
994718
990917
990583
991253
990133
994805
993740
991758
991105
991947
990112
992004
993977
993869
990923
9175
993648
990003
991317
994362
990262
992342
9467
9295
991493
991081
993812
990199
991630
994280
991402
991250
990646
9227
990892
990697
991162
9304
994902
9440
992639
990465
992451
993215
17
993237
990900
990573
991908
993054
994720
993423
9554
993086
993508
991341
993864
994839
993236
9729
993920
9530
990735
992444
9046
994697
54
993375
993305
991602
990885
993837
990694
994078
990235
992868
23
991703
994111
992453
991829
993694
990201
992442
993420
9551
994334
990566
9620
9556
994356
994771
990315
991566
994303
991834
994184
994053
990512
990733
9390
993576
994857
993849
991594
994964
9657
993083
991388
9722
994563
992360
992699
9049
993634
992901
991722
993401
992455
992026
993588
994578
994947
9724
990458
9021
990128
993426
990216
990515
992183
994180
9587
994689
994605
994958
993734
990963
990388
991574
991152
990910
993241
992585
993165
994134
994416
991643
992691
9879
990942
993915
993969
991688
992217
994375
994331
991761
991523
991831
992372
9178
991509
992888
990485
9878
991334
993863
9866
992404
990125
990706
990628
990675
991553
9540
992560
9312
991155
990484
991810
9526
9373
992104
9238
990468
991571
990419
992290
9060
9426
991432
994187
991825
993494
993052
9244
993012
992247
992153
993785
9058
993229
992255
994804
990379
992319
991203
993944
9725
993709
02
990996
994006
994661
9158
990938
991240
991450
9761
990110
990367
9595
9627
993778
9497
991392
991018
993096
992322
9838
9388
990838
993158
994024
994739
12
994305
990372
992714
992626
993095
994785
994273
991271
994614
994449
992657
991821
9287
991329
9223
990061
991655
991833
990503
992177
992423
990745
992222
990513
990024
991638
9469
992337
991895
994939
992173
994474
992347
992821
992350
990426
991804
992049
993498
992403
9509
992292
9584
9508
9418
991421
9033
991141
992779
994808
993619
990297
993925
9306
991813
991526
9255
992878
994203
994067
991092
994877
9850
994948
9443
994988
990560
993145
994475
993772
991044
990993
992969
993646
994647
990178
992411
990056
991428
991815
993847
992598
994157
992607
990198
9329
990054
993334
994711
994636
992733
9011
994882
990410
991598
991556
991736
993706
992348
993883
990160
991913
994870
990334
992496
994853
992021
994826
993621
990323
992388
992630
990202
991693
992951
9674
990352
991351
993146
83
993200
9449
993227
990712
990821
990678
9855
990873
993668
991584
992620
990915
990914
9237
993919
991838
994086
993537
993471
993722
990983
990028
9851
994875
994014
990726
994384
9643
991349
994021
992042
991778
991891
990358
990605
991059
990669
994185
991473
991286
9589
991843
990616
994291
994767
993684
994908
57
992239
990598
992688
990349
990318
991599
991429
990734
992662
994302
991980
993605
990330
994417
991586
9518
990862
9869
991085
992634
994664
993520
9561
9495
992073
993645
9636
992390
990115
994729
990926
991886
990077
991395
9131
992437
26
990817
9246
994094
991606
994286
990500
992534
9569
9386
9844
991144
9103
991010
991866
994531
992865
994840
990186
994296
65
992086
9842
993100
992612
990903
990377
992024
993087
993822
990103
34
994050
9812
994553
990514
990748
994615
991718
992757
9730
9125
994512
992825
991484
990529
993968
993760
993078
992857
994552
990153
991348
993372
991625
992677
991489
992268
992801
992775
9749
992525
993583
994652
994476
9679
992739
990180
994815
994256
992816
9521
992696
994423
992907
990516
9783
992260
991239
991789
994679
993967
990564
991633
994371
994672
992164
990478
990558
993998
993995
993754
993644
994489
993856
993662
991206
990961
994676
992006
994921
990013
9402
993618
993302
991487
990432
991214
992929
994925
991532
991812
993408
9821
991002
993935
992061
993148
990638
992998
992600
994190
994972
992741
990866
993639
992720
994119
993725
993947
990764
993321
9874
992890
993119
993373
991232
992670
992054
993550
993627
993702
992745
993544
994562
990639
990698
9717
991691
993689
994660
994969
994517
991298
991954
992766
9555
9798
9392
994038
992663
992606
9245
994631
9350
995009
992880
990007
990505
992851
990962
994813
992407
994970
993434
992476
991727
993926
991435
994588
990357
993122
990047
994467
990401
9563
993723
993918
991208
994727
990482
990274
991280
993194
9352
991674
990058
993518
994364
992609
992282
994859
990908
992810
990042
992622
991447
991517
991111
9240
990624
994544
992257
994269
990023
994454
992903
991372
990286
991467
992490
994033
992580
993774
991366
992936
994909
992489
990155
994836
994409
994639
991600
994370
992619
990568
994048
993616
9614
993835
993693
9342
991968
993055
991475
991413
993213
992804
992618
990034
992866
991880
990165
993800
993821
994511
992264
9224
994930
993121
994920
994318
9407
992786
990539
991513
990184
990381
990687
9748
992258
990724
990570
994992
990299
994837
990633
991837
990427
994142
993188
993352
9804
991562
9188
991538
991113
991215
9881
9704
990454
992395
9098
994950
991158
994658
993600
992718
994155
993620
992244
990631
9872
990636
991729
9611
990522
994452
993938
991601
991396
990800
993326
992747
992139
994792
991367
9075
990957
991613
993975
990620
9793
993905
9458
9726
994549
9275
991313
994282
991038
994904
993976
990438
991994
993982
993175
994485
991865
992583
992365
994559
991988
991412
990392
990655
9808
993031
992518
9319
990132
994747
991516
992685
994300
991219
991411
9197
994543
992008
991274
994260
990226
59
992782
993959
994777
990188
993682
994698
991501
993422
991620
993331
991078
991419
991864
9803
994609
992756
993525
9862
994585
993306
994991
992803
9502
994852
994172
991921
993125
992788
992946
991845
991295
992243
993994
992562
993930
993534
993400
9176
9863
991363
990969
990877
992548
9537
991714
991314
992349
9618
991885
994849
994312
992698
990257
9247
9341
9309
994255
990081
990083
990204
9535
992592
990989
9397
992591
991365
994716
994532
990413
990789
991481
990421
992543
9102
990308
991485
993460
993470
994244
991800
993879
993216
994582
990196
991154
992828
992955
9769
994060
9349
9687
991118
992912
994954
9155
994326
991043
992297
994032
994059
992872
991819
993185
993692
994076
990608
990038
990754
991245
993003
991040
994349
993504
994525
991590
992380
993555
990139
9489
9233
994112
9762
990435
994630
990117
994327
993699
991710
992088
990792
994251
993453
9887
993717
992671
994856
993502
9160
994644
994378
990982
993338
991916
990142
9599
9714
990856
992101
993656
990026
994723
994193
993080
993025
993766
990530
992582
992133
993432
992850
992991
994122
994314
992010
990928
9689
994470
992296
990127
993979
993691
991827
993667
993079
991198
991179
992536
992157
990769
990859
993871
991851
9715
09
990356
993393
994148
990228
990390
992161
993927
993445
994057
990541
991098
994082
992516
991224
994876
991518
991785
992131
990425
993924
9542
994008
991147
992002
991795
990836
9218
991160
993631
992378
992966
993827
992942
994601
994202
9751
9746
990707
990029
991471
991753
991049
991257
990068
993705
991441
994100
990136
990749
990433
991521
994001
992436
992967
992431
992520
991017
993011
991960
992743
990841
993563
990156
990888
991052
9882
9159
990241
993482
993737
991016
991719
993037
994737
993528
990322
994435
991685
994705
991915
9501
991658
990644
9580
993038
993585
9432
992399
993138
991547
9493
993263
993110
992957
992117
993019
9003
992325
992680
992428
993013
991227
991896
990848
994865
992925
993798
991053
994472
990138
9366
992837
9092
991138
9041
991577
993295
993365
993276
993833
990654
9827
990731
9541
991888
991583
993862
992666
992358
991322
993348
990252
990901
9149
993575
994586
9656
993206
990641
990964
994490
990686
9446
991653
994654
993852
994781
9314
994023
991403
9172
994201
9880
992846
992062
994756
49
9678
992064
992122
993911
9408
993294
994712
990079
9847
990488
993632
991996
991568
9141
994441
992093
990254
991236
990217
993062
993116
990041
991119
991983
993370
9135
990037
991335
992367
9892
9711
991782
990486
994301
992461
991654
991296
993212
990126
990305
991028
990474
9005
993829
991269
9055
990430
992307
991912
990738
993809
9395
993289
993389
9028
993612
992578
9422
990099
991978
993361
993458
990986
990870
990255
993568
992009
991323
990370
992896
992464
9311
990069
992497
9031
994890
994315
994643
992111
992315
991400
993560
58
994542
994440
994754
994263
991770
992754
991762
993437
9775
993686
994147
993282
994488
994524
993973
9713
9586
992900
21
991464
9375
993529
991084
991379
991543
993242
994569
992052
990950
991047
992302
990927
991442
992469
991211
992376
9750
990020
992456
9437
82
990784
9698
9290
994978
992673
993315
991611
994276
994973
994979
992839
994275
991437
9097
993757
994722
992237
991251
993485
9517
994377
990956
990479
994271
994502
994989
991559
994310
992180
993589
990759
994690
990339
991029
992377
993562
994437
9606
991652
9500
9271
993154
990222
992701
993127
991662
991617
9288
9361
994827
993210
991536
994412
61
994590
9733
992166
9280
990281
991588
991008
990677
990239
993441
991847
993638
9631
993917
990145
990757
991823
990452
991418
9566
992356
991940
993342
991769
993230
990250
990663
9207
992440
992028
9623
9653
993602
991454
992479
9806
992531
993202
994946
992018
993173
993965
990366
993412
9660
9871
993836
992510
994401
993205
993817
991030
990612
992130
993532
990176
994054
992128
992982
9474
994982
9791
994156
990368
992812
993736
991854
994602
992163
991121
68
994309
9406
9779
994864
990696
994306
994307
9766
993850
991680
990645
993590
9592
992934
992095
992921
990702
993730
990040
991067
9692
991318
9259
9840
992502
993469
993133
992149
9144
990287
9385
991867
991628
994383
9423
9399
990553
991631
991681
992995
992597
994782
9625
990048
994104
994923
990258
9091
991724
993448
994323
994191
994530
992271
994391
991068
72
992230
994335
9583
9195
991193
992019
990531
00
991032
990832
991182
991531
990105
992647
9137
990230
991927
994986
992374
993332
993746
993554
9210
08
990364
990053
990934
991704
994065
994478
993861
993633
992604
993966
990025
992648
992494
991305
9829
994042
993697
994724
994403
992613
990774
992726
990376
77
994125
994200
993867
992731
993035
992046
993424
994031
993467
993642
991103
990704
992335
994554
991260
992811
992538
992884
994965
81
992175
9289
992402
993015
990799
992190
990329
993661
992990
9784
993104
9525
991903
993674
994499
992814
993067
991143
994007
9825
993681
9360
991172
992017
9668
994501
990881
9293
991139
990059
994085
994497
9194
992341
9445
991071
9365
994027
994381
990897
994612
992135
990855
992638
994365
990052
991194
990536
992447
992142
990610
991551
991902
994069
992060
990527
993430
990634
994266
992777
991440
993034
9413
991022
990418
990345
994063
990755
991593
994420
991621
993253
9394
994152
992970
992965
993978
9025
991065
991914
990200
994526
993770
991381
9156
993060
990164
994726
992353
992752
992927
991678
994610
994623
9484
991763
991773
991698
994116
14
9731
990477
992798
991961
992294
990259
994651
991751
994770
994730
993828
994938
992160
993611
9790
9006
993162
991512
990930
991213
993399
991495
994380
990933
991830
991086
9895
9203
993433
994044
991576
9547
9127
9038
992762
994736
991807
9742
990446
9204
990613
990829
9384
990402
9338
60
990716
991503
994744
9062
994850
992389
990510
9672
994597
9301
993474
993465
9171
994763
991221
994036
990828
994580
9752
991000
993513
993257
992806
990891
993795
9187
994238
9343
9206
992761
992914
991884
992972
993598
991982
992793
993997
994294
991874
994003
991309
992364
991375
994579
993843
993596
990298
994261
992074
991951
992432
9857
992728
991238
993374
993047
991546
9802
992611
9168
9712
992894
991061
991645
992985
9763
991748
9658
994539
990978
9241
992660
991284
990651
992065
992737
9414
992031
990847
990091
993984
991474
993823
9637
994620
991252
991919
990730
990893
991339
994196
992922
991826
994894
994107
9261
9430
993922
990635
990648
994695
994325
991848
991153
9424
990060
9278
992855
991537
990035
9805
992875
9053
9332
992651
991750
994469
992209
992044
992870
992265
993643
992981
994833
992323
994487
993848
994929
994949
993443
993379
991869
994367
994313
994322
991430
993364
990353
991708
993486
990947
990768
993524
9459
991042
992155
9321
994422
994985
9560
992000
990852
994017
993170
994506
992909
992552
990756
994699
994624
991164
992214
994208
991700
991696
990102
990555
990325
993238
9545
990386
991767
991185
992644
994879
992759
9570
993841
994774
992553
993090
990371
993068
990071
990752
992848
9532
9736
991434
993873
990301
990141
991326
991033
990124
994710
993414
9609
9272
993248
990093
990219
992794
991616
992654
992986
993934
994382
994963
991472
993092
9734
994990
990941
994945
992383
990406
991933
991747
990666
990394
993108
990791
9622
9894
993008
994696
993556
992641
9676
993085
991797
991701
9279
9884
993855
990637
991987
993971
991627
9150
9616
993974
994851
993143
992989
9661
993002
994649
991431
9039
9180
993675
993487
991519
9699
9094
992867
992108
9183
992357
992710
990247
992608
993680
994703
9764
992438
992765
9090
990162
990084
991893
990807
993784
992125
994253
991650
993390
992999
994748
990090
990690
991494
994163
990611
991591
992734
993268
994513
991050
994011
993322
9367
993690
993371
9249
990448
992334
990194
9582
994002
993327
990693
991918
994239
990571
991657
9339
993391
993641
992284
993732
9235
993687
990537
992876
990333
993300
9503
993353
990096
992650
993921
991717
994385
9608
993745
993493
990667
9617
990431
993891
994566
993231
992923
990451
50
993329
994062
990665
991499
994618
991649
991063
990442
994114
990266
992082
990443
990043
993640
9727
993957
994413
992371
9640
992913
993451
9044
992515
991929
993131
993128
992089
990268
9654
992048
994898
993526
992481
990445
9111
9128
992381
991941
991665
994901
991934
990046
993189
994934
991026
991545
9201
992232
9562
992713
63
994093
992311
9106
990403
992178
994395
992301
993942
993889
9251
9859
9597
993936
9253
994258
990439
991743
993951
9634
994515
9814
992751
993553
992629
994236
991931
991195
992943
991020
9208
992266
994465
9262
992023
9481
9813
994533
991220
992932
993577
991952
991711
990556
991507
993163
990905
994645
9285
994897
990658
991969
992413
990943
994715
994907
992796
992167
9035
992508
9052
993547
993341
993844
992013
993030
990214
9409
9771
9719
993908
994835
9697
992370
992248
992797
991009
994129
990191
993124
991256
991074
994787
993630
991612
991210
990002
991285
994328
9167
993431
993309
993016
992305
991191
992471
991003
9045
9269
9480
992763
9286
992192
994168
9705
991015
990935
990765
991554
990270
993761
992293
991161
994426
992979
991275
992910
9649
994956
990179
992755
992216
991001
992254
992329
992764
990727
994068
994577
992345
9868
992483
993775
993660
990467
993961
994216
994570
990758
994867
993789
991099
993878
994000
990919
9504
9536
992110
991514
994444
991452
990483
9629
993787
990019
994418
992327
994136
9254
992899
994257
990453
994944
993794
9755
52
993805
69
992509
993349
994498
9101
991670
991368
994779
992964
991814
9381
990055
9471
993473
993519
993815
9401
991096
9720
9523
9703
993923
993716
994913
991163
992807
991386
993312
992514
9434
991229
992140
992472
992945
993496
9132
993708
993811
9487
991971
993261
9064
9695
993191
991202
993198
9861
993264
992805
991262
993383
993970
991177
9427
994687
995000
9040
993819
9873
994338
990144
9683
994604
991321
994702
990380
994732
994333
992785
991057
990302
9199
991803
994337
991264
990289
993382
990256
994803
992530
992938
9652
992859
993846
990798
990120
9448
992132
994626
9009
993211
990218
993899
9142
993179
993539
993992
992415
990925
993184
994780
993972
992338
994285
9559
993748
991646
9789
993286
993074
992891
991183
994217
993808
994473
990237
993489
9568
9296
994955
990264
994443
9602
991230
990860
991343
994012
993077
9088
991500
9214
992075
994221
9800
990152
992229
993207
994369
991858
992642
9832
994641
994477
9531
9189
990224
994834
991228
992418
993536
992016
990227
992709
994368
992287
994772
9036
992968
9179
993962
9575
991205
994653
990436
991806
990863
994241
994232
9886
994212
993773
994245
993476
993510
994028
991132
990840
992588
992853
991216
992127
990182
9824
9121
990625
994674
993225
992077
992475
990647
990157
990813
9063
993659
991420
991768
994966
992908
993859
991774
993240
990683
994406
994683
990523
990123
992281
993651
991989
990672
990173
992792
9163
990487
990075
990036
990398
9079
991986
994646
990622
993028
993939
9682
993985
992426
991597
991786
992102
9270
991276
992895
990532
992050
993735
9067
992146
9119
9383
992078
990187
991948
9263
9124
993603
994233
994797
994019
9496
994491
992682
9680
994975
993516
993868
992079
994619
991979
992930
991225
990874
991401
992137
992328
991713
994656
991362
993511
991875
991683
992760
9700
993293
9870
992898
993274
992189
994404
992528
994743
992256
993335
990711
993497
993314
992750
991943
992193
994399
9348
993316
992977
991972
990867
991651
990845
993481
993654
994224
990118
9744
991953
994026
992245
990609
990858
991582
990673
9610
993636
994340
990011
994105
9069
990271
992738
9351
994616
991292
994424
994795
991882
991671
994492
990889
991946
994984
13
9642
990552
990360
994379
994262
992636
990416
993614
992208
991223
71
990743
9853
994414
991840
994892
994160
992233
991259
991055
992090
990601
9897
994599
993488
993023
993845
994376
990528
991142
993155
994778
991426
994806
993685
993491
87
992655
991502
9787
991849
994535
993049
990121
991385
992168
990929
990652
9305
990599
9604
991974
991771
9567
993580
991393
9760
9777
993022
9522
9455
992405
990572
993040
992210
991391
994110
991637
991128
990992
990018
992933
990579
993860
991857
993417
993343
994072
995005
992735
991021
9899
991589
9677
990291
991676
994118
993991
993582
992799
991922
990835
994482
993187
991054
994650
991307
9371
991137
990476
991604
9433
992983
990246
990948
993050
9740
990773
992693
992092
994682
993506
990130
9403
992099
993876
991626
994899
993777
991999
993339
994738
9202
991981
993421
990890
990559
992221
9650
994484
994297
992312
992833
993014
993106
992126
992252
990213
991975
994745
990909
992758
990307
991102
9034
991070
992069
992931
994434
992653
993009
993105
991873
991737
9133
992849
992118
991417
991023
990288
993112
994170
9108
992987
9732
993567
990472
990577
990434
991686
993551
993838
993304
994264
992579
9425
86
990970
991730
9027
994468
992382
990001
991333
993403
994987
992288
994675
994749
990548
990249
990623
9577
990346
9396
992449
991217
992539
993313
993057
992277
990044
994389
993226
992498
9543
991570
994598
994632
990710
992278
994083
991760
990104
990576
991025
9374
993141
992791
990720
993896
9846
993193
994447
994344
9785
994706
9415
9544
993902
990424
993398
991037
991187
990169
992207
991687
991555
990944
990409
9421
9765
990341
994064
992420
9721
992584
992435
991233
9515
9810
992298
9230
993107
994462
991301
993419
991331
992879
993780
992892
80
991784
991470
990163
994284
991482
992614
993368
991720
990260
9550
994889
990878
9043
992700
995008
9065
991483
991173
994486
994832
990896
85
991853
992808
992947
990767
9277
991190
994272
990902
9276
992191
991466
992499
990166
991258
991541
992103
992152
990597
992830
992477
994101
994765
9105
990865
9444
992847
9358
994402
9588
992902
992772
994173
993029
993073
994194
992834
991048
992491
992732
9273
991707
9888
993501
991799
992454
991293
994684
993595
995002
9579
994214
991775
993830
993512
993875
994410
9282
990818
994522
993407
9083
993380
9086
992838
993152
992843
990913
9362
992113
9325
990278
991457
9675
991171
990491
994457
992020
9710
79
994146
991397
991892
993572
991561
994874
993459
993010
994680
994259
992203
9875
994113
990272
992003
992486
9684
991755
994576
990397
991809
990931
990399
990705
56
992962
992030
992959
990592
990547
993254
994568
9047
993897
990161
993696
992195
992749
993436
990615
994663
992861
992273
991094
9809
992433
992633
993109
994037
994144
990395
991844
994547
991935
991019
9327
991120
9013
993505
9066
9122
990172
992134
991709
994769
993523
9865
993463
67
9299
992094
994713
994043
991728
990629
992326
992197
990244
994428
991265
994077
991860
994161
993688
992944
991409
993608
992416
990344
992330
995007
992202
993558
993658
9737
993909
992820
990999
993929
993672
991007
991636
993144
9571
990495
991282
993571
9529
994891
9054
991131
993888
993928
990414
994345
993652
9841
993507
9633
990640
993262
994796
993284
9815
991634
993765
993825
990952
991925
993351
992080
992385
991757
990876
993769
9071
994205
993545
9898
990350
990012
991041
993070
9438
992889
991080
9185
9472
992869
992561
994242
992513
991548
992776
994073
992487
9266
993810
990073
991104
990336
994993
993099
990456
994714
9564
994903
994816
994974
9274
991677
9089
991425
9773
991148
9593
991839
994536
994545
992742
992261
990057
992144
994603
991091
990618
993816
991465
9463
9491
9211
9076
993233
9669
991642
991327
990976
990240
992740
994911
990078
9867
992318
992011
991695
9303
993130
992920
992346
993840
990051
993960
993204
993464
990594
993120
9594
990518
9607
994773
992831
992652
994189
993943
990098
992241
994092
994655
990916
990884
9007
991476
992457
992462
993404
992724
993446
9000
990223
992874
992043
991107
994020
990074
9139
993677
993792
994347
993291
991357
990092
9068
992659
994109
994035
992984
990918
992231
992780
9411
9462
990603
9313
994431
991453
992129
9506
994584
990766
990450
993344
990988
994097
10
992715
993142
991618
992391
991641
992474
994458
993135
992480
993712
990378
994681
993288
993384
9213
990342
994523
992105
992628
991207
990507
990684
993813
9334
990581
994230
992106
993357
991723
990549
9165
9331
993319
9382
992569
994199
991492
993468
992815
993870
991907
992057
993285
994591
9417
991127
990971
992063
991090
991964
994231
994871
992640
992236
991384
992478
990783
994361
992212
990968
9453
990396
990904
990955
991917
992730
993877
991740
994802
993613
9460
990587
991115
993933
990501
990466
993495
991212
994207
9416
994015
991749
991539
993093
9701
994759
993916
992417
992939
992446
994215
9404
992800
990562
9576
9693
993266
9696
994350
993964
994872
990868
993320
993103
990062
993731
994548
990045
993492
990671
993137
994906
990932
990415
9114
990387
992773
991985
9514
992687
9572
993356
991458
993324
992015
993557
992393
990776
991752
994013
991609
992521
994799
991390
994055
993552
994957
991189
9758
991332
992665
994828
9548
992871
9718
994204
992170
994980
991726
990815
9818
990922
994074
9475
992954
9205
991861
993425
992824
990542
993244
991272
992035
994372
990242
992485
993082
990753
991632
992242
991881
991125
9429
991505
993224
990808
993753
992070
992711
993937
992072
994392
994091
994540
991192
992055
9807
991456
9507
9745
994234
62
990709
992572
994366
993051
990369
991759
992379
9145
993786
9646
992226
9831
991522
992953
994981
994135
991380
9486
991267
990429
990327
991936
9723
9322
990871
9483
991114
994529
990985
991675
994573
994016
990412
9200
991909
992421
994359
9147
993151
9265
994071
990328
991977
9023
990879
9464
992492
9330
992564
993664
992482
991394
990936
993214
992085
990362
993842
994164
993069
990365
9630
990668
994154
990185
9435
992097
992767
990567
9010
9250
992601
992068
994066
992632
991596
991739
993793
991733
993317
991682
992274
990689
994040
994108
9118
994914
992493
994198
9843
993906
9883
990664
993290
992459
9234
990946
994583
993629
9510
991150
991889
04
990408
9605
992783
992037
994924
993345
990619
994937
990966
991661
993749
991117
9077
9849
993802
990846
994673
9772
993490
990662
993546
9648
992076
992309
991407
993129
992286
9817
991180
994766
994390
991369
990949
9473
9671
990744
991237
994838
994527
990544
991235
84
992535
993222
994483
992882
993931
993912
993053
992625
993075
992359
994746
993956
992387
990588
991270
9012
994448
993988
9022
992542
994556
990875
9074
993450
993279
9291
991828
9084
992251
994942
993256
992083
992721
991087
990417
9837
9513
992610
9786
992270
993729
992952
994171
9828
9242
992211
990332
991959
991549
990967
991350
994551
991283
9359
9681
993647
993249
994627
993337
991342
992708
990481
9553
994893
992143
994821
993832
991640
992333
994558
991659
994617
993903
994393
993318
993839
990347
993406
991944
993963
994740
9528
991932
992488
990158
994495
994830
990269
992993
990794
991184
992458
990082
9186
991942
9020
991950
9896
994862
990021
991486
992883
991702
990080
990524
991666
9647
993955
993333
990554
991248
993039
990234
993904
990653
993779
993946
9302
991076
993377
9613
9130
994102
991337
993831
9709
992906
992289
9735
992860
993853
990954
993203
9024
9852
992836
991697
9498
994633
994677
992918
990586
9109
992392
994640
991325
991984
992443
993097
992056
994254
992840
994126
991910
993872
990400
993354
993721
991706
991766
990920
9581
992267
992430
992186
991031
9093
990589
994943
990122
990715
9524
993004
992109
9283
990086
992656
994400
9644
992789
991146
9078
9008
994265
991629
990787
994099
993192
9858
990842
992250
9257
992563
990151
990543
990981
994455
9645
991564
9667
993033
994459
992692
992746
994508
992355
994642
990741
990148
9690
993340
990834
993655
9439
992819
992928
9663
992904
990275
993177
993296
990812
9340
992694
992470
993416
991578
9337
990282
993739
990854
9452
992198
991993
9635
993707
992096
990656
993527
992795
9014
992781
993478
990864
75
992220
993435
994274
994861
993150
994728
993252
9691
9739
994869
990770
993281
990455
990912
991949
993886
993243
994206
991592
9743
992204
994534
993543
994374
994237
51
993061
9565
993549
994494
994510
74
993209
993579
990348
993071
992877
992145
994900
9300
993882
991669
991992
990526
993395
991610
991585
991254
993132
992559
992169
993522
992036
993232
9549
991579
993804
9061
991414
994638
992646
993350
993043
992645
991389
991376
994845
9655
9100
992138
991167
993366
993174
994500
990596
994471
993806
48
990232
9819
991478
993763
992386
9891
991289
991890
991448
992736
991045
992917
993759
9420
991862
993157
993265
990496
994931
994786
994896
991089
994883
992291
993076
994917
992001
991997
993913
990853
9107
991404
994751
994648
991174
993064
992719
990593
990030
991805
9284
9037
994936
992827
993752
994951
993271
992396
990606
990267
994935
992722
993932
990437
992051
9018
993292
9820
992219
9470
9454
994622
9485
991721
990095
993885
994415
9193
990174
991242
991603
993741
991075
992196
991446
992275
9072
993066
991920
992172
991745
991243
76
994817
994049
990661
990700
993695
994999
994451
990780
992681
994768
992397
992179
993362
9600
993952
992259
992676
990480
991263
994034
990189
991772
990027
991246
993280
993397
9885
994408
994407
9345
990561
994793
9400
9229
992310
990273
994211
993462
991444
994753
991359
9603
991776
991273
9059
990280
992283
993733
990980
991879
994419
993388
9002
990351
994046
9292
994550
9659
993186
993570
994240
991525
990974
994453
991765
9624
993561
992213
992047
992313
990109
991197
990508
994613
990183
994442
990385
992107
994396
991656
991406
994962
991668
991995
993355
9004
9494
994659
990650
991463
990195
992053
991605
991667
990600
9670
994343
994436
990621
990000
992304
992557
991268
990355
994354
994708
994277
991731
993394
994289
994997
993007
993663
9585
990973
9539
992729
9830
993234
991924
990004
992823
990300
991911
993887
991635
991370
994694
991109
994279
990154
994546
992988
993223
991387
991469
993218
992551
993479
993803
990014
992408
991508
994537
991976
991126
990294
991319
9835
990203
990627
993182
990405
991308
990965
990097
994503
992263
993020
991423
992115
9215
993893
990844
990895
994637
9198
991524
991066
9591
991056
991956
991876
994299
990809
992412
990642
990285
991660
990984
993298
993578
994560
992615
991607
9519
994932
991073
9146
9297
991787
990763
992419
9619
992545
9219
992087
993666
992187
991277
990790
990517
991863
990039
994742
993228
991116
993788
992316
993874
991004
990005
9228
9770
991673
992546
9354
992136
991399
9492
991480
994022
992684
993147
9778
990490
992414
993392
990293
991290
994298
994801
9184
990149
990951
993168
9326
991878
992829
991378
994600
994571
991302
991735
990134
990737
993063
994581
994174
994461
990193
994794
993159
992249
990578
991663
994089
993758
9231
991672
992511
990898
990760
990869
990811
9686
990778
991346
990762
991540
70
992844
991506
994873
9030
994133
9626
992022
994678
992373
993369
990337
9816
992672
993509
990563
993386
990088
993635
993858
990231
991186
994140
994227
992971
991133
9479
994218
9393
994707
990574
990167
993005
990830
991122
990100
994179
993275
9511
991991
992664
9112
992556
990882
9120
9839
993637
9369
990546
994192
993017
991304
991754
993480
991058
994210
994088
9032
990420
993941
9148
991024
992784
992038
990921
9346
992303
990489
990751
9153
993542
991966
991416
990850
994052
9026
990990
991106
992790
990131
992340
992778
9780
993954
992039
994004
991353
992434
990031
991093
990995
993610
990617
991648
994229
994061
992994
994213
994927
9236
992029
994685
9598
991027
992363
993799
994243
993503
9222
990872
993996
9001
991060
991374
9126
994910
991622
992066
991883
994807
993650
994688
993755
990630
994421
993559
990632
991226
990569
994933
9461
994195
9442
994283
994317
9590
9823
992285
992973
994741
994087
9209
994438
994998
990114
994596
992533
991222
9136
994056
992697
991741
994912
9048
9795
991410
992300
994926
990225
994355
992112
992813
9104
994940
991898
06
994081
990670
9220
991573
990361
991855
991705
992332
990190
992616
990786
994996
993201
993001
994608
993890
991734
991461
990170
992384
9267
990827
991491
992887
992802
991324
992272
9685
992159
992835
991608
990063
993711
9162
66
991377
990719
9499
9665
992473
55
990880
990713
993036
993457
992602
993548
990290
992897
994047
993297
992978
994704
990248
9801
994842
993782
991877
990736
9151
9140
991036
992422
990825
994761
994248
992725
9738
994565
9826
9164
993336
990493
991072
994509
994855
990739
991266
992911
992893
9113
990590
990521
9307
991887
991079
05
9767
992406
990463
9651
9756
994145
992034
990545
994439
991836
993790
993767
991781
990958
993894
990714
990373
992040
990533
992523
990150
992165
990279
994287
990159
990861
994764
990243
994977
992574
992841
994496
9794
991958
991383
994005
990229
994169
993743
992703
991156
990740
992635
992675
9694
990771
992695
992400
991123
994820
993500
993164
993245
991496
992425
992116
9070
993269
992351
993670
9099
9476
992045
994018
9173
990129
990070
994177
992727
992007
990101
995003
993901
993751
990422
990208
991344
9117
993607
9441
993134
992194
990253
990108
990375
993026
993221
9391
991572
991234
9138
9864
992863
993990
994386
994098
994666
991816
992768
993665
9612
9347
991199
991498
994952
993475
993719
994700
990717
991151
992547
991443
990502
990534
990440
990303
992961
992500
992504
994346
990979
990393
994103
991544
990887
992200
994667
991035
994235
9323
991436
991101
991165
992702
992429
9377
994137
992705
994151
991515
992025
78
991699
994686
992544
992886
993307
9477
994788
992465
992769
994629
992577
992344
990220
994719
993535
991261
53
990565
994634
991712
990251
992590
993410
992550
991587
990106
993217
994538
993455
9166
994750
992526
992818
991928
991347
993059
993347
9372
993161
993657
991088
9450
9505
993703
991732
993139
990064
993429
992524
991788
990276
994760
9357
992151
990708
993826
990407
993027
9217
991811
994520
993219
990374
993359
9457
992596
991352
991900
990116
9081
994671
991817
990772
992915
992716
993584
993048
990975
991793
9344
992495
9596
9264
993617
992409
990181
994983
992885
991013
992501
994868
992032
993089
9673
993530
991034
991460
992299
990591
991062
994398
994863
994621
993649
9615
993676
990793
990197
993783
994555
9387
990806
9428
990283
993239
994162
992321
993041
990659
990469
993250
991082
992617
994905
9621
992280
990245
990849
993310
991077
993000
990511
991373
992081
993273
991957
993044
990404
990391
990411
9822
9533
990580
992228
9781
994884
990076
992098
9632
991112
993880
993387
991134
991780
993898
9546
995006
994267
990459
993910
992199
992227
994928
992150
993517
992621
991405
992852
991415
993006
992571
990265
991218
990972
990119
992941
994096
9134
993024
991209
993442
993801
992234
993427
9239
990557
992527
993538
9317
994321
993363
992974
992996
991639
993483
992235
990732
992014
992466
991315
991358
992253
992960
9890
9468
994095
993587
994456
992445
991188
994209
994505
991777
990725
991744
991822
07
993704
993287
991563
9115
992649
991791
990263
994320
993594
9029
9707
992439
990994
990540
991535
990777
9316
995004
991962
990810
9252
994858
991746
994058
993123
993521
993728
9298
991297
993330
9451
994595
990520
991926
994445
991145
994288
993267
9324
991166
994292
992114
991455
9363
993569
991558
991550
994159
990824
993700
991945
990494
991684
994561
991818
991433
992410
993466
9110
990788
992558
990065
992568
994919
992956
994295
9558
994460
991939
990107
994800
991100
994594
991459
995001
992712
992460
991157
990504
991181
9085
993153
991692
9370
9320
992331
992949
992575
992339
990991
992555
994967
990911
993272
993472
994757
9191
992507
993452
990551
991905
990207
993461
992033
993208
994158
992091
990953
991533
993720
9192
992770
990538
9788
990050
991798
990822
994669
990816
991504
993541
993581
992394
991479
994776
994353
994922
991398
994025
990449
990312
993178
993750
9578
992424
993814
990382
994941
993328
990506
993980
993136
992041
990464
9161
994009
991567
992549
991497
992627
990831
992362
990284
992279
993166
990833
991792
991580
990703
9516
991124
990750
990008
994304
993797
994895
990721
991715
994775
993413
991488
991201
992121
993771
994994
991097
9893
9557
992873
990010
993742
993747
991477
9776
992100
994504
991738
993834
992631
9774
994589
992503
991249
992224
990851
990781
9466
994115
992567
993820
991336
9268
990595
993360
992554
993818
9248
990049
992723
992537
993499
993160
9782
990033
992997
990441
9336
990094
993072
991204
9797
991716
990111
994755
993574
9333
993673
9123
994249
64
991901
993884
991012
991255
991439
991354
990857
994252
992976
990820
993724
990688
990607
994348
990428
990473
993907
993781
9143
992594
991899
991511
992162
994039
991108
994657
993167
990089
992123
9174
992565
990626
994167
9708
994425
993438
994735
993396
991796
991462
991894
994153
992948
990359
992856
994575
990205
994665
990066
992058
993857
992141
993180
992005
992343
992218
9848
993440
991557
991130
991170
991200
994138
991424
990924
990519
992171
990782
990296
991930
992320
990238
992184
994831
9380
992958
991247
994564
993439
993456
993056
994219
9431
994691
994519
994628
9355
9706
992519
993653
990233
994127
994709
993195
994784
994758
991527
994090
990168
9015
994916
993346
994165
994693
992225
994120
994041
9376
990363
992980
993418
992858
993021
991846
993381
992450
991938
992881
990550
993986
992295
993701
9256
991820
994592
991859
994358
990907
990701
992484
990945
994166
994357
992154
993283
993953
993183
994557
9042
994915
992704
993126
993593
990338
991340
990718
992774
991794
9436
991647
991361
993678
994029
993149
992862
993477
994250
994405
991468
990316
990906
992940
990509
993171
991923
994351
994330
9728
990826
990384
994464
994572
990211
993756
993738
990423
994670
992067
991679
991175
993444
9747
992188
992566
9419
993235
9833
992854
994752
994918
88
991110
994959
9216
990444
992573
991694
993945
993111
993895
990843
992950
990319
993727
991783
994293
993900
993999
9478
990676
991371
991140
993566
993776
994397
9601
992369
992822
993671
992512
993762
992532
994829
9628
993246
990691
992593
990894
994521
990775
991006
990802
994733
992156
994373
992603
991955
992771
990343
990680
9328
993791
992707
993196
991168
991595
991725
991904
990017
992361
990582
994084
992674
991897
991852
991614
990461
992059
991990
9410
9190
990032
992706
992366
994131
992992
991575
992605
994953
9073
991560
993796
991408
990292
994387
