991798
993679
993117
994182
993624
9315
18
994175
991870
992505
992748
39
994606
9573
992201
994734
37
991451
993172
9368
990746
993260
991835
993411
9016
9378
993454
994790
992541
994446
991014
993114
993088
993958
990310
991135
993018
993623
29
993683
993710
994662
993824
993744
993323
994479
991176
994823
993764
993156
42
15
994427
991842
36
994960
994819
990383
9538
9356
994433
991801
9318
992845
9080
991330
9465
994692
993622
992787
993428
11
28
992375
994010
9051
35
992119
994123
994887
991311
993102
992240
992589
990492
993046
993084
993768
994051
992147
990805
991169
994971
9796
9226
994731
992669
9757
992467
994518
992919
9308
9834
992587
993376
9177
994721
994818
9169
991937
993597
991872
994810
993308
990657
991449
991083
990317
19
994222
993303
993866
992679
993940
994814
990295
994885
9196
992817
993277
994847
993199
993626
40
992269
990236
993564
9096
992570
992809
991069
994225
994607
990883
990602
993604
990309
994226
993881
994882
992753
9157
992744
991756
992689
990939
993042
9534
991312
990742
990614
990326
991316
990728
990679
990795
994128
990723
994880
994388
992463
03
993270
992120
994070
990085
9860
9845
993950
993606
990331
46
991445
990803
990324
9212
993140
993176
991565
990460
992924
994143
992690
994811
991241
994186
991530
991320
9759
990695
9379
992314
992215
9095
994878
9856
9488
9398
993197
994514
994197
994178
994968
990823
990899
990015
9087
993113
9799
991534
990209
9641
990886
991341
990779
994961
992529
9310
993115
991360
992401
990171
993190
994139
9225
994846
990016
992336
9294
9490
991841
9574
990585
994841
990277
991998
994075
990457
994311
44
991850
34
990682
990321
993531
9556
994220
991965
991064
9639
994432
992916
993259
990113
994079
992084
991294
990462
993405
990465
990137
992262
990067
991594
990747
990987
990643
990087
990804
9552
992566
990146
991871
9792
990722
991288
9482
994844
994360
990306
991328
994450
991306
991162
992182
994860
993601
9702
992586
992468
991528
990819
993409
992506
9666
990998
990133
992825
991345
992937
992826
993091
9753
991689
994352
991300
991149
9181
994430
992678
990022
991510
993851
993278
994117
992124
9638
991868
991906
991178
994824
993118
994316
992668
991581
994324
991664
992842
994725
990573
990604
992581
993625
994528
9520
992246
992658
992223
993258
993358
990734
994976
994668
33
994762
991046
47
991970
991129
994843
993045
991967
993012
990839
9056
991574
20
992522
990796
994308
9878
9260
994149
993251
9258
990003
991758
993385
991095
994789
991602
990797
994783
9554
992643
89
991005
992963
994246
992427
992398
990447
993609
991856
990997
994480
991490
991742
9836
994854
991317
994363
994176
990140
991624
991402
991824
993726
992071
994183
991802
990885
993401
9182
993648
991852
993599
994805
993367
994516
992576
994310
994290
992404
992832
993484
9281
992214
990354
9716
9527
991422
991287
994332
992667
990221
41
992308
990470
992637
992205
9221
993402
993101
993715
990215
992352
991303
9688
992452
991520
993718
30
993588
990475
990389
994739
993807
993849
9335
994278
993081
992595
990192
9049
994319
993299
993983
994228
992714
993305
994541
9889
992935
73
992517
992181
992423
994697
9129
993169
990262
993415
993592
993993
994625
990135
994342
990499
992444
994268
9019
9877
994394
9082
9456
994791
990761
991832
17
994281
994187
990210
990315
991299
990419
991529
9447
993094
993378
994507
993948
992354
991159
993514
990814
990938
993565
9243
991542
991011
991338
990297
24
990873
9170
992661
990175
991973
994080
992049
994247
993086
993255
993119
990837
9551
991655
990379
991313
993989
990575
45
991493
994587
990497
9175
994150
990646
991450
992174
993864
991623
994481
993447
992177
991278
993247
993967
994809
9057
990729
990009
990304
992699
992455
992905
994132
994416
991152
9116
992868
9152
994053
993540
993865
993573
990694
991790
993615
990201
992975
9662
993621
994888
994188
993981
9569
9247
9158
992888
994184
992540
993914
990320
9595
990900
991364
990143
992317
990006
9060
994111
994718
991556
991644
9540
990649
993837
991329
990699
994106
9238
9768
990678
9405
991240
992623
9657
994411
991136
991619
9232
993054
994635
994720
991382
990917
992342
993098
991584
990261
993869
990349
994701
991779
9563
990584
994636
993847
992337
991193
994490
991392
993854
994969
992622
991864
994567
992104
9046
990235
990525
994045
992276
991509
992696
990072
994356
22
9154
994908
991155
993236
9329
992006
992969
991051
9627
991351
993977
993698
991825
990110
9620
16
990937
990892
990583
990177
993778
994825
990372
991569
994181
9364
9679
991831
991281
991244
991355
991688
994180
994463
991722
990989
991002
990212
994493
9246
992926
9058
994121
994717
994849
9195
993920
993449
991613
990749
993969
992158
990697
994593
991690
994826
994341
994286
993583
992153
991908
993525
991630
994030
993976
990471
990482
992683
992674
993602
990117
990685
991092
990535
992585
994881
9306
993812
993515
991438
990147
993420
990056
993393
993372
9311
990498
01
992872
991432
992238
994077
994409
991662
990792
992322
993083
990977
9412
991039
993706
9821
991913
994839
993674
9842
994124
9812
994857
993919
993772
992350
991552
994429
9741
990942
992878
992086
9017
991947
992399
993915
9714
993973
992890
990313
990821
990674
990553
993423
9866
993800
994947
992599
9353
990801
992437
990566
990914
990915
994470
991291
991829
994329
991280
9271
992021
991843
993785
993100
992639
993646
65
990352
993821
993158
992183
992247
994474
9869
991833
990706
991310
993740
992461
9512
994578
992686
991866
991813
993065
994423
9724
992657
994822
990940
9879
990340
993078
994141
992670
992733
990216
9752
992745
994130
994992
992998
990516
990993
993215
993325
994729
992995
994021
992004
990660
991231
993694
990908
993311
990314
994134
9722
990402
994865
991834
9443
990128
994631
9847
994530
994574
992448
994185
994939
990692
9838
991764
992088
993058
9729
994661
991447
9495
990165
991516
994711
9876
992688
9261
993644
990733
990616
09
993067
994563
993796
992560
990126
994378
990870
994155
991279
993052
991658
9418
991915
990330
994203
994006
994652
993533
993165
994190
994804
990047
991018
991428
993241
992428
990115
994375
992757
991105
9811
992319
991484
993375
993220
992026
993400
9518
991334
9342
990959
993037
993968
991761
990093
992148
993949
992054
990960
994255
990745
990226
992624
992139
9726
993684
990957
994449
992264
990500
990178
991427
992810
993494
9725
993003
994532
992127
991615
991250
994689
993669
990432
990605
9176
990160
994543
992324
993116
991038
992436
992779
994785
994517
991044
9287
990007
993474
990377
992598
990292
993555
993370
993692
990213
9244
990841
994672
9508
991408
992717
992925
994840
991674
994291
992180
994172
994995
991571
991812
993550
990631
994889
993822
992012
992290
991521
993605
990570
992648
992680
994300
992306
990286
9021
993935
992282
994698
990358
990828
992991
991691
9245
991081
990963
994923
991598
54
992821
994614
993754
993471
992660
993537
993892
994050
992901
9521
991566
9210
991736
994094
992907
994489
994660
994948
991880
990318
994531
994950
993031
992930
992496
993998
994362
994193
991625
993200
992441
9872
990323
993426
9255
993504
994988
991388
994771
992606
9664
9390
994611
990034
994821
993925
991481
992803
991693
991804
9530
991286
990311
993513
992260
994048
9730
994280
993306
991523
990478
994553
994639
990410
992376
992368
994654
993619
994067
9804
991538
992296
994384
994552
9295
990638
992360
990785
992117
993263
992061
994747
993835
991441
9397
994331
993930
992607
994512
992804
990996
994467
991078
990633
9611
990524
990041
83
9373
993639
993181
9059
992609
993334
990068
993095
990268
990564
992130
994303
9423
992592
991335
994302
992243
990838
993032
991617
993823
992662
993654
993055
9223
994609
990856
993227
991023
9197
43
993422
994239
991503
991147
992766
9440
9033
9761
9589
9509
990257
9769
993470
990112
991010
991379
994808
9526
993979
990058
990024
993529
993434
994644
991314
993667
994562
993302
990572
993911
9587
993445
990468
9224
991224
992612
991821
9131
992432
9290
994476
991980
992946
9467
990866
991366
992518
9160
991196
994364
992741
994859
994586
990655
994060
994909
994282
993532
990127
991412
994475
993321
993798
9314
992042
993632
992411
992634
991487
990877
994716
993352
990560
991141
9011
991583
994792
991600
994727
991473
994270
994542
993110
9149
992929
994380
990726
991886
993668
9850
994233
994958
991203
994157
993309
993714
990042
991827
994001
994256
26
9361
993959
990329
992245
991349
993827
992801
993686
990738
9636
993264
9312
9426
991257
994850
992185
9386
992010
9449
992062
991053
993883
993544
991429
992880
992718
990628
991795
994069
993331
9150
994920
9742
990335
991232
991098
990881
990529
991513
992301
992951
9349
991435
992292
992479
82
993898
991599
993248
994059
991411
993662
992064
992837
992543
994979
991961
993638
991633
994078
992691
990241
990018
9407
990539
992093
994615
991621
994554
990038
992111
992390
994864
992534
9135
992936
992490
990514
994690
994705
9555
994301
990598
990531
992372
992855
991808
9389
992516
991719
993618
994156
994412
994647
994335
993689
991464
991271
990962
994452
995009
992726
991559
9618
9408
990759
9304
990982
9594
990610
990724
994269
992728
990198
991214
9489
991778
991298
993373
9580
991762
990512
991295
992353
990013
992864
991471
990099
9751
992217
993879
993905
991526
990125
991968
993871
993616
991628
994033
991562
990438
990537
994876
991500
991954
994275
994148
9829
994945
9881
993576
9643
990214
991198
993465
9395
9755
9422
993873
993878
991714
992671
992347
990452
991987
994695
990669
9188
994437
993554
991437
993295
993863
993090
994371
991620
992239
991851
990069
990357
991040
991008
990577
994853
991553
991085
991810
9218
9888
9674
992395
990687
993528
991588
990665
9749
991729
993087
993213
993495
991517
993862
991403
994623
991638
994767
993216
993633
994014
993075
991681
990427
992743
994370
991434
993856
9044
994597
994334
994712
990153
993634
991770
990681
990081
992258
990836
990528
991113
993526
990334
993432
9240
992403
993687
9537
990196
990053
990274
990368
994223
993011
994763
993185
9103
993520
994042
994525
992164
9172
72
994296
991847
993230
990217
990485
991643
991348
990568
990026
9764
991206
994866
02
991718
990903
991028
9102
994011
990613
993938
9584
994875
9523
993408
994076
991264
993795
991654
994142
990199
9288
992073
992578
993859
994435
994605
991988
993627
991591
991395
991191
993918
993391
993705
990522
9704
991590
994417
992912
9301
990458
991748
991586
9567
990367
990817
990477
993766
993734
991895
990731
992222
993508
994954
994200
993867
994391
993852
992442
992268
990266
990541
994482
994101
994579
994901
993709
992629
990228
991153
990443
990488
994086
992562
993437
991059
992814
994852
9183
992536
990926
992698
992019
992583
991363
9862
991467
991219
994488
990549
990142
991179
990754
9366
60
994658
9656
994985
994877
991606
990634
990071
992440
993699
993341
992857
9144
9098
990029
994377
990829
992431
994034
991677
9092
992008
992685
992476
9052
993600
993702
992626
991074
994251
993146
992365
992999
990353
994054
990102
990023
993855
993987
992451
994925
9174
9678
990505
993448
993722
992652
990969
9125
49
993237
994119
990204
992775
990270
994037
993591
9588
992876
990515
993725
990558
991652
990474
9352
991016
993130
992891
992542
993975
993210
991251
990403
992967
14
993620
991239
992244
994539
991888
994238
994703
994837
9851
993631
9235
994369
990986
990222
992002
993697
991857
992604
991547
9734
990390
993746
993585
990712
993365
994582
994921
994699
9458
993194
990206
991440
994082
994266
993921
991238
993211
992957
991252
9501
992348
994899
993145
9683
9237
9814
992870
990430
990696
990186
9547
993453
990202
9715
993757
992875
9803
991322
991785
992160
991485
991819
990644
992481
994418
993019
992407
993038
990035
994318
9575
994062
994003
991696
992812
991211
994401
993338
992922
992305
990254
991339
990191
992681
991043
991651
990639
994502
993693
994305
992453
992315
991927
992108
990964
990935
991401
993924
991213
994032
990950
991994
991645
993524
992374
9784
992955
991704
9035
992327
990188
991245
991183
991837
992747
993774
991208
994036
991865
993441
9713
991682
994898
991750
993030
990136
992312
990730
992737
992630
993339
991000
9660
992133
990513
9178
994781
991475
990156
991885
9253
992166
993202
991710
994795
993294
992137
993575
992641
992633
991826
990247
9880
9640
991386
9406
994313
9700
994114
994024
994744
991518
992763
992739
992985
992497
993765
57
992190
993205
9275
990756
990425
990260
994679
993899
992693
990813
992044
991934
992903
993942
9038
990079
991220
9050
992620
992209
994224
991499
9824
990675
992325
9614
990702
9859
990059
992520
994068
994007
994856
993502
9733
992966
992752
994431
27
994454
9775
991838
990426
990376
990052
9227
993327
994526
994890
991216
994813
994168
990532
992265
9798
991912
994208
991789
993736
992600
994965
994601
990184
990200
993276
992122
991084
993984
994991
994815
993789
993184
991419
992287
991978
994381
9341
994244
9263
993589
991867
991194
992792
990182
994420
994649
991256
994263
994367
993144
9802
991763
994116
992965
9806
991323
994202
990028
990913
994737
993431
994104
990141
991532
994196
990927
990077
993908
993068
992380
990083
992755
992140
991182
991543
991951
990370
993286
9748
994754
993390
994990
991568
993988
991372
9075
9604
991086
9487
9693
9360
993242
994782
9309
991442
992065
994803
993122
9392
994472
9698
993947
994160
9863
994306
994307
992009
991017
992079
991052
992850
990791
992865
991274
992788
994944
994836
994426
991061
993560
9155
992302
992018
992129
994100
991421
991230
990183
994722
994938
993558
993025
993206
994465
990648
991792
9808
990155
992472
993994
993844
990061
990252
9497
9053
991501
994383
992734
990259
993640
994946
991367
990386
993675
994870
991495
992216
992232
992371
990636
994569
992388
992447
993092
991456
992024
991589
9279
991195
993723
994891
994245
994879
994163
994497
9503
992323
991727
990645
994254
993212
994494
991611
990715
991713
9653
993598
994549
992149
991127
991417
994403
9111
9882
991357
993443
994683
991982
994622
993927
994894
9424
994612
993934
993482
990366
993329
993595
993257
9137
990897
993127
992013
9039
990690
993661
9399
990394
9561
990229
990923
992125
9272
992964
994016
9233
9249
994978
994499
991397
993691
991675
991154
994624
990862
991472
9194
992237
990138
993015
992866
994566
991007
993175
993805
9316
994710
991119
994970
991385
990145
990392
993760
990301
9319
9338
991237
993659
9790
992932
991102
994723
990164
990187
990431
992986
990764
992970
991800
994314
992765
992666
994972
990941
9401
993312
991118
9625
993364
991368
992828
990433
994756
991687
994365
992155
993636
991751
992257
993112
991830
59
991284
994653
9608
991115
994544
994065
991728
9064
991944
991760
991212
992582
993568
991555
992979
994577
991884
991099
991111
992052
993643
994260
992157
990757
990928
992700
994535
992167
990103
994630
991215
991128
991773
992103
994441
9122
994602
994498
68
990620
9541
993497
991172
994745
990983
994012
992981
992477
990448
993154
994242
990530
9396
992923
994936
991774
993539
993590
992584
993995
992859
994327
993682
9689
994664
991747
994696
991356
992048
994929
993860
994989
9566
993035
993148
994469
992229
992031
991979
992364
9394
9658
993612
991918
990812
990901
990218
991631
991362
9062
994648
992074
994122
993191
58
993748
992789
992756
990609
993162
994588
992942
992982
991027
990727
991921
9871
992561
991531
994559
9649
9402
992357
990020
12
9545
9055
9599
991854
9141
993268
992548
991612
991858
992900
9414
9502
992927
994315
993917
992793
992846
994986
991963
991823
990932
992046
9843
994533
990840
990466
990943
993680
9697
992469
9266
990704
994892
993155
990666
994173
9278
993770
9469
991845
991103
993424
991042
993467
994706
994271
994112
992944
990096
993282
994987
992176
992591
990291
990663
991236
994816
990716
991375
991030
992489
992349
9280
9634
990011
9853
9570
994527
992415
992760
991685
994687
993486
994008
993491
9270
993412
993353
9840
9711
9672
994241
994232
994536
992456
994422
990345
9754
991029
992971
994212
9427
993608
992740
9535
9142
990635
990308
990947
991390
994833
992525
992341
994000
992309
990705
992248
994395
990479
993850
9760
993490
992367
991551
994028
990239
9610
992898
9857
992514
9003
991425
991649
990401
994801
991502
990848
992988
992597
993926
991343
994904
9444
990299
9695
9430
9079
990046
994443
9874
992618
990686
9712
991003
990180
990684
991049
9703
992934
993897
9717
992762
9289
992572
993229
993351
9631
994478
9633
994326
990961
9692
994217
9428
993417
990632
9727
9121
993080
991929
991454
994736
992003
993614
994501
991903
991848
991703
993518
993060
993009
9606
990774
993326
991032
990651
993939
991892
991369
992644
991782
9445
992914
990381
9586
992530
9750
994715
991768
994468
990091
994205
991430
85
993553
993563
993641
9771
990929
9047
991985
992418
994902
991723
9133
992132
992047
991701
990865
994982
993951
993761
992777
990249
994257
993547
992464
990454
993829
990406
992806
990255
993380
992987
991262
993120
991131
991202
993957
990413
992730
9500
9529
990860
992179
991902
991784
994428
992508
990486
993978
990720
994513
993997
994027
991889
990611
990371
993074
990484
63
993374
990707
994216
993833
991974
994738
994974
990800
9409
993556
993322
993289
992099
993040
991724
992207
9699
992972
991653
991875
994023
990503
991225
992060
990934
992785
990451
991996
993696
992797
993253
9089
991627
993382
993828
994651
990246
994189
991593
992807
993817
994726
9241
9592
994258
994057
9481
990910
993630
990416
992884
990051
994406
993403
993293
993861
993296
992815
990784
993207
993414
9560
990888
991953
9783
991634
993611
990773
992933
991650
991753
992531
9040
994511
991730
993469
9548
994966
9779
9234
9282
9884
992538
993755
9269
992894
992226
994144
992471
993825
9375
992193
990748
992055
994368
9109
993271
993944
992298
990157
9744
992588
994655
9550
994038
994097
991144
994963
990571
994964
990399
992474
994610
991678
9622
990161
991743
993407
990818
990647
992720
994973
9661
993315
993468
993813
994325
9159
990753
993050
994404
990364
991292
991525
9602
993332
990356
992647
994164
990179
992990
9028
69
993677
992928
993348
991983
990847
990281
994702
994867
992017
992294
992968
991636
990048
992945
993096
992475
9677
991067
9285
994940
992370
993534
992391
9895
992142
9544
994529
990978
9273
992255
51
991597
991269
994646
992023
9199
990162
991139
992378
993004
9254
992619
9259
993137
990088
994913
990612
992738
993189
990090
994656
992355
990579
990769
991426
990258
994787
991734
991453
993716
994770
992731
993809
9705
990867
991381
992297
990132
991507
992502
991536
9180
993923
993371
993658
994674
993891
991919
993992
9388
9000
990176
990772
994440
994444
991797
991474
992146
993929
992611
992242
990956
993458
52
9446
994855
993138
992782
993399
991276
9202
993642
9825
993681
9362
992521
9646
992231
990527
991657
991616
994276
994113
991670
994338
991916
9496
994627
990752
991365
9819
9164
9486
992510
992487
994083
990436
994616
991296
993735
9293
990891
990930
992107
994204
990445
992241
994585
994162
992480
992663
992356
992799
994676
992338
991940
991546
993506
990896
990169
990820
990346
993343
990369
9030
9892
9025
993047
993254
992851
991767
9504
993316
992256
990852
991769
994279
991055
9045
991582
991260
992281
991933
994297
991258
990556
9809
992943
994107
994323
991033
990878
993786
994743
9091
990240
994772
991577
991744
993501
9603
993666
992947
991120
991326
9339
9789
992904
990098
9432
990799
990824
991275
993421
9459
990597
990868
994769
9187
993562
995002
9325
993717
992794
991512
992011
993972
992953
991243
991646
994534
992402
992896
992553
9139
9800
990305
994730
990421
992358
992212
9844
993485
994486
990698
990893
993342
991971
993034
9637
991686
993965
993647
991969
994066
9462
991554
993121
994191
993690
80
990588
991420
990771
991400
994896
992161
991700
994408
994407
9168
990491
994207
991068
9493
993128
992080
992672
9384
994201
992613
9568
994236
991946
994604
993985
9898
992528
992178
992335
992438
995005
993510
9013
991221
990036
992000
991665
994390
994643
992383
9887
994295
991114
992879
992877
994261
990446
993173
991960
994524
994962
9531
992001
991494
992478
992433
991806
991138
993489
992759
994642
9214
992311
992082
992038
9448
992173
993135
993966
994931
990518
994874
991160
994907
994170
9894
9101
991805
9416
994949
993223
992020
9291
9262
990166
994392
9130
992580
9106
990719
993868
993170
9438
990548
993131
994765
990124
993340
990272
9609
991717
9854
9773
993811
992379
992909
990339
9343
990637
9204
993780
990456
990858
991952
9425
993387
992385
992665
991389
991680
9009
990442
993124
9506
994019
990552
9616
991071
991091
990999
994981
9805
990114
9119
9828
994832
9676
992824
993071
9736
991891
990288
9383
994984
9687
993389
991476
991775
9435
992089
991418
994820
990152
990599
993505
990360
993398
994215
992849
992564
992638
993062
993285
993002
991333
993848
9669
993226
991090
9007
9696
993527
994294
992715
993887
9680
991667
9265
990970
9201
992092
993463
990158
990693
992710
991815
992713
993383
992608
990027
994680
992043
993394
993745
990476
993225
9299
993354
994402
9572
993753
993460
993143
992708
990922
993580
992197
990735
994230
991508
991836
9205
994385
991164
990990
994663
991957
992552
990536
9484
992110
994447
992910
991807
993672
992196
991414
990487
992798
993769
9525
990601
994064
990855
991749
994749
992135
993511
994379
994262
990859
9358
994746
993956
991683
992250
992230
990434
993991
991759
991094
991132
9543
990581
993451
994714
9385
991699
992874
992457
993292
9321
994337
990105
991576
992614
991070
992735
991844
992515
994389
991669
9041
991959
9442
993179
991941
991755
992470
992030
992569
993830
992758
991706
994761
993695
994299
991549
9865
993731
994328
990118
990920
993406
990755
79
992494
994487
992834
994152
993739
993536
992152
992284
990946
992830
992288
992882
994020
990976
70
9471
994759
990230
994259
993104
992202
991977
9404
994618
994774
991514
990973
994322
993320
9507
992307
995008
992144
9794
990765
9220
992750
992938
990043
992767
990760
9367
993039
992101
994161
990905
9576
86
990144
993962
993023
9203
9211
993645
991143
994179
992189
993093
992293
990555
994194
993904
992359
991065
994136
992805
993238
994835
994576
993775
993794
9791
991009
990219
990623
994491
9277
994748
9861
990925
991986
993261
991235
990832
993552
992989
991063
9642
9746
990385
992655
992446
990627
994347
990120
990495
991637
994620
990902
9793
991210
991022
991972
993961
991158
993906
991917
9623
993464
9156
993336
994993
9766
991709
991932
991754
993133
9597
993808
992867
9127
992266
994393
991626
991142
991869
9897
991457
991173
992329
992435
9322
9522
990766
994214
61
993816
992654
9439
993291
994410
994773
993523
9559
990721
992077
993888
992509
993430
994043
992131
990619
994872
9088
991898
9086
993832
992109
990325
992389
994462
993792
992134
993157
990380
994598
992334
9274
9682
992709
994778
990207
991180
994017
9579
9832
990890
993129
990404
9300
990074
990592
990547
990151
993233
993912
993516
994930
994372
991185
9654
992769
991134
993304
990768
994740
994590
993737
992304
992486
993265
993928
991166
990271
994980
994638
994072
993982
9434
992333
991301
993142
992776
9124
9151
994626
993909
990507
994413
990763
993392
990453
993846
9090
994253
991786
994570
990673
990744
994645
992498
994140
993708
994838
990658
990542
994766
990001
992764
993876
991909
994366
9005
992984
991882
993076
993498
9083
991642
993838
994934
993163
991318
991907
994684
9054
991048
992381
992053
990578
994457
991874
994957
994272
993356
993512
9163
993845
9455
992056
993882
9069
990654
994126
993266
991720
991431
9883
991607
993841
992642
9855
990170
9815
994264
990086
991564
990245
993831
993099
993582
991399
992902
9718
993262
990336
990751
993085
9350
993787
990770
994827
9298
990397
9036
991661
9600
992772
990439
990437
993777
990875
993290
990919
991572
992839
990593
9837
993079
992827
9071
992796
992454
9230
991201
992651
9470
993842
995007
992105
9524
992841
991873
992208
9093
9108
990629
991223
990025
9675
992094
991076
993802
994343
992028
991695
992831
992959
990012
991663
994073
990242
993751
9763
992908
992871
991772
991601
991205
993551
991050
991041
990966
9207
993349
990289
991776
991981
993886
994231
9517
994708
993712
991096
9710
990341
9686
993057
993379
9208
993542
9485
991771
991413
991337
993361
990163
991423
993955
994900
9206
993335
9463
994376
9841
993872
990640
9650
990333
990664
994484
994779
994650
992840
993240
994796
991165
990332
990342
990250
994780
990002
9415
991939
994617
993187
992275
991057
9167
990559
9542
991370
992711
9562
9437
993894
994807
993274
993201
9081
993059
9070
992847
992169
9354
991752
993151
990596
9777
9846
990298
9513
991325
9286
994285
992078
9165
9668
992677
993108
992869
992559
23
994040
9536
993896
994545
9066
994806
991305
992962
9084
993656
990123
9581
993224
9785
992443
992283
9652
990435
990378
992917
993198
994344
991914
993628
994118
993635
9411
9110
991537
993571
994243
991989
990904
9684
990933
991037
991936
993280
992719
990916
992270
994359
9787
990798
990677
990523
993476
994110
994210
9655
994477
990948
992050
992172
991557
991394
993685
991522
991950
991184
990671
9010
9128
992203
992722
990624
991585
993014
993028
992343
993875
990493
991470
990767
991227
993885
9839
991350
993077
991174
50
991458
994926
992032
992473
990294
9076
990845
993106
992022
991466
994198
990422
9429
993487
992186
991013
992192
991640
990100
990089
62
992128
992459
992961
991656
990149
992195
994099
993203
990472
992326
994199
990517
990909
992646
991993
994871
994914
990811
994584
9031
994109
993652
992377
993922
992063
994419
993005
990019
993688
993239
992029
993810
994071
990743
993192
991217
992057
9571
990618
993472
9875
9648
9564
9303
990652
9340
993577
990450
990073
992449
9492
990794
992673
9305
990689
993231
992102
990481
991861
994002
991910
990641
992993
990040
990808
993105
991911
990396
9460
990780
991672
990576
994386
993107
993249
9613
9006
990275
993450
990793
992076
992848
992906
990985
992382
990350
993404
991731
9374
991416
991943
990322
992833
993732
992507
992631
994473
991666
993570
992175
9065
992811
993419
993010
994400
993960
993916
990625
994510
990244
991020
993790
990045
9413
992732
992417
9063
992075
994483
993288
991849
990224
993488
990420
991671
990683
991726
994851
990391
992330
992392
993029
990965
991641
992221
994492
991080
992791
9830
992491
9215
9723
992373
993362
991283
994129
991443
993730
994580
48
994206
992191
990650
990429
9583
991809
9591
990758
991321
993492
994951
992328
991814
990121
9663
993208
992113
994026
990075
990608
990044
990630
993663
9870
993660
9043
990603
994221
991060
991254
994125
992344
993051
994154
994558
992252
990606
994637
992483
991579
9510
994682
990282
993836
994044
994349
992628
990237
991391
994146
994897
990936
991881
992027
992413
993433
992650
992729
990710
992795
991999
993357
9377
994538
991167
993049
990807
991125
56
990287
991482
992015
994573
9810
992118
9382
990895
994273
992168
992703
992096
9147
992983
991548
994091
990418
993964
991347
992773
994284
991047
994453
991935
994861
9171
992701
990981
992251
993337
9200
990979
994927
992939
9403
990864
991146
992034
992977
994797
9179
990667
9498
991207
990256
993759
992090
9014
992035
992397
9313
9330
991480
994977
994089
992303
990992
9454
991545
993243
994015
994603
991603
9762
992640
993655
992416
994093
992802
994632
994955
990057
9251
994503
994485
991089
994333
9826
991409
9533
990508
992070
993707
994547
9026
994583
993459
992170
993043
990014
990344
994031
994211
9332
990563
991406
9593
992273
993936
991486
993109
991925
992931
993839
991233
994641
990365
990789
9778
9381
990225
990414
993610
994414
993493
990037
990944
992853
990084
991544
990388
992345
993931
9365
9001
991036
992615
994087
993843
991883
992066
992656
994309
9117
992299
991452
994799
990467
991150
994800
993164
9020
990278
9635
990790
992236
992754
992829
9146
990348
990863
992682
991187
993826
990300
991104
994174
9873
990441
994956
992143
992780
993819
991949
992097
994911
9029
993016
993355
990097
991270
993132
994355
991460
993436
71
991698
991228
991745
990844
08
993548
990005
9061
990347
990172
990174
990303
990227
9371
991573
994910
990884
993319
993703
993996
993177
84
991015
993069
990550
992918
992233
992636
990248
991840
990656
992555
990607
9363
9607
994999
9886
9816
992346
991121
991190
992820
991948
992899
992727
991374
993103
994751
9707
993318
994515
992676
991519
9885
991622
990833
993324
9400
9605
991609
994640
993543
993720
991107
993314
993522
991054
990415
9896
993061
991931
9433
9807
9701
993209
990269
991737
9327
993369
991928
993188
9213
993752
993281
990185
77
991277
9359
994700
991045
991004
992495
990223
993013
992911
991282
994565
993496
9515
991920
9185
990854
990952
9557
991839
994768
992697
991058
991976
991853
06
9268
990030
9532
990931
9094
990954
993651
9582
994869
991087
9474
9100
994425
992499
994546
992659
9612
991541
994192
994709
992632
992422
991001
991407
993347
991878
993903
9334
993974
994288
993070
78
991229
991893
991876
9228
87
992768
991739
9737
992085
990412
992095
992036
994600
9231
994883
994523
994088
992596
9480
9068
990408
994750
993386
9337
994713
990835
992278
993214
990279
991246
990709
990000
9331
9351
990783
990440
994613
994108
990355
994834
994398
992551
9113
993377
993427
993384
992310
994788
993603
992163
990668
990662
991489
990898
9827
990251
990874
994448
994035
991924
993008
994724
992511
994884
992563
993803
992363
990361
994508
994399
992462
993946
9511
993395
9671
991222
991267
990912
993749
994442
992039
993193
9891
992590
993913
991265
992068
994941
993416
994741
9239
993244
992886
994997
994550
990887
992500
994022
990713
992069
9709
993549
990148
990159
993818
991056
994495
994421
9659
993232
993234
992503
993889
992419
994540
993870
993298
9027
992781
991126
992488
994396
993007
994924
992362
992616
992535
9464
994732
990851
991799
993970
9596
991268
994942
993222
994052
991106
9107
9012
9184
9219
992261
990405
993541
990273
990150
9831
991137
991492
993561
990880
9257
993219
53
991393
991942
991984
9514
994522
990337
994802
992778
990984
9475
993344
993284
990060
990955
9740
991353
990653
994345
9024
9105
992087
990876
993366
991956
992412
994074
992115
990967
992434
994046
991604
9097
990587
993159
992889
994209
9690
9283
994678
993546
990889
9067
990284
992405
990167
9813
995000
992393
993480
993186
994777
9472
994235
9626
993557
992808
55
992625
994937
994830
991273
991380
994917
990951
993275
991463
993269
990968
992653
9577
991930
990193
990540
992386
994935
9598
994147
993141
992860
993279
990264
993204
994506
993152
990463
991026
9868
993256
993481
9296
9619
9002
994061
993017
991465
994500
993064
993937
992861
993425
992610
990700
992736
990842
993217
9553
994634
992421
991332
992313
992687
990711
9008
9630
991122
993907
991021
994056
993228
994218
991101
990594
9647
991863
994519
994675
990661
990561
993594
990659
991192
994560
994581
994459
9267
993664
994828
992816
991342
993024
991444
993793
9621
993952
990617
993784
991997
990600
990101
991757
994382
992271
9823
991922
992277
991290
992694
990533
991540
10
992813
991133
990234
992725
9767
993733
994151
991794
992263
994471
993579
993097
991100
9421
992579
994169
994166
994596
990092
992844
991524
9148
9420
990622
992406
992204
991659
993521
994047
992259
990882
9357
75
992396
991733
994548
990134
990825
993933
991031
993804
9441
991862
991618
994085
994436
9173
991995
9590
994537
991879
993758
991567
991197
990307
993457
9085
994599
9387
990830
9250
994629
994063
992112
994277
994862
991958
991308
992210
990872
994105
992126
991668
9732
9494
991468
991578
992116
991248
9099
994135
991035
991293
993022
991765
9292
994438
9743
9818
993346
9528
990076
9858
992895
9162
993721
990544
992892
991062
992724
994424
993559
9348
992761
994753
992645
990806
993359
991587
9867
990424
990021
993893
992920
992267
991803
990717
992702
9242
9140
994415
9216
9153
993729
993483
992941
9104
992045
994240
991117
990473
994265
992574
990562
992272
993368
990787
9781
9004
993902
992320
992426
994666
991404
990139
9461
66
990168
9193
993799
990736
991025
994320
991539
992340
990849
991383
992545
992742
992291
991189
992602
990871
9393
994195
994133
9817
990642
993066
994287
991635
994671
992973
993741
994340
991024
991272
994786
9391
993082
994289
993567
994009
990302
992751
992280
9345
994298
994728
9034
994621
995004
990489
9032
991660
992952
990850
9745
992501
9236
992897
9651
990815
993000
992219
994274
9302
990116
994996
991405
993345
993963
990351
992835
993670
76
993455
991410
993569
9114
990534
994025
994592
993073
992458
991478
993063
992482
994102
992289
994096
04
992409
992420
993313
9772
9417
993578
994018
990455
991570
994568
991860
9326
991938
993053
991887
993801
993853
994346
993267
993147
991327
991302
990621
993300
992883
994868
990095
991900
990220
9209
9186
990409
993478
9499
992145
992300
992594
992557
9546
994619
993446
991877
990846
992627
991170
991200
991610
994229
9229
992106
990510
990189
993435
994312
992783
991491
9758
990703
990496
991116
995003
993246
9317
9549
992664
992692
992893
994555
992856
993250
994895
994520
994905
991324
991376
13
993943
993890
992996
990395
992524
991793
992072
9078
994669
994041
993410
991561
993020
993328
9189
991124
991787
992318
990626
991109
992016
992800
992716
990362
994248
992285
993089
993507
992978
992721
991387
990107
993317
993174
994975
994959
994159
994092
993750
9468
993530
992351
993840
992526
991088
991673
991629
992684
991309
990670
992546
994673
990263
991398
991605
9256
991226
991692
993649
991151
991446
992211
990050
990062
992921
993954
991780
993272
990591
993418
993287
993779
993126
993545
993613
990104
991461
994004
990980
994137
993123
993756
991676
991828
990232
990569
994952
990033
991285
991684
991034
991975
992539
9644
992549
993877
991992
993519
992098
993388
9324
994776
993858
9708
992165
9624
990407
990066
993980
993763
990565
990786
991234
991079
992887
993473
9336
991705
992523
990109
993150
993466
9264
991811
992058
991097
9681
991506
991738
994633
990739
992790
992746
994919
993297
991498
9786
994681
9685
991715
992005
992617
993742
994496
993166
994591
992960
9074
994455
992527
994213
993932
994784
991505
994793
992492
990781
991504
991483
993941
991496
9788
993901
993874
9192
992136
990417
992556
992439
994694
991563
990154
992550
992547
990004
991608
993637
994659
994509
991702
992885
992424
991344
994098
994831
991261
991066
9136
9284
992154
9112
9491
991359
991436
990971
992493
993743
993990
990994
992838
993788
991777
990972
994505
990190
994252
992253
990991
9276
993479
994757
00
990108
992249
994998
994283
991415
990861
993033
990194
991331
994374
991455
992705
993773
9673
990398
993283
993806
991818
991592
993503
9134
991263
993452
9145
994928
9476
994171
993363
9126
9023
9738
992749
9479
992220
991319
993724
9222
993036
994863
9120
990504
994304
990063
992227
994677
9369
992410
990494
990078
992150
990538
991346
9346
993797
992786
993245
993704
990197
990567
994873
990129
992994
990276
992198
990267
990918
9118
991741
990400
990312
9797
994177
992466
991304
993139
994707
994688
991746
9670
990776
993653
991550
9473
991145
993221
993820
994764
990265
990502
993880
992858
994719
990853
9077
993273
990327
994903
9320
992915
994434
991632
991077
992425
992430
990328
991188
9795
9578
992863
9198
990543
991297
992571
994922
992913
994733
994589
993781
990827
9123
993027
990911
993134
992881
9477
992533
990195
993782
994842
992784
994794
991712
994594
990586
991740
993572
990082
992387
9037
991469
991890
991459
992316
991148
993665
9022
992138
994321
993072
993700
991781
991855
992114
990290
994571
994686
992331
993607
990869
994090
9774
9191
990293
994893
992286
991448
992332
993727
994249
994760
9739
9691
9072
9849
9780
992601
991966
992445
993738
992695
993149
9115
9519
991307
991384
990205
990701
994906
993771
993814
992836
990958
994845
992554
990762
9765
992051
994918
992577
993629
993440
991340
991255
991894
990049
994561
992041
994354
990119
992040
990590
990423
992429
9018
990449
990363
994742
991901
993168
994055
991558
994095
990080
994234
994755
992037
993650
9782
993461
994237
992199
990375
992159
990879
990065
990810
9048
990521
990975
993195
992635
9632
993438
995006
990672
990545
9138
990054
992274
991580
990924
9042
993350
991816
993182
993442
9161
990831
990031
994912
990316
994227
990574
990974
991156
990740
990464
991075
992465
992568
994775
990945
992408
990338
9452
993360
9347
993834
994691
990506
992852
991315
993125
991905
990008
994013
994350
990283
991697
990122
990501
990750
991242
990094
990557
994608
993026
991648
9248
991199
991497
991817
990526
992121
991962
994039
994693
994994
991171
9728
994153
994943
992723
992954
991788
993006
990130
992141
991766
993971
992295
991352
990589
990444
992675
990714
992997
9617
993535
991378
9756
990285
992976
993581
992513
990387
993499
992544
993587
990816
993333
991019
994348
9505
9667
994967
993593
9615
994551
990253
991899
991535
993517
990725
990469
993538
993711
992100
991112
993167
993413
994317
993429
9665
994983
990203
993021
993719
990582
993462
9890
990676
9539
990428
992151
991721
994858
991639
990777
993161
992774
990519
9822
990374
994704
990906
990949
990373
9450
992321
991073
9466
990459
991204
991354
992823
991177
990231
992484
990483
990551
992565
994361
994461
991596
994049
991123
992819
992225
9457
991373
993160
994735
990921
991175
992873
992567
991477
990393
992384
994005
990595
992485
990490
993884
9344
81
990064
994556
990131
991336
991130
991358
992083
994456
991822
992235
9835
9848
990546
994120
990296
993252
992950
993235
9252
992948
993136
994103
993044
992007
991926
992712
992194
9370
992394
990208
994685
993910
994657
990280
990039
9852
990111
9645
991462
993178
993310
991181
991377
990384
994458
993791
991218
990554
9776
992187
991732
992504
994445
9770
991511
993218
9801
992279
990907
994127
990580
991157
991249
990181
994358
991424
993475
991945
994405
990788
994595
990615
991716
992014
992400
991923
990511
9297
993396
9217
993153
991093
9419
9376
993728
992033
991110
994351
9143
994575
992339
993617
994167
992025
9166
993477
990211
991515
990382
994330
994932
991859
9585
994758
993783
993776
9601
994081
992067
991679
993180
993857
991266
993678
994451
994628
992224
991289
992532
990070
994165
994916
9453
993657
994665
992621
994145
991791
994572
992649
991209
9380
994267
990233
992843
994667
992940
991396
990708
991012
994138
992818
990741
991433
994158
994933
991796
9323
992091
992228
991991
992974
9451
994752
990243
991783
9372
9483
992980
993048
993574
991247
990995
993397
993584
990319
992414
991186
9565
992234
994564
990822
994464
990778
994115
990953
992081
994915
9864
992949
990106
993895
992369
9307
994292
993747
991371
9893
992854
993001
9558
991527
992450
990010
9516
990809
993762
992200
990988
992519
990894
993500
993056
993307
993171
994029
990834
991820
993953
991904
994504
990480
992956
994439
9436
992822
993444
993945
993330
991168
05
994817
992558
993439
991072
991647
07
993041
991846
992704
9328
993456
994557
88
991694
993767
993999
991439
994670
992156
991725
992958
990843
994219
994357
994058
994084
993183
992862
995001
990688
990718
993381
990826
992171
993676
9333
990520
990857
993196
990411
994293
992770
992460
991140
991533
990691
994387
992218
9694
991735
991896
991253
994460
993509
993986
993566
990782
991479
991488
9833
991964
9015
9478
993673
990737
74
992188
9731
992992
990017
994521
991897
992512
993701
991108
993815
993671
994250
993111
990509
990359
992706
990343
992575
994373
994397
9747
9719
991006
991990
992605
992184
994353
992593
21
991711
9132
991361
9820
64
992254
994829
992361
9706
9628
990732
990775
991163
991161
991595
993900
9720
992771
9629
991708
994953
991614
992707
990238
992366
992537
991955
992059
991259
9899
990173
9410
992162
991082
9355
9721
9190
992603
67
990055
991560
991707
9735
990680
992123
990032
993596
9431
992213
991575
9073
990461
990802
992573
994131
