9573
39
992201
994734
994175
991870
18
991451
994606
992748
37
9368
994446
992505
991835
993454
9016
993018
992541
994433
993260
990746
994790
991014
990383
9378
993411
36
993323
994819
11
9538
993114
9356
993710
994662
993102
29
993744
993622
993683
993084
993046
994960
990310
993088
35
42
994814
990805
990492
994123
992679
994222
991135
993172
992147
993623
9465
9051
993824
991176
993156
994823
994818
993764
990309
993428
994880
994887
15
993303
991842
994427
992119
990939
990742
991801
992375
992744
991330
992587
28
993958
03
9080
991311
994388
9318
9834
991937
993768
9177
40
993277
992916
994479
993376
9157
994692
992787
990679
993940
991169
990723
994811
992589
9757
990695
9096
9196
993881
994971
992669
19
46
991530
991872
991241
9212
993199
994885
994731
9169
992919
991445
993113
994847
9226
991316
991328
9796
990803
992845
9856
992269
9799
990460
991312
9095
993604
994051
992817
991069
991449
994070
9860
990085
994075
990016
990657
992809
990883
9294
993308
9490
991756
991320
992924
994010
993042
993564
9488
9308
994841
990614
990015
994518
993597
990795
990317
993176
991083
990728
991565
34
994143
990331
991341
990236
991970
990324
990067
992467
990823
992937
994186
990306
992529
9398
9666
990457
992689
990321
992753
990465
993115
990886
9260
992314
992240
991664
994226
992401
9845
994128
991294
994514
993405
993866
994725
991871
993531
33
992658
994721
990277
9641
990146
990722
992120
993270
9379
44
991689
990171
990602
994810
993606
993950
994360
9792
994178
992182
990295
992643
9534
993118
991178
992262
991306
994139
9225
992246
990137
992570
990585
993726
991998
994290
9702
993258
993385
993626
994225
990326
9087
992223
990210
9574
991528
992463
991005
992566
990133
994968
994854
991534
9759
991623
9552
994220
9182
992215
992084
993012
994860
993447
994117
993190
990779
992668
992826
994607
990643
89
990987
994878
990804
9310
993101
990462
20
993065
991965
993449
990819
991162
993259
991313
992427
47
991574
994481
993601
994450
9129
9638
993358
994516
991300
994183
994332
993197
992690
994311
992678
990573
994176
993648
992667
990235
992586
9688
992522
990209
994961
991850
9527
9556
994197
990003
9056
992468
990113
991288
993415
993851
991967
992576
9551
990998
994149
990796
992336
9877
994480
990087
9181
992832
994246
9753
991906
994844
993993
9878
991852
9520
991624
992506
991509
992517
991159
992868
990899
992205
994908
993715
991868
990140
990447
994668
994789
992027
991510
992683
990499
45
994430
990747
994316
991422
9258
994528
992124
9836
16
991602
991581
993409
990009
993402
9364
990885
991594
9554
994188
994281
991287
992276
990604
991841
993367
994187
993484
990682
9243
991345
991364
991303
990354
991046
990797
9152
991149
994363
991802
991490
994976
990135
992595
993854
991742
994567
993865
9019
990215
9221
992581
990801
991542
992177
9246
993255
993583
994080
992071
993091
9639
994319
9158
30
9049
992308
994717
991688
992352
992174
993140
991908
994846
993278
9889
992842
993573
990575
993514
9170
994697
993247
992404
994132
993977
993698
990470
993081
991758
990419
992368
992398
993119
993169
991619
991584
992354
990997
991790
990379
990729
9057
994783
991824
994352
991244
991281
993045
993983
991529
991011
993401
990839
994228
990900
991129
990646
994079
993588
994308
993494
994053
993609
993540
991779
991973
991644
991569
993915
991856
9716
993718
992181
9060
993849
994809
24
994843
994849
993094
990212
992969
991360
992290
9512
991152
990482
991317
990201
990297
65
992935
990535
992637
994660
993621
994150
994635
992317
991278
992158
992963
994286
990497
991136
9281
990761
994969
991825
991832
991095
992049
990313
991655
9353
9563
9389
994625
993812
994134
992905
994429
991051
991630
991064
993525
9456
9058
993989
992540
993948
990697
9247
994223
990989
990814
992360
991552
992342
993981
994310
993914
990335
994762
994729
991864
994805
992623
9335
992560
9821
992657
9482
9082
9175
994463
993165
73
991193
993599
993740
9508
991520
990115
991018
994111
991831
991291
994411
993305
9768
990221
990584
993632
990315
992444
993158
990914
990915
9116
991402
990054
993426
992998
993565
992872
993869
9443
993378
992324
994995
990977
992888
994432
990525
991355
9662
994341
993054
22
992714
993807
9879
990749
01
992214
991310
990940
991617
994881
992423
991329
990685
991690
991253
990262
990175
993086
994268
993625
991736
990699
991280
994882
990892
992674
993920
990389
994181
993837
990468
993785
9342
990022
991338
992238
9373
9311
993800
41
994303
991722
991833
994247
991299
9569
994563
991761
992337
993821
991382
991493
993592
991829
991432
993400
9679
9046
992319
992975
993998
994490
9232
991450
991813
9017
994826
994888
990706
9752
9306
990147
993471
992661
993220
990837
993976
990583
990841
994180
991428
991523
993375
994356
990117
994701
990110
990340
993669
992696
993684
993969
992699
994698
9195
990143
991203
992399
994587
991658
993864
994507
990873
994839
990349
994866
990372
9329
994121
994409
9657
991484
9390
993529
992322
9714
992148
990320
990957
990056
994329
994256
994106
994739
994278
992004
9876
991392
994791
992006
9725
992825
994636
992452
990165
994947
9862
994384
9664
990937
993987
992639
9521
990475
9742
990692
994541
991279
993011
993602
992496
9627
990963
9842
994233
993311
993615
990996
993470
990993
992407
994532
994720
990177
994006
992864
992946
992061
994423
993299
994342
9240
994203
993420
990192
994449
992926
992733
991396
991613
993533
17
9238
994255
992012
994021
991250
994792
991913
991843
992455
991081
992428
994824
9755
992282
994324
990196
992437
994562
990938
993654
993537
990261
994611
990553
994391
992585
990216
991224
993515
991155
990314
9751
9271
993646
993883
994554
43
992312
993674
994193
9540
991598
992717
994470
994280
9729
990942
9761
990605
991662
9722
991240
993370
990917
993795
992592
994652
990631
991538
992306
992757
992598
993445
992995
990072
994578
994530
993067
990960
990821
994822
9811
991961
991980
990908
991556
990160
992662
991562
993944
992951
993058
993032
993393
993706
993618
993200
9869
991092
9595
991435
994654
991437
990516
992247
991599
994631
994857
990498
993798
994992
994593
990286
992411
992688
994718
990660
994130
991039
9724
992837
993555
991827
994184
991880
991804
9509
993967
993078
990352
991231
993605
9741
993241
994030
993422
991038
994804
993052
993236
991434
994672
992243
994300
9495
994474
994067
992117
9812
9412
990226
990323
992686
994609
993181
993100
992907
991947
26
992612
994045
994185
9155
9726
992878
990669
9866
992718
990678
994378
990311
994362
990128
994574
993898
994716
992518
993905
993321
990731
993822
992104
993373
992127
991438
994050
993508
992111
991968
990649
994291
990228
993037
9717
9594
9447
991866
991023
991098
9467
992890
993434
994939
9059
992622
990564
9261
990318
990442
993423
9021
991566
992183
992441
994876
993694
993302
992607
994416
993215
994875
9405
993325
990304
994958
990178
990358
992264
993827
991366
992296
994394
994988
993919
990733
993213
994865
991600
9754
994239
991351
994553
990013
9223
09
992737
993979
990738
9440
993847
9518
990024
993968
992803
992026
992745
990734
992810
991286
990638
993306
992629
993095
9244
992599
993638
992042
991427
991078
993098
994270
994647
993644
994156
991633
994531
994923
992390
992021
9804
993856
991334
990471
991643
990537
991105
991812
994493
990694
9349
992606
991271
994302
994689
993823
990745
991429
992680
990047
992139
992461
990566
994695
990292
9547
992153
993600
994517
994282
990903
991615
994711
990870
9255
993717
991681
994094
991395
994155
994467
991516
9011
991481
991295
992180
994864
993110
991729
9636
991838
991408
994141
9197
993746
9245
990838
991625
991691
994661
995009
993692
994543
991620
991239
990792
993772
992403
993334
994489
9555
992464
992821
993835
992991
991764
993984
992479
9769
992301
990126
9847
993474
993408
993532
993949
991153
9426
994614
993550
9304
992901
991206
993705
993372
994639
990268
993591
993146
994644
994190
990681
991198
992578
992054
992670
994371
993248
990513
992350
991500
994305
990458
990570
991988
994476
992395
991412
993667
993754
991144
991010
990514
993620
993031
994119
991703
993326
991621
992442
990410
991298
993938
990799
9033
991674
991040
9888
9580
992957
9408
990390
992741
993286
994104
990610
990754
994615
990330
990655
990724
992239
992086
991851
992779
991379
990402
993264
991008
993437
993352
54
990962
991256
992936
990982
9587
993947
991141
993116
994785
994375
993453
993055
994945
9423
991473
991147
993871
994086
993184
992372
990058
994747
992739
992966
9458
992453
990006
992626
990061
994813
990214
9103
990038
994251
992088
994840
991044
992268
992857
992930
994909
993734
990726
991447
990633
9784
994542
9537
990213
994314
992609
993725
991693
990983
994771
993789
994318
993338
992807
990068
993495
994364
991543
990529
991314
994377
993575
993911
990432
9395
994837
994076
992604
991503
994380
992122
993855
991232
994034
992681
991704
994815
990785
993959
994525
992955
990018
991059
994699
992536
9312
9489
992929
9418
993003
990199
990041
991826
993918
991349
9874
990926
990969
992814
990674
994586
990368
992160
994795
994482
990485
991372
993448
83
993973
9135
992185
993090
992073
991028
991442
993639
991638
993687
992431
993504
27
991179
990093
994296
990531
993892
990620
991472
994950
991411
991770
9288
9734
992804
994452
993331
993935
990241
991464
991521
9149
994157
992260
992880
992367
992850
992108
9386
9561
993237
991467
9814
993465
994078
994048
994767
993616
57
993154
992912
994301
990259
990959
990539
992451
991441
991718
994488
992347
9730
994539
990188
994172
993862
993634
994069
9829
990184
990828
993722
993662
990665
992726
9618
994208
994544
992766
994033
994821
9872
990730
993096
994370
990035
991714
990367
994475
993796
994512
992257
992284
990392
994435
992258
993431
991196
991994
990628
991590
994334
993263
990686
991061
991568
991559
990687
994715
9749
994417
991119
990029
9843
994920
9290
993714
991719
990427
992671
9715
9210
994369
994454
993524
994979
993148
9150
994954
994059
9704
993276
9863
992376
994335
993391
993689
994898
993942
993699
991888
990102
993528
990162
992516
992222
992591
9044
9526
9050
9530
994623
992130
990198
993686
991052
990083
990053
993576
994014
991927
991017
992542
994901
990923
993513
991591
992481
993668
992448
993025
990634
990042
991335
993844
990817
990866
994582
993205
994036
994612
990522
992903
9589
9881
9188
992079
991934
991652
994658
993829
990028
994859
990454
9497
991348
990478
990426
9588
9620
994690
990727
992763
9407
991238
992307
993766
993778
991696
991857
994502
992353
990430
9760
991954
991191
994722
990081
993975
992967
994970
994422
992436
991251
990026
993482
992866
990913
9614
9314
990357
994124
990541
991513
9731
991789
992891
992648
992244
994426
993554
993589
991487
991074
994254
991517
991002
9535
9154
990986
993852
993339
992149
992476
9361
990696
9397
990829
9803
990096
991213
994925
992641
994972
991763
994605
991912
9502
994585
993925
992388
993365
994082
992584
992176
994163
993282
990059
990524
994852
992698
993295
993144
991111
991834
994803
994011
994965
994552
992064
990675
994023
991457
994401
993185
991084
993757
993697
993403
992133
993121
992728
992155
990052
991577
991114
994244
994944
991215
9748
993015
990069
992305
9567
991918
992002
994981
990222
993774
991547
993879
994024
993210
990204
993019
993627
992432
992490
992447
991915
994148
9249
994367
9233
9235
9174
993930
991388
991627
9309
992440
9599
992190
990421
994472
991727
993216
993633
994042
994160
994827
9125
993863
994705
991258
991628
9102
994266
994921
991987
992167
991252
993709
993873
993631
992988
994877
992349
993502
991821
991532
993675
992788
992287
993661
990252
991919
994929
990206
9341
990856
9790
991886
993127
991651
9098
994202
993908
72
994001
994062
993927
993619
992010
9859
991356
992093
9850
60
994224
9449
990274
993693
9625
992875
990127
991800
992380
992062
9052
994588
9263
990935
993972
992477
992943
993723
991413
994833
994601
994978
9660
994420
992914
991020
993112
994836
991896
990549
991172
990466
9360
990764
994499
992999
990950
991531
993441
993309
990486
993424
992652
990034
990888
991808
991208
9649
990613
992166
993122
9779
990260
990477
993878
991571
990784
992543
991182
9523
991363
992932
994985
991611
992315
994260
994100
9487
990099
991195
990961
21
992731
9224
992292
990759
990247
990142
991339
991499
992900
994987
9039
992752
9183
9287
990488
9278
994122
991752
992945
990848
991867
994016
993988
991154
9674
994624
994306
994307
994313
992953
994879
992942
992970
990011
990257
990712
992297
994549
9432
9178
9882
992031
991085
49
990572
990305
992534
992740
991518
994703
990756
9399
9643
993230
994142
991606
9237
9678
992232
993268
992859
991553
9700
9301
9092
990964
993173
993364
992365
990217
990690
9640
990532
9366
82
994315
990836
990753
993341
991323
994756
994327
9144
992456
990364
992927
9711
991710
991219
992755
992327
990702
992923
990125
994385
990145
993760
993643
991895
991386
991000
991526
9775
992909
9295
992217
9422
990179
991211
994656
992691
990329
992618
994418
9176
9338
993922
990452
992743
994853
993544
994737
994381
994676
994269
9424
990187
993518
990413
9824
9172
990023
993682
991264
991748
992489
994946
993867
994200
990639
990308
993294
994664
9275
990666
993614
9697
9481
994712
992497
990560
992985
992060
9713
991706
994963
990927
993642
9160
993899
991682
990112
991475
994597
993995
9280
9406
990334
990891
993342
992747
991750
993432
993486
992196
991403
991485
992494
994077
991065
990202
991762
990353
992009
992624
992644
991053
994365
992720
992582
990877
994710
990716
992341
990416
990623
992876
993560
993966
992561
994007
990568
990505
993293
992302
9575
993563
994275
991257
994744
992797
994465
993681
991417
992415
994196
991425
992904
9253
9584
990156
992374
991495
991118
9501
994727
992553
992048
990376
9783
991007
991751
991653
993227
991243
994891
994536
990527
992677
994948
990862
994986
993924
992597
994856
991390
991397
991385
992934
991723
990451
992734
993736
992294
993506
990161
993202
994173
9394
992562
993060
12
992964
990048
993805
9808
992700
994164
9469
990200
990598
994323
9319
990443
990840
991645
990071
992722
991795
994679
9802
990403
994529
9604
991634
992660
9279
994610
991322
992801
992990
991953
9683
9316
992989
990881
992884
990635
9566
991865
991494
9111
993074
993641
990255
992851
69
993926
993179
991854
993659
9611
991368
993526
994331
9194
9570
991903
02
990677
993498
993211
993691
994238
992216
991830
993162
990644
991982
991043
992164
9109
991086
994008
992125
992178
990518
990503
14
9592
992775
992024
991333
993380
9132
993135
992795
9766
992756
990394
994648
9493
993815
991103
994808
991588
993226
991744
994801
994003
994622
991711
990901
992019
9698
991891
993412
994651
991245
59
993414
994395
992981
992254
992348
9695
9214
9270
9633
993068
994991
994162
9006
992265
992478
9462
993921
994602
991440
994232
994241
992611
990757
992685
991717
993242
994763
991401
9653
992693
9321
993130
993271
993138
990965
994441
994326
68
993957
990577
991687
994189
992245
993128
991214
993809
992514
990698
994431
993296
991161
993598
9142
990928
994403
990229
994526
991576
9682
992508
991054
9089
993748
991030
993861
994257
58
993608
994982
992986
9733
990332
992055
991583
9602
992046
992173
992157
992128
993558
990773
991921
23
991678
990818
994221
993004
9038
994964
9005
9622
991163
994850
9719
992469
9629
990153
994649
991649
993289
994723
992486
992588
992229
992638
990933
991292
9692
991476
994217
9300
992925
990183
991713
9025
994114
994276
991113
993223
993443
993817
993611
992471
992806
990356
993761
993690
993917
990079
992663
994535
990479
990774
9880
993904
992309
990530
990947
991055
9844
992812
993407
993206
991514
993421
994212
994904
9798
9689
992357
991858
993497
990436
9055
991375
9053
991978
991986
994406
993332
9720
992364
992896
994770
9075
994890
990707
991929
9541
990254
991654
990239
991284
993887
993047
990377
991202
992069
992475
992325
991586
9646
990769
991951
992760
990910
992502
990735
993536
991555
992065
990791
994889
991032
990893
991677
992323
994437
9503
993336
9047
9040
994144
992129
993212
991823
991419
990155
9506
991502
9227
994974
992472
993092
993353
994907
992620
991350
991453
991819
9218
991884
993794
992855
993735
993828
991210
991128
994152
991365
990425
994749
991612
993469
991952
9121
990612
991873
990237
51
991782
992237
993351
993850
990515
9511
990401
994038
994027
990704
993978
990051
993702
9672
991430
994938
990599
994393
991194
9203
994101
992839
992044
990897
992077
992633
990609
991675
990151
993553
993923
9871
994263
994478
991889
9764
991815
992765
994867
992767
990555
9899
991785
992792
994273
994440
993951
992449
9064
993467
991784
992613
991792
991225
994579
991807
990164
990484
990007
993257
9137
992438
992944
9289
991369
993155
9838
991944
993994
992564
992017
990720
990859
9273
9789
992248
994468
992520
993547
991778
993050
991847
993057
9791
993595
994179
993460
992799
991421
994168
994524
994236
990438
990705
990370
991212
990867
994065
9703
990813
992772
993071
991874
994754
9156
992132
993640
9793
993590
993398
993636
991471
993929
992984
990800
990658
994825
993677
990896
9430
990046
993568
991269
993939
990299
992785
993848
992281
990943
63
992230
994577
994566
990528
9010
993992
992538
990173
993511
992330
992311
992402
993087
991102
9438
991150
991564
992242
9007
993859
9003
990020
9542
994559
992008
990439
992650
993143
991572
991983
993322
991259
992101
9861
993099
991237
991768
993327
990287
993030
990934
991274
990182
992548
991979
993163
992457
991512
991806
993585
992099
992865
992255
993997
992298
995007
990512
9396
992092
990611
990552
993860
991230
994748
994832
994899
9428
994060
993207
993170
994245
992965
9562
994738
991665
994271
9661
9634
994913
993534
9234
991418
52
9865
992446
9435
993238
990289
992701
990258
994116
994894
990077
9293
992777
994261
991760
991016
992355
990144
992047
994706
991972
993833
992968
993133
991637
994902
994513
993035
9014
991262
992226
992082
990453
9705
990487
991640
990098
991454
990930
9642
992418
9854
9656
994696
992525
9676
994646
991743
991049
9727
990832
9884
9699
992764
9187
991027
992630
994655
990929
9266
85
990648
991426
994258
992869
993023
992634
9383
992824
991143
990136
990288
994772
993891
993077
991131
990597
992793
994896
990581
992371
9712
991343
991971
994787
991724
994368
993488
9545
991236
992713
9141
994487
993816
992271
991920
994262
994379
9486
993630
992655
993312
990431
993965
993523
994028
991989
993708
993014
991848
993062
991931
990868
992708
9269
993551
990103
993329
991227
991070
992928
991772
991728
990249
992719
994097
990578
9616
993485
990673
994533
991882
9401
990523
992811
992509
992715
9658
990640
992377
993229
992498
991636
992193
9106
9721
994491
993739
991593
9035
992794
993285
993934
991220
990855
991597
993075
991132
991216
990141
991797
994201
992103
992530
9062
992231
994870
994569
9684
993316
992480
993491
993680
992038
992894
990932
990186
990847
993906
9205
992569
992619
990601
994347
992805
992789
994687
992137
9606
994990
992982
9084
992134
994087
990366
990812
991844
9806
994337
9471
990176
994949
992028
994816
990645
993562
994191
992433
994443
993476
9086
992043
994632
992830
9343
992673
994383
991701
992816
992278
993813
9272
994934
994780
993753
994630
993051
991916
9274
994680
991767
994751
990811
991389
993612
994170
993120
994066
9687
990693
994590
991080
992146
9439
9857
994389
994205
992335
993349
992815
991771
991554
993189
992580
991799
9350
9828
992531
992003
992000
992168
992874
990445
992209
9079
990878
994498
9608
992109
993808
9013
994402
9133
990266
9484
993291
993897
9164
991229
994107
994057
991657
994642
993243
992207
993658
994194
993846
990852
990397
990371
9693
9631
991769
9388
993191
990579
990369
991601
994399
990768
990037
993079
990123
993755
993765
994447
992385
994486
991158
991276
9139
994118
990345
993225
994501
993830
992131
992020
991730
9750
990966
991957
9168
991139
994295
9825
990246
9180
991582
990500
9282
994382
991474
992754
990242
991977
9597
994054
991669
991507
990291
992013
993214
991698
992074
994359
992454
993991
990637
993348
994343
9199
9623
991221
991685
993825
994000
990616
994993
993876
9385
990132
994618
9543
993240
990339
994962
992202
993354
9851
993059
9427
992898
9892
994477
992738
992959
991589
9220
991626
9800
70
993265
993450
994112
990925
992759
994726
992870
994299
991909
993040
994714
9500
9030
993109
991683
993732
994892
990448
994110
990256
991142
995005
993356
991068
79
993201
9088
992552
992023
992709
990456
992241
990596
990118
990360
991985
992356
991033
991551
990760
992642
991661
993510
992142
992846
992256
991381
990434
9445
994253
994759
990300
991127
990191
990970
993131
994730
990664
994936
993961
993231
994637
993194
990858
991183
992179
992987
991367
993137
994955
991845
992483
991414
9122
991814
993666
993489
991963
994012
992922
990663
9130
993266
994604
992730
9091
9444
991869
993254
9650
992358
990474
991205
993175
994161
990558
9736
994980
991275
991914
9771
9067
993635
991009
992189
990571
993468
990652
9459
994653
992521
994410
992018
990346
991456
990240
990073
992847
990336
994428
991708
992381
991525
9560
9045
992665
9531
993512
990090
992152
993083
992656
991981
991357
991501
992080
9303
991003
991160
994328
993340
990824
9352
994068
993002
994545
994444
990381
994984
992370
993655
990636
993187
992972
991217
992711
993731
990667
990091
994838
990014
994643
993304
994230
9832
993870
9696
994897
991773
990055
991941
994099
994835
9564
990385
994207
991301
991631
991776
992089
9446
994469
994031
61
993749
990588
994473
991680
992191
993406
994154
995000
993505
991260
9286
991996
991670
9117
990433
990715
992359
993928
9054
992275
993013
994204
992583
9609
994940
9637
994973
993770
9101
992833
67
994044
992528
990409
992011
994570
995002
990755
992828
990576
991902
994037
990408
992250
993542
991809
992113
992052
993956
994746
991650
991959
992338
990420
9763
994349
994989
992600
994598
991174
994941
9409
991489
994083
993775
991810
9028
994199
993792
990973
9544
993315
990865
993552
993580
990632
992095
9208
993280
993660
994198
9128
991536
9898
991235
990922
992110
991076
991318
992848
993539
990414
992961
9384
994796
991409
993996
992186
991759
994462
9826
994243
991753
994761
993374
992802
9559
990793
993982
993841
991223
994211
993451
993458
991104
56
9507
993274
990763
994580
992710
9568
993337
991165
991545
990919
991707
993038
990630
994769
992762
991656
9230
991431
992172
9339
990437
9840
9262
991173
991805
992515
993383
990281
9655
993571
991837
991522
994214
991749
991063
9093
992416
994931
991579
990294
993368
992251
991254
994494
993570
994534
992882
994015
994806
992769
994192
992056
990627
993085
991943
993390
993793
994272
9887
991667
9463
994966
990342
991936
9777
990493
993106
990303
993389
994344
990671
86
993516
9413
990230
991755
990765
990860
990684
994325
993656
990890
991268
9414
993685
994616
9241
994820
9550
993425
991482
9718
993647
992750
992161
993838
992334
9299
993751
990758
9131
992962
991370
9746
990157
993070
992383
990027
993777
994674
992871
9066
992834
992796
991928
991041
992971
990121
994322
990920
990043
993964
992983
990744
991960
994129
990025
990556
993802
9340
992510
9254
990587
994483
992551
994797
992917
993672
990086
994279
9358
993029
9652
992579
994883
991137
990956
9635
991836
992050
9202
990355
9165
991686
993192
990770
9151
994146
990404
992590
994527
990149
991549
993487
991416
994297
990990
994366
992831
991699
991047
9298
990000
994404
9525
994125
9897
991932
993937
991071
990219
991616
991863
9265
990378
990767
993868
990139
992078
994113
990491
992102
994497
993188
9787
992782
992827
9846
994333
993262
990603
9362
9794
994550
991544
994861
9000
992906
994020
993150
994638
993124
9654
992304
993707
992288
990647
992899
9815
991939
990854
992933
991935
993261
991420
9090
9442
992197
992076
994386
993737
994573
994064
9895
993335
993203
990429
992908
994419
9671
993129
9108
9185
993716
9885
992097
993790
9285
993652
993384
993233
991099
9009
991607
991537
9485
990250
993224
990593
991794
991940
992783
993556
990341
994206
991774
993985
9894
991885
994019
993105
991391
990656
994071
9830
994663
990941
9081
994999
994977
991151
994407
994408
993320
993787
993810
993882
992616
992135
992979
9063
993695
994869
991672
993107
990622
990075
993896
991400
994457
9680
9375
9805
993253
991950
9159
992085
994702
9437
9267
991326
990124
993382
991720
993758
990619
991486
992203
990766
992780
992947
992725
992053
993831
993916
991029
994109
994017
992096
993404
993872
9313
992030
9809
994778
991189
991325
9813
994355
991060
992063
9701
9613
991695
990101
992572
9496
9886
990218
993049
994392
990904
994682
9434
993579
9354
991270
9367
993005
992192
9069
993931
992853
993903
991747
992277
990510
994743
994774
993093
992378
993016
994745
993572
990169
991096
994522
9043
993875
992474
993417
992195
990905
994294
990629
992666
992610
990275
993912
993361
994091
9403
993399
991754
990019
991124
9591
994773
994285
990608
994620
991465
992507
994576
990386
993493
991839
991042
990946
990542
992382
993688
990902
991849
994009
993519
991067
991458
993204
991539
994215
9305
9041
9853
9071
9001
991578
990835
991618
990820
990992
993430
992170
9036
993936
9875
992270
991917
994957
994781
990152
991700
993780
9841
991881
993318
992283
993974
991734
992326
991811
993157
9070
992867
993853
993039
994765
9411
991508
994231
992126
990999
991138
993522
992758
991840
990036
992791
994072
992212
990748
994583
990985
991406
990719
992640
990282
991394
992328
990166
990968
992503
9610
990044
990322
992345
992628
990158
993567
992057
994108
990089
990536
9873
994713
994851
990406
994136
9572
992329
994002
993362
990650
994736
990710
990976
992144
9576
9374
991933
992169
993177
991120
993721
991853
991603
9415
993009
992029
991642
991305
992075
991090
992473
994376
993141
991974
991126
994911
991541
993249
990880
9392
9762
990333
994930
990874
990618
9818
9251
993343
993520
991407
9330
990270
993769
992001
991646
991004
994047
991875
993696
993874
992615
992443
9524
992840
993803
994448
9200
992015
993419
994287
994807
994956
993960
990272
992236
993076
9031
990120
994782
9581
994613
9002
992036
992397
990088
993786
990057
991468
991887
9492
9325
992406
992751
991197
992491
993955
994603
991233
9448
993888
9337
990001
990600
990875
990807
992646
991332
992140
991519
990978
991745
992435
991907
992732
993209
990641
990380
993142
991984
990863
991022
992293
990592
990547
991924
993472
992879
990138
991480
992849
994485
990225
9605
991362
9455
993886
08
990625
992524
992886
993104
80
992977
991327
992488
992261
9819
993811
990948
993501
990751
994216
991115
991091
992221
994596
992115
993080
9510
993387
993752
990248
9785
993496
994584
990872
990399
9603
994259
995004
993222
994675
993097
991663
991605
9600
992035
9522
994627
62
9548
990435
991089
994683
991167
991546
991892
992798
990808
990830
992653
990562
992749
990481
9029
990030
994786
990365
994884
990245
9215
990348
991684
9837
9470
992563
992499
990422
991283
991793
992973
990916
993670
9677
991164
992163
9816
990040
991273
76
995008
990624
994147
993298
994284
990971
991037
993108
993027
994508
993557
991309
990563
993712
992921
993836
991094
994453
992614
994872
991015
993103
992105
991045
9331
992631
990244
9259
993028
993392
992208
994421
990396
994022
993219
990180
9839
991185
9211
991296
990844
993043
991222
994914
993435
993193
991246
991876
9648
991946
991893
990884
993664
9607
9371
990771
9472
990931
994740
9454
994400
992066
991883
993459
9204
9022
990045
993819
994372
993319
992535
992106
994174
992090
990981
993022
994043
994235
990544
991470
994515
994309
993962
994412
994506
990772
991993
990984
992729
994724
992654
991331
9416
992861
994799
993394
9171
992253
990662
994650
993543
992034
992841
993842
991184
993784
992889
990301
992911
992303
994540
993267
991609
993885
9291
993843
990446
994868
994873
992736
994210
992413
991731
994802
990193
994753
991190
994900
992252
04
994511
991025
991910
9593
991548
992417
992116
71
9480
994669
992735
991478
994645
994828
993902
994096
9619
9113
993720
9404
994510
9239
992938
994242
9429
9494
992299
992039
9577
990412
990472
990463
994942
994340
990207
990100
994619
992070
993344
993314
991666
992280
9231
9831
9513
990952
994779
993034
994951
991898
9504
991460
994766
994558
993269
994537
992897
994709
993490
994998
993894
994523
993279
993228
991999
993433
990721
994874
992813
992887
991374
993463
993069
990794
9515
994140
990654
993507
00
991737
994684
990895
9690
993893
993603
993208
993359
991948
994871
991733
990659
991187
9735
9382
993132
9083
994918
994626
990388
992289
994074
994750
992682
992487
991056
992776
994320
993548
992829
991380
994026
994834
994032
990842
994073
994396
993324
991307
993549
993703
9162
991860
990851
9758
992920
994777
992781
991671
992118
994264
993582
994105
991573
9723
9124
991036
9532
992058
991877
992405
993832
994641
991659
990845
992233
9870
990350
991050
992114
991922
9146
993970
991399
993152
990548
990912
994928
990074
990405
993596
992523
9377
992647
994910
993232
993159
990711
994568
991862
991353
994338
990005
992094
991048
990114
994678
992651
991013
990967
991207
9707
993464
9732
9891
991342
993292
992492
994768
9061
990002
990713
993763
991180
990569
993913
994681
991125
993613
993840
992379
994555
993946
9425
992608
990307
9546
9571
991956
991121
9630
994438
990559
994298
990743
992721
9068
87
9868
991107
991585
993395
992143
990251
992910
993492
991393
991134
992344
990344
9896
994666
992636
991709
990944
991277
9094
994398
991383
994052
992493
993290
9883
992844
990833
991570
992495
9669
990263
991021
9167
991911
993377
992393
993251
9464
992820
994035
992363
993804
994424
991267
992893
990095
992470
9788
993480
992426
9148
990084
993578
994040
992333
990325
994495
991087
994546
993610
991347
994135
993234
990651
9206
992954
993954
993799
991106
991248
9626
993521
992420
993990
992267
992412
991265
993826
9228
990789
992430
9807
991035
990783
53
990979
992165
992931
991775
993839
9163
994093
9107
994151
992263
993545
9867
994092
992219
993008
9277
993745
9400
993651
993017
9097
990092
991100
990150
994640
991031
992877
990889
992112
993164
994600
992211
991567
992555
990060
991057
992422
993371
994592
994169
9659
13
990189
990864
991101
993530
990450
994952
992318
990495
992022
993198
993889
9322
990887
990170
992434
992902
990361
9207
994063
993369
991966
994728
994633
9334
990507
9517
994126
48
994830
992136
993473
991201
991192
994560
9359
991376
993858
991997
990269
992459
992892
994617
991976
9681
993980
991443
990203
994906
990467
991604
994252
993151
991226
994089
994700
993729
990918
990362
994229
9250
994484
991738
994538
991524
991469
991505
992220
992373
991969
990607
993750
991463
993645
992895
993186
9767
9099
992808
991324
994503
994599
992838
9147
990424
9302
994634
992773
990066
990031
990395
991777
990279
990954
993379
990418
994137
990159
994459
9583
990400
993733
9348
992421
991879
994691
994425
990278
994571
990148
992273
9579
9351
991757
991995
992198
991133
990012
993066
990538
993932
993479
994591
9201
990703
9140
9065
991942
994312
992672
9582
990190
991668
992272
994927
991321
9153
992594
994492
991861
991282
991787
994997
992885
9076
992559
9363
994413
9119
992860
990606
990271
992596
992300
9675
992659
991622
993073
990574
993963
994800
993167
993416
990168
06
992340
990798
992694
992703
9020
990850
993466
993724
994274
990752
9663
993239
9743
9381
991958
992204
994937
992800
991765
990476
993637
994565
9296
990473
993347
993284
994862
991635
990790
990565
991949
990717
993779
993594
992320
75
9668
990876
84
993941
992545
992175
990700
993788
994209
994218
994195
9740
993317
994213
9651
990097
992692
991925
9598
993653
991492
9327
990534
993577
993845
992213
9780
991166
9475
993246
9823
993072
994732
991304
992601
993649
993007
991446
991629
995003
994905
992343
992419
990163
990955
992501
992858
9179
994414
992425
994863
9685
990185
992602
991001
9012
994277
10
9100
994240
993089
991034
990661
993814
990223
50
994581
991315
991146
990415
991726
992778
9085
992939
9590
993457
990021
990540
992072
9797
993452
993478
994283
990197
9557
9357
990337
993123
993149
993952
990871
991290
9114
991610
994102
992697
991448
992761
992291
993357
994159
9855
993182
990951
992392
990423
991712
993125
994288
993909
991359
992482
991404
990825
993742
9145
9192
993743
993287
992310
9612
993781
992625
993483
992107
994304
991452
993663
994237
993063
992705
991117
992664
994442
990109
992915
992784
992746
9026
990533
990398
990194
990264
9324
991405
991705
9536
994350
992645
9112
994784
990347
9858
992632
990815
992313
994903
993313
990831
994390
994671
992396
992266
9578
9292
994926
990351
990172
991676
993064
992684
994735
993890
994917
990227
9421
991145
78
994166
991302
9778
992154
991803
9198
990653
991116
993818
991436
992676
9498
994374
992539
993244
991587
993288
992138
993933
9186
991608
990129
992544
994548
991319
993650
994267
992702
994589
992037
990076
9772
992331
991822
9549
993559
990078
993561
992068
993355
9018
9120
993245
9514
9184
992790
990617
993221
991557
9420
990561
990464
9173
993061
9110
9529
992484
990455
992727
991740
992087
994085
994061
991398
9276
9126
9433
9257
992500
992550
990265
991461
990936
992387
990545
993020
994133
77
992852
992565
9686
994041
992546
992913
9008
994519
9786
993629
993834
990063
9105
992635
992316
991540
9213
995006
9417
993527
994248
993446
994018
9027
9781
992574
9817
991992
992274
992032
991077
993026
994775
993907
990924
9461
993000
993442
994005
993281
994895
992259
9586
990849
993300
994265
55
994659
994317
990781
990780
993943
9189
990550
9023
994177
9332
991272
993272
9773
994520
991900
990909
991496
994755
993546
991561
9596
993134
990116
994434
9647
993366
9476
992883
993388
990853
993806
991058
993700
992918
990846
992511
994046
991781
991062
993418
990496
9024
990980
994793
994688
993462
991112
993771
991878
9284
993145
991930
993053
991024
991673
993256
991261
990668
990861
991228
993581
9320
9326
9827
993738
993195
993386
993217
993820
991739
990298
994741
990440
994975
994858
992391
994153
992410
990740
994943
991786
990208
991483
991660
9519
994145
994594
994013
9242
990483
992863
9744
9710
993773
992994
993481
991285
991648
994025
990786
9615
992768
9077
992351
990898
993397
994500
992040
992960
9004
990391
992978
991816
992554
9621
9709
993297
991890
994505
992045
990130
994471
9252
993801
993363
994694
9708
993082
9118
9123
990508
992100
990994
992836
994629
993455
994788
992408
991344
9127
992941
991188
991938
991818
993756
9533
992041
991171
992466
990273
993024
9222
991424
993436
990290
992150
990594
9402
990991
991455
994935
9624
993333
9256
991550
993440
991415
9801
991204
992617
991293
994757
992286
991354
994496
990328
992210
993877
993657
993010
991337
990975
992996
990374
994436
991926
992577
992557
990670
990739
991563
994760
991019
9365
992083
9229
990810
9468
990049
9317
994088
993250
991641
994621
990080
990050
992332
991855
990911
991079
9477
991780
990517
990441
990816
990082
994776
990972
992121
994249
991242
9391
994686
991157
9795
994996
991715
993174
993218
990626
990312
994758
990234
9774
993541
991384
9728
9644
991308
991459
993345
993797
994893
991093
994120
994509
993910
990062
994321
994056
993350
9460
991170
991200
994055
992881
994561
991732
992439
993782
994358
994458
9849
9782
990033
990232
9104
994345
992835
990382
993584
9419
990302
993727
990504
992098
994667
993360
993178
994693
993628
992386
994167
994912
994959
993741
9670
991088
992187
9072
990167
992716
993901
990104
990806
9134
991346
9115
990174
990708
992627
991234
993427
990494
9632
992389
993704
994138
992856
994004
993438
990827
990119
994445
9219
992549
993346
991336
991746
990621
993048
992556
990750
991901
9034
990586
991410
992007
990882
994855
990267
9737
990551
991263
992873
990590
9450
992485
991504
9216
992993
990293
9441
994346
994919
993665
991026
994547
990284
9473
990407
991632
9136
990280
994227
994707
991894
991817
994556
994764
990591
994608
992723
991783
993783
993413
992016
9283
991466
992151
992227
992458
991491
991975
993036
992346
991148
992547
991721
993147
991535
991340
993410
990974
992774
994932
9345
990224
9738
990231
9037
991991
990945
990065
9516
994348
992687
9393
9890
991110
990449
993945
993235
992362
990567
991497
990869
992194
992462
993747
9466
991692
990417
993776
994733
992295
993001
990526
994572
9691
9739
992400
990220
994451
66
994595
991073
994171
994575
9369
994090
993475
994742
992051
990393
994456
992199
993429
9387
990921
991387
994665
990589
993728
9553
991423
991175
994049
994354
992279
994234
990709
990276
994165
992225
992571
990064
990958
992712
994842
990375
9528
994845
991846
994708
9032
993999
991109
994292
991498
991766
990776
992952
9436
990683
992091
9236
992976
990519
990107
990094
994657
992949
992958
992621
994916
990701
991506
993168
9539
994289
990736
994455
9565
992145
994029
993971
993569
991558
991123
993607
992321
990879
992005
9161
993056
05
990676
992285
991012
992950
9835
9474
9209
9601
992724
991788
990195
991255
994994
993444
990108
991066
9479
993126
991097
993252
990205
994752
993139
9336
993044
994351
990131
990338
991905
992025
992445
991899
990469
993283
993033
9048
993730
992695
9457
990672
993461
990428
990787
9344
991697
992649
994673
991199
993517
994933
991515
991741
9376
993456
992526
990008
07
993006
994983
992249
991962
994461
992450
992394
9191
990511
9756
993678
993160
994924
990543
992409
991209
990788
9307
993153
993330
993719
9810
990642
993503
994794
990154
994685
9491
991859
994081
990384
994922
992742
990949
994564
990546
993183
9585
990907
994415
990363
993161
991289
994405
991945
994357
993328
991377
994967
992843
991247
9864
990285
994103
991358
9193
992819
9765
9499
992997
994098
9370
990995
993021
9745
991477
992558
9264
9617
990582
991580
990689
992823
990762
991639
990506
990122
990741
9852
991373
990459
991352
992081
991177
9645
990316
990501
9453
991716
992339
992465
994464
994677
9248
990714
990502
993499
993617
990580
991266
993711
993593
992369
994158
994628
993275
991156
9346
991433
993673
992033
994460
990253
992429
992940
992141
9452
993171
990233
990778
9505
993538
990595
991596
992519
992504
994831
991186
994551
992014
991075
990387
992384
991702
992948
991249
991462
991679
993273
992854
990004
991122
992159
991297
992786
990521
994361
990211
990894
991140
994704
992818
992956
993307
993762
993587
993767
991072
992218
993381
990444
991130
992067
990105
990070
992200
991444
990489
992424
992224
990906
990343
9297
993439
992414
9078
991378
990725
993509
991796
992992
993136
991218
994095
993857
994293
81
991181
9074
990243
991592
990809
9268
990520
992527
992228
9694
991904
993535
994127
993196
9667
993396
990490
9665
994330
991527
994915
9217
9822
993880
990106
993310
990327
994670
993986
994353
990373
994439
9848
993759
990554
991647
9042
993574
990557
994219
9372
994039
9328
9558
990777
990615
992704
990283
991820
9143
9893
991694
992822
992532
991371
992675
990953
990480
993477
992533
991923
993041
990782
992171
990010
991361
992770
994058
64
991168
990319
992568
992567
992361
990826
9166
990509
990411
990822
74
993791
992513
9380
88
992156
9776
991511
990017
990843
9451
994829
992366
993676
9483
993895
990834
991791
9323
992188
9770
990857
993500
995001
994817
991533
991479
9347
9333
993180
992862
9747
991725
990988
993111
994387
9706
990181
993701
992460
9015
991735
992512
990238
990691
990688
991990
992980
994373
9138
994521
994250
992184
992234
994557
994397
992974
991897
991828
993671
990732
9410
991595
991108
990718
990039
992706
994504
991082
991614
992593
991439
992059
990134
994084
990680
993566
9673
991488
991006
993166
994953
994115
990296
9833
993884
990111
990737
992605
992771
993953
9478
994719
992235
9820
9628
992537
991955
992575
990032
990359
992123
991964
9355
993900
9190
990775
991575
992707
992603
991560
992162
992573
9431
990802
994131
9073
990461
