992505
993156
994878
37
994814
29
992748
994123
9356
992753
11
990309
991451
993088
993018
994818
9378
994606
994960
992679
36
993260
993710
994662
993824
994823
9666
9538
993113
990695
993454
9016
990310
990746
994887
994222
992541
991835
9465
990742
994847
994880
992336
993323
993114
992916
992147
992587
992669
40
994070
993084
990679
9368
994446
993764
991014
993768
994433
994790
15
994051
994731
993940
993744
993623
994819
993881
993102
990236
9177
991288
993726
993046
991330
46
994176
991176
994388
42
994811
03
993270
9080
990460
9834
993411
993376
993622
994885
994961
993012
993987
994854
992375
9196
993428
993597
994427
992314
991135
992589
990614
991449
992690
992809
990492
992461
991083
9308
994352
991594
9212
994075
992744
992919
991761
9260
990321
994139
28
19
991965
990306
993303
991689
994479
9534
993172
992845
991311
990383
991316
9318
9398
994128
9051
994518
990939
993564
990016
990795
994188
991801
9757
992269
991937
993648
994220
992689
991872
991178
991445
990324
991312
991871
990886
990805
9488
994117
992678
994692
994143
993190
992506
9157
993042
994971
993308
991005
990465
990085
9860
993277
9792
990804
992119
990457
991287
993015
991328
993213
993601
9799
991169
44
990657
992120
990295
991530
994077
994721
992661
991842
991241
992215
991813
992606
9552
993470
991281
991244
9096
27
990883
992658
993606
991831
994149
9095
993599
992111
993065
993958
35
990137
9856
990335
994450
991341
990015
993115
9520
990311
994375
991688
9310
992668
993199
992581
994882
991565
991841
991320
992643
992401
992182
992924
993785
990210
994481
990723
993626
993540
990998
992937
991422
9294
990215
33
990747
993176
9225
992817
9796
994225
9226
993169
991850
9169
991306
994311
991069
990326
9056
994463
993851
990462
990317
993950
992240
990133
9379
994789
994226
994079
990535
991908
991581
990602
993683
994363
994908
990235
20
993609
990171
992177
994290
992468
994660
990803
993588
990447
994286
994528
993977
994516
991313
9641
994178
9759
992262
991664
993091
992529
994360
994223
992864
993237
992467
89
9753
994668
994507
990573
992683
994010
994183
9845
993603
993197
993604
991893
9551
993405
994480
9490
992452
991562
990470
994846
990779
992223
994810
991294
994866
990585
991868
994844
990087
9019
990823
994822
990499
990728
992826
992667
993045
9574
994968
991970
994841
9082
993118
994268
9702
990067
991434
9556
994187
990722
991623
994849
991509
990201
992517
991542
992352
991556
994625
992246
994865
993654
992821
991602
994530
993715
992181
992205
9181
990277
994281
994725
992787
990729
993706
994593
992463
991345
994132
991136
992124
992027
992570
9527
992324
992566
992496
990643
990314
994716
993101
991141
9223
993807
9182
991291
990796
993484
994316
990819
993866
990604
990003
992006
993081
991802
992995
9129
993993
9364
993447
990957
992071
991961
993278
990110
992991
991529
993140
991510
9664
991967
993449
9638
992427
9246
994246
993378
994881
991778
994860
992448
990692
9087
994976
17
991779
994429
991574
991162
990993
990331
994995
993531
992148
993375
9876
993983
991913
990682
991191
990977
990209
993373
991279
991906
990349
993247
9836
9639
992341
991300
994430
9716
993537
992307
990997
991998
994563
992084
992455
992696
992536
992368
991159
992404
990419
9554
9877
993474
992308
990940
65
994826
994411
991584
993812
992595
991569
9752
9443
991947
9243
990113
990900
34
991299
993778
993119
9057
991742
991824
992360
990009
9878
991528
990497
993306
993400
30
994611
991490
994701
9768
990482
992049
9405
993723
991691
993898
992399
993311
994310
992810
993565
992428
993402
993367
993258
994531
990937
990323
994972
990942
991624
990443
991046
9373
991481
991790
993821
991756
9497
990575
994197
992926
994303
993583
990140
9537
994607
991973
993905
47
991690
992745
994164
990646
991334
990135
9512
9563
993948
990354
993639
993563
9889
992623
992560
990892
990649
993358
991011
991598
9158
994341
991129
990839
993495
993798
991534
992290
990584
990047
993385
992576
991081
991450
992586
994247
993615
994843
991278
994053
9058
9195
9258
990797
994805
992868
9679
991468
990801
990340
993865
993415
994278
990987
994698
990358
993849
990885
992842
990638
993573
994181
992444
992888
993401
990908
991833
993674
9221
993969
990914
990915
992522
990146
9353
991625
990963
24
994947
991658
993338
994635
994574
990221
990367
990899
992540
991152
990989
992276
992464
990749
992963
991360
994514
993471
990837
990570
992214
993854
991018
991619
9021
992354
992185
9335
992061
993305
9329
990228
994150
992637
990873
01
992395
990761
992832
994006
994270
992437
9247
994783
993158
992714
990926
994342
990678
992905
992998
9688
993031
990262
991437
994697
994412
990379
9175
992247
9722
990054
990458
993967
991880
994134
991980
991368
991838
991061
994809
9125
993220
991382
994319
994275
990734
9311
992183
9569
990192
9657
9842
992242
993529
992153
993920
993259
9049
992688
991856
994148
993255
990505
992117
994186
993965
994432
994021
994541
992670
993989
991564
994308
992062
992342
991600
993426
990388
990147
994876
9821
994332
994335
993236
992901
994969
9467
993494
9046
993409
9726
990516
993144
992411
990115
73
9482
992904
992951
991703
993592
992453
991758
991392
994791
993550
992657
993998
993669
993591
9662
993112
9116
990117
41
990605
994857
994490
993408
994578
990529
991028
994078
994356
993975
993078
993575
990841
993160
993740
992872
990471
991722
9540
990216
993694
994038
993037
990583
990297
992969
991441
992350
991493
992830
991149
991224
990143
994888
993372
992284
990022
992699
993086
994588
991310
993643
993100
9281
991051
991523
990178
993555
992258
994839
990868
992946
9811
993032
992012
992441
991815
68
990681
994324
993054
992282
990811
992204
993800
991240
993935
994233
9594
993453
993514
993067
990866
991829
9244
994255
994062
993837
994370
990513
994305
991329
994837
23
990553
994130
994111
990694
994717
994121
994228
992390
991204
992907
992317
990531
993221
991682
990261
992733
994349
990320
992222
16
992825
9011
993698
991826
9888
992935
992264
990024
991198
993915
993154
994300
990541
994409
990427
993632
9754
9232
9656
9714
992054
992740
990212
994824
993692
991804
991078
994384
992365
992243
994602
991713
992803
993897
991789
990716
991620
991317
993634
990498
994329
993847
43
994939
994042
992717
09
993684
994689
993621
9389
994739
991193
990983
9493
994587
991435
991644
992671
993869
993784
990315
992180
992607
994423
994180
991736
990862
993856
991023
992423
991338
992388
992301
992239
990503
994184
994804
993892
991364
991832
991155
994416
994468
993090
9060
993976
990969
993772
990685
994785
990352
991827
9170
990058
991010
994122
990160
990313
992065
993058
994014
991231
991521
993968
9879
994542
991825
992158
992528
994712
993981
993321
991295
992004
993644
9321
994476
994435
992680
991599
9862
992626
990222
992479
994470
992298
9495
990029
993944
990177
994080
991520
991654
993718
994762
9741
990389
991303
991396
9872
991119
991988
991074
992928
991064
991040
994636
991250
992739
990053
994821
990814
993864
992686
994076
991302
993325
9271
990274
990199
994391
993625
9690
991516
990125
991351
9561
9261
991095
9255
990566
991253
992139
993299
990706
993229
991896
990792
45
990214
990038
994756
991402
993393
992622
990759
990697
992244
990865
994654
992725
992115
992403
992355
992127
992585
49
992451
993094
990733
994609
994203
992804
993445
993095
991286
9235
993846
993387
9424
990013
993667
994067
991203
990041
9103
994190
992305
991617
990724
994836
990560
992599
992674
991884
992857
992306
992779
993911
991484
9399
994256
9784
994909
993342
990056
9659
9812
991008
990475
9766
992088
992652
9580
993148
990848
993914
993130
991553
994711
9742
990712
994532
992986
991681
994549
9155
26
990828
991662
993263
990774
9710
990432
9567
993638
993889
990468
994050
994562
990568
994720
992125
990165
991843
992930
990660
991552
990372
993465
994163
993682
994639
990255
991092
992648
994155
992604
991271
994585
9152
993642
992914
9456
9423
992936
9227
991968
994371
992319
992955
994792
994907
993827
994988
994266
994923
9017
993533
994870
991379
9197
9802
994280
994382
994795
993520
9360
994954
992026
9386
991432
994493
992398
992612
994355
9426
992654
993423
994864
994474
990052
990960
9449
992975
9854
990061
993691
9263
993693
990286
990112
992337
994377
991611
991633
991858
994106
991499
992131
9749
994454
993165
991507
9724
991630
9847
991039
9761
994729
991543
9518
992312
990745
991182
990368
993424
994362
990410
990304
991438
992174
990394
993839
991852
9627
9210
992048
9422
991954
9395
994302
993766
991355
69
994852
993924
991718
9689
993052
990962
990964
990018
9769
992178
991638
994024
9440
9188
991429
994543
990986
992789
990072
993003
992543
994703
990477
994260
992176
994381
991349
990518
990035
9717
992297
993973
994552
991566
993264
994992
994672
990252
990923
991587
990870
990400
992837
991385
994030
993422
990179
994554
993516
993251
990726
994401
991105
9508
993855
991428
992942
993336
990982
994601
990927
990838
993835
992477
990213
994652
991086
991472
993795
990631
993722
992795
993862
993921
993677
992903
994619
991044
992877
992104
994718
993523
990699
994251
9240
991280
994431
992598
990674
994208
993618
990198
9462
990564
994069
993525
991636
9238
990330
991538
994991
994524
991531
992611
9697
994449
993681
992890
994715
994727
991912
994185
994813
990791
990669
994327
9045
994296
990515
990268
991704
991513
991038
992785
9595
993532
992878
991153
990175
992122
994217
990785
994747
992367
992064
992432
990257
994929
993528
992092
994193
993240
9869
990188
991696
991054
990028
993620
990259
992353
9407
994586
991795
994027
990048
994979
993725
994647
9599
992855
991613
9086
991500
992019
990620
990353
990938
992168
991655
992128
9301
993185
9591
992257
990488
992315
993184
992592
990434
991099
992999
9418
993349
992624
992431
993984
994877
994644
994963
994172
9154
994965
992130
993316
994482
9693
992118
992009
994517
9412
990634
990917
994269
994622
991866
991356
9808
993334
991000
9611
994086
991214
990485
993268
991085
992407
992542
992502
994803
991693
990655
991395
990514
992752
991590
991867
990390
9446
991517
992357
9489
992673
991643
993365
990069
992609
993991
990206
993448
991179
991502
992021
993675
993589
992726
994856
990784
990623
993972
993829
9172
991888
992814
990996
9843
994114
991563
993871
9755
993055
994499
991473
994535
9618
9866
993947
992287
992347
994323
994059
994157
993019
994257
992850
990821
9541
9555
993011
991657
994294
994945
993486
992743
990707
990239
990799
9509
991577
991098
993822
993403
994631
02
82
9506
992197
9760
991494
990768
992433
993326
994677
993241
994420
990142
991147
990687
990959
992292
991220
993420
993714
993200
990392
9245
994958
994512
993482
994566
9397
990292
993917
992060
993742
994380
9306
994156
991372
992866
9341
990525
994699
991974
993074
994472
994282
992741
991052
990856
9300
992018
991256
993331
993657
994378
992426
992807
994367
993286
992737
990334
991919
994394
993116
990817
991251
994710
990099
993210
991111
990738
994833
990426
991408
994875
992436
991770
9287
992010
993754
993926
994383
993873
993060
991363
990370
991987
993995
992677
992880
994597
993646
992077
990226
993802
993844
994832
9156
9584
994614
9731
994623
9098
990965
9545
990128
992685
991674
990237
991851
994690
991020
994299
990666
993689
993709
995009
990196
994144
994525
994334
992629
992080
993705
990377
993662
993815
72
994082
991628
9314
992584
994418
9725
994023
9304
993848
990413
992957
990537
992967
993515
990258
991206
993215
993619
991886
991323
9319
993098
992074
9857
9111
14
994365
991777
994488
9142
991591
993025
992447
990756
993817
993697
991559
993979
993027
9751
9704
990610
992876
9233
991503
991065
992734
991118
991812
992630
991217
993746
993605
991823
990141
992693
994582
991401
990081
993282
991366
9183
990633
994048
993938
992442
9203
993687
994489
992217
992847
991417
993205
992309
993717
990549
990217
994901
9224
991053
991205
991734
990731
994116
991889
994119
991582
994615
990254
993391
9279
991215
9700
994170
991621
992518
992164
991675
992469
990686
9804
993919
994494
992728
991612
991196
990260
9631
991588
993504
990539
994902
993432
994787
992641
9882
992349
9487
9588
991772
992189
993511
9204
990836
994944
991464
994094
991239
9814
9135
991977
993966
9863
994767
993883
994160
993434
9149
994906
990512
991631
992534
990693
990083
991403
9406
9859
993636
992642
990011
993122
993370
9640
991763
992109
992788
994986
992446
992490
9064
990572
993796
22
9734
994318
992402
991210
992731
993631
990910
991427
9288
992762
991208
990612
992268
992909
990068
994632
993407
990478
9824
9408
991322
991314
993302
991714
9475
993789
993110
991927
994985
992763
990454
994981
994000
994948
9401
9898
994934
993656
994897
990855
991909
990820
991495
993939
992229
993443
990727
993659
54
991084
9643
990675
994539
9312
9684
990299
991414
9394
994141
9214
992483
992859
990813
992129
994682
990966
990126
992374
990020
992046
990644
994899
991951
991669
994763
992478
990648
994544
21
993431
991731
993451
994200
993867
993735
9587
993238
993602
994196
991260
991982
9253
992871
994422
991589
994258
991944
992031
992912
991447
9502
994441
990781
992718
993216
993050
991547
993576
9653
993951
993460
994964
9458
991857
992578
9290
990754
9272
992875
9250
994239
9289
992831
9712
990059
9649
992216
992691
994658
992965
994825
991128
991706
9850
994189
992160
9798
990348
991202
990735
993833
990402
991485
992932
993242
9144
992929
990123
991335
990698
9218
995000
993214
990486
993179
994307
994306
992988
990158
992302
992230
9390
992167
990522
991229
9532
993600
994898
992489
992113
991467
9075
992851
994970
58
990891
61
990484
991953
991339
990356
994124
9044
992241
994676
992079
991748
990743
990829
994254
991670
993075
991978
993002
992440
993339
993805
992042
993755
991687
992108
994801
992142
994653
992797
993049
994879
993627
992364
993085
993930
993894
991710
993959
990452
991411
994173
991262
9479
990579
994695
991651
992945
994364
993327
993640
991017
9636
993942
991934
993135
993859
9033
992757
992972
9874
993699
9349
994204
994104
9270
993770
991161
990577
992943
992516
9013
991545
993295
9205
993783
992848
993437
992754
9107
990155
990098
992934
990102
993121
994162
83
992869
993823
991915
993194
992891
9331
9106
992137
994452
990665
991627
992099
992011
990881
991090
993879
993549
992327
9871
990769
992531
9102
9526
992311
991225
990543
993994
9133
993138
9783
992766
992053
9041
994417
9720
992700
9003
993467
992756
993774
993162
9600
9285
994393
9414
990247
9132
994743
991885
9654
990913
990164
994815
993191
994475
994261
991273
994142
9445
990318
9750
990867
990086
991043
86
993536
993957
9570
993352
992662
992494
992017
993560
994522
994028
994771
9342
991799
9678
991645
991711
993368
9672
994291
993030
990500
992251
993988
993364
9607
994938
991981
9469
991844
9282
9385
9121
991350
990763
9646
992191
992552
990581
994891
992480
993927
9620
9059
991768
993765
994754
992236
990103
9711
990151
990453
993760
993524
9194
993838
993146
994403
991549
9053
994949
992254
9719
994216
990507
991634
991076
992938
993211
994726
9762
990640
994315
9674
991849
9748
993680
991719
991298
9602
991898
991902
992564
992722
9881
994661
990136
9629
993128
994154
993508
992372
992132
9275
991163
993668
993757
991487
994780
992834
993811
9613
993526
991847
992237
995007
991640
9362
9055
9787
9729
993512
9604
990532
9899
9090
992964
993289
990145
990932
991245
990635
9038
994406
993616
990793
9633
60
993280
994313
9366
992559
9025
992472
9361
994426
9052
993068
991717
993127
990438
993309
992954
993850
991457
991213
991597
992456
991315
990332
992133
993239
993071
9427
9297
994651
991752
992588
993099
990241
990360
991232
991918
990162
9472
994206
990329
993641
994224
991430
993040
991830
993872
991264
994036
991223
991032
990639
992415
991370
991593
991144
995005
992520
991258
992166
991284
993230
993276
990403
993013
991791
991425
994957
994778
994347
990920
991652
991390
993808
994835
993992
9789
990696
993739
993990
994772
59
994152
994057
993507
9178
991882
9831
994179
991059
992747
993863
994044
994016
990877
994168
991979
57
994806
9803
994487
990182
9829
9150
993083
9779
992140
991113
992551
993522
990616
994679
994745
991794
9168
70
9733
990845
993502
993304
994920
994978
992151
990173
991865
992161
9337
991269
990800
9006
991002
9837
992775
994749
992672
991555
994937
993702
993254
990755
991243
990161
990613
993825
990200
994526
991773
9683
994199
9439
9775
994820
994244
994402
991475
990077
991576
992793
993769
992238
990840
993672
991646
994502
991406
993922
993488
990524
994107
991821
9715
994447
9521
9269
993928
992966
994192
993878
990744
992923
9791
993661
992633
990757
9660
991615
994033
992376
990127
992521
990930
993341
991442
9695
990919
994483
990636
994253
994980
992953
990357
9713
991952
993612
993794
994921
993598
991386
992887
9894
9486
992660
994646
992628
990947
9705
992984
992715
994083
993347
990044
990093
992196
990308
992260
991809
9730
994889
991994
991471
991606
992220
9403
9280
9089
990652
992553
9661
990007
993047
993441
992755
991195
990307
994097
993686
993780
992870
993731
994011
990433
990552
993035
993658
993852
9237
991839
991996
993633
994674
991369
9606
994359
9634
9140
992792
991653
992509
992644
992002
991750
990946
993748
993734
994827
991397
9286
992101
9141
994993
991986
993014
994194
993908
991259
992773
990753
9793
9589
993929
992149
993192
991276
993946
992650
992582
994982
992805
994705
990341
990451
992245
991219
9531
994232
994241
991375
991864
9873
9777
992157
990229
994553
990144
992155
992812
9340
994469
994440
992906
991610
991440
991080
991138
993079
990593
990006
994118
993614
990677
992806
994368
992764
991764
9844
994569
991476
9254
992322
9309
9547
9432
991836
993062
993544
991776
991854
990690
993000
994072
9330
990416
990364
991254
993201
993444
994851
993124
992925
9692
994012
9404
993384
991723
991680
9682
991248
993906
992884
993207
994202
993497
992798
990995
994236
992475
991903
994385
9625
993170
991806
993554
990023
9560
994034
991211
992330
993390
9535
992799
993635
991751
992380
994314
9575
993562
992086
991895
994577
992791
9461
992281
992738
991514
993291
993590
992639
994295
993392
67
993188
991033
993899
9409
994003
994096
993487
993204
993072
994210
992296
991784
991482
993322
9180
990230
990530
990720
992597
992631
9067
993137
992782
992377
991343
9721
991800
990202
993294
991541
994858
990874
992944
993716
991154
991848
994845
993519
993412
994642
994276
990578
991413
990487
994045
991489
991881
990950
995002
990941
992703
990956
993666
990091
994656
994271
9736
9109
994369
9047
994990
991637
9614
993077
993579
9825
992927
991185
992323
993353
994859
992591
991290
9861
992179
993582
9819
990903
9117
994465
993876
990650
993293
9061
990445
992561
993106
9206
993830
992601
991727
990385
990888
991505
993022
9088
9868
992783
9485
994113
994618
991172
993222
993836
9165
992028
991091
993469
994648
994536
991525
991936
992265
9249
992808
992698
993226
994054
992093
994761
994002
994946
9174
990970
991667
991151
994687
990645
991367
992681
994643
9137
994904
991671
9365
9278
990436
993206
993775
990366
993647
994209
992029
990764
994331
993312
991811
990176
991728
993059
990601
992993
9007
992620
9790
990897
993157
992270
990425
990042
9208
992370
990702
994974
993296
9396
992760
992481
994579
993595
992721
991585
991381
991989
991551
9430
9652
994999
994404
992003
990174
992231
992982
994428
992170
992233
993017
9035
9806
990884
9841
992069
992487
994894
990421
994867
9892
992922
9211
9637
993175
990204
991453
9097
994567
991426
992030
994410
990075
991207
994706
992580
993925
9151
9581
994604
993279
994166
991701
992078
992947
994955
992730
990928
993485
991236
992990
991293
993997
9510
993923
991003
992777
994640
9818
993949
993359
994737
994389
994722
993126
993332
990611
993861
9566
992749
9438
994744
9062
992304
9593
990760
991659
992711
990929
993489
990830
992981
991678
990527
9885
993187
994326
9727
993787
990852
992378
990345
991301
994262
994379
993421
993506
991030
993491
994015
994691
990890
990289
990606
994913
991760
993552
990153
9371
993913
993181
990046
991460
994007
992096
994533
994259
991596
994989
9084
993344
994714
992632
9546
991720
992383
990322
993320
992008
991131
991914
994354
993249
991743
994376
9050
990055
993650
991518
993568
993690
992037
993356
992815
990184
9160
991583
993660
993380
992089
9828
993466
994001
991939
990301
991724
991769
993093
993223
9503
991959
990976
993357
993009
992073
990246
993348
991683
992344
9718
994087
992063
994996
994936
994890
990673
992977
994491
9481
990045
991920
991950
994343
990422
993828
990671
993932
9234
992882
993498
994738
994550
990854
991782
51
990710
9000
9322
994301
992486
992438
9658
991096
992865
991150
994337
9146
990361
991684
991275
9273
994808
994700
9163
992840
994398
9343
994669
991663
993212
991348
994212
994869
992913
9339
992710
991127
992278
9338
991173
990935
990901
990773
993553
992867
993248
992474
994984
991252
994019
990240
991235
991412
991526
994624
994696
994201
991665
9005
993978
994245
994598
990664
9384
994529
990132
994603
993886
9471
992600
990878
992538
990183
992959
992655
991969
990479
994788
991971
9746
992510
995008
990758
992410
9559
992043
991985
992970
992190
990876
9887
990629
992248
993534
993736
990700
991797
994774
992271
993398
993608
9622
993501
991861
9771
990409
991603
993580
990661
9054
990562
9199
991143
9583
991707
991292
992879
992751
993732
991708
9230
56
990576
993513
992371
990858
993132
9764
994728
991924
991522
991027
993281
993547
993335
990448
994066
992169
990588
991546
994616
990071
992106
992338
990336
9428
990219
994590
992471
990442
990818
994457
992420
992152
994519
9293
9029
992772
994485
992801
991216
9699
992484
991762
991512
993329
991537
991997
990089
990378
9703
993558
9296
994905
990446
993955
992900
9251
992340
9162
992515
990523
990218
9698
992833
993685
993472
993818
9832
992209
994769
990365
992861
990627
991013
991972
991238
993974
992348
990984
9807
993904
994161
993790
9592
992569
9459
990118
9435
9010
9550
990663
994395
994925
993340
994146
9642
991875
993820
993664
990303
9316
990079
993810
990893
990412
992989
991055
992697
991578
990603
9239
990770
9171
990847
991929
993468
991607
993231
992820
990542
992000
993931
994950
991931
994966
993051
991911
991873
9676
9501
990599
994565
994796
994773
9671
993628
994873
994288
992548
994610
991034
992082
9110
992514
990095
991270
994205
992839
994498
994101
992638
993167
992470
991729
993133
9880
990191
992358
993937
992343
994942
991793
993964
992413
991160
991891
990371
9437
992202
994930
991930
994599
991409
991049
992047
994008
992682
993141
994637
991070
991685
990187
990875
991983
990632
994896
993005
990992
9112
994584
991960
991022
993023
990398
992449
992294
993092
9350
992759
993813
9723
993792
9274
992036
993261
9610
993315
992525
79
993720
9623
993750
991501
994147
990824
993233
990925
991807
990256
991365
991554
9444
9085
994022
990466
992898
9655
990860
992392
992144
992090
991928
992020
992146
991892
993831
9542
992665
991943
991921
994486
990291
991941
994765
991212
993809
9830
994020
994748
994221
993518
992193
994560
991539
992443
994559
994770
991009
992476
991230
9262
994998
994802
990872
993257
994065
993057
993271
993655
994099
993585
9851
990658
993557
992424
9063
990794
993155
9504
990355
993868
992894
991137
994437
990536
9773
990943
9496
992562
990597
992015
994655
994766
990401
990563
992896
990887
993530
991421
9447
990026
990124
993290
990844
990225
994100
994060
992491
993004
9071
994987
991672
994340
993493
993107
992044
993131
991561
990152
990618
990544
994140
994243
992280
994287
994759
994005
993149
991142
990275
993397
990981
9597
994612
990558
991103
990835
9066
990598
993980
994675
990812
991845
990376
991642
994596
993029
9523
993902
990973
991394
9650
9875
992583
991661
990034
991480
992369
994853
992013
990628
994462
994039
993087
9136
994546
993314
993826
993070
990990
991167
990528
991744
991357
992800
990097
990719
992656
994068
990922
991405
990596
992094
990896
991792
9220
9680
991568
993202
990369
9630
990249
993435
990481
990166
992334
991048
992765
992024
9375
992634
9367
994125
991420
85
992256
992767
9813
991626
991268
990474
994198
994396
9030
992038
991976
992326
992143
991557
990517
994649
993961
994284
992860
994884
994501
990339
9701
994110
994328
991398
990408
992619
990491
991747
9320
990396
990305
9480
990090
992794
992488
994108
994112
992406
994510
992221
990265
991007
990715
9130
993551
994135
990968
991237
994408
994407
993793
994702
9108
990705
990362
992702
992920
993882
994506
993707
990918
992498
993841
991331
993166
990859
991115
9778
991910
991524
991068
993224
994838
990157
993419
993080
994400
991570
9094
992198
991041
994816
994663
994443
993250
990025
992889
992039
9568
993399
993152
993203
993492
9530
994962
990250
993450
992417
993063
991666
991808
9675
992495
993394
994191
991935
993008
990431
9513
993816
990587
990242
993193
992085
9500
992827
990156
993351
993266
990439
992333
994136
994478
992056
991388
990232
993097
991465
992653
9027
991120
991916
993570
992252
9663
991233
9091
991246
993753
992719
9687
9185
993436
993104
9544
991093
993028
9514
990019
993567
990333
994775
990766
9578
992708
992310
990571
990767
994617
9101
993103
991730
991418
9805
993912
991834
991456
993960
991318
994207
990397
994473
990271
990555
993630
993452
994941
990561
994338
991519
9092
994684
993761
994693
9079
992226
994272
993016
993265
9608
990911
993109
992325
992103
990404
9788
992615
80
9241
991933
994558
992299
993337
993319
990049
994037
993593
993189
9012
991165
990346
994414
990057
993256
990406
991942
994366
994497
992057
9266
992917
9429
992356
992272
994605
992618
9626
9468
993556
991407
994103
991754
994151
994074
992075
994713
993388
991106
990931
990120
991876
991226
991917
993209
9093
9128
993613
992416
994583
9603
990287
990005
994419
994399
992524
994840
9897
990266
993804
991649
990073
990961
990704
991058
992273
991045
993891
9069
9895
992636
994724
992418
992885
992387
992769
993208
992136
994952
992796
990043
993763
991079
990780
992535
991333
990842
991307
994630
994035
992836
990414
990656
991042
991698
993708
992507
994174
993803
992345
991771
993788
993227
992421
9419
9815
991774
992550
991400
991759
991699
991071
9448
993651
993473
991745
991853
994892
9648
990730
993272
9215
992235
990148
994534
994052
991132
994931
9838
991508
994214
991419
9072
991818
9785
991001
990647
991431
994918
992035
993510
993292
993383
990609
991737
990651
993129
992255
993039
993246
990399
990350
994374
9619
9083
994641
993354
991184
991025
991705
994868
991158
990815
994009
991940
990916
9291
990567
992001
994900
994503
992052
993996
992508
991221
993874
990381
993918
990456
9455
993652
990904
993777
990608
990472
9436
992277
990281
990822
990944
991031
991446
992097
990065
993695
993611
991573
990642
990051
9040
994527
990429
992709
991114
993143
992107
77
990000
994666
991532
9202
993459
993163
991094
9325
9124
993916
991932
991869
990186
990832
992199
9835
994570
992072
992873
9068
991274
990347
993936
9383
992971
992473
991125
991305
991601
992640
990864
993721
992335
994344
990300
991222
993464
994537
993712
993952
990538
991057
990263
992232
9884
993571
992780
991470
992735
991787
992135
994874
991035
992838
992102
990220
9865
993406
992985
9173
994242
993244
990933
990393
9572
993884
994263
990592
990547
993234
990021
991194
9374
991174
990149
990269
992076
993430
990424
10
990012
992530
993543
994571
994779
990002
9345
990556
993688
9303
992385
994513
9839
992750
993704
992422
991104
9176
9816
9696
993749
994444
994800
990139
990074
9402
992931
992503
993875
48
995006
994591
9305
994683
991780
992651
994492
994943
9507
9840
992359
990624
990001
990853
992110
990027
993262
993503
9441
990905
9707
990119
993285
991100
9388
9026
991399
992663
9159
991376
993458
993786
994252
9615
992968
992886
991874
994231
993596
9823
991391
990467
992328
994361
9846
994297
9347
992811
993287
993253
990641
993496
991925
990101
994477
9511
990765
991656
992616
991814
992058
991700
994093
992300
991342
990437
994102
993751
991121
9522
991116
991828
993546
9358
994626
990771
994883
992829
9476
991197
9076
994333
994910
990476
993267
993300
992676
9265
991319
990449
993010
990405
9564
992705
990428
991145
994105
994421
992720
994807
993298
9299
990121
994664
992858
993840
993956
994746
991389
991877
994521
992983
991648
992893
9470
991753
991393
993333
990952
994279
991454
991767
990272
990861
992555
9229
991721
990622
994046
992701
994031
990278
992910
993729
990450
991572
990951
994903
992163
992899
990282
993195
991296
990380
993799
994238
991227
993962
993758
9576
991586
993745
990154
993480
9533
991463
990637
991579
992429
990036
992405
990288
992212
9153
991907
990751
991715
993584
990494
52
9579
994298
993362
992050
990978
993096
994026
990441
993120
994723
991063
9415
991089
990565
994657
993782
992853
994322
9735
9164
991265
9767
9794
990902
993888
87
993382
992207
993379
994392
994071
994707
992781
994620
991949
990463
994047
993217
990207
9484
991047
9677
992687
994799
991189
994786
990789
992275
991749
991999
991738
53
9548
992579
990912
63
992435
991474
9039
990076
994448
9543
991126
993243
994088
994353
991164
993870
990849
991922
990344
993404
994129
991325
994095
994211
992549
992457
9668
9616
991785
992695
990420
9002
993053
994613
993941
990096
992895
991958
992962
9198
9001
992813
990871
994784
992408
990131
992729
994215
994508
994850
990619
994777
994638
991712
991695
9800
993105
9336
991677
991183
993228
990889
990328
991536
993361
9442
9605
990967
9267
994043
990595
992746
992381
992596
992727
992933
994940
991740
9028
994317
993219
994893
9065
992430
994230
993773
993934
990418
994495
990227
990455
9284
993877
9780
991863
992841
991139
993369
991102
994782
993417
992532
991277
9099
992023
993539
04
993814
992504
990430
9809
992563
994828
994467
990270
993853
990659
9400
9826
992288
994061
9014
994484
994137
993858
9420
992613
994265
990264
994073
9562
84
992499
991966
990273
994977
993389
992134
991946
992165
994372
992908
992526
994264
993297
992051
990924
990351
993741
992590
992412
9036
9609
990790
990245
9758
993123
991548
990251
993463
992482
991486
992186
992253
992874
992824
990423
991900
9685
9200
990189
992979
990114
992219
990600
993963
994109
991190
993429
994511
994665
994505
9425
994556
990031
992154
992289
992386
994951
9886
990808
990493
9434
995003
9187
9586
995004
991107
9369
994872
993374
992263
9327
9216
992545
993186
994064
990684
990713
992950
990607
992025
9148
991353
990559
992659
993476
994781
992016
991124
992172
990850
992454
993198
994568
9896
991632
9492
991963
9743
994471
992098
990464
991604
992303
992987
992114
994709
994540
9298
993418
990810
9070
993396
992211
992645
9081
992758
991283
994555
9498
994621
992973
9357
994753
993150
994973
994740
994089
992911
00
993232
990788
991056
990060
992492
990495
991984
994994
994758
994029
991443
990670
993724
992713
992684
990654
990948
994442
992379
993076
990991
993416
9302
992915
992194
993151
993578
993173
993700
991609
994126
993637
9612
990971
994997
9516
992040
9413
994213
9277
992523
991110
990833
990337
992382
992565
9416
993896
991416
9786
9295
9801
990550
993064
994285
993478
990109
990203
990030
992041
993779
992283
991234
992493
992465
992397
991036
992539
991739
993505
9691
9739
994650
9827
9454
992261
992646
994274
994169
9525
993545
992066
991883
06
992546
9100
992610
994018
990294
9524
990504
994538
994750
76
994091
992736
992921
993034
9853
992976
991544
991775
991263
9382
990510
9043
9354
9732
994975
993832
993089
990653
991452
9391
990882
994914
990994
992828
993273
993577
9515
990342
993343
993355
991948
991837
9231
991130
991956
9105
992034
994573
993177
992802
992313
9529
992293
991309
993885
992213
993517
990895
990159
991332
992544
990534
992647
994458
9139
9024
991709
991087
993527
994277
990776
990435
994240
992095
991840
993756
992902
9464
991957
9147
991133
994358
9201
992849
991878
992208
9582
993594
992712
991755
990721
993318
9772
991975
992091
991134
990985
994688
993610
991383
991359
993845
990851
990662
994320
993842
991347
994500
990783
993985
993954
992105
991156
994115
992594
992126
990630
993617
992373
993548
991037
992602
991458
994594
993159
994171
9517
990374
991077
990084
990325
992664
993410
992716
9596
990807
992331
992778
990569
990459
994680
990284
992881
993860
992033
992439
9134
991567
992192
992329
992363
991101
994438
9179
994520
992070
991282
994842
994895
9257
993252
992768
991622
55
992608
990772
991374
991267
991605
994424
992203
993274
993733
994627
9213
993696
994041
990163
992627
993970
994983
994732
9491
62
994145
993317
992425
991535
990280
990168
992266
991321
992846
993561
9433
9018
990936
992116
9009
992267
991088
994564
993982
9590
9738
991676
993903
990483
9122
991062
994735
994592
990172
9324
9186
992434
9104
9381
994120
993893
991404
992150
990122
994935
993284
991016
9411
9317
994733
990008
993752
991673
993061
991050
991004
993073
991660
990496
994797
991733
994730
991326
9645
991304
990234
9463
990231
991635
9883
990617
9858
9193
9745
993425
994928
993069
992978
994956
994576
991362
990540
990954
990469
990545
994229
993819
991201
991423
990130
994863
994629
994751
993834
993490
993413
990708
991060
9647
990223
993024
992083
994580
990386
992572
993036
994548
9127
994451
990415
994793
992400
9505
994634
992816
990253
990683
991629
9131
993629
994056
992022
992156
992666
993168
9332
990244
991726
994425
992883
994678
993038
990170
992173
994049
993910
990312
992997
990285
993345
991894
991879
994855
991415
991337
992045
991741
993663
9571
993572
9867
991255
990050
990711
993559
990180
990088
994645
994390
993673
9669
9708
990740
990736
990267
990955
991015
992635
991380
991887
9004
990092
9313
990473
993483
9348
994304
994755
991995
991146
994025
993147
991540
9031
9891
991783
993442
990078
994309
992087
994248
991618
993164
9217
990741
9256
9268
990974
993178
994351
993907
992291
991448
9681
994138
992776
992961
993269
992250
993791
994267
994348
991616
9393
990014
991905
990193
991477
992501
993043
994545
991024
991122
9781
992187
991822
993738
990501
992100
992274
990037
9351
993427
993455
994671
990934
991067
991668
992318
992617
992694
991899
9686
991168
993020
990190
991558
994927
991697
991679
993703
992941
991781
990248
13
990786
992732
9359
990033
993006
992939
993288
991550
9242
992614
994032
994133
992462
990574
994600
994092
992918
991805
993395
994581
993446
990625
9334
991483
9494
992123
991187
990116
991192
991506
994547
991455
992856
991478
993007
993125
991991
992863
992996
994681
9740
990863
991571
990511
994926
990150
994218
9855
992577
993275
990825
992897
994312
991732
9864
994455
990748
9120
994273
990703
9744
992692
990621
990898
993887
991021
990980
992574
994453
992625
993542
994862
990080
993225
991686
993670
992005
994694
991904
991352
9776
994153
992723
992396
994237
992145
992195
990502
992835
9307
990594
994708
991066
9870
991926
994911
992497
993433
993477
993196
993901
993283
990194
990138
994357
993743
9453
9292
9377
990752
991410
993678
993324
990039
991272
993183
9670
994523
994496
990880
9549
993843
994515
991890
990066
993665
9651
991860
990548
990709
993479
991257
992249
990316
992391
9207
9392
991346
990440
994768
991199
9417
12
9167
990508
994830
993801
9077
990106
994917
9252
993438
990816
993462
993737
991498
994633
991462
993581
994159
991803
991188
991692
993456
9352
9577
992459
991026
992960
992393
9849
990750
991266
990999
992952
9370
991170
991200
993082
993048
50
994460
992949
991148
990004
9539
992279
992320
993108
990846
990909
990185
9037
994871
990591
994776
992112
992316
990302
992055
992980
994572
992844
990363
994090
990100
991746
9709
991384
993182
994461
9113
990395
990979
994413
993033
994752
9473
9635
994608
990689
994916
9123
992784
9477
991862
9632
990195
9817
992200
991109
992485
990691
9118
992466
990169
9228
994459
71
991901
993781
993310
992332
993457
993728
993880
990668
990717
9782
990129
9115
990489
991218
992067
993857
991788
991816
991344
9644
991496
990589
991261
9022
994967
991580
994386
9621
993026
994464
990582
990327
9008
9890
994219
992259
994350
990062
990040
991324
994922
992419
991157
994757
993909
9222
991387
78
991459
994834
993730
990701
991757
991817
992286
992852
990211
993313
992556
990667
990279
9114
992554
991361
994589
992141
992007
991819
9023
991171
992940
994098
9276
990521
9020
993806
990551
990417
994912
993218
994456
994283
990107
994861
993649
994509
990834
990208
990739
994292
991019
990857
993607
9219
990490
993245
990082
993999
9665
994346
9774
990869
990197
994919
9190
991336
994434
993653
991436
993701
9795
992649
993044
991766
990590
991992
994017
992761
993535
993569
990108
9557
991242
9797
9119
993235
991308
993328
9145
9283
990778
9598
9209
994235
992513
991209
992774
992068
995001
991993
992210
991177
88
993727
990809
993066
993943
994561
991166
9565
991340
9192
994760
993797
991175
9852
9126
994158
990444
993747
994436
991012
994249
9328
991461
992450
993330
9421
994686
994742
994704
81
990373
993363
990533
993771
991424
992351
993566
9189
993719
993134
994959
991725
991650
990391
991608
992414
994345
993475
994321
992958
993346
990586
991702
994736
9333
990384
994659
9236
992892
992948
993386
990676
992394
9474
992228
990777
992557
9536
994915
991097
9601
9519
993890
994165
993371
991716
991504
992770
994055
994764
992458
9248
9032
994667
990411
994741
994415
991639
990243
992409
9450
994595
990972
992511
991073
993142
9667
992032
9728
990167
993933
992547
992295
994289
990949
994405
994628
993499
994373
990094
990181
994685
993986
991466
994325
990064
993541
990615
991140
75
9376
9326
994227
991297
990827
993414
66
9893
9410
992790
992362
991592
994081
991647
08
994004
993440
990382
9452
990806
992500
9765
992621
994063
991855
990626
992558
990554
992339
992527
993481
991897
993381
990010
9822
993145
992121
9184
992321
990506
9344
990557
991533
990070
9585
990672
990338
993366
992843
991181
991180
991491
990343
9048
9191
993767
991285
992724
993174
991923
9387
990063
993153
992704
994445
991962
994085
992512
994551
991641
9161
991378
990526
992171
991765
992175
9624
9460
990958
994924
993360
994670
992389
990907
993021
990580
994040
992819
991938
990787
994167
990205
991990
991123
991377
992384
990921
9528
992138
993521
9264
994794
993895
991469
990407
991945
991228
990737
994195
990906
990233
993711
991327
991846
991029
991072
994013
994250
9756
992956
990894
9694
9034
992227
991515
990105
990293
991373
991117
994439
994575
990359
992854
991859
990945
990224
992818
994234
992218
993041
991358
992742
991820
990718
9553
994673
990375
990975
992081
05
993136
992675
990732
993676
994330
993139
991527
9259
991112
994504
993180
992519
9138
991249
9363
9810
991492
991354
74
991810
9466
993762
9558
9499
991497
991289
991511
992445
992603
990798
993171
994932
9706
990826
994293
990519
9617
991796
992992
993161
990276
990831
990017
990725
990714
990546
994177
992234
993776
993001
9323
993461
990775
993945
991371
991186
991075
992823
9737
990520
990283
992706
993587
9143
992571
994829
993574
991786
990843
992285
9380
990953
9166
9763
993645
994557
991955
990319
991444
993056
992771
990296
64
993307
991108
994831
994058
992188
992994
992822
993671
990762
991488
992225
993439
992460
990782
9483
990879
992014
991082
9457
9346
990032
991247
990104
992361
9015
990480
993538
991479
9848
990298
993900
9372
990290
991735
993759
990387
991433
992159
993111
993350
992862
992707
990688
9820
9078
993377
994933
992537
994387
9770
991439
990509
992567
993953
993500
992162
990111
9478
993971
994817
9451
992786
992224
990680
994127
992059
992605
992593
992366
994397
992568
991575
9074
9747
991694
991614
9431
992184
994084
991006
991560
991595
9042
990461
993509
990238
992974
991964
994953
07
9673
9355
992346
992575
990134
9833
990988
9628
992533
992573
994719
990802
9073
994131
