992753
36
9356
11
994847
990695
993824
46
990309
994960
992669
993710
994662
992506
40
9378
993018
993046
991451
993260
992587
03
993084
15
990746
994818
990679
991835
9157
990310
992690
994446
993270
994823
994143
993376
994606
992679
9488
993881
994819
990137
994075
993102
993601
994388
993622
993113
994880
992809
9465
992589
9080
990614
993088
990460
9212
992678
991872
993977
993744
993454
990236
993114
992336
993172
994811
993428
990886
992314
991312
9538
992916
994887
994971
992541
991330
994450
993626
9096
990742
994051
994480
994885
993623
994433
992461
992661
9318
9398
994223
991689
993768
994790
991311
991594
992147
20
994854
993213
991176
991801
9016
994846
991014
992689
993012
992181
993726
9260
9308
993564
993851
9876
992919
994961
993648
993940
994481
991241
43
992111
993303
990722
9196
990883
9834
992120
991083
993065
993323
993277
994692
9368
991831
994789
991842
42
994070
35
994220
991937
994479
992744
9799
19
993045
9177
994079
990419
991300
991481
990795
9169
990657
991623
991281
991244
27
9792
991761
994188
992269
9021
992375
991288
991303
994128
993599
994352
990326
9753
990465
9310
994225
991967
992680
990324
9019
990133
992448
992683
991965
994731
990335
992427
02
994908
992540
992581
991688
9641
994516
992496
993176
9666
993308
992119
9856
990602
990804
993866
990383
992214
992222
9845
9057
990085
9860
991005
994290
990295
994427
991341
994721
991542
994222
24
993311
994117
33
992399
993987
991565
990585
992240
990998
990819
994286
994363
990015
994176
990235
993411
991169
991422
993015
9195
994197
990939
990803
990779
993715
991178
992560
991437
28
17
993119
990306
993807
990321
993588
993169
9527
994810
992342
993764
9520
991813
993597
993091
993199
991868
994268
993003
993606
991449
993778
9796
993470
990317
991530
991581
993197
994976
44
992006
993190
990340
991320
993609
994187
991434
994375
992817
9638
990823
994226
9552
991664
9051
991445
994844
9158
993259
9757
990311
994530
991334
994010
990277
994139
991328
994866
991287
992810
991893
991316
990047
993306
991345
990171
992623
9759
992658
992606
994149
991850
994531
991562
9225
990728
992668
994528
992215
994968
990785
992027
993592
992643
993674
991947
9182
991360
990016
994463
16
991098
994860
991468
992657
991833
994429
991159
993723
991564
990747
992282
992455
990215
993989
990568
994668
990447
993042
991970
991306
993373
992745
991908
9056
993785
994311
993540
993471
991574
991662
9556
990221
992262
992324
991824
993405
9364
991528
994342
992468
990937
990470
992444
991490
992453
990110
990837
994660
990462
992787
993654
994341
9373
990957
23
993683
991299
991509
993447
992401
992845
990682
990993
73
993237
990573
990379
9551
992441
991069
992352
993531
990723
993449
993812
9490
990323
991871
990604
992258
990067
9294
992307
9125
990584
993375
991534
9812
993565
992830
9129
993101
991906
993484
993706
990583
991584
990797
991569
990529
994078
994183
990261
992529
990729
9534
994423
9889
993529
992185
994716
994826
992878
991600
83
990908
993305
991135
990304
992177
9181
990638
993969
990210
990892
994310
991742
993263
991841
994507
992463
994430
991802
65
991998
992517
9784
990053
990649
9223
991329
991624
993583
990349
994247
9226
9399
993453
992290
994077
994587
992826
992317
992124
9752
991018
992071
9095
990331
9175
993081
990678
9087
990449
990643
993378
991602
9188
993798
994701
994296
991046
993402
993165
994625
993615
991291
993236
9657
994132
992924
991758
990646
993983
9258
990805
992570
994275
990497
990801
994270
994783
991896
994882
992223
991625
992667
991198
9679
992084
990135
992182
992049
994518
994635
994969
994881
991510
993247
9512
992832
30
990274
9702
992937
01
994712
993367
993258
990125
992437
993718
990003
991162
994360
991980
9255
991240
991279
994411
9862
9247
991658
994178
993854
993847
994391
992926
9232
993115
9716
992522
993400
9842
992308
993154
993898
992566
991090
991736
991081
994308
990143
994148
994791
993482
991440
994181
994602
990692
991286
994228
994150
994607
993563
990914
990915
992337
992117
992390
991136
994281
992963
991310
990518
992205
992842
991756
990492
992115
9379
993643
992148
990177
990997
994324
9058
990222
47
993865
9662
994809
993856
994563
991691
992467
992365
991880
990841
990457
993905
993950
993889
990022
994995
992637
994349
991313
990499
991779
990330
990900
992536
990839
990146
992452
990989
990354
9321
993555
994972
9659
994300
990535
991520
991790
992404
994720
990575
992905
994303
994490
994725
990262
993958
993100
991129
993846
990541
993409
993869
992543
991867
990192
993784
994246
992411
992986
991149
994805
994468
991278
992821
990147
990228
991974
994370
990488
994319
992868
993078
994824
994843
9714
994134
993086
9574
990821
991619
990140
992699
990749
991613
990482
994014
9329
991484
990353
992284
994316
992696
991529
991061
994332
992946
990427
991804
994514
992062
991888
991598
992779
994111
992733
992888
993118
991294
993338
991204
991913
991074
9482
994857
991153
992403
990963
993415
992991
992395
990862
990942
9554
993639
991838
9618
991778
994356
9489
994822
9335
993604
991654
9493
9726
994837
994053
992349
9847
991582
992531
994654
994821
993677
992061
9768
9467
990814
9741
990828
990054
992864
992652
992176
991556
991973
993426
990394
994116
993975
994845
991191
993358
991105
990018
990471
9405
994574
991224
993401
990531
994164
992118
994038
994697
991011
34
992376
994021
994939
9821
992518
992388
990917
993911
990358
993031
9238
992995
991010
994006
993993
990458
991675
991001
994947
994278
991078
9888
990774
993948
994106
992243
992158
993423
990796
994839
9859
994841
993837
991713
990707
992301
991220
990733
60
990965
994804
9733
994302
991599
993507
994578
990724
993675
992850
991826
991858
992586
993915
993631
993573
993278
994186
9017
992464
993342
9263
992341
992839
991706
991193
9749
990352
991351
993095
993316
991392
994875
9569
991681
993037
9424
990845
9412
990214
993965
9311
990454
994586
993550
990868
994260
994062
9877
992607
991566
9656
990503
994435
993667
990081
990987
992197
993537
994493
992677
994593
992004
992431
993796
9210
992099
993067
994122
992955
991403
991693
9462
993140
992315
994849
89
41
991961
994190
992478
09
993179
991638
993821
993632
9353
990475
9244
991441
993998
993052
992264
991696
994865
991944
991118
993849
992869
991225
992740
991832
993691
990761
992168
991368
992065
990028
9407
991987
991429
994409
993112
9639
992930
994646
990115
993817
994499
994420
991450
9300
993981
994532
993839
994257
992731
993074
991968
9271
993054
992686
993146
991317
992319
991963
991507
991636
990505
9197
990334
993474
994470
991271
9086
992360
9426
991825
9011
993951
993494
991829
994553
993220
990570
991040
9449
993603
990058
991748
992788
990960
994476
991935
994027
9060
992010
9769
993800
994717
9722
9301
991152
990206
990927
991644
993644
992088
993127
994208
991630
9688
993160
993669
9537
991051
994647
994233
9836
992305
990674
993158
9306
990368
994327
991028
990694
991977
994876
992477
990768
992353
9727
9082
992624
990201
990056
991390
992762
9443
992131
991884
994076
993920
990977
9156
990377
994566
992354
994381
992251
990432
990069
994747
994833
9854
992153
994611
993702
993867
994200
994135
991657
9397
990072
991617
990052
994313
994172
9563
992907
993268
993027
992901
994329
993919
991493
991489
992785
993325
991552
991513
992890
990970
992714
992139
9664
69
992456
991385
990013
993968
990314
9843
993694
994836
991095
992528
992612
992693
993487
994524
9246
994785
992872
990817
992870
993766
990297
991396
991631
991141
992142
993693
991295
993815
994864
9422
992975
9710
992189
994945
993155
994970
990899
991349
990983
9869
992904
9712
992374
994929
991023
994401
993282
992595
992764
992130
9580
992428
990160
990560
991951
994432
990367
994418
994130
994121
992113
994907
991827
993210
994454
9245
994255
994036
993055
991856
991264
990209
994452
991523
994577
990706
992018
9693
990792
992357
9700
993698
992242
9878
992688
992368
994155
994542
993321
991628
990348
993984
993827
992766
991414
992929
993808
993465
9287
993829
991627
9497
990426
991670
994677
994698
992298
994042
9286
993627
991379
993229
990041
992795
990811
9288
992426
994080
9824
991495
990035
994156
9064
993514
993917
993211
990964
993638
991538
991231
994475
994067
993391
9567
994124
992297
991369
9495
990512
990178
990320
993128
992367
990861
990696
990286
991919
993424
9456
994180
992054
990498
994562
992837
990388
992423
993967
992268
993255
992542
992309
992247
990847
992302
990836
991251
991596
991763
994622
993094
993947
994184
991210
9385
993408
991256
992998
993130
990865
991521
994661
991408
994280
9761
991208
991553
993422
991814
990873
991633
9046
992880
992009
994217
992204
994541
991869
990199
991611
9594
994588
994422
991851
992671
990923
991239
991426
990165
9103
9479
994212
993575
990532
992866
993892
992783
992398
992104
991085
990940
990697
993351
992246
992739
992257
991791
993973
991772
9487
991634
994710
993692
993642
9423
994472
992369
991953
9777
9634
9882
991516
994334
992857
9386
994059
993032
991254
994858
992611
994440
993184
9879
990866
991356
994087
991350
993657
9509
993835
994474
991182
994416
994389
993334
9395
993848
991472
991531
9414
990645
991690
994129
9766
992799
991954
994795
993434
990745
992447
992804
990468
992433
993897
9599
994820
9475
82
990413
992347
991722
9802
990712
990756
991789
994449
992060
993862
992609
994119
992670
990634
9561
992514
994963
9729
9811
9116
994792
992789
992654
992079
9798
990969
990820
990485
992080
991008
994909
9725
990660
990009
9595
992814
990856
993705
991659
994023
9281
9627
994948
991119
59
990216
992592
990713
993148
994539
992306
990347
68
991770
9684
991086
992129
9649
990011
992922
49
993935
994870
9835
993407
994305
9717
992626
993204
993944
9152
9053
991543
990397
993544
990901
992244
993420
992812
994923
990926
991382
991823
994944
9107
991687
991719
992432
991039
990443
991323
993187
990698
9773
990530
994318
9555
993137
9584
991950
9394
991517
994535
994652
992793
994877
994703
991155
993340
994954
991203
994050
994069
992451
9532
992588
993205
991500
994601
992322
994294
990507
991485
993661
992598
994024
992914
992876
993144
993709
994543
992967
994852
9235
991044
993215
9044
991593
992364
994144
990226
9440
994901
993783
991502
993315
991064
994483
994482
994086
992726
9783
994384
990477
9653
994533
9545
990542
993976
9690
992230
990726
994335
990024
994739
993368
990759
993011
991616
991315
990315
992604
992012
994282
991253
992166
994636
991363
9211
994355
14
990308
9408
993795
992743
992053
993299
992125
993516
993370
990699
993372
993625
992028
993194
994362
9579
9851
992631
992127
994672
993802
990389
991435
990734
990681
994489
994494
992674
993894
9804
61
991988
9360
990738
991269
991795
991099
992642
9857
9304
991202
9418
994958
993524
993855
990959
992436
992270
9588
990273
992913
991366
994988
994170
990881
992903
994258
994582
992578
993656
990213
994323
992619
990867
991912
993600
991038
994204
992370
991830
990687
990553
993926
992137
991020
990416
991338
86
990982
991406
991447
990675
992737
992479
992871
994097
990513
9866
991214
993327
993445
990648
993515
9240
993511
992487
9406
990669
994256
994609
990410
991612
993844
994261
991777
990631
991503
992510
993990
991058
992504
993873
992585
993207
993365
991843
991238
991646
993634
9170
990212
994869
992775
994141
991417
990164
993000
990257
994888
9540
9689
993532
994365
993331
993725
994306
994307
9446
990191
994744
991607
992019
993859
992834
993628
994488
990484
990666
990332
992026
990652
994094
990230
992969
9541
993486
990743
994639
994402
990539
9472
9506
990813
992017
990962
993448
991718
991270
990123
992442
992641
993309
992855
992806
9270
9204
994700
994631
993687
991615
992875
993110
992090
994011
991147
993697
993520
993364
994756
994291
993906
994985
990038
993050
993126
994364
994597
9637
990113
990155
994979
991372
992932
994406
992749
994377
990303
990268
992728
9755
990316
993722
991590
991886
9631
994964
992355
994000
9047
994648
994656
991720
990515
990434
9199
9282
994894
990182
993772
992160
993553
991651
993731
990220
990549
992791
9442
992957
994990
994382
990059
993185
993589
994771
994203
991172
991918
9731
9135
994517
9375
994008
994166
992338
993005
993619
994189
990217
991473
9154
990848
992077
991857
9445
992756
990769
9250
9214
994604
991397
993019
994949
994154
990372
994615
994083
990128
993684
992260
993833
994385
991815
992072
990198
993525
992132
9183
994522
990098
990252
993200
991606
991084
994251
993090
992754
993337
994623
994173
993523
992865
991280
991711
990639
991475
993058
9319
993256
992738
9275
992928
994754
990048
990370
991276
9720
994856
993547
992174
993393
9837
991982
994690
9762
993443
990152
994209
992935
990020
9168
991161
994832
994644
994485
992561
990893
992599
993914
994896
992559
992106
991100
9790
994549
990142
993646
992576
992092
994491
994552
990690
990877
990148
991080
991217
990613
992942
9871
9003
992711
993495
992469
991866
990799
992180
992048
991395
993618
993621
9084
9697
993488
9280
993686
993017
990005
993805
9603
994651
993852
993740
993068
990781
993659
993138
992229
992179
993924
9341
993930
9041
9787
990453
994100
54
990162
992213
990187
990200
994199
990793
994618
990083
991979
990117
993790
992965
991065
992803
994761
991245
9575
993735
993822
990855
992877
994762
992183
991314
9038
991401
991682
993921
991925
9132
992254
21
991111
990436
994955
992912
995009
994437
991797
994643
9155
993533
9719
991235
992891
994142
994525
9704
993811
993927
993385
993093
993233
994653
990800
9203
994991
992685
991467
993689
991994
994048
993605
990950
990329
992407
993098
990345
994378
991752
992037
993757
994737
992265
993608
990996
9279
9814
993526
994369
993419
9409
990693
992730
993326
991714
9655
993991
992122
990920
993192
993528
9897
992191
994113
990494
9899
990685
9243
994529
9249
993636
992440
991731
990605
991494
990610
995000
994906
992831
993616
990049
990552
993077
994431
992972
993590
990822
992906
992859
9190
992167
993238
992534
9754
993612
9643
993787
990897
993668
993451
9775
9218
993591
993504
991768
994619
993742
992630
992109
991076
994068
991205
990620
993658
994992
993825
990870
991260
9629
991985
992662
992217
991776
991799
990564
990060
993641
990390
45
991092
9075
994266
992936
992651
993864
994649
993966
990735
991185
990421
990524
993938
992046
990136
993904
992741
991163
992938
990885
990537
992489
991555
990102
993769
9760
992943
990623
993276
993271
990258
993352
992035
9055
9898
994679
990633
994711
991043
9172
990237
990719
9109
992483
991131
991430
993432
9227
994091
991671
9591
990754
992330
993075
993970
990400
993994
990176
993203
993961
9496
992569
9428
990840
9671
990655
990422
991936
992954
9066
994099
9006
9533
9587
993979
994239
992757
994259
990402
993536
993879
9825
991292
990260
991655
992108
990086
9581
9600
992311
990995
9205
992149
993105
993286
9102
994718
994380
990141
994254
9622
9233
990126
992717
992178
9140
990523
993469
9224
993025
994353
991577
993662
990046
992987
991460
993249
990671
991751
990173
992925
993878
993035
9343
9111
993774
994937
992703
990174
9362
990087
993414
991335
993132
990986
990061
9142
9831
992797
993655
990175
990992
993230
991881
990158
990451
992772
9059
990628
990301
994403
990204
994417
994179
990928
991160
992383
994808
9481
990437
992650
990292
991812
991250
991425
9692
992959
991882
994168
9863
993060
72
992002
9559
9045
990612
992584
993295
993336
990139
991978
9285
9734
992798
992923
994965
990356
990479
993813
991302
9642
993085
992673
991499
991895
9427
9349
992161
992415
9461
993721
991989
994585
993916
994978
991585
992752
991505
991053
994498
994921
994157
993057
994236
991229
992348
9194
993754
992484
9570
991934
991259
993765
992691
992378
991621
9121
993995
992502
992720
991339
9730
991427
993736
991455
991942
9101
990179
994735
990635
991386
993157
9401
990755
991620
992999
993332
990229
993294
9705
993264
994763
991554
992725
992094
991587
993908
992241
992920
990791
9049
990188
993441
994487
990438
993016
991981
9620
990764
992343
992580
9678
994196
9861
9253
991402
990322
990716
991672
991545
991588
994787
990132
993850
994163
994640
991839
990091
993883
9289
991154
990543
992601
994898
993071
993734
993122
994676
990365
992490
993403
990007
992103
990913
9748
994118
991464
990859
993002
990042
990780
990579
994705
993387
9150
991487
990357
990275
994044
990838
992350
992327
04
991551
990784
990364
990241
991597
994658
991512
9832
993749
9389
993226
992800
993431
993932
991959
994715
990932
991453
992334
991009
991705
994905
991916
991442
991428
992947
990947
990360
991144
990068
9089
992236
990951
993241
9721
994072
991759
993739
992705
992031
993170
992700
990686
994920
994840
992820
992807
991717
9518
9778
992553
994974
992472
994925
991875
990305
994041
992763
992082
994114
990259
990760
993620
991721
993682
9366
9486
993789
9607
994398
994993
991128
993049
993876
991782
993347
992964
9163
994835
992292
991774
993613
9818
992494
993339
9623
990247
994689
993141
9338
992694
992420
993467
994729
992988
9894
9180
990528
990196
990627
9828
991432
993357
993079
993272
994942
994001
990704
990145
9874
9098
991031
994738
990766
993135
992851
991848
992721
991669
990906
994614
990601
994185
994299
991196
993560
9136
994957
990727
992377
9384
991852
9012
9026
993549
991213
992628
991206
991032
9458
992734
992805
9829
993672
990527
993579
993412
993680
994221
994202
9148
994982
990312
993472
991610
993666
9480
992064
990891
994367
9508
9007
9296
994502
85
56
9611
990644
9650
990385
994404
991874
990299
992600
990144
992887
9361
9640
9614
993562
994565
9269
990929
992747
990910
990371
990077
993312
9435
993242
10
991684
993221
994007
9589
990888
9613
991091
993831
993512
9273
9661
991750
991889
992276
994082
990878
993929
994315
993261
9652
992387
9439
991054
991381
993116
995005
993121
994478
9237
9507
22
52
994748
9261
70
991059
990425
990902
992758
993223
9141
990291
991391
991773
991921
990452
994244
990478
991674
993212
992840
990577
9137
994224
992648
993485
994772
994162
991704
994526
9404
994104
9646
991844
9469
9742
994096
992128
993040
991000
992063
993871
992030
993289
991547
992927
9029
992475
993750
993214
993820
994206
991222
992438
990406
9779
994913
992340
990665
990045
992303
9025
990621
990151
9819
991743
9873
991223
994569
991284
994333
990341
990677
9272
990433
990097
990203
991004
991549
991909
994095
993248
9251
9278
992989
9736
991727
990361
9312
9221
992782
990525
991653
994714
992093
993302
992773
990522
992715
990976
994550
993225
994457
994441
991698
993923
990550
994243
992867
993265
990835
991591
991364
993356
991375
994938
990255
994410
992982
992718
992521
9872
994035
990089
994827
9881
994943
991355
9718
992710
994775
991865
990445
992085
994802
9432
991986
991876
992622
990099
9234
990055
9337
990161
9711
993304
993758
991780
990890
993886
991708
991318
992672
990919
991262
992900
994931
992386
992659
992509
9526
994902
994745
993949
993348
992951
992708
992945
991215
993830
993353
993988
993191
992193
990658
993633
9807
994632
990336
990376
990702
991052
990044
993576
991632
994269
991723
992143
994897
992220
993602
992248
993209
994891
990981
990946
993942
994347
994012
993598
993978
994867
991915
990858
9160
991642
992848
991370
992632
992665
991734
9185
994061
9403
991071
992751
993997
990355
993173
991680
9013
992647
991667
992825
992544
991885
992231
993992
992021
992074
993816
991972
9088
990516
991643
994109
9550
9239
993497
992990
993254
9724
994610
991413
990790
990153
991861
993959
991367
991514
990898
990640
9305
994560
994271
990984
9633
9342
990794
992304
994193
9144
994066
994946
993640
991800
9369
9695
994554
9803
994343
992759
994874
991275
994359
994998
9892
993551
9846
991546
990057
9606
994216
992008
994590
994801
9293
992656
993522
991784
9151
991760
990663
994767
991412
993124
994796
990366
990246
991411
993251
992893
9827
67
991033
993107
994383
991150
58
9597
990428
990491
992985
993681
993014
994471
990120
994598
9887
993557
993717
991048
994782
994695
992443
990904
991525
992620
993421
993291
992548
994245
9682
992796
9290
993882
990943
994039
9340
994393
992962
994194
992885
991221
9438
990446
993518
990325
991924
9459
992847
992146
993748
990773
9699
994838
993436
994160
9715
990071
990006
991927
990547
990592
9625
992371
991563
994655
994371
990127
9133
994376
993143
993746
990023
992616
990350
991268
9764
993508
994028
9636
993349
993493
9062
991806
994512
990606
991712
991707
994813
9215
991438
9547
993279
991457
993585
991932
9005
992233
991728
992966
994314
990830
991151
990202
9788
9419
994749
994030
993397
994816
991849
991637
992638
9331
990720
9035
991273
990911
994419
9149
990157
991415
991808
990874
990476
992209
992170
992157
990271
80
991940
9030
9750
993823
991561
79
991180
994807
9502
992767
994428
990765
994780
991685
992653
991022
993466
994859
993392
994934
992263
992684
993022
9162
993240
992015
9040
991115
991960
9000
992096
994642
990093
994687
990514
992552
993891
993699
9274
992769
991501
992538
991400
990562
993650
990952
993133
991179
992633
990854
994605
991929
991699
993460
991195
990757
994354
991864
992001
990650
991762
9112
994727
994536
991559
990156
991821
991030
992934
9602
9106
992029
993380
994215
994288
994966
994057
993506
992417
993660
9206
994706
9202
994207
993314
991357
992172
990593
993962
992861
994803
994883
994101
992755
992066
991883
993828
991394
993489
993652
990852
993281
991652
990346
994986
993384
991348
992385
993775
991603
993964
9677
994016
991113
994778
9546
991017
990240
994815
9171
992280
990536
991769
992860
991471
990486
994904
994232
994241
9124
994263
9350
9291
9067
993534
994573
51
992169
992953
994107
992413
992287
993714
992968
990318
994399
991853
993004
993755
990517
9610
990597
9789
994019
994192
993567
991539
990896
991343
992636
990166
991143
994980
994005
990313
992777
9868
992480
9791
990744
991096
991138
991103
994034
990966
992372
993939
9330
990938
9674
991376
992237
993872
9645
993296
994989
990576
991308
994641
993955
993570
994230
991301
990076
992564
991258
9615
9297
994544
993167
9229
990968
991854
994728
992402
994071
992024
994462
991744
993396
9079
9254
991212
990922
991535
991583
9314
993344
991572
993287
992278
992697
991678
993206
990753
990596
9327
993596
993491
9658
993008
9785
990876
993231
994509
994211
993863
991137
9322
994031
994899
994984
994591
991785
26
993794
990941
994624
990581
992597
991164
994210
992760
9416
992151
993960
994037
994599
994603
994682
993974
991580
9110
991903
993322
993818
9841
991173
990079
994297
992011
992801
993430
991793
990944
990632
994276
9590
992474
992392
993280
9751
993080
9604
993696
992545
993543
9723
992981
9696
992486
994592
993838
993129
993398
990598
990392
9085
993695
9676
993009
993082
991452
990378
990289
992190
991931
994936
9566
9108
992815
990351
992446
994637
994328
991834
990487
990872
992491
992838
9309
993558
992802
994674
994003
994534
994987
994691
993777
994713
993568
991997
994396
9530
992133
9772
994596
991914
994015
995007
993809
9687
993899
991189
994147
993433
991836
9468
993972
993840
991025
994301
993751
9713
9027
993162
991167
991589
994722
991456
9028
993552
990829
9054
992038
990095
992345
991331
992829
990770
991724
991663
991665
992516
992083
991057
991526
9793
992884
991828
994519
992996
990439
991420
993492
9071
991063
993842
992042
992898
992984
9865
9010
993788
993013
9577
994033
990973
9072
9069
990588
991952
991068
993501
991013
993936
993028
993554
992323
9823
991309
994770
992056
991219
990075
994337
991811
990500
992896
994851
9648
993257
991873
993038
993925
992499
992299
991042
992645
990578
994766
990832
990812
993208
990250
992944
992736
9844
9654
9208
992198
9050
990300
993980
991236
994412
9593
992250
991946
993382
991518
992043
992481
991971
991290
9371
992551
994285
9396
992089
9146
993329
9701
991049
991976
990380
993502
993716
990403
992310
994344
991248
991480
993444
994999
991626
9178
994952
991055
993416
991807
990641
994152
994825
990307
990239
993406
9052
991470
991548
992921
993584
992421
994962
990036
994879
994799
993222
990887
992294
991537
9001
992050
993952
990027
994723
992613
990414
992532
9698
993103
990931
992152
990918
992281
993513
990256
994558
9875
9675
9568
991041
992356
991618
990029
990242
9383
992069
993760
9447
9771
990767
990409
993690
994138
993293
991767
990955
990149
993298
9377
994743
992238
990219
994002
994473
990544
991418
991730
991476
994201
992003
991898
994892
990661
995002
994684
991419
993216
990783
990186
993354
992811
992144
991365
991246
993106
990710
993468
991298
992020
990700
994559
992101
990381
9503
993328
9513
991211
994395
991346
9429
990961
993902
990935
993664
990611
9703
993234
992405
994570
993320
992910
991233
991541
993266
990090
992040
992296
9091
994443
994696
990758
9576
9130
994497
990021
992863
991045
992408
9262
994842
991794
994022
994052
993267
991352
990618
991536
990556
991943
992535
990207
994779
992660
990616
994893
991649
991519
992256
991695
992476
993946
990833
994508
994020
994777
9830
991809
990807
990798
994868
994873
990925
992852
992931
9198
992025
992086
990112
991165
992750
990889
994726
991409
990124
991877
993861
9303
991939
993957
992644
991532
990466
994527
994322
993047
992098
9663
992948
9105
993283
993224
993023
992135
994421
991139
992827
993498
994442
9786
994074
9850
993369
993922
994505
990119
994977
992895
991645
992849
994469
9441
990043
992052
991522
990244
9415
990930
993548
9583
991232
994675
993753
993142
994372
992639
993202
994345
992196
990154
9402
9313
991703
991027
990642
9316
990232
990495
990636
994765
991463
9891
994394
9317
994669
9732
994568
9564
990034
48
993595
994940
992187
9164
991745
9213
992140
992138
992682
991050
991640
990731
992165
992676
9524
993688
991729
990429
991174
994408
994407
994242
992255
990408
990074
993572
991421
9504
994093
9036
990430
991002
990751
993092
990815
994191
992470
993780
993459
994583
992253
993510
994981
994340
9200
992618
9592
994054
994366
994379
994262
9470
991962
991431
994455
991845
994786
993937
990884
990051
992507
991666
991771
993635
993239
992044
06
9266
9767
9061
993083
993262
994486
991648
990875
9295
992583
994724
990980
990282
993097
9437
990398
991007
993582
993799
992794
992808
63
993826
991991
994448
994941
992073
992202
9179
993779
991958
991094
993792
994699
994064
9885
994663
994287
9167
9345
993131
993429
990715
990101
993030
992000
990472
994060
992134
993577
992380
991996
993244
994806
993868
994620
9560
990985
992503
9739
9691
994503
992239
991454
9241
990333
991660
991405
990456
992562
994800
991764
992429
992524
990824
993458
994065
992070
9127
992550
991700
994567
994112
990609
9009
990844
994584
993853
994047
992102
992007
9543
992235
9816
990771
994447
992155
992596
992781
992979
994110
992983
990269
994214
993928
990265
992036
994773
990483
990225
9063
992768
991524
992655
992765
991034
994707
9680
9201
994171
992216
990565
9535
994146
993374
993556
990629
992333
992252
9672
993629
991508
9464
991941
991482
990572
991683
990594
990554
992629
990708
993836
990114
993099
993985
9619
993109
994136
993841
992259
9523
990563
990184
994664
993292
994284
990339
9805
9374
992495
991907
991089
992471
994769
993913
9076
993934
993228
990474
991243
992917
990622
994477
992615
990344
992882
993446
992100
9014
990871
990659
990990
990705
992105
991465
993217
993741
9134
991037
992608
993885
994694
9738
993181
991070
991677
9068
991274
994205
9339
993243
990842
994240
990431
991983
992435
991573
991404
993893
991389
9890
990763
9548
991125
992971
992344
991158
991891
992485
991296
994774
990281
9498
990653
990267
992958
994400
994465
992232
994484
993452
992325
993874
9100
994174
9572
991902
991148
990249
990455
994102
990266
993877
993756
990933
991003
994506
9544
991661
991775
991570
993062
993814
994975
9800
992702
993319
994900
994368
991192
991120
994930
991277
991792
991093
994374
991443
990118
994871
991359
992277
992211
992833
9070
9207
9826
993473
993149
990223
990450
994678
9131
993480
990496
9192
992457
992482
9485
994521
990026
994264
992136
990978
992473
991106
9118
991218
994746
993956
993186
9097
994326
994515
993164
991892
994781
990464
9492
994855
9517
992078
9870
992709
990684
9809
993389
992245
9884
9094
994853
994633
992039
991399
991788
991928
9813
992899
9630
991933
990555
992107
993193
993335
992058
993341
9542
993359
994253
993724
993931
9324
993029
993188
993651
993611
9471
9886
991818
993819
9529
994026
993875
9165
994617
991087
993912
992909
994513
994911
990328
9454
990073
993437
994298
9746
994295
994828
994759
994125
992150
990954
991197
9665
992530
992515
991207
993517
993198
994292
9683
991486
990418
9660
9267
991578
992572
990264
990971
993051
991930
992173
992792
991407
994252
994788
992523
9425
990624
991948
9586
993388
9514
991168
994009
991319
990441
990280
993361
994612
992465
990617
9806
994571
992335
991550
990808
992328
991863
991342
993810
993907
994626
991879
991787
991446
995006
993505
990493
992973
993870
9500
992853
990272
9115
9880
994414
9511
9735
994161
990637
9370
990467
993063
993476
991252
991576
990991
992219
994616
990561
9104
992713
994459
992498
993546
9092
991127
993566
9521
990284
990168
992735
992034
994709
993745
992272
991740
992727
9743
993637
990736
993732
992492
992391
992939
991077
991701
991062
993246
9083
990404
993379
993614
994688
993275
9117
990002
994755
992894
994903
991102
992582
990288
992116
992075
993845
991325
992087
991130
993571
993685
993410
994784
991216
994872
990008
990183
992908
9455
993478
994331
991995
9578
993394
994510
990231
9065
990065
991917
994917
992114
994683
9242
992226
994733
990587
990193
993300
992164
991741
993720
993175
992329
993737
994884
992493
993896
991692
57
994638
992977
991109
84
991226
991230
990415
994424
990864
990369
994046
991737
991237
990130
990956
991145
993733
990600
9501
994680
990630
992267
992723
990533
992016
9413
993034
993773
992300
9448
990412
991021
62
994702
994693
993069
991383
994151
9320
993330
990025
992097
991333
992698
995003
9685
993250
992579
990362
993708
992051
990030
992813
991184
991604
990245
76
9476
991353
991862
991586
993707
992273
991121
992976
991860
9173
994088
991305
992836
991668
990092
993399
992261
991676
992591
994546
991783
995004
990607
991263
994630
78
993884
991609
993189
994279
71
994621
992449
990442
991746
991920
9367
994426
992110
993539
992627
992778
993729
994458
990481
9463
990180
992555
992359
993834
992271
993530
9284
994580
994666
991710
991900
992057
991104
994579
994659
993123
992610
990254
993201
9299
9430
991283
990772
992883
994108
990905
991956
991326
992970
993832
993888
9153
990538
994916
991715
990194
993793
994681
994272
991410
994956
992091
992422
9510
994973
9780
993317
993096
993310
9434
994043
9093
993381
993404
991840
990558
13
991142
992732
993673
993033
994914
993343
990569
991398
9609
992701
994056
992283
990121
990401
992565
993712
9325
9139
9090
994304
993857
993390
990545
994520
991393
990504
994321
994757
9292
994994
9336
991459
991056
994750
9433
992289
991975
990571
9484
991911
992126
991716
991265
993782
991183
990399
9571
990459
994500
994320
55
990084
9626
992208
9616
990039
990654
9838
992275
990850
992873
994997
992712
990948
993457
993450
9302
991749
994547
992424
991747
9099
990290
995008
990078
991579
991079
991458
994169
993285
990019
993168
994460
993039
991201
990566
993803
992634
992915
992993
9797
992032
993072
9516
991945
9298
990912
992692
993435
993918
993647
993024
993362
993253
994926
990395
9217
990664
990270
992381
993166
992419
994797
990001
993438
991910
990000
994425
994548
994249
87
9864
991878
9774
993933
992835
992525
993941
993996
994325
990189
992933
993903
991922
9257
990748
991194
992646
991344
993519
9608
992199
993043
990994
990924
990218
992274
990857
993059
993442
991036
991047
9668
990967
994438
992212
994951
993425
992412
990849
993076
993104
993763
990285
990656
994137
990916
993290
991702
994594
00
992824
992418
993297
992889
9867
9039
992488
53
994338
991847
992293
9647
990619
992520
992221
9230
990031
992312
993036
994126
990423
994238
993070
992722
991285
991647
991568
994537
990703
994361
993152
992949
992186
994667
992425
991424
994317
994309
990096
991112
992439
994103
994092
990709
991227
994158
990138
994581
992462
993010
994496
992687
990508
990393
990463
992594
9808
993455
993417
9763
991124
9444
9477
992897
994613
991171
991019
992681
993195
990895
9794
990386
994277
990248
990420
993804
991116
991656
993752
990818
81
990294
990534
9004
990172
992358
992950
992816
993527
990667
991957
993880
992886
990004
994351
990510
9388
990903
991388
991322
992902
993284
993177
990651
990227
88
9896
990263
991255
992123
994665
9033
994627
990825
994267
994753
992635
992746
990936
994950
994248
993089
993580
992279
992047
990730
993971
993464
9231
993061
991540
990185
9081
991101
993617
993703
992858
991110
993761
990750
9043
994413
994564
992266
991901
9113
994089
993663
992373
994758
991380
993007
9436
994504
993462
993786
990608
9220
994967
992434
994495
990012
9031
992780
994708
993227
994501
994358
9002
990863
990647
990405
993954
993313
993232
9601
994928
990860
994444
994198
990673
9505
990626
77
9128
992406
9159
991999
991498
994213
992546
991257
990435
994229
991837
991282
991697
992400
992526
9515
990714
994231
994935
9359
992664
991635
993053
993545
993159
992790
991361
9895
992382
9365
994996
9222
993182
990599
993020
991166
990080
993801
991060
9417
991709
992716
9024
991605
992112
991757
992556
993593
992313
992881
992466
994671
994740
9265
9411
992640
991984
992416
9598
994289
9391
9307
993456
9186
9393
993594
991949
993178
990122
994120
991738
990234
991754
9189
994983
9400
991416
990907
990014
990159
993791
9840
991067
991190
993418
9531
993273
992154
990448
990721
991966
994555
994540
994159
991146
992978
992874
991015
992316
992076
991107
990251
991448
991126
9681
993559
992761
994629
990670
990880
991629
993701
990717
991781
991622
9174
993477
994595
9357
9522
994741
993427
991673
993843
990741
991304
990740
993413
990662
992911
990540
990603
994895
991904
9277
990150
992602
993120
994492
990595
991347
993044
992666
990777
991679
990574
994645
990851
9839
990853
992013
992339
992818
994227
990170
992396
994576
991337
9596
990810
993747
994390
994634
991890
994140
992625
991209
993561
993136
9858
9381
992225
993355
9122
9494
994018
991324
990502
992879
990062
992497
993581
9883
9022
990109
993503
994511
990082
990701
993219
993901
992663
990287
993858
993781
990253
993770
991384
994265
992846
993269
991387
991378
990411
9549
992023
993073
993196
993125
992997
990131
994153
991732
993134
990100
990033
992326
994538
991362
991266
9008
9624
990567
990676
991293
12
990473
992067
994927
990625
992397
9193
993333
992776
9390
9023
9621
990776
992508
993026
992288
992577
993704
991170
991200
993578
994456
991123
993670
992450
991992
991374
990205
994861
992005
9358
994608
994090
993252
991733
990417
992156
990775
993150
50
9283
9708
993006
993475
992941
9354
994650
991474
990373
992041
9776
992961
991234
992207
992249
993700
993719
993490
992141
993439
992194
990374
992719
992841
991132
9815
9216
994348
991114
991567
992539
994045
9382
991423
990691
990064
992332
994235
991533
991026
994445
993346
992729
991488
994551
9236
994357
991894
993610
992614
993383
993607
991755
992501
994115
990169
994283
991993
991134
9849
990088
9694
992203
990342
991436
994742
992410
991462
993064
9670
992163
993496
993743
992210
992022
990424
990037
991817
9248
991739
991340
993048
991332
994793
993767
9334
992960
994760
9048
993108
994890
66
994219
993147
9855
990108
994453
9853
994073
990469
9328
994834
993463
994273
994545
9421
991897
9228
992321
990010
993665
993653
990752
9351
994556
991923
9605
991371
993963
9781
993630
993521
992291
9120
990739
994464
994040
992095
991088
9612
9528
992563
992918
994910
9256
990066
991899
9557
990972
991905
994436
9252
992459
9644
990190
990711
990050
994145
9686
992409
991327
994029
993235
994467
991261
9632
993386
991926
9747
994017
9635
991461
993499
991267
05
9744
9032
991544
994312
991601
994013
990327
992549
991491
9801
993569
993318
991016
9348
991887
991765
990511
992430
9114
991478
990591
992784
992055
9491
991242
990338
993153
992286
991608
993727
990129
994862
994850
994133
993943
990882
990789
992828
993345
994392
9562
9728
992045
994600
990363
993649
9347
990279
994889
990276
994933
990589
990683
990590
991133
992649
994628
994732
9268
991466
9147
992171
993288
992362
992770
994657
991188
993245
993366
994919
993542
994274
993324
993479
9166
992394
992980
994461
994794
991035
992574
990979
994751
994959
991506
990211
990551
9452
9539
9344
990788
9782
992617
992363
990243
991307
994105
9758
9123
994032
992175
991187
992145
990337
9119
991515
990440
990208
990163
992590
992379
991122
991477
991822
994922
992331
9450
993350
993797
9420
994561
993087
991012
9352
990831
991181
993676
990444
992200
994085
9473
74
992844
994915
991497
991199
993509
9852
75
993440
994218
990103
991846
992192
990302
991066
990586
994924
994686
991816
994830
990934
993363
992320
993806
990786
992033
991504
991820
9077
9326
990668
990063
994237
991272
991157
991725
994165
990580
994063
993371
9376
992856
990040
9525
992557
994004
990582
993887
990546
9460
990894
992554
9667
992724
9176
990548
9795
9387
991073
993395
992195
991321
990953
993500
993163
994768
9707
991557
9565
9709
990949
991571
990382
990506
994025
993183
995001
993999
991686
994776
994673
9323
992819
990167
992351
990921
9209
991496
990319
994234
993541
9333
991024
992458
991249
9126
992854
993066
9020
990974
994055
991753
9259
990834
993021
992994
990501
991186
992527
993986
994081
990359
990846
990116
992695
9276
990384
9187
991297
990909
9745
991511
990343
08
9817
991558
990869
992121
993910
990407
993111
993218
9145
992295
992460
994350
994434
994704
992621
990197
990105
994451
990778
992513
990718
990958
993678
990278
993587
994752
992384
993860
991177
990195
9410
990827
992603
991483
992393
994685
992511
993895
9037
9669
990296
992952
990816
992892
992822
992445
994918
990809
990737
994058
990519
992547
990879
994557
992512
994523
991097
992068
990106
994049
990107
994195
991289
9034
991336
991492
991377
9706
993728
990521
994346
993483
991803
990843
9264
992956
990017
992843
993377
990104
990787
992519
993461
993890
994829
991766
991805
9138
993776
993535
9585
9893
994575
990559
994330
990826
991641
991373
994863
990490
9184
992940
992159
9191
991228
991117
993909
9332
990391
9219
991247
990094
992500
992014
992704
990396
991358
994373
992318
994912
991990
990999
992992
991140
992218
993982
994415
991469
993145
991479
992593
994177
993139
990375
993151
990489
994589
990070
991938
994405
991969
9651
992571
990615
9558
992774
9740
990725
990224
9848
993274
992771
991075
991082
993738
991650
992823
993771
992227
991639
9161
994293
9499
991796
990975
994730
994670
991029
9770
990293
9363
994932
994250
9519
992558
9582
9756
991527
9822
991156
990557
993180
991819
994167
9042
9617
992081
992414
994572
991855
993171
9536
992162
990762
990520
990181
993041
9810
9466
990945
990238
992228
992224
993762
994764
990672
992361
991108
993360
994098
993056
993900
9018
9553
991726
992707
993174
994736
9820
991439
991859
993671
993481
991560
992862
9453
9451
993730
9143
993001
9483
990526
991354
994386
991072
993307
9372
993538
9737
990688
991810
992184
993945
9474
990032
990988
993953
9765
9015
9380
994439
991175
993161
9457
990283
994817
64
991433
992706
992454
994831
9392
990509
992568
990233
990480
990111
993645
992742
991595
9628
993574
992567
991735
991955
990134
991575
992188
991614
992675
990680
992059
9431
992575
9355
990387
992533
9078
992537
992346
990806
9673
994719
991006
993711
990689
993759
992234
991592
994387
992389
9478
990732
991694
9833
9074
992605
994397
9346
990782
994084
9073
07
990298
990802
994131
991964
990461
992366
991444
994953
994127
992786
991786
992974
992285
992573
