990460
33
994606
994960
992506
9488
9157
993710
994662
992587
990614
03
40
993977
994446
993270
994143
994819
992690
9378
994880
994075
20
990679
990310
993084
992669
992461
9368
994811
993113
994051
9169
991481
990137
27
990324
993213
9538
991451
23
994388
43
990311
990795
994823
9294
993601
992916
02
9212
994433
993622
990785
990937
994363
993102
993726
19
994516
992147
993376
993046
993277
993881
9057
992222
991334
01
09
994290
15
993169
993260
990277
991872
9177
9016
990340
994887
992679
993065
994668
993648
992314
992744
992560
991014
9260
990746
9465
9799
993428
993626
9096
993199
991434
991530
991937
993454
991623
991489
993744
990388
990886
991778
992496
994222
994479
992336
24
990722
991581
991801
47
991565
990383
992787
994187
992657
991689
992399
9398
991312
992830
991445
9753
991835
990497
992181
994885
9834
993018
993088
994223
9876
992689
992223
42
994220
994789
993303
993308
9318
9856
994731
994846
991761
993851
991311
991064
9796
994790
991490
990235
991241
993588
993311
994450
991871
990742
9666
16
991779
991868
9196
994070
994660
992342
992680
994860
991281
991244
991449
992581
994375
992677
991562
994818
992541
990939
994429
991688
992468
992282
994692
991303
991831
993259
992119
992540
993114
994908
992809
990529
994481
9051
991300
994961
991288
990321
990805
991083
991316
990236
993984
990133
990419
990513
990087
9021
990774
993012
992904
993723
9310
993599
994139
991602
993905
990085
9860
990957
991893
994226
994971
9308
991833
991813
993768
9182
991842
991306
990492
992606
28
994311
993411
994332
994531
991294
990306
993101
990779
993015
993969
9364
9733
993715
992375
994844
990215
992589
993115
992986
993940
991468
991330
992826
990657
990883
9812
994176
992258
991564
991534
991913
992269
993172
991320
59
992262
993306
991098
991664
992467
991574
9552
994716
994805
991896
9129
993623
994356
990819
992448
992177
994698
992919
992006
990465
991542
990804
993237
992427
9702
44
991998
990295
992111
992658
994810
990201
990047
994225
992668
993003
35
992937
992401
992240
990575
992120
991001
990723
993683
9379
994822
990155
9373
994186
9080
993555
993989
993798
992817
994183
992570
991824
990998
990915
990914
990331
992733
992117
991090
994849
990317
993564
991967
990379
994783
994574
991005
993409
993299
994128
992071
990237
994197
993848
9877
994423
991529
994078
992307
9286
993176
994530
994712
991619
9752
994130
994188
992441
990643
65
993470
30
990199
994480
9792
991965
993529
9462
993118
991286
990535
994268
992176
993821
994976
992027
990015
991278
991040
994866
9225
992683
9181
993415
991756
993091
990003
9759
991523
990470
991625
994246
993692
990274
991742
9641
994185
9158
993378
991178
990447
991136
994701
994968
990993
991599
993323
992148
993983
9662
992678
9195
991600
994305
990698
992648
9741
990823
993812
991584
9551
991509
9422
9757
993375
994427
994296
991310
992878
9784
991176
992452
994117
993054
06
992745
9490
993373
9056
991151
994854
992290
9534
994821
9638
994518
990335
992643
992383
990499
992667
990067
990747
991287
9845
994079
991198
9223
991204
990821
991556
991341
990649
994352
992647
990803
992991
990323
994677
991328
993965
993639
9623
990135
993367
992360
990585
9019
993405
991582
9171
990908
993531
991858
992215
992810
994721
994199
992924
992731
994607
991315
993583
994300
990697
991970
992388
992317
993165
990171
993078
991867
991295
994042
991313
994411
990304
993854
9407
991299
990602
992308
993865
990206
994635
991624
991814
994010
991823
992463
991159
991317
993190
992061
993948
991018
9095
991675
994514
993950
992740
994929
991594
994316
992842
990728
991850
993592
990768
994129
991153
992349
990797
994181
994528
9836
990115
990917
992341
991051
991908
992839
9749
993402
993643
992637
990868
992455
994053
991279
993220
994409
992926
992529
993197
9527
990861
994416
993702
9768
990367
993613
991517
993247
994943
992049
9735
9688
990801
991440
991968
994024
993706
992661
991832
990678
990177
990543
993987
990457
994149
990515
992717
994972
994995
991888
992901
990352
993898
992654
9125
991696
9246
9854
994342
991691
990646
992464
993846
990745
994820
991616
990349
994360
994625
9556
9679
993915
994341
991360
991396
990394
994006
994563
9170
993540
991795
992566
993119
991118
990761
991681
9449
990175
993785
993045
991973
993031
992395
992607
990354
992365
992522
990892
994148
994014
9847
994541
83
993866
993709
994164
992612
992185
992868
993052
992946
994969
993991
994553
991074
992124
990182
990228
992084
990011
993784
994430
992243
9726
992913
992315
994566
992437
990518
990837
994431
990221
993615
992531
994314
994499
993796
990505
9226
994476
993263
994362
994587
992670
993278
991944
991802
991827
990147
991095
994824
994150
991611
992762
991135
991790
9561
993268
994125
993316
991980
993975
994106
990573
994228
990016
992832
990541
990900
994212
991951
9835
993401
990426
994272
990645
990800
993449
991437
992935
9618
994178
990348
992453
990054
992444
990188
994286
992518
990814
992905
9574
9636
992352
993973
990125
991013
990139
993668
992850
994881
990058
994134
991105
993446
991239
9386
990638
994233
994490
994144
9300
993597
994654
991646
994370
993573
993095
9255
990146
994939
991758
991363
992696
990200
991569
991644
993453
991169
992079
992131
9811
993340
993305
993027
993258
992376
993920
994038
17
993563
45
993484
990079
991484
992714
992509
991520
994475
993632
9489
991182
990160
992301
993618
992428
993766
994720
992651
993447
9862
992092
992642
991422
993565
993158
991351
991829
994076
9689
992115
9258
990759
992004
991880
992054
994260
994021
992426
990117
9394
994717
991590
9482
990103
991084
990885
993067
994281
9882
994809
990488
991240
993621
34
991690
992699
990923
990162
990997
991441
990222
993911
991081
994857
990261
9311
990696
990297
993471
990960
991566
990738
993338
992324
994586
992888
9821
992182
993055
992284
994542
992720
992588
991473
992242
991658
991825
991538
992779
9011
990427
994086
994876
9210
993855
994440
994947
9716
991662
990326
990013
9064
9175
992599
991020
993968
991061
993849
992353
9188
994275
992576
991772
990372
993725
9533
992611
994270
990828
990965
990733
9512
994420
993575
9423
992534
991152
990462
994023
991185
991472
991291
993426
994843
992869
994093
990706
991220
993445
9888
992964
990110
991319
992845
990839
990553
9060
993589
993494
993422
994675
992354
990214
990989
992431
992718
9889
990639
992309
994845
993947
994463
992099
992903
9399
993372
9321
990694
994435
992861
990986
990891
993393
990254
990635
9183
994837
9569
9554
990983
993778
993667
990471
993619
993294
994826
990970
994030
993210
990353
991308
994402
991429
994384
992543
994865
993967
993532
9657
993686
990987
994247
993146
993465
991906
994747
990584
990862
991392
993334
991617
992065
994121
991977
991208
994454
992138
992153
993331
990477
993016
993424
993944
9058
994470
991039
990652
994593
990977
992872
992178
991613
9082
993127
991355
991974
990942
994517
994303
990053
993631
990081
990847
9047
992963
992369
9249
9633
991162
991634
992478
992812
10
9712
990583
994984
991659
68
990841
994280
990707
991947
991011
993225
9844
9414
994327
990308
991046
994739
991528
993507
992423
9443
991008
990531
991851
993400
992247
9842
9152
9271
9335
992821
9563
991713
990964
994417
991238
9087
992882
991493
9874
992390
991950
994302
990727
993654
991450
991954
990568
990113
990756
990605
991032
9405
994008
994970
994672
9714
991630
993675
990217
993074
991129
992592
994209
993867
994200
990482
991403
993550
992060
992866
9472
993222
9197
991638
993769
992456
991531
990140
9280
990329
992514
9814
992404
992553
9656
990123
991759
9446
993391
990817
9121
994578
992205
994306
994307
991789
993795
990128
993837
9342
992214
993897
992808
990475
990252
992955
994335
9751
990216
990152
990793
991193
993772
991652
991401
993130
992975
990320
994184
993160
993815
993050
994119
992305
991736
994949
994208
993981
991229
992639
994493
990361
990749
991720
69
992930
994577
993600
991368
992088
990709
993878
991086
990855
990873
9843
992104
992037
992880
9232
992251
9653
990022
992795
991059
991435
994000
9329
993951
992385
9775
994441
990035
991838
990874
994609
992130
992012
994472
992047
993185
992357
993698
992080
994697
9634
9727
993100
990262
994991
9044
993603
9244
994529
41
994524
9495
991023
993489
994282
992122
993808
991271
993060
993112
994554
990347
990203
993822
990142
993674
993520
992108
993408
991225
991895
990865
990458
991826
991131
992166
994791
993620
89
992890
993082
991350
993141
992411
992542
9247
992969
993845
994763
9103
994901
994202
990210
9887
992398
990530
990178
990454
991069
992403
994836
9250
9424
991292
994027
991748
993604
990432
993525
991654
991987
9588
994452
9221
9541
994372
9130
994588
993075
992995
991485
992604
9270
990449
9262
9732
993187
993358
992230
994310
994522
990143
991963
990010
993844
991884
990662
992623
992516
994690
991510
991158
992053
991256
992838
993081
9353
991935
990655
993122
991010
991385
990009
60
993677
990072
992767
992236
990549
993017
992139
991886
993919
992276
990413
993351
990792
991356
991028
9804
993827
990192
994401
992756
994257
993058
993414
994562
992370
9766
992914
991763
994585
990503
9509
9142
994062
992726
991503
990241
990902
9141
993154
994792
991706
994206
991535
990565
9107
992447
991390
992197
992028
994255
994036
994349
994785
9506
992238
990743
991555
991111
994398
990724
994333
994623
991841
994236
994364
991869
994532
990726
993889
990468
994639
992929
991502
993086
992965
993110
994855
990273
9832
993321
990996
993807
992232
994539
992189
992440
9580
993978
994418
9211
992788
993847
994449
9053
9567
992306
992907
9007
993474
993938
990889
993533
991505
994833
991379
993839
994474
992797
991426
992990
9275
993487
993833
994251
990046
991843
990368
993042
991250
991500
994864
9591
9755
991670
994754
992799
990685
994979
993755
9185
991224
990978
991329
990315
990202
990286
991191
9661
994597
991262
990653
990358
993019
995009
990164
9296
994485
991253
9730
993223
994005
9172
992260
9502
990866
994488
9531
993282
9406
991149
992837
993233
993037
991953
992517
993641
990052
994703
994804
9575
994735
994896
9245
994646
994985
990397
991986
994483
992578
991447
994909
994132
994882
73
57
993979
994875
990226
990212
9337
990769
992343
992891
994674
990428
990256
990049
993236
990436
993467
990370
993927
61
992109
991516
993856
993802
991386
994647
993255
991719
994534
990982
990674
990069
992805
994869
993486
990356
992865
993315
13
994359
9722
990258
9017
994111
991507
994323
991777
22
992319
990028
992255
9290
992652
993349
990627
9851
990729
994494
992920
993032
58
990305
991044
993128
993917
993105
992479
993204
80
991205
992609
9401
993436
9655
993642
993514
992433
994894
991217
992213
992015
993644
992132
990716
994738
991976
994163
992793
990334
994217
994491
991475
990666
990682
991314
992944
991598
991657
990165
991494
991580
992857
991052
993482
993924
990699
990213
9570
994729
993800
992158
994619
991815
9873
990410
994945
992504
991628
990856
9059
992137
990604
991206
9594
991655
9038
992432
994097
990313
993423
9481
991172
992179
9106
992265
991180
993325
992620
993093
994839
990947
9878
9389
9050
9649
994874
21
990693
9579
992129
992782
990478
990257
990098
991366
994324
993537
992302
991078
992834
993472
993526
994870
9041
992618
990018
9301
9861
993932
993949
993914
9717
9274
993869
991593
994756
994414
9214
990969
991343
993694
992936
994725
992741
990687
991627
9299
990539
991231
9659
992462
991866
9360
992586
991912
994990
993817
9151
994083
990099
994718
82
994204
14
994406
990097
990920
993518
994174
993238
994622
990593
9742
990764
990048
991552
993681
9783
990648
992536
993434
994468
9049
991722
990494
990268
993754
990196
992685
992819
992559
991631
994944
9240
992631
9720
9066
9467
990796
990712
992641
994048
994779
990421
994155
990577
993829
994507
994966
993717
992764
992010
994156
991402
992662
9237
993669
994050
991925
994391
993516
993433
992018
990041
993805
993522
994099
85
991982
994913
990377
9306
990484
993705
992766
992483
9025
990485
993718
9881
992368
9692
993511
993205
991929
993995
993342
993689
994278
990901
992791
994258
994380
992216
992628
9831
992619
992355
993524
991161
991703
9440
994334
993211
992026
994994
9693
992728
991196
993693
993820
991460
993368
991693
9748
992775
9846
994180
9764
9418
994651
994649
990443
9584
990906
993735
994964
992146
9595
991425
993385
992374
991259
993352
994653
990024
991711
991054
994535
993811
26
9719
994487
990567
990498
990390
991940
992281
991298
994489
990669
9731
86
994094
9385
9375
9859
993144
9690
993993
990644
993370
991221
992626
990829
994243
992595
991936
992297
993441
993553
991620
992656
993809
991770
994827
993181
9168
9700
990681
993167
9897
990830
9089
992460
994543
994502
990136
992909
9597
992244
991345
994319
991881
9055
994832
993966
991280
9762
990878
993926
993935
990456
991837
992254
991210
990431
993916
994715
990867
994871
990314
994256
991270
994011
9473
993547
9202
9664
994615
991917
993616
9866
990414
9487
991651
993200
991800
9581
994263
993208
992804
993662
9269
992875
993068
991882
992763
9085
9045
993332
992598
993835
9156
990845
992334
991432
994087
9704
991323
9426
990204
993381
991381
992778
994190
993923
994399
991591
992030
992048
9343
991053
992951
991155
994582
992229
9599
992552
992064
990675
993420
993000
9395
992407
994313
9243
992676
994957
990799
9824
9559
991302
993148
992715
990007
9540
990360
9224
990522
993551
993544
990020
992270
992528
992749
993142
993748
993739
993261
990425
9132
992031
991276
994353
992090
9263
990523
994643
992187
992569
9760
9629
9696
994059
994601
993921
992999
992851
991007
993691
9493
991406
990671
994325
9545
9761
994679
991002
994471
992118
9313
990059
992494
990389
990402
991633
993661
991038
993387
991318
991857
993998
994560
990371
9677
991643
993625
991163
9456
992820
9825
991607
991699
992183
992785
994118
991680
994998
990191
994801
992035
993826
992686
9705
992083
79
992922
992757
992021
993562
993287
992268
994598
9613
992149
994856
990006
991109
994656
994652
992601
994068
992921
991705
992113
991852
993072
992814
990240
993040
994766
994503
992415
994318
992367
993721
9098
990145
991924
993432
994636
992803
991724
9235
994482
9547
992191
992967
9207
993634
995000
992871
994659
993980
9409
993672
990434
993336
9777
994955
9215
991245
992535
990247
992925
994224
993140
990507
994974
992674
990127
991235
994410
992323
993469
990623
992217
9134
993928
9149
992739
990158
991776
9729
991383
990403
992829
990950
993143
992870
9428
993276
993963
994923
993680
990330
994170
990893
992019
9273
04
49
990776
994691
991979
990244
9899
991687
994172
990357
990537
9397
992957
993740
994478
990416
990840
994921
992046
9769
994189
990173
9870
9336
992597
990928
992510
990448
994095
990710
991071
9646
9879
993365
993985
990820
992264
991512
993138
990910
994261
994457
994982
993976
992983
9790
994590
990516
992737
992085
992489
990275
991364
990919
990445
994591
994988
9827
991839
990753
991349
992142
994664
990663
991273
994037
9046
991427
9863
992009
990926
992928
994710
993891
9555
991791
993356
993536
9439
991264
991996
991572
991612
9131
993137
9281
994383
991063
993612
9725
990870
994965
9086
9698
991854
992442
994676
991621
991407
993638
9501
993392
9611
991577
990608
993605
993608
990153
993764
992693
991339
991636
9291
991414
994122
993155
992582
990946
9179
994107
9345
990961
994920
9829
994365
992665
994544
994294
991513
992580
991438
9438
9208
994077
9408
990811
991856
990176
994992
991076
992773
992727
991367
991674
994091
9388
9192
994610
993495
992469
993333
9532
990628
990877
992754
992807
9627
9791
994135
992836
9010
990102
992591
993049
9697
990984
9640
992708
993779
994815
991804
990620
991714
993304
990292
990940
993652
991671
991750
994711
991418
9314
9331
990524
9253
990848
991260
991653
993407
994385
9204
991960
993326
9857
990956
992734
994942
993192
991057
992798
9508
992278
992502
992472
992174
993894
994644
990322
9006
9238
993906
993838
993818
990720
992344
9101
991847
994726
994069
990881
9384
990560
994100
992755
990303
991417
990719
991215
991495
9885
9721
992777
992985
991978
9718
992906
9511
9652
993116
990077
991678
991348
991949
994403
990992
992831
991921
992998
991710
990187
9097
994787
992484
991453
992002
994377
993419
993243
994404
9622
993627
990157
9642
992564
994067
993011
994162
990179
9711
992876
994802
990336
991717
9155
9279
9793
994946
994207
991663
993684
992703
994168
992738
992172
992330
993025
994378
994060
990312
993942
990355
993862
990935
991959
9288
990525
993988
994868
991464
990973
994661
992759
991446
9458
994041
990927
993598
993902
9111
994498
993614
994877
9282
994658
993364
991677
993813
991058
9648
991400
993591
994723
993309
993248
994061
994442
994604
991822
992025
993879
991233
994765
991034
994605
9022
993013
992705
992190
994137
990633
992056
991768
990095
990376
993636
993384
992752
992209
9736
991409
993170
994797
9480
9233
54
9513
993212
991009
994618
994648
990366
994608
990852
9213
992364
994695
992303
992443
993974
991999
992477
994892
990289
9432
991147
9242
990144
993794
992860
992806
993312
994888
990836
990943
991043
992135
9496
991408
993687
993789
9470
990023
992337
991836
993443
990677
991962
994722
991551
993397
991762
9625
991988
9162
990412
9819
992241
992133
992127
9193
991091
994080
991275
9180
990898
994641
990260
992910
993162
991541
9102
992193
991807
990250
991268
994782
994254
990479
992864
994369
990339
992155
991092
9604
991017
9468
993207
994527
990897
993873
992089
992688
991375
991394
9366
990570
993179
9828
992900
992257
990174
994940
990838
991751
994632
992932
994549
992246
993871
992001
990400
9167
992840
990954
993314
993765
993757
9589
992942
991864
990517
994772
994796
9135
9287
992160
990962
993859
993157
991961
993184
992298
992386
9864
994500
992710
993606
9341
9568
9416
994963
9075
993523
993925
990259
994066
994124
9695
990925
994993
991173
991104
990075
992585
994116
990610
9459
991730
994241
994232
994082
991254
994425
9869
991397
993830
994003
990057
993071
994714
993959
9112
993291
992042
993997
994954
993780
991667
992697
992682
991994
994906
994852
992877
993528
991203
993107
994308
990452
9787
9040
993202
991618
994907
993383
993825
9526
993576
994512
9715
991251
990291
990056
994355
9137
9441
992167
990091
992094
992730
992702
994088
9486
992989
993406
9546
994422
9003
9285
9084
9278
991682
990618
992521
990686
9069
9469
993295
993688
994538
991048
991704
990704
990225
991932
994166
993749
992103
9361
990798
990684
991848
990100
994628
991811
992972
992743
990089
991903
992984
992248
991585
991248
991521
994154
993922
991154
990055
993774
990550
992548
991128
993666
991844
994899
991588
994271
991632
994905
9427
9631
993230
992848
994329
9104
994958
992859
992608
992051
992311
994744
991587
990141
67
9435
9778
994762
994596
993254
991809
990071
991563
9254
993929
9892
993552
994550
993022
990554
992036
9272
70
994567
994211
9699
992912
992340
992169
991683
991369
991269
991745
993658
990634
990981
994141
990781
990875
994192
994506
992102
991603
9116
990966
994950
9663
9445
992338
993344
990563
9108
9837
991372
992671
990232
9144
994893
991760
994297
990194
991721
992659
993656
990612
990613
990132
990888
993736
991642
993506
990713
994057
994012
993249
990209
993292
991915
992288
994737
991610
9067
993554
992490
994400
991080
992335
994808
993448
994761
993659
990578
990038
990351
991985
991085
9650
991442
990184
994147
990760
990566
9872
994288
9896
993493
993646
992381
991539
9148
991812
9671
991799
991931
990332
990333
993508
9518
994227
993302
993008
9894
992402
994432
990754
992345
991322
993961
991171
993697
991143
992008
994142
991376
9190
994113
990757
991708
993883
992417
994110
993417
993716
992923
72
994525
994706
994505
990922
991728
994262
994379
990433
9682
991160
992292
992681
993241
990396
9369
992436
992198
9620
992446
993557
991100
992017
9602
993904
990784
991597
993704
992101
994640
990044
991853
994705
994035
992982
991202
991669
9475
9610
991739
993512
994526
992377
991222
9100
990552
993002
993264
993262
9771
993226
991168
994713
991365
994684
9079
990789
9830
992024
993057
992077
990514
991782
990166
994638
993777
994962
992372
991771
992954
991137
9338
991738
991428
994989
994775
994157
992481
994603
9724
993640
992789
993579
994838
993431
994624
9199
994795
990451
990472
993079
990658
994002
991729
9609
84
994046
994138
992561
991219
990976
991972
9257
9403
992180
994210
991019
993582
9316
990931
994072
992327
993958
994344
993327
993488
990766
991382
990692
992058
991883
992066
994898
992724
63
992204
993787
993121
9063
9425
990385
993880
991918
994371
993864
990815
992855
992328
993502
9154
991230
993509
991767
993596
993888
9163
9600
990536
993872
9564
993734
990364
993946
9349
993746
993473
993990
992945
993096
992630
993955
993539
992063
990611
991989
9150
992622
990341
9359
991079
9566
990642
992250
993876
9865
991586
993404
994612
994203
9785
991093
991606
994244
994569
994842
992078
9612
990229
992672
993899
991875
992482
992157
994001
991223
9217
994287
991797
993650
994367
9160
994437
9681
9295
994462
991041
991752
9201
992011
992256
993191
992074
9062
994840
9133
993257
994340
993731
990453
990581
990813
990640
991027
990156
9205
991830
990008
991144
993635
991773
993882
992475
991476
994395
992310
994841
990316
993296
990899
994891
9803
993214
9012
991065
9284
990083
994799
994867
9203
990076
992899
991265
991482
52
991116
994558
993660
991536
991533
990527
9676
9789
990702
993505
9895
993792
990307
990486
994700
994074
990842
991120
990532
993775
9412
990242
990005
9516
48
990418
994253
990350
990859
994173
992711
9619
990542
990126
994447
994508
993279
990755
992772
9608
993090
990824
991213
9094
993491
993329
990223
993831
991596
990086
990968
991697
991096
993103
992565
991695
9738
9330
9303
991148
993939
991003
991727
992664
990665
994803
992165
994291
990249
991707
995005
993758
990512
993085
994987
993497
991030
9703
994152
9503
993842
993444
991309
9776
990493
991194
992457
991731
990439
994058
994983
990272
9442
9639
990027
994434
992736
994938
994816
993960
994343
990151
990938
990659
990281
9319
992020
992962
991321
990230
991141
992634
991877
990119
990392
990932
994583
993286
994160
993215
993750
991971
993628
991821
993203
990624
991412
993451
993572
992280
993289
990438
9875
991946
991519
990951
9305
991094
9071
990690
993863
993231
993009
9026
990858
991818
991553
992750
990854
9678
991395
990080
9415
994903
992237
9029
990895
991806
992694
992572
993380
994486
992783
993673
990483
994016
992721
990876
992294
993458
991785
991335
9322
992732
9009
9734
9658
991885
993504
990051
9206
993571
990065
9798
993004
992885
9593
993266
993558
991889
994054
994637
993464
991103
9643
9072
990963
991700
992948
994741
991467
990629
994780
62
994326
990442
991326
9186
994948
991879
993135
9209
994749
9312
9005
9027
994196
994284
993657
9788
992988
993221
990909
9218
9448
992725
992827
994552
9146
990301
993682
9324
994328
992562
994900
994631
992350
991237
994655
991380
990631
990090
992333
993655
9013
991487
9590
9437
991293
993908
993861
53
991346
990930
994239
990255
9523
994034
993460
994771
994642
991698
994382
991672
992473
993468
992709
9028
991648
994317
992408
994259
994381
990430
9680
993403
993256
9251
991393
994858
994426
990955
991874
994687
992168
994020
9261
991684
992973
9560
992751
993094
993024
9383
993038
9654
993549
9293
9614
9823
994214
991995
990810
994245
990500
990952
990606
9479
990161
993595
991164
992884
992116
991399
993108
990121
994813
992474
992645
991357
9239
9723
994663
990398
990243
994044
990765
990346
992098
990026
993047
991981
994769
9471
9492
991167
990903
991532
991179
9871
993228
994179
9289
9660
993209
994536
990019
993896
992271
992000
991430
991115
993353
990598
9809
993685
9140
991702
990060
990913
991626
995004
990884
9433
994047
993699
993954
991232
991524
994680
992959
993760
993069
992796
992917
9377
9001
992235
992758
993852
990934
991775
990422
992136
991927
9826
993814
994469
991922
992846
9507
992289
994221
9665
991723
994345
990544
991997
993515
993350
993781
992126
994266
990248
993412
992034
993868
992225
991132
990592
990547
993970
994065
993348
994978
994748
9739
9691
994368
990770
991089
992883
990918
993166
994412
993519
991609
991359
991952
993186
9065
9572
992600
993274
994786
990328
992747
991022
9014
991744
990481
993690
994683
991860
990667
991087
994031
992801
990807
991784
992550
990808
990409
990832
992546
991920
991470
9194
991413
87
994043
993560
990446
991749
993466
990641
994230
990528
993265
991370
992958
991226
992405
991465
991537
9543
994315
990630
991236
994015
990042
990345
994109
9327
991589
990758
994460
992050
9713
992110
994611
990411
993534
71
991047
992170
9841
992824
992765
56
992100
9587
994264
991668
991849
992800
990872
991218
994883
991139
994299
990735
993028
991214
991457
992887
994285
991307
993369
994009
994570
991549
994620
9520
9304
994215
9461
9231
992449
990944
993664
990404
992107
990068
991764
994350
992849
991983
990650
991943
990045
993647
991195
992062
9743
994301
993188
993590
992981
992508
77
991036
990467
993485
993936
9805
9813
990061
994630
991405
993874
994768
993462
990114
992970
992476
990890
994389
990995
992811
991546
991993
9807
993934
990245
992825
994689
994533
9898
994669
991012
993164
993173
995002
994777
994443
990744
992613
992412
9818
992220
993429
991914
994396
992673
992499
991737
993253
993337
990491
994193
992898
990773
993280
51
994613
993857
994573
993498
993357
994599
9109
9000
992274
991863
995003
9404
993339
990715
992847
991211
994853
990864
990025
990021
992003
991025
991284
990220
994007
9521
994331
992164
991000
992161
992128
991049
992893
9052
993322
992700
9816
994724
9779
993742
9535
993290
994240
994136
990622
991754
990603
994980
993530
993756
993617
993962
992650
994477
991902
992052
9117
992105
991934
993816
992263
9884
990299
992082
994788
993234
994835
9030
9616
992638
990705
992524
993828
991491
993585
992852
992029
990871
990609
991573
994438
991037
994568
9542
990437
991916
991070
994621
993362
990625
990794
991991
992057
990380
990429
990783
993398
993240
991637
9161
992889
9070
994033
991865
992769
991554
992556
994727
992894
993080
992202
991258
993836
990587
9607
993972
992520
992396
994419
991828
994602
992584
991794
993548
991909
990730
992853
993347
993343
993133
994728
993035
991899
992043
992140
9510
993271
992086
990172
990074
993907
990284
990365
9032
994019
993437
9234
990487
991939
992451
992378
991907
992273
993430
991861
992487
9396
993442
993361
9419
991734
990504
990857
993931
990572
991548
991165
991458
991876
991958
994595
990767
992299
993281
992971
994198
992996
992492
9517
992173
990266
992143
990597
994071
994746
993956
992231
9806
993077
992713
990588
993272
992435
990406
9773
992735
993841
993076
991274
992616
995007
994800
990887
994758
991431
991301
990896
994999
990002
990170
993206
991282
991416
990933
992538
992044
993724
991665
993651
990571
994120
993513
991559
990790
990029
990186
991975
990466
993250
9606
993886
994626
990822
994459
991941
990288
991526
9413
992493
994161
993602
994952
993609
993354
9061
994750
9259
994509
993751
994322
992438
993366
990599
991919
992106
990034
9672
9362
993556
991904
9083
991499
9164
9002
992450
993195
992233
992409
9497
994977
991187
990948
993776
990104
9685
993293
991666
992208
994540
991746
9371
990198
991769
992653
994696
991928
991701
993823
990189
9105
992927
994194
992096
990050
990564
992391
992304
994235
9701
991352
993421
994807
991583
994393
992253
991454
993810
994242
992794
993235
991411
992629
9054
993457
990664
990271
992636
991285
992296
993510
990251
994781
990812
9891
990941
992760
993870
9815
992322
990579
991780
992470
993097
992895
991726
9265
993546
990860
992313
9476
991808
990751
993737
990474
990318
9036
991660
990378
992815
993131
991031
990004
9880
992624
991119
990636
993885
994937
993224
991733
990731
991199
9519
991544
9454
9317
991834
994934
992555
993834
994056
991783
992362
990279
990450
992422
9868
991840
9200
993092
990267
992968
9076
991190
991743
994304
992175
992746
992976
992356
991189
993216
992687
994778
992348
992419
992329
994146
9624
55
993840
9794
993745
992781
993070
990791
994975
991421
992300
994453
9838
990734
994884
991957
9118
991443
991026
994678
9309
992941
9339
990148
991145
9325
991514
993267
9621
990654
994515
990921
994407
994408
991050
992841
9292
991021
990660
992070
992879
992539
991327
9839
991956
994931
991243
994022
991150
990101
9515
992515
993952
993913
990985
992087
993741
991878
992283
992480
9710
993193
993029
993568
992491
994576
994513
991471
993007
993850
992615
994102
991718
990780
991486
990294
990082
993044
994374
994981
994361
9340
990916
990506
994546
992633
990495
991608
990616
991015
991570
991892
9068
993832
990150
994292
994904
993126
993014
993416
9708
994497
9153
991212
9529
9637
990264
992886
990386
993129
991045
991068
992465
992660
990833
992488
994537
9189
994028
992632
9867
993892
990632
994917
993389
993099
991125
993288
991547
991545
993043
9576
994773
9687
9198
991604
992966
991338
990476
993034
990205
994581
992579
993244
994986
990073
9147
993251
993106
990849
991333
990929
9504
990991
994428
991676
990393
994579
990621
993317
9615
991942
992780
990607
994114
992698
994108
990673
993877
993030
9115
992897
992610
9674
993893
994743
992272
990459
992347
993189
993285
991101
990344
9307
9524
992125
994935
992486
990510
990835
994873
9429
9455
994784
990562
990149
991113
992072
993051
994064
992287
9277
994205
992722
993790
991456
993964
994520
993388
993194
991419
994973
994052
993023
992038
994825
994376
993783
990691
991184
993452
991846
991645
994584
994551
992371
993733
992325
994732
9297
991992
994089
992596
992093
990036
993098
993382
9088
994941
992933
993320
9603
993104
990533
990369
9367
990911
994103
992212
9374
994249
990844
9850
992112
993708
991374
992987
992069
994320
9548
9675
993793
992016
9780
9747
994337
993957
994026
992802
992813
9004
992953
9767
990300
991263
9485
993996
993217
88
991930
991342
992816
9434
991055
993005
9530
992507
994996
991615
991747
992655
9159
9352
991121
992141
994956
990594
993611
992221
991389
990980
993541
991605
993182
991712
993123
993696
991272
993543
992691
994559
993246
990714
993399
993283
993124
992277
991508
990105
9464
9370
992151
990405
994774
991252
991873
991685
9020
993912
992867
992321
9091
994112
992416
994283
991106
991518
991234
992723
9417
994859
993593
992977
9092
992495
994694
990163
990464
990850
994757
993712
991463
991290
991480
992134
993394
991033
991501
990265
9683
994760
992993
992194
994348
990736
994101
990534
9645
9849
991905
994594
994936
994338
994126
990420
994248
990093
993062
991107
992055
992040
990700
992413
991289
992915
994911
992144
00
992418
990905
993853
994650
990440
994496
992644
994366
993242
990979
992471
9630
993149
993994
9694
990555
994592
9048
991640
990551
992245
991845
9039
995006
9598
991183
994492
9222
50
993455
990647
993875
993804
993232
990276
992943
990207
993570
991911
993752
9528
991156
9420
990037
994171
993492
990596
990469
9801
991216
9127
992380
992485
9795
9644
994580
993788
992424
992776
994413
991757
994510
994279
993729
994709
992226
994927
990545
994081
991126
992459
994421
990120
993695
993239
994614
992454
990990
990285
991788
994158
990183
994933
994759
992934
991661
994029
992439
991404
993269
993722
994806
9391
993670
991387
990661
9498
990502
991035
992466
994347
991543
992219
990084
990290
991692
990617
992041
990473
990600
9890
990556
992551
9358
992931
992545
994645
992844
990014
990030
9886
990851
990771
993459
994104
994967
75
991246
994458
9381
993438
9763
993937
992199
990118
994851
992252
993943
993992
9099
994699
990263
993450
993594
992497
990012
992326
993732
9522
991725
991455
990827
994465
994897
9746
991561
992114
990831
992279
9334
991174
992293
990000
994755
994548
991424
991296
994484
9800
994096
992013
993663
990561
993501
992530
993284
9124
993559
9586
994018
993930
994252
991948
991114
991716
991004
994392
991774
990924
991297
992239
9031
991765
9797
991567
992863
990637
994828
992076
994667
991138
990907
9514
994444
992938
994039
990508
990717
991325
990219
9119
994216
992947
990193
992358
992523
990088
990124
994770
991862
992097
990455
993063
993567
990269
992621
990538
991910
994629
992729
990280
991540
990651
991157
9113
991793
993341
9136
993159
993701
994902
9268
990721
12
990195
991332
991042
993799
991283
991391
994040
993761
992792
992666
994916
992896
990129
9477
994445
992701
991522
9139
9326
993933
991656
9754
992379
992339
9808
990415
9484
9562
993359
994753
9043
990159
994922
9463
992196
991177
991649
991741
991647
9184
991410
990342
992291
994274
9605
9635
994394
9382
992873
993903
994767
990424
994555
994455
990656
992267
9241
990408
990967
990703
993020
994461
993033
9668
993580
9544
991130
993633
9236
991336
994151
9229
991347
994229
991415
991568
9165
993319
993569
990116
992761
994914
993439
994269
993503
81
993476
993801
990130
992045
9571
9670
993478
992392
992978
990463
991525
993313
994571
991102
990521
9745
993637
991331
991715
990601
994872
9651
992532
990882
992421
992275
992039
9583
991504
992387
993490
990031
991578
993109
992663
992949
990185
9357
991056
993480
993026
990626
991062
990043
9750
993059
991436
993971
9122
992359
993089
9110
994951
992068
991228
9266
993396
994863
9376
9230
990750
993909
993496
78
990569
990033
990218
991361
992373
991576
990168
9128
990863
993901
991787
993782
991305
993252
990064
992635
993413
992684
9228
991192
992203
991900
993545
991277
990092
9350
991060
66
992259
993335
991110
9786
9298
991679
991890
993136
991859
991635
990246
993053
991201
993120
993152
9348
994925
994213
994616
993728
9505
992640
993010
993297
9216
992602
993753
990540
991209
994473
9256
990325
990270
994448
990253
992498
992406
9772
76
993048
994231
990787
990096
994928
990971
9632
9114
991304
990287
992331
994707
994879
994682
992822
994834
994910
991550
994708
9174
9647
994140
992563
992833
990395
990772
992939
993819
992874
991817
9626
9120
991515
992881
9709
993036
991388
993229
994191
994919
9008
993747
993986
992790
990619
994201
990912
993198
9023
990435
993584
992266
994547
991898
993720
9267
992007
994351
993275
993941
993039
994930
991945
993083
991452
992023
9539
992163
9430
991506
990231
9781
992646
9400
994997
990282
990701
992979
992095
991249
9744
993610
993561
993163
990109
992692
994627
992192
990936
994169
994686
991461
994915
990574
993307
9500
992625
9883
9332
994665
9227
991207
9283
992603
991498
994115
990112
990818
993479
990234
992410
993298
992858
991673
990904
991124
9320
991474
990373
994671
991099
990546
990039
990208
992067
9354
991112
9444
9033
993168
992261
991483
992583
993665
9494
991579
992210
992150
992382
994519
993578
993581
993245
994295
994565
05
993703
991398
993386
992994
9328
993858
991134
994354
990994
994276
991016
992154
990688
992286
990846
993770
992430
994133
9123
992207
990417
9436
992950
9090
992593
992614
993773
991384
994424
992627
991891
994159
990748
994321
992818
990711
9035
990974
990154
993678
990401
992902
993379
990078
990040
990224
994850
994358
993738
990239
993410
992503
9452
993982
992960
991142
994926
991378
9853
990894
9390
992184
990374
990586
9592
994265
993700
991571
9402
9667
994745
991709
9855
990062
990441
9220
990590
992997
992152
993001
994617
992590
994387
994017
992716
990988
993517
993061
992420
994890
9578
993629
993324
993134
9557
991122
9466
993577
993477
993177
993132
993727
990763
990382
990399
9411
991420
991984
994298
993064
9387
994666
993355
993377
993300
990825
993201
994564
994495
992594
993125
991257
993374
990496
990238
9145
991146
991492
991966
993542
994063
991067
992091
9024
9852
994889
993630
9707
991740
991097
994830
990972
992033
9351
994793
990595
992032
991781
991887
9770
990558
994073
993073
994693
9410
992171
992908
991166
990108
994633
994685
991479
992200
9037
990880
991732
993427
990520
991371
992527
993418
991488
994681
990407
992123
991448
993653
992400
993111
9248
992434
990197
9822
990958
994740
993178
990548
993843
990327
9173
993310
994794
990122
990559
990670
991803
991197
990107
991353
992384
991816
995001
993475
991641
993743
992784
993328
993363
994312
991133
993435
994959
991358
993786
991261
992316
991497
990740
992828
994924
991466
991755
992445
991496
993345
991077
994733
08
993566
990589
9191
9323
993318
994464
992835
992081
992500
9858
992075
990582
992022
991622
990676
9344
993390
992854
990131
992320
990227
991337
993425
993763
994572
990853
9093
992425
990739
994309
993456
992770
990001
994165
990526
990381
9302
992332
993884
991247
994085
991072
990843
9126
992186
991354
992073
990519
994634
991629
991066
993797
994501
992361
994918
992526
991188
991897
992574
990094
993227
993021
992712
991123
991601
991170
991200
991459
990138
9684
994912
993330
994504
994330
9669
991901
9421
990741
992397
994742
990953
991938
991686
990718
991377
991324
993707
990359
991933
992312
991255
993395
990834
9549
991558
994688
992558
994105
9848
991344
9774
993521
992249
994237
9686
9740
9596
9802
994523
994049
993803
994219
990063
992318
994776
994032
993767
994456
992992
994289
990423
9166
994415
993719
990591
992525
990708
991340
9840
991140
994730
994390
9081
993150
9077
992617
994004
993574
9176
9558
991511
993481
992429
9499
995008
993056
9450
994751
994436
990959
991088
993463
990066
9178
993273
992918
990384
992577
992394
9728
990775
990362
994521
992768
9347
992511
991855
992980
991423
994055
993500
992414
990343
993649
991181
993218
993371
990337
991433
9765
991242
990190
994357
994277
992295
9393
994545
994829
994451
991082
993175
992227
994704
990169
992211
992554
992856
994238
994153
9034
993006
992014
993483
990180
990668
993461
9483
9042
991075
992557
992774
9601
990363
990296
9264
993918
994702
991186
990211
991792
992549
992571
992704
992145
993499
992952
992892
9585
991478
992513
9536
9276
990826
994467
993527
991117
990580
994673
992719
992649
991362
992575
992956
994575
991926
990167
9365
994092
993087
992218
990737
9447
9457
993346
990387
991527
993945
993153
990816
993999
993791
994267
992567
991595
994439
994273
990576
992862
990070
992162
994556
993806
991469
991127
992695
992940
991805
993171
993910
9372
990134
9565
990302
991024
9252
993714
9537
991227
990879
990444
993219
992363
994670
994895
990557
993535
9758
994346
991266
994098
993151
994657
992121
994600
9577
990762
992961
990338
990999
991575
990278
990683
992843
9015
993676
9333
992707
991955
991969
990752
993147
994752
991073
991650
9810
991477
994025
993041
64
992224
993360
992159
993066
990106
9628
9782
994167
992195
994045
994218
9491
9817
994561
991820
993440
994250
992351
9737
992911
993139
994090
992742
990391
990489
993587
990233
991639
991894
994293
991462
991557
992519
993607
991029
07
9451
994145
9219
992156
9756
9392
993860
992005
74
991796
990501
993145
992547
993645
993890
992512
990786
994234
994589
994862
9187
990017
9820
993759
994861
991614
992458
991592
990511
993895
994511
990788
991819
9018
993771
994405
993762
990975
992393
990283
994195
9138
994736
990319
991735
991766
992568
993671
993196
994131
990945
9143
992501
9363
991175
991267
991108
9460
994373
9073
9525
991694
993161
992706
991990
992771
990375
9706
992544
994397
993180
991753
990293
991373
993174
990782
993183
992228
990490
993953
990777
994013
990032
994127
990509
9380
991923
990615
994764
990778
9078
994177
992675
990725
993538
9553
990806
992823
990111
9617
9453
991439
991560
992059
990869
994557
990949
991006
9893
990672
994817
993900
991810
994932
990181
9346
9673
993887
991444
990298
992537
9478
990732
9582
994831
990461
990809
990680
992366
994386
9431
992188
990689
992533
9355
994719
992605
993730
992573
992285
993711
990480
992346
9074
991786
9474
992389
9550
994084
994953
992234
992786
9833
991964
990802
992974
