992986
993977
993626
994051
994075
991481
992282
990311
993084
993277
01
992681
43
24
992679
993715
993213
06
993113
9212
992461
992669
990785
990614
994363
994223
991490
991872
991334
991451
9538
990937
992176
993601
990310
993599
994143
992222
994516
994818
994450
993270
993428
02
990742
9177
990137
9368
992560
16
990340
991489
994220
9856
991434
990543
991623
990679
991779
994668
9016
990235
9876
993220
992147
991689
992215
991315
990722
991893
9169
991761
991468
992182
992314
992690
993623
993169
992496
994332
993376
992399
34
994290
990723
991316
991813
992916
994887
993454
994961
994021
9389
47
9260
991868
994429
990016
990774
993648
991801
992830
994388
994531
991965
992352
991014
990492
993726
991937
992817
9834
991005
994731
993015
990383
994660
994187
994823
992689
990795
42
993609
993744
990886
9398
990465
9799
991582
993237
992262
994860
992185
994433
9449
990324
990206
994222
992740
993898
09
990047
990892
993088
9310
65
994078
994226
992937
992946
15
992541
992599
992453
9294
992744
993101
992423
991831
9318
9308
991509
993018
992428
991445
991241
994268
994311
990277
991871
9854
991265
992559
992223
991913
993118
994590
990388
9753
992850
991842
9512
993881
992342
993263
991896
994375
993115
993268
992935
990133
991281
991244
991279
9812
9010
993054
993306
9021
992657
9313
992540
993065
993622
994356
993692
992258
991584
991118
990529
991159
992826
991530
9792
993445
990322
991602
990174
992733
991574
993940
994352
992468
992269
993303
991581
9845
992868
991691
994976
993102
993588
990746
9757
990006
9225
990696
991688
35
992124
991064
992683
991599
9182
992456
993768
994528
991833
992427
994139
9613
9467
990139
30
991681
991980
994086
992367
994130
990115
991523
990009
9527
993259
9552
993639
994712
993529
994341
991542
991204
994128
992240
994246
993012
9080
992213
993199
994260
993929
992878
990335
9872
993798
991098
991225
994839
19
992336
994117
993470
990379
992368
990449
991286
993114
991310
994605
990125
992631
991998
991717
990085
9860
994789
991528
993555
9286
994197
994178
991562
993905
994024
991061
990657
990482
993706
992117
9364
9019
994716
990883
994943
9170
990878
59
991320
991867
994885
992307
993531
991135
991306
995000
991312
9733
994849
993851
993702
991313
990768
991510
990643
992677
9835
990201
992529
991040
990745
991330
992015
9679
990861
991449
990733
994411
9465
992401
9496
993944
993523
990429
993311
9373
990303
9060
992658
990471
992181
992810
991473
992904
991742
993003
9844
993308
990645
991826
991529
9140
994479
992290
994476
991355
992452
991789
993046
994968
994783
990939
991090
990348
994423
994188
990915
990914
990900
991341
993402
9057
990779
992061
9056
990103
992581
992670
994176
991176
992090
992514
992027
993176
993969
994183
993987
9540
9666
991278
9329
990228
993717
992668
994360
994698
992398
9702
994480
9768
992467
990801
992317
994846
991303
990942
990885
992350
991271
993340
83
994430
990237
9759
990625
990747
990236
991917
993419
9796
992648
994563
990823
992807
993965
990321
994409
993643
991573
991001
990602
991664
990989
992189
992006
991120
992103
9107
994281
994854
990497
993375
9619
993975
993331
993983
990957
993484
992589
993947
993583
990510
994701
991018
990421
993796
9607
993989
994602
992680
991552
992522
991317
993592
991534
992991
990306
990820
992404
994908
992383
994876
991437
990182
990817
991208
991778
993902
991814
993897
991835
992360
991084
990215
993979
992119
992042
991288
990135
990155
9656
991772
991611
990162
992464
991693
9793
993305
991986
993405
993564
994717
992905
991429
993411
991600
992901
9462
993260
991083
993725
28
991383
990862
9195
994995
991928
990583
993436
991095
990178
990295
992509
992606
994327
9446
991973
994454
992463
991736
991619
9741
9688
992809
991300
991625
992071
990317
992637
991152
992120
991136
992787
993536
991081
991250
993016
990257
991144
994790
992639
993286
991590
992111
990462
990815
994091
994372
992375
994305
991314
991646
993323
993821
992832
9196
990805
992376
9638
992255
990372
992403
990585
990297
990367
993723
990331
9432
994427
994766
990530
990821
994553
990426
991171
990649
991096
990323
994185
990998
990274
991970
991069
994042
993795
992570
990067
990908
9490
993911
9649
994472
993563
9221
991758
990573
994518
990222
994228
994720
991756
994342
992842
990627
991475
993357
990083
990655
991311
994499
9574
993603
992238
993409
992038
991206
991019
992049
993618
991850
992341
990761
990175
993045
992919
994030
992659
990349
993812
990847
990865
9443
9223
9232
994212
992696
993172
58
992745
994952
992967
990970
990200
992913
991565
992315
992869
9031
992324
991967
992444
992048
992516
991564
991013
990261
992056
994654
990470
990329
9096
991051
9882
990873
9311
992864
993415
990202
991440
9749
994639
9051
992395
990518
992130
994382
994837
992795
991802
9581
990413
9300
990443
992426
994296
990397
9641
993278
993140
9407
993967
991624
990797
993877
994401
991951
991447
990819
991169
992308
992662
990535
993772
991328
991616
990454
994122
994199
990022
993889
991291
990447
993802
992836
990868
993693
992924
994449
994353
990848
990759
992686
992762
992177
990803
991198
992131
994844
993915
991162
9843
990458
993848
992720
993055
9050
992969
994868
992705
991295
9242
9784
991823
992135
991111
994163
992926
993820
992591
991675
993408
990575
993091
990814
994106
994821
993127
991376
990326
992615
990475
990709
9395
990505
990054
991396
991251
990389
993652
992882
9214
73
9556
993095
993146
993507
991023
991620
9129
991858
994635
994402
990210
9580
45
9210
994006
994692
993576
994947
992715
993865
990077
992699
9456
990766
994888
990003
994233
991720
993204
991888
991977
9633
991696
9244
994881
9049
990315
993197
993494
82
9726
993449
992754
9321
990864
992647
992246
993854
991008
994070
9518
994984
991792
9730
992301
991153
991032
9534
993709
993837
990060
994300
991773
991861
992084
993424
992092
991839
9299
994481
991655
9121
992122
990693
993846
991869
993572
994384
994524
993367
992455
9338
992531
990706
04
990192
992963
992872
990354
994865
9426
993407
9636
992365
991030
992678
9752
993378
993401
991220
990087
992306
994470
990255
992284
993631
994334
994225
993299
992139
991418
992047
9423
994587
990353
994125
991239
9448
992964
992031
993471
991634
990011
993575
990977
993489
994652
992168
993019
9692
9533
993849
991276
993766
9055
990160
991052
991790
990659
994062
9541
992586
9591
9725
9342
994431
991294
992763
991944
9508
990738
992158
993322
993446
991829
991908
990613
990623
9125
994087
990541
9011
990956
993686
991427
990830
993141
990143
992518
993589
991020
990394
994802
994649
993784
990839
993060
994314
992812
994560
993704
994787
990756
993785
992954
990057
993188
994189
993430
991080
994362
992054
991841
994270
993980
9271
9588
994820
991178
990352
990995
9437
994053
991832
992298
993597
990993
992029
992582
991021
994129
9689
9888
9554
9197
9877
992109
990221
993107
993573
9062
994418
9249
992065
990917
993537
991658
991074
9861
993644
9270
993223
9866
990214
994520
9340
991662
991240
993822
86
990171
992009
993338
9108
992820
990841
9735
990015
994038
9836
990525
992392
992028
994896
991105
991441
991360
990621
991880
991739
9087
991351
993165
992959
9821
9842
990327
9729
9095
994530
993110
990982
992305
994675
992004
993453
990488
991151
992330
992138
991824
9481
993973
990605
992566
991390
990855
990687
992025
9168
992402
990308
9874
994971
993815
994147
9399
992079
992344
41
993833
992437
994255
9717
9301
992688
991256
9595
991795
994291
993210
991494
992619
991262
992576
992281
990813
993579
991638
993880
991538
993932
991464
9561
990477
992110
994623
990902
994554
992604
9171
9851
13
990058
994964
992839
990428
992309
994824
9155
990448
991472
992553
994739
993800
990128
990216
9716
9043
994929
991104
9819
994906
993429
993891
991129
990499
993100
990258
990531
992718
990965
993130
9569
992585
991566
993694
9283
993042
994247
992055
994452
992751
992797
993632
991046
990165
9384
991950
990203
9335
990716
994805
993050
990049
992597
993294
9662
994148
9064
9885
990351
994179
9814
992174
992626
994756
994359
9847
990069
994303
990418
992243
9142
991618
992193
990199
990584
991078
9489
992806
993869
992173
9394
993074
992077
993847
991636
9551
994810
991687
991318
993641
992440
992642
9623
992888
991680
991748
9098
990523
9133
9337
994361
994475
995009
994329
990328
990275
990792
990147
9895
994610
993329
993358
992654
990305
9825
993264
992053
9678
991223
9183
992441
992930
990240
990666
994574
993748
993282
993315
993739
9001
994478
993258
991591
994827
992814
991827
9101
990691
994762
994822
993698
993122
9618
990081
990729
993948
80
992354
9472
992717
990568
992831
991147
990434
990799
991231
990522
993621
991949
992369
993031
990307
994076
9532
992002
993927
9889
991954
991493
994697
994014
994836
990484
9712
991815
990713
22
992643
993078
993333
994202
992179
990877
991608
993274
990256
990638
993924
991070
994505
990769
992204
991569
9531
993614
991182
994206
993818
990377
9072
993119
991287
992001
991484
992148
9047
992714
994619
990888
9640
991593
992447
991392
994656
992242
990433
994582
990356
9100
994801
994950
9258
9831
991577
994920
993185
992370
994894
994725
992883
993991
990244
993550
992990
9224
990123
990760
994992
990639
994251
991215
990646
994440
990728
9654
990781
994630
992046
991713
991003
993532
993675
70
992609
9033
994008
991594
990026
993926
994080
9832
9211
991613
994121
993642
990793
991705
992728
9269
990059
9493
990301
990549
991338
991093
990212
991393
991531
993525
992494
991260
994522
9014
993835
992611
991999
994474
994370
991397
990117
993516
990427
990961
992230
993613
990557
9693
9226
9859
993615
9660
994181
990259
991385
993625
992613
994111
993158
990836
992220
990710
9158
9152
993506
994119
9243
993683
992125
991811
990304
991963
994209
990699
992612
993304
994316
994306
994307
9513
993565
990910
992965
993247
990368
992037
994308
991670
991759
990542
992362
994901
994965
992521
993923
990663
994703
991987
9009
993974
994061
993520
993434
990028
9791
990692
994979
994166
991884
994990
994826
993647
9584
992651
991535
991010
994155
993904
991800
992105
994110
9722
994000
994792
992448
993651
991644
54
992133
994302
990468
9509
990899
993330
994804
993356
994998
992115
993838
9714
993013
993638
993844
991299
993856
9103
9594
990188
993393
994041
993668
992895
992504
994677
993262
992276
44
992534
994672
994485
990838
991460
993112
992236
992166
990320
9804
994833
994048
992778
990565
992490
990243
993052
993148
993392
9864
991172
991690
994010
994002
993808
994029
993143
991607
990425
994597
991323
990837
992641
14
993769
994468
990681
992335
994691
990984
991982
994864
990284
990845
993705
994607
993217
9783
992731
991224
17
992113
990330
9193
992837
993373
9570
991210
9339
991667
992460
991517
992885
993985
992216
991245
9682
993951
992907
990677
992891
990312
993422
994566
990678
993024
993316
994391
994494
992737
993420
9347
994715
991838
00
992880
9711
9827
992343
9229
993240
990018
990964
9012
991407
990755
991028
993370
994779
9290
993261
992542
991059
990901
993482
994435
994403
992710
993807
990564
994406
991631
990194
993755
9303
993353
991480
9630
991270
81
992264
990007
992804
992214
993914
990635
991851
993465
993660
993936
69
994985
991669
992782
991903
993391
992080
994969
991217
993878
990867
993879
992457
991754
26
991635
993255
992685
991715
990020
9414
992247
993067
9280
990152
9058
9005
9440
9314
991925
994282
992083
993349
993352
9130
9406
9664
990675
994797
994134
994383
990558
990132
992995
9555
994970
9199
993222
992663
991974
994482
990515
991968
994870
990075
990503
990252
990618
993467
992988
9762
992431
994489
9257
993917
990005
991205
992260
991770
9696
990457
9671
993236
994813
991512
992660
992270
994170
990648
994036
990241
991617
990811
9181
992865
990874
994284
993510
991212
994726
991158
994023
991370
9589
9218
990268
992840
994525
991379
992160
991586
992536
991906
49
990891
991502
990403
9207
994097
992592
994988
993590
68
9357
990954
994539
992089
994647
994535
994858
992788
991079
990158
990553
990727
990987
993297
9878
992928
994809
992211
992667
990983
994709
9839
993093
993116
990577
9091
991791
992827
993817
994987
991519
992861
992411
990504
990507
992265
994365
991698
992183
993674
9309
994852
992852
990024
990720
992920
991643
991555
991252
993207
991521
992821
990887
991676
994200
993867
990840
991659
992187
992292
994763
992652
990684
9502
991500
993610
992764
991777
994204
990196
9811
9274
992610
990674
991348
990884
992674
992739
992385
991556
992357
992319
991505
9748
991033
992108
994420
9325
992998
990734
994208
993779
9862
990749
993873
990516
9405
992132
9247
991163
991195
991164
992057
993497
991057
994626
9492
990554
9038
991356
9044
9684
991606
994966
990119
994514
9240
994978
994266
992650
990743
993662
990097
993839
991603
994186
991857
990334
9720
994939
993276
991710
9438
991744
994217
994541
992944
991711
992254
993238
991222
9526
992205
992620
990736
994866
990552
9439
991202
992984
994335
990127
994027
994526
991630
993387
992155
992374
990142
990719
993855
990907
991485
992018
993256
992607
994838
990800
994945
991695
990262
994785
993493
994180
993326
993920
994083
991721
990671
9053
990986
991422
990136
21
993228
991548
993721
994410
992798
990644
990889
991652
990856
9751
55
992702
9699
994907
993034
994841
994271
990461
990254
992475
990669
991026
992349
9324
994164
990593
993504
990916
991100
991017
9397
9454
9719
991161
992197
992767
994972
992803
990508
992035
994059
992454
991191
9003
990924
992169
9385
9648
991054
993473
991007
9482
994490
990960
992588
994593
994982
990041
9732
991009
991233
991248
991378
993677
9201
994892
9894
994646
992104
993072
994156
993788
990332
9461
992987
9622
9657
993981
990707
990791
994056
990347
991406
993433
992903
992912
992703
990121
994747
992801
990046
990339
9353
9132
992271
994320
994257
993487
991628
992697
992665
9025
9506
993811
993829
994845
991936
990360
85
994313
9045
9246
994869
992866
990567
9575
992578
992302
990784
990164
994457
990364
9149
992851
993187
992377
991959
990712
990978
991431
9785
992900
990641
990053
9727
990923
993886
992938
993540
990419
994588
992808
991401
992408
991282
990445
991058
994340
9007
991292
991269
9602
9190
9285
9409
991902
994441
993383
993287
992805
992303
993809
990611
994488
991940
992845
993321
9065
994643
991734
9253
991235
9213
990260
992241
990938
993351
994544
993827
993794
992417
992618
993544
990852
990044
990286
993104
9102
994261
9731
993656
992212
9418
9086
990099
9071
992353
992164
993300
993135
994710
9701
994625
990370
991898
991435
990631
990030
9075
994094
991495
993192
993190
990396
991931
990969
993157
994190
994263
9202
9775
994419
993160
9180
990229
992017
990036
991828
993344
991852
994585
992334
994149
994754
994542
990402
991825
992157
992661
993949
990161
992985
991381
994154
992766
9188
992088
9162
992906
990537
990539
994442
994909
993754
994955
9262
992598
994842
991331
994729
994564
994735
990209
991298
990072
990947
993689
991403
993938
991155
992785
72
993170
991697
992019
992664
994665
991258
994680
992870
991203
9766
994054
994157
994659
991219
9790
992793
994578
9721
9634
994856
9826
9629
991596
994288
991719
992129
994460
990191
9345
991767
993077
991996
991226
993208
991372
990145
993295
994381
991706
993988
993017
992381
990658
990536
994031
990566
990757
993963
991612
990361
9788
9690
994432
993672
993068
991921
992676
993758
991138
991366
994243
992479
990652
991368
993950
991430
990897
993505
990992
994609
990184
990052
992462
9546
990247
991912
994558
9343
991293
990358
991874
994957
9642
995006
9655
993962
991627
9153
993899
9135
993205
9704
9846
990966
991732
991402
994551
9137
9627
990866
993334
990273
9204
9777
9697
9479
990156
993202
994628
990035
9764
993600
9066
990893
9360
990436
994689
9359
991621
9698
991830
994349
993037
992112
992623
992616
992779
993515
994275
994258
993002
992890
57
992364
992178
992738
992775
9235
992288
994644
991520
994598
9599
990336
9275
993488
994378
992251
993458
994124
990933
990456
993400
991727
990173
994791
990513
994184
991254
992621
992958
992118
990431
994944
991386
991920
991259
993635
992355
993281
993128
993332
9151
990620
990560
990546
9559
9306
993757
992726
9234
994285
993027
993004
991886
993441
991953
9076
993998
994483
990204
991043
84
993230
9455
994231
9428
993959
994676
993514
9567
993361
990055
990547
990592
991196
991038
991238
991672
991504
9288
990056
992590
993057
994549
993267
992813
9899
992094
990250
992876
992989
991417
9670
991365
994215
990832
990776
9653
992910
992146
9473
992829
994069
9470
9427
994711
994095
993595
994132
992859
991881
994584
993658
991588
9892
9112
9803
993654
9815
990753
990968
990398
993249
994502
992153
994141
990685
994498
9850
991394
991264
994310
993830
993533
993137
990544
994256
992378
994066
991763
990406
993081
991935
994651
993251
9738
994280
71
9215
994404
994690
991382
994768
994227
990333
993314
990662
993079
990881
994562
993211
993421
991369
991671
994832
990765
993212
991892
994632
9881
9203
990290
993916
994714
990882
48
992921
992730
994162
9612
994137
9661
992555
994882
993426
9743
993098
994815
9789
992478
994138
992337
992756
992446
9779
990289
9041
994687
994519
990314
991335
993423
993582
992058
993836
993181
993928
992773
993874
993736
9172
991882
990037
991774
994414
993558
994196
993226
9897
990102
990023
992060
992838
993509
992584
992208
9677
994005
993556
994286
994082
994236
990767
991683
9278
992834
9742
991426
994108
992433
991722
990467
990948
994874
990796
994085
994529
993596
994379
994262
991453
992975
991432
9273
990764
994323
992755
993690
993551
9873
993636
992432
993040
9566
993460
993699
992030
991812
990498
990345
991221
9069
991927
993406
993511
990624
9089
990048
990183
994921
991253
990698
993896
990665
990927
9578
991807
992777
991146
993687
994118
994536
990357
994517
991049
990140
990724
994333
994592
993023
992149
991157
9694
991503
991699
991929
991597
991522
992871
9148
994773
992480
990828
991847
993032
992950
993862
990485
991703
992229
994583
994744
991185
9106
993241
9305
9468
991131
991128
9013
991856
993892
994534
992736
991375
994150
991450
9828
993921
992099
991661
990920
991319
990084
991983
9141
991843
991425
993666
991041
992711
9255
992150
991580
994344
991648
990095
993628
9000
991760
992532
993691
991274
991837
991237
993011
990548
991507
994241
994232
994786
993778
990578
990913
991762
993009
990686
9159
993289
993871
990588
990453
993325
990973
991116
79
994297
994946
993343
994207
990559
991960
990141
992848
992483
9705
992026
994364
9865
990928
993233
9268
9495
991994
990386
990876
994770
9597
994393
60
993184
991454
61
994324
9189
990144
993907
991989
9547
992656
994099
991309
991194
991834
990416
990146
991077
993604
993167
992957
992469
993472
994695
990941
994093
991785
994425
990226
992951
9637
992101
991148
994573
991985
9048
991036
991976
991363
994624
994994
992671
992289
990790
9192
992297
991076
993044
9006
9386
994638
993397
992552
992085
992564
992311
994956
990955
992415
9022
994900
9146
991653
990990
993469
994938
992973
993486
990299
991704
993342
994278
992734
993519
9084
9441
991657
993819
994758
993740
990292
993404
56
992792
994471
994493
990599
9067
990242
993661
994527
992999
994875
994905
994586
992932
993955
991848
990038
994903
994718
992386
991885
994775
990740
993285
992102
994380
991684
993718
993451
990230
993659
990563
9401
991154
9403
993243
993682
993685
994577
990225
994942
992443
993605
992217
89
9787
991361
991350
993028
994857
9037
994287
994385
993684
994368
9879
9099
9061
993968
992280
992853
991149
990787
991539
994748
9366
990013
991516
991979
990002
990812
991891
9144
9059
990903
991904
994538
991714
9838
991499
9104
9767
9233
9646
9030
991421
991876
991275
994079
991794
991463
994113
991909
992772
9869
992933
991367
990642
991978
991321
994507
993669
994706
991409
991346
993553
993350
990521
992012
992338
992244
992595
991724
993775
992100
994949
990186
9296
993225
991873
992634
993681
991063
993680
990612
991132
991866
990985
9880
9700
9017
993058
990550
994640
993954
990824
9241
991071
993845
991924
9238
993048
990506
990408
991461
993522
994923
992875
994830
9718
991768
9287
993365
993697
990906
993097
993931
993966
991180
994648
994954
991438
991419
994491
994653
994622
990943
994788
990500
994398
990829
993082
995004
990630
9475
993162
993934
991651
992198
9361
990399
990034
992929
9433
990963
994487
9663
991663
9823
993364
9282
993598
992983
992524
990076
991895
9625
994937
991633
990090
993250
993229
993976
9505
994301
994205
991476
992796
9824
993731
991027
992757
990608
991280
992294
991452
990833
992171
993866
990527
67
991345
994394
993805
993474
993990
992474
990561
9614
993735
994325
993447
993935
994417
992794
991585
993883
994037
992543
994100
993265
993432
992484
9070
993547
992682
991745
991889
993997
990997
9297
992510
993144
994319
9332
993826
993741
993813
994991
993341
991034
993894
992310
994859
990198
992515
993620
993369
992857
994173
992488
990950
990804
990676
993816
9198
990412
991284
994975
991471
992024
991752
993296
992640
9610
990944
992600
990603
994068
990439
990628
9778
993734
994997
991746
05
990442
990179
993922
993664
992279
992191
992202
991012
993448
991733
993982
992759
994144
994601
993912
990822
993960
994989
991836
993008
991193
991702
994669
991400
991442
993075
993667
990962
990858
994512
990517
9251
993872
993485
992170
990572
990114
994658
9250
990946
9237
990027
993857
990524
992278
9331
9186
991308
993372
992799
992072
9245
990870
994235
990922
994913
993961
994057
990371
990281
991946
991124
992472
991342
992380
990414
994253
990390
994455
993606
994679
994328
992791
9375
992321
990629
994684
994142
990051
991470
991947
994604
994611
992313
9018
993025
9422
992892
993381
993292
993071
992128
991037
993716
994355
990636
9259
9593
9672
9736
990604
992407
993443
990249
991339
994925
995001
991533
990074
991232
991307
992761
990239
993792
994796
994974
992824
990556
9279
993200
991537
994395
991031
993035
9887
990008
994367
9341
992502
992126
990365
991554
991209
992039
994603
9760
9650
990610
9471
992580
994377
990476
991587
994500
992327
9611
991875
992435
994871
991952
993627
991645
991708
992020
990098
990616
991160
992628
994615
990493
992235
991053
993047
990854
994761
994546
993876
990494
9111
993776
994065
993030
993242
990754
990086
992743
992624
994877
994102
994772
990452
991863
993337
991412
990166
990640
991958
992250
992752
9272
992010
994461
991654
990276
991044
992565
9208
993191
993560
993468
990571
9284
9755
9816
993271
992416
990446
990248
9413
994782
990288
9780
990762
992322
9709
993459
993049
993291
994661
993231
993385
993859
994737
991486
992923
994245
9710
990350
992304
991011
990363
994192
9545
991749
990849
9369
990682
992221
87
991563
9891
9161
9175
991179
991039
994172
9163
990385
994239
993581
993774
994508
991962
991304
993466
9344
993138
992268
991283
992780
992499
9734
9765
9715
993508
990291
993080
992632
994532
990919
993995
994931
992137
992016
991804
991971
994426
993832
9444
994318
993526
991141
990376
992741
991424
993022
990223
992945
994400
990667
994168
990080
9458
9206
992747
992925
9362
992136
992142
990079
991549
992345
991446
994723
9675
991741
994855
994350
994977
991103
992655
990432
9761
993254
991072
9564
990313
990489
992980
9185
994322
9486
9480
993882
991513
992412
992535
991343
9652
992439
994570
993908
990410
994784
992333
990694
991413
993942
994135
9477
9798
992248
994462
990794
993853
9769
9036
993996
9813
9896
991349
9626
993842
992143
9651
992495
992645
990633
9830
993804
990846
993554
993000
992180
9604
992470
9131
993552
992442
991771
994463
990487
993403
994674
991776
993585
992358
990110
994210
990486
992966
994211
991273
9884
990272
993868
9371
990061
9723
991707
994477
992523
993457
992724
9771
9154
993999
994898
990632
9524
994354
992884
993123
991731
992758
994067
994214
9794
9868
992948
990422
994259
990091
992340
992263
994774
993179
993412
9707
990871
9523
993105
993749
990474
992296
991626
992022
993964
990581
994749
991352
9724
992098
990570
9054
991632
994230
990355
993163
993380
990093
991939
992078
9408
991414
993106
993186
992097
994201
994642
992789
9281
991524
993574
9459
9083
993399
9424
994174
994904
9320
990981
993777
993801
991243
9683
992390
990617
9510
990869
9620
990991
992140
990835
9205
994221
9267
994751
991609
990176
991089
994096
993790
991229
990187
993059
991415
991329
991137
990650
992167
991467
9754
990409
993608
991150
9040
991572
993958
9818
990019
994800
994722
991993
993513
992931
991091
993290
992419
993168
9289
991637
9434
993720
990068
993580
992727
994889
994015
52
992256
9292
993384
991907
9254
993780
991488
991725
994506
991945
992548
9809
994016
994618
993475
994917
9029
993312
993280
991846
991268
993368
9676
990220
993993
994244
990751
9695
991541
9805
991380
992519
994326
992936
993957
994641
993284
994840
993455
993861
990264
993524
991042
990451
992673
993549
994884
991765
9370
992970
990925
991443
991677
9795
990976
994700
992253
9327
990926
991002
992749
994721
994853
991045
990472
990601
992694
994883
994109
994374
992760
991004
990931
991883
992066
9639
992819
990025
992000
9261
993327
991750
993214
992481
994705
992175
991957
9435
991605
994637
990726
991915
992087
991918
990400
993640
9497
990501
993464
9032
993864
994765
990875
992323
992388
9837
9680
990590
992550
993444
992257
992693
992860
991604
993765
991822
990318
993557
993939
993085
990690
991399
994993
990512
991797
990697
990770
994422
994265
991821
993269
993750
994304
994631
993437
990587
992886
993366
994116
993657
991094
993348
990120
990435
991853
995005
993203
994803
992473
990450
993937
9644
991436
994552
9082
994746
993956
9469
991579
992096
993930
992708
994413
991589
993764
991115
994612
994012
9542
994028
990130
992011
993359
992746
994486
992558
990420
993501
993155
994453
990771
991324
990844
994299
992044
990045
991015
992955
991496
990440
993414
9807
993858
993591
9659
993026
992601
9415
992144
992962
992200
994315
994343
991666
992942
9452
990473
991775
991919
994683
990952
77
990392
994569
990294
990042
992062
994771
9028
991022
9416
993182
9841
994781
990405
992041
9587
992272
992750
991934
9349
992165
993452
993209
994088
993347
991769
9557
992328
994962
993539
994621
992141
993374
990934
994077
994750
9485
9522
992538
994935
991678
992922
994345
994272
993814
994807
993462
991139
994020
990189
990366
993498
991553
9808
991747
9039
990479
991665
993941
991092
992873
991948
991728
990600
993799
992075
992134
994269
991932
992106
994713
992326
991514
990177
990481
991359
991854
991487
992614
991536
993888
9239
993275
994277
992899
992219
992476
991546
994914
994160
992008
993173
994916
993193
991325
991482
992287
9004
991922
992372
994893
990444
993362
993480
993216
991087
991682
994146
994863
9134
991547
9863
994867
9307
991860
990017
993708
993562
993823
991598
992646
993431
9123
994897
992116
991997
994022
994136
990580
993787
9600
992781
993086
992956
994434
994437
992735
9138
990859
994664
993577
994752
993831
9658
994369
992422
990316
991730
992877
9530
991301
992644
993201
994107
993548
994047
993518
993810
994741
9263
992425
993834
993650
9616
994996
992045
9120
992687
990637
994161
994629
990664
9404
990021
993870
990031
990464
994034
993972
993293
993396
993512
993092
991991
994958
992822
9166
992064
990014
994655
990495
993546
994778
9883
9291
9317
991257
990808
991416
991551
993789
992424
994910
993164
994930
993288
994963
991649
994596
993893
993491
990622
993528
992487
9867
992732
992266
990758
992107
994001
9358
990673
991187
992579
992259
991145
991642
9539
993688
994948
9543
992953
992854
990050
994216
9890
990653
993850
9579
9624
9396
992774
994613
9572
990374
992371
993612
993728
992225
990245
992449
992596
994986
993413
991910
9227
990483
991086
991322
992387
993410
993767
994407
994408
63
994366
990113
9857
51
994919
991525
9464
992232
992081
992405
9687
9191
9336
992477
994292
993747
992783
991782
9402
991065
10
9442
994980
9706
993561
993852
992800
9713
992283
993481
9590
993246
993970
992713
992700
993090
994760
993257
993919
994115
990661
992549
991981
994973
9898
992896
992723
994696
990700
994636
993307
994060
993978
992769
990918
990959
994338
991844
991333
9002
9319
992846
993279
9499
991068
992482
991387
9110
992347
9563
991213
993083
992237
9875
991640
9504
991501
994795
991302
9576
994026
992672
994728
990387
990831
991806
992040
990100
992299
992043
994052
9147
9501
991047
992636
990126
993061
991755
992438
992572
992489
991125
990378
990654
995003
991388
994071
9179
992021
9412
9027
994633
992063
993992
9463
994058
9855
992982
9647
991364
992569
990929
994416
12
993727
994331
990150
994194
9046
9703
995002
9026
994545
992194
9829
992050
994509
994114
991408
994851
994769
994171
990157
991911
993272
991783
992815
993062
78
991567
994678
993450
992638
990118
990647
991975
991395
991788
9150
993215
9079
9217
9379
993010
994312
990660
990980
994203
991700
992086
992939
993840
994484
992076
992914
990545
9571
991878
993925
994458
991737
991718
994540
9801
990153
994081
993302
991075
991518
991106
9631
990496
994158
994072
994283
993221
990266
992709
994732
994399
9500
991570
993746
992629
994371
991712
994240
991849
993063
994224
992909
994650
990346
9167
993252
992849
992034
990810
9520
994708
9598
991793
9411
994999
992172
991056
991879
992277
994044
992855
991995
9568
53
990271
9266
994777
991938
994891
9115
994294
990393
991751
992927
990430
9417
991905
994254
992275
990533
993793
9450
993502
991576
993234
993336
994571
990930
992318
994599
992811
993841
991817
993094
9849
990455
990594
991988
993655
993398
9425
991583
991107
990528
991799
993933
990932
990065
990170
992825
992513
990951
991218
9293
994666
992224
993761
993320
993053
992486
991992
991674
990088
994755
991456
994733
991956
9117
9316
9094
994089
9383
9515
9164
993438
992203
990783
991561
994899
990207
991285
992721
992052
991679
993239
994561
994447
991085
992867
994018
9603
992968
990904
990935
9128
993751
990880
991109
990172
992332
990231
9063
991701
993020
991207
994264
994550
994492
993534
9228
993633
991550
992561
992436
993673
990373
991818
990579
992994
993339
993152
9136
990534
9236
990082
990842
993076
991709
991479
992653
992331
991465
994757
992508
993309
9020
990287
992996
993007
9216
991808
992943
991726
993952
994591
992051
994806
990737
992239
991540
993828
992127
990163
993131
992245
991405
992874
990205
990190
990270
9776
992563
991173
992889
992291
993503
994693
994321
991134
990417
993617
992151
990708
991578
993946
9445
992074
991508
990070
993760
994515
994358
991353
992554
993345
991781
993317
9256
992816
991263
990040
990071
993318
993244
994727
994503
994568
9119
992862
990717
9507
992691
990872
994614
990704
992972
993103
991234
9160
9484
994465
9560
994120
990551
993530
993253
992329
9786
992226
991184
993033
994330
9487
9088
991199
990715
991930
991729
9674
991966
990469
991532
9608
992421
991404
990656
992190
9494
990106
992630
994387
994496
9109
994594
9124
993729
994389
9606
994469
990411
994464
9420
9322
993206
994229
991491
990159
994567
991610
993535
993416
992007
991458
992765
9511
994645
994064
991492
990300
992491
991668
993492
991048
9708
990905
9390
993324
9822
9304
993634
990890
9476
9330
993495
991559
994347
9156
994533
994537
994745
992949
992981
993425
993752
993875
992622
994934
9643
994835
993712
990213
990526
992997
994456
9312
990341
992192
992934
9295
9090
993678
991865
990974
995007
992161
990909
9222
990775
994019
991099
993910
992300
990898
991459
991177
991062
992546
994928
993126
992633
9377
993971
993943
994694
993224
990073
992379
990380
994753
9756
990381
990267
9118
994428
9605
994927
994922
992841
9516
991289
991526
994940
992196
990096
993121
993753
990798
991660
994249
994234
994834
992325
990582
991133
991897
991167
991692
994556
990589
991864
992528
994043
991816
993132
993096
9772
990971
9350
991411
991126
991050
994686
992722
9645
990857
990438
990843
9621
990731
991877
992917
993994
993189
990062
992527
9230
993568
991277
991371
993166
9870
9410
9750
994565
992209
991290
990705
990064
993248
994759
990078
993545
993629
991296
88
990089
991211
993178
993417
9691
9739
991347
990129
9194
993195
993665
990609
990105
992233
990807
992036
990634
992897
990478
991035
994011
990124
994050
994133
994443
990101
9077
993129
990730
9773
991743
990895
991025
994165
992539
992067
993756
990532
9008
993781
992069
994576
993737
992771
994046
990626
993461
9252
991249
9209
992359
9806
992863
991143
990651
991943
991332
991391
990094
993825
993043
992114
992843
992261
9116
994879
994101
9419
990688
994198
993909
990404
992898
992971
990280
9127
990148
990437
991102
991796
9747
994580
991190
992844
991420
991357
992093
991168
991142
992562
991647
990773
990562
990251
9601
991337
990168
990208
991543
992465
991757
991428
992556
991809
994421
990395
993696
993559
990232
994007
993133
991474
994033
990138
993227
993543
992725
9617
992391
993099
990863
991716
994967
992833
992545
993593
993005
990265
993496
991483
9503
991165
990850
992625
66
990670
9374
993382
993541
994390
990466
994685
991656
992274
991784
992879
991188
990218
990834
992918
990598
991374
991121
9165
994559
993124
9609
992802
991214
994074
993782
992881
994543
994289
994688
992273
990384
9737
990193
991384
990894
994140
993566
990043
991545
993695
992497
992498
993913
993478
990972
9871
993700
993051
993885
990596
990459
991901
994510
9781
994373
991101
992902
9746
992608
990344
990195
994572
994248
993783
993611
9886
993594
9113
990538
994780
991183
991216
990591
993567
991478
991650
993310
992525
994981
992406
991246
994035
992993
994843
990415
990979
990606
990597
992894
990586
993389
994495
9097
9085
992450
992409
990780
9429
990151
993477
994003
991114
990219
992941
992003
994152
992627
994983
992400
9681
991601
994595
991174
993273
993073
992915
992267
994702
993630
992013
9114
993619
9126
993903
992339
991433
991340
9668
991112
994112
991622
993733
994298
990010
9586
9535
62
992397
992210
994616
992154
9615
990285
993150
9277
991170
991200
993363
991984
990109
992979
992466
991942
991389
994667
993703
991055
994951
9264
994169
994911
990750
9068
992095
993616
990107
990619
990092
993435
992091
993745
994105
991673
990004
994438
993232
994579
9200
990263
991787
994767
991972
992163
990702
993663
993171
9178
993439
9139
994941
990149
992434
991189
990896
992382
992976
992893
994415
990122
9514
993142
993014
992471
991914
992033
993039
992858
990912
9521
990369
994743
993319
990116
9323
993476
994513
994872
994555
992451
993283
994738
993109
990279
992701
991119
994915
991544
9549
9276
990569
994657
990108
991305
990441
9302
994396
994213
993070
993773
990502
991780
9770
993670
9544
993159
994581
992520
992396
9517
994337
990217
9220
994252
994273
991358
993298
992666
993390
9388
993108
994548
991738
990039
993029
993738
990744
991457
990167
9852
993584
994445
9451
994063
9797
990967
992252
992356
990375
994295
993313
9354
9558
991961
991327
993724
991344
992082
991629
991845
9391
9436
9665
992692
990424
992418
9145
992790
991592
994191
994045
991410
994671
992430
991060
990282
994828
994808
9376
993442
992121
991571
9081
994918
994793
993069
992695
991186
992847
994699
994681
991455
994279
994193
9265
993653
993602
993646
990994
993587
994682
990246
993136
50
991088
994459
9105
990169
992492
993901
993517
992231
994448
993328
991261
991228
993245
992023
993388
994933
992887
991859
993394
76
992776
993149
994017
991941
990555
9498
992032
991326
992635
991181
993786
990711
991230
994740
991448
991117
9519
990949
993500
994104
990154
992493
991900
995008
990029
992199
993021
990238
9685
990607
990382
993175
994620
990827
991297
993194
9231
991122
991067
992729
994724
993377
991511
990325
993395
990825
9381
994497
991354
9334
993863
993001
994799
9632
990514
9421
993154
992784
994424
994627
991753
9382
992070
992594
992602
993235
991568
990701
993218
991398
994504
9023
994348
992410
991166
990576
990988
9840
991272
992373
990253
993354
991336
992351
994902
993637
991498
9367
990269
993198
991685
991916
991192
991497
991840
9774
9537
990741
993038
9392
994617
994873
994436
990234
994816
9635
993771
992184
990714
991506
9052
990940
9763
9583
992348
992537
994376
990703
9858
992517
992459
9848
993483
990672
991899
994634
990359
994219
993064
992420
992293
9596
994521
993056
994501
994412
992152
994276
993569
994039
993125
992583
992770
992698
9122
993490
990012
993701
991197
991803
992716
993386
993527
990806
9024
990000
993906
994317
993986
992500
993538
994776
990337
994926
993479
990735
994009
992530
992977
9744
994451
9174
994730
990401
990180
992507
991933
990721
994829
991887
990574
990953
992249
991156
990615
990911
992014
992978
992511
991686
992856
991955
9817
9173
994153
992413
994742
991764
993542
991130
991247
993719
994707
990033
992551
992712
993797
990520
9328
994473
993335
992947
9143
990921
990001
9758
993770
993732
990407
994439
993763
994073
992960
993134
990338
9810
990818
992818
990463
993041
992394
994103
992908
992068
993570
994092
990778
990789
9800
991024
990595
993177
9187
994444
993036
994126
9457
992557
994936
994670
990112
990945
991969
9728
991362
992295
9298
991123
993355
993722
991066
993427
992835
990826
990423
9092
994589
991255
991575
993884
990211
994242
990975
994467
991723
9528
993418
9365
994145
992286
993743
9248
994600
9745
990851
07
991113
992684
990739
994397
990278
990111
992704
993089
991740
991558
992207
9802
994293
990748
993440
992156
992512
9093
992312
991242
994912
993456
992218
991016
991515
992574
992159
990319
990134
992445
994250
992384
993120
9782
992485
990342
9326
994267
993676
9562
992567
992544
992123
9525
994704
9073
991423
994575
993762
994351
993645
9529
993463
992649
9034
9669
991819
991266
990131
994764
75
9184
991615
991267
990860
993730
9430
9553
992593
994098
991110
991377
992503
994392
994924
994013
991926
990181
991236
994547
991527
992458
990816
991639
991000
992940
991466
992952
992429
993714
991735
993649
994159
992145
993843
993707
994084
9483
9592
991127
991108
990391
990362
991082
994151
992547
9491
990066
992707
994862
990511
9536
9035
992828
992992
994405
994357
990104
990958
992320
994049
990752
994825
990519
993521
991694
993791
992005
992361
990224
9400
9352
991862
990668
991201
990063
991964
994861
994238
9351
9893
990509
990227
991462
992227
991029
994055
993803
991805
991006
994663
994608
992786
990853
992675
993360
991855
994959
993219
994004
994895
9673
990786
993151
9474
991641
994794
9585
994511
992603
991097
994953
990302
994040
994719
990725
990540
9628
993346
991820
991227
992911
74
990772
992316
993895
9820
992363
993953
994850
993499
993578
08
990480
993006
992414
9333
991890
991894
9853
990343
991140
993266
9219
993087
990683
991614
992186
991439
993759
994167
991477
9387
9686
994673
992188
994274
994090
9372
992768
990763
991810
994309
992195
9393
992573
990996
993111
9348
994523
64
992501
992393
990296
990718
994195
993571
9550
990788
992568
993607
993139
9478
990782
991595
992617
9667
992228
994890
992706
9577
990809
994025
9015
9453
991373
993161
990298
991766
994932
993379
991073
991560
992577
991990
990283
993147
992575
9740
990233
990879
994177
993371
990999
993174
994218
993887
994032
993742
9460
993945
992526
993066
993860
994346
990936
990491
991786
992719
992742
9346
994736
990777
990185
990197
990490
9363
9380
994831
991444
9548
990293
992285
993145
990802
992961
992823
992346
993196
992073
992059
9447
993671
993890
990680
9176
994127
993711
990689
9431
992234
994557
9582
991469
991557
994131
993806
993918
990732
992162
993153
990032
992389
992605
994237
9078
994817
992974
9466
992571
993180
993183
992366
9565
9042
9355
991923
991175
993900
994386
9833
992533
9074
