24
16
991490
992679
991623
990543
992176
994531
02
993947
994363
993213
990614
991310
35
9212
991489
993113
991689
993715
992935
992669
994433
991111
991334
06
994246
991315
993270
991451
9856
993428
9389
990510
994143
9538
994332
990785
990957
9169
19
992222
990723
993337
990067
990310
9368
990137
47
991872
992461
990103
22
994450
994223
990722
993376
991868
993601
9016
994818
992690
991519
65
991801
13
992744
990340
990937
990679
994268
990933
992916
993726
9876
991573
993169
9177
990954
993454
994887
00
994220
990492
991251
993615
991779
990196
992399
990742
990235
990505
992223
04
993599
994731
992817
994823
992182
9508
992864
991434
992452
992560
9010
994130
991098
15
991316
994290
991688
991813
993303
9294
991965
993898
993592
990886
992937
992541
992314
9449
993012
30
990228
28
994021
990016
9310
994605
993940
991896
993881
994078
990322
993725
990795
993588
992147
992689
992215
9757
990568
9512
9799
9182
991562
992496
991582
992262
991761
991655
994860
990774
9398
991913
993702
9260
9364
990324
992042
9021
990482
9467
992540
990125
994668
993118
991118
9057
992352
993018
993088
09
993648
991530
994187
990133
993768
992185
990206
994479
991800
994117
992830
990465
994352
994429
994356
993115
991061
991937
9834
991312
994516
993065
991445
991313
994660
991584
992463
991871
9225
993622
994712
993141
991281
991244
9087
991980
990009
990892
990335
991691
59
990383
992868
994783
991510
992398
993623
994375
991831
991005
42
9552
992733
991069
992175
992850
992946
34
9733
993507
9308
991893
993744
993220
990379
992117
990900
993717
990421
990006
994388
994961
993046
991599
991013
991998
990696
992531
993537
994849
991681
992453
993652
992680
990801
991279
991509
992006
993905
991278
9527
994976
9753
991291
990677
993306
993401
990115
990174
993979
9792
990995
992258
991014
991468
991081
993268
993555
990649
992124
991355
991616
994590
994839
992120
993692
992213
990823
992015
994222
991083
992360
992740
992368
994717
993003
991265
994701
9286
990236
990885
993311
991320
990306
991090
991271
991602
992578
992350
994260
990135
993237
992342
993350
991574
990746
994178
992178
9540
991288
993989
991789
994480
991973
992111
991220
994183
990201
992647
991317
990761
992826
993494
992376
9656
992367
992467
991581
990820
992240
992581
990989
45
990277
9462
990878
992401
990297
991064
993405
993402
994176
9170
9465
993531
994716
990645
994560
9607
990085
9860
994341
9095
993523
992427
994528
991286
991250
994139
992317
992181
994846
993529
993102
990212
9812
990667
9060
992027
994805
9688
9195
992810
992365
9318
993114
994311
9702
991600
990745
990497
994305
992631
992404
992177
990317
993798
9613
990706
991169
991734
993865
990367
992383
991717
994228
993411
993812
993375
991867
07
994472
9845
990799
993263
9679
990175
992904
993609
993639
991095
990575
991040
992255
990139
991248
991204
9373
990003
9534
994411
9443
991473
991542
993597
990274
994086
990583
992832
992269
992381
993308
994968
992718
992048
991565
992566
9636
992061
9556
991001
991084
992306
73
990585
992668
993259
994876
992084
990861
994360
992509
993969
990329
994813
991447
991018
992809
991330
991850
992464
994518
993176
991620
993054
993944
994024
993851
991977
993445
992071
990419
990803
9329
994197
991523
991693
990303
993015
990873
991225
992307
992658
9741
994790
991135
990523
993821
9662
993286
994430
991437
990747
9121
994409
991328
990862
992423
994824
991814
990178
994530
991341
990413
990323
992037
990518
993045
991664
9854
992103
992290
992670
992589
9056
991756
990848
993704
992428
993618
992991
991198
992878
990529
990573
991159
992460
9872
9080
994854
992522
991970
993260
994128
9796
994266
994070
994225
994188
990426
994602
992570
990841
991136
994619
990602
992336
994427
990987
990914
990915
991270
993436
994766
9214
992599
993140
994908
993222
991321
994314
992620
9641
993891
990348
993415
991534
9554
994499
992529
991176
9574
990657
991241
990054
990839
993911
990447
993929
9877
993784
992559
9232
993706
994797
993779
990605
991351
9321
992637
9490
9843
990222
991802
990819
991528
993965
9103
990007
992657
994943
993709
993563
991152
9759
991742
990332
990321
992138
991396
993331
994166
994030
994476
990766
9107
9129
993589
993983
992341
994327
990087
994929
994995
994554
993101
992969
993897
990643
994038
991823
991129
993583
990449
994654
991826
9242
9243
990214
991842
991360
993470
992444
990047
9726
9749
992315
9299
9155
990768
9752
9551
05
990939
990429
992995
992395
9689
990372
992901
993943
9196
993305
990903
9619
990805
994868
994440
991792
9244
991338
992375
991020
9768
990883
991306
9181
991624
991646
990389
991778
993987
994756
992919
992189
995000
9223
992807
991074
993772
993643
991105
992324
990315
9638
990526
990665
991015
994698
994623
9835
994544
990899
994984
994789
993926
991986
992959
993565
990171
990261
993299
990970
990349
9313
993484
9301
58
994720
993536
993278
9055
991239
991303
9666
993489
990257
990847
991449
992246
14
994610
993322
992699
990814
41
992131
991429
993170
994842
992650
991833
994885
990377
993683
9096
83
992403
991758
991886
9271
991240
994199
9864
992079
9784
993848
990821
991418
990077
991791
990687
992924
994226
993723
994062
9300
992369
992683
990779
990141
992659
990998
993095
992872
994281
990625
993838
992597
992913
993323
994212
994475
994163
9633
991713
990200
994233
990815
994869
990454
9895
9142
992905
990462
992812
993880
991619
990461
991851
992745
9819
9653
9793
9221
992031
990917
990243
994423
990471
991488
9237
990165
9033
990295
991880
994514
9226
990210
994837
992456
990908
990864
9168
991178
992104
991224
990889
993172
990659
993820
9660
9290
993409
990655
992431
993333
991059
993603
993613
990729
9019
993694
990331
990868
993199
994652
994802
993815
993632
993614
9395
993424
9711
990121
991023
9821
994134
9353
990874
994335
9594
80
992139
991293
991625
994810
991309
991824
993264
992696
9682
991030
992119
992763
990756
991318
990192
993378
990308
993031
992090
992308
9133
994186
993837
991675
990646
991295
991696
990759
991153
994053
9569
990244
990470
991390
992243
991262
993091
68
990448
990132
991594
9125
990079
991299
994042
993240
991690
992355
990240
991869
994185
993973
990216
991852
991294
9446
994661
993016
82
991191
9588
994979
9555
990530
991363
992930
994449
990623
991480
994091
991812
991552
9432
994635
991670
992715
992053
992839
990354
9193
991790
990792
9338
990901
990884
992688
994489
994639
990749
9697
990352
9335
9595
994524
992305
991951
991841
992354
9811
991569
990255
993641
9337
990654
993019
990427
991535
994334
993631
993127
9825
994110
991888
990910
992782
994894
994307
994306
994692
990160
990713
992651
991052
9258
990199
991276
990356
9742
991658
994971
990648
991638
992118
992882
992967
992607
994947
9541
9149
992358
992714
991564
993948
990674
994300
990202
992885
9832
991182
9496
990613
991903
990733
990797
991475
992437
991356
993204
994121
991308
9640
991206
994209
990584
992591
991680
9067
991441
992720
993367
994106
993621
9249
990638
991611
9197
992662
994888
993352
990567
991093
993520
12
993748
9630
9882
992806
994147
991314
991636
9533
992787
990275
994563
990182
994881
990123
9401
994454
9311
991008
993338
991004
991300
992585
990691
993818
9581
991517
990676
994122
990716
991944
990499
991617
9306
9211
993158
991618
991003
991402
990475
991500
993223
990977
9775
9814
991531
994133
990022
9011
990477
992869
991829
994870
992606
991772
990961
9690
992281
991078
992762
990508
994836
992576
990813
994150
990394
993188
990993
992754
994739
992604
9210
994762
992183
992049
993197
990147
992842
992926
991397
990143
991607
991710
991634
990692
991007
990397
990458
994844
992626
994023
992440
993532
994316
993471
991590
993766
990221
991698
990128
994729
991556
991736
991954
991036
993261
9735
993329
9218
991963
993802
991223
9440
992065
991586
994470
992089
993430
992648
70
990541
990800
991603
9591
993309
990693
993146
9729
992643
992609
994270
992125
9384
990059
990276
993575
991231
9531
993924
990305
991982
993340
994587
993074
992490
991217
991393
9623
990525
9844
993453
9108
9058
992821
992804
991100
991917
9701
9612
993856
990824
991669
992836
993050
9789
26
990049
992130
994826
991485
9399
9246
991304
994689
992731
993795
9766
9649
991151
992803
994401
993058
991720
9836
992795
993408
993889
9188
9140
991976
993923
994468
990015
991470
994353
991179
994725
991505
990110
990155
990549
993247
994754
993533
991319
991593
9482
993902
994841
991162
992198
992370
991158
9153
994452
993143
9657
990865
992990
992797
9888
991361
993487
992642
9722
9751
994821
9101
990923
9851
994988
990162
990434
9879
990443
992254
992998
9842
993419
992516
994296
9654
990327
990055
994247
995009
990840
21
994632
993967
992964
993002
991120
994170
992056
990760
9889
994010
993991
992677
994340
993055
994845
9342
992122
994804
991287
991164
990484
993550
993407
994726
992284
992148
992652
993078
994865
9254
993274
993600
9720
994838
9664
9005
992678
990658
990531
994382
9862
990966
993822
992920
991219
994342
992831
9347
990662
991915
993980
992135
9712
994119
991215
993433
9274
991383
990577
993107
993315
992109
993769
994482
990164
993449
990433
991773
81
990942
993100
993498
9051
994607
992038
993739
990727
991046
9885
994597
9132
991687
991493
994251
993974
991028
992402
990136
990347
993210
994204
990428
993236
990468
992265
9629
991657
993644
994076
990188
991908
991464
991171
990769
990960
993060
9716
992518
9423
991019
991163
9199
990516
990334
993112
994672
993755
994402
990239
994202
991715
993691
992840
990256
993110
9874
990688
993660
991566
993351
990328
992752
57
992654
993855
992764
991161
993951
990081
990117
992553
990560
9678
993282
994384
990307
992028
994418
9012
990984
994014
994582
9049
86
991104
991472
44
992187
994006
992582
9044
991043
9062
990237
990018
9762
993185
992447
9038
990535
993785
992601
992751
992663
992965
9257
992270
9561
990005
994481
994485
994255
992448
990817
9394
992910
992158
994585
992907
990738
992029
992686
993122
9441
9815
991928
9731
992504
9407
991051
995004
992044
994370
9022
990867
9047
9743
991080
994987
994361
993465
991311
992168
992276
990083
991770
992054
990553
994703
9007
993693
71
990811
991999
992775
9314
991974
993434
9481
993027
992058
993932
990090
990666
990982
9570
991096
991902
993686
993373
9048
990888
993849
992193
994256
990052
992468
992479
994840
993721
993207
9110
991925
993042
992102
994990
990241
993316
991860
990793
991906
994827
991839
9725
9472
9492
993796
993835
993985
992426
992880
993780
9269
993647
9158
994896
991533
9699
991631
9881
994217
994801
9721
992009
9075
994494
990964
991811
990544
993473
992957
992298
994859
992077
990694
55
990273
991711
9409
9489
994111
993255
990916
993504
993927
993258
992344
992808
991208
994355
9213
994302
991440
991392
992212
991967
990069
993505
990546
990728
992225
991861
9719
992197
991884
991144
994677
994324
990248
9282
992766
994675
992852
994542
991147
990720
994553
994149
992455
9693
994148
993915
992954
990611
994758
994779
990709
994431
993190
994574
990557
991835
990947
9098
992046
990173
992798
993573
9253
992851
993904
9339
990548
993740
991427
994532
9730
994566
992616
993519
9438
993638
994957
993429
994383
990506
9717
993349
992728
993833
9455
990635
993294
994593
991659
993467
992510
994787
9513
9618
993486
9069
993119
994410
994362
9255
991323
994945
991401
993635
992674
993358
9426
991795
993044
994930
9303
991667
992778
992769
992619
9532
993276
9899
993807
9892
990882
990948
85
991099
994403
993391
992025
994747
990183
992494
990513
993914
991494
990304
990215
9861
990353
992236
990627
993067
9589
994643
9171
992845
994969
994952
994094
992671
994189
992417
992665
991425
992462
9866
993017
9100
994156
990313
990446
993811
993281
993847
990011
993506
992173
992685
992667
9280
991495
992200
991407
993032
9694
992588
49
994005
993525
991032
990784
990986
990286
991203
990719
9207
990258
990956
990060
993564
991612
9405
994002
9764
17
991901
992392
990699
991591
994308
992900
992377
990832
994691
991366
993030
991259
994442
994036
990156
9827
993446
9064
991538
992534
991431
990791
993935
991010
994659
991827
990028
991706
990152
994048
991070
991256
990755
9009
993684
991205
9152
993289
993287
991009
991662
993661
993912
990418
990284
993295
9397
993879
993844
993082
9791
992814
993605
990743
994907
994697
9102
992080
9461
990681
994723
9497
993776
994200
993867
994944
990836
994883
994029
991370
990097
992374
9439
992115
990765
994529
993353
990781
990312
994985
992309
991002
9783
993899
992975
994809
991676
9437
994179
9135
993576
993877
991697
991959
990965
990639
990351
9414
990488
992094
9270
990542
991260
993572
9076
992639
992047
992517
56
991950
9448
991931
994059
994864
993393
990262
990184
994649
993878
994832
993699
990846
9475
9001
991269
991672
991386
993668
990830
992565
991987
993741
991754
992216
993497
9580
993116
990736
992891
993625
992767
991949
993817
993510
992302
9251
992088
992113
993511
990046
990684
994964
990837
993049
9620
992157
990252
990044
993808
991202
994992
994284
9091
992411
990845
69
991376
990203
9183
9790
991245
9477
993642
994215
990099
993130
992521
994892
992174
9602
994478
991748
990997
991577
991555
991719
994085
9053
993794
9357
9224
993962
9320
993958
992895
9418
990707
994858
991815
993023
993081
9456
994206
992271
9865
994525
994155
991857
994522
992726
9045
993426
993917
992613
991628
994093
993514
993262
9506
9332
994613
991196
990250
9807
993522
993357
991076
992859
993854
994385
991621
9050
9082
9137
990671
994368
990436
994056
993072
9847
991484
993148
9296
994711
9714
990969
992777
991057
08
992888
993500
990345
9505
991777
9359
9288
993809
994282
9014
991774
990289
992220
994526
992481
993705
990119
993093
992247
992586
992454
992349
991379
994909
992813
993493
9262
992861
994612
994359
992837
994181
990144
994271
994833
994419
990641
993718
990983
990962
9385
990254
994227
9240
994420
991238
994435
990398
9040
54
991752
991644
991832
994625
994920
990907
991382
993593
992004
990442
992676
992514
9823
990057
994190
992244
992335
993920
9275
993462
992260
990927
990333
9677
991512
993651
992432
9427
994261
990603
991996
993579
990414
991895
990877
993846
992169
990973
992155
991411
992611
9130
990503
994286
990416
9545
990030
990675
990072
9250
991026
993135
994184
9003
9026
9575
990387
9873
990127
992001
994372
9162
994539
994365
994196
9671
991684
992542
9880
990753
993422
991891
992598
993698
993372
990408
992151
994549
994041
992057
992164
994207
992944
991516
991195
9597
990537
993829
991935
991936
990037
990938
9547
9235
9655
990757
990498
991154
990281
993217
993165
990242
992788
992017
990934
990893
993304
992129
993332
993238
991233
994965
9406
991375
994822
9846
72
991731
9831
992865
9343
994505
992933
991385
994061
9563
991549
990102
991613
990796
993256
9859
994137
991235
84
991406
9428
993077
990944
992827
993886
991298
992019
990891
994519
9201
992221
991253
992985
990061
990887
990350
9037
990370
990318
993013
9471
992416
993181
994417
994231
67
994626
993137
990026
993963
991049
991210
994132
994488
991128
994913
994201
991335
994950
992958
992488
994644
993212
990017
993826
991671
991572
994982
991598
992779
994008
9325
992407
993976
992682
994535
990849
990058
994609
994297
992610
990145
994972
990682
991529
994099
9637
990336
992238
9041
992385
994303
9661
991722
994157
990762
992780
9180
994507
992759
990431
992475
991825
991652
9072
990833
994994
994710
994651
9190
994772
991876
990053
9289
994125
994718
993516
991185
992303
990652
9079
994097
9104
9272
992592
990260
9696
992083
9084
992026
992204
993157
994474
993582
9192
9510
993620
991172
993079
994389
9066
9896
991502
990593
9031
994301
991760
994263
991403
993297
992055
992224
992673
990838
991193
991929
992963
991433
991499
994068
9704
994792
9546
994000
992730
991708
992319
991254
992734
990522
994066
990161
994426
991570
991912
993202
9748
993230
990812
990565
993184
993009
992343
991909
993658
994866
991627
9509
9516
994604
994138
992239
9360
992903
9454
990571
992538
990056
993949
991606
994487
991597
994280
990412
994406
992330
993981
990403
990870
993975
994462
992242
9331
994942
993916
991497
991409
993654
993385
993406
993636
994546
9204
994083
994461
991369
990922
991435
994748
9340
990360
993874
990618
993460
993868
990093
993595
992535
994785
991131
990142
992793
9828
992989
992703
994471
9610
990402
990712
990572
990710
992593
993392
990020
991521
994398
990673
991532
994235
993325
992928
994291
993515
994258
991927
9627
9345
992441
990158
9148
994721
992987
992550
994141
992536
993241
992870
990620
9777
992433
992794
993992
994520
993128
991904
994998
992615
993326
990617
9287
993551
9839
991759
991818
993558
9433
990552
993938
79
994676
994921
993966
9071
994598
994400
992092
993068
991821
994512
993458
993047
993285
994087
993359
992035
991394
9470
77
994329
991548
994946
993160
61
990726
992289
992205
992235
9341
992572
992988
994728
991453
991785
992378
994714
992925
994763
9309
9870
993251
993544
994663
9403
994683
990600
993836
994236
993545
991034
991979
990290
992327
991365
9804
993249
993610
990928
994874
9869
992301
990432
993420
992863
990644
991822
993869
993356
992256
992292
991132
991033
994640
990301
990339
991807
991707
991705
992211
990621
990669
990084
994939
993162
991430
991882
9599
990024
992580
9285
994425
9826
992241
993673
994592
994214
993028
994397
990264
994955
994768
991905
994690
993025
89
992474
994761
992999
993208
991139
993052
992074
992153
992641
990114
9736
994441
992202
992311
992296
992618
990493
992612
993040
994815
990229
991381
990019
9648
994115
994377
9278
9718
994113
990075
993205
9486
9518
994037
993805
993106
994737
991661
994551
992883
993312
991307
993997
993669
9894
9238
991388
993482
991091
991368
990963
990941
990410
991978
994906
990191
990320
994278
994679
9083
990558
994154
9361
992579
994735
990919
991342
994949
991940
991843
990259
990180
991771
992294
9167
9584
991608
994573
990734
993873
992614
992820
993103
990409
993662
994648
992278
992555
992334
992357
994584
9061
992472
990686
9128
991017
994243
991065
993469
994273
991645
9283
9163
992791
991633
992984
992062
994889
990098
991438
9692
994288
9780
994285
993167
991930
993866
993004
992848
990314
995003
993950
994172
993627
991953
994168
991762
991724
991038
990425
994517
991643
990881
994852
992564
9663
990828
991856
991115
991653
990559
992078
992470
993057
994500
994502
9070
9850
991739
990632
990539
990913
990330
994966
991733
9054
991044
994615
990563
991367
992149
991541
993672
991885
993250
992179
991858
993998
992875
990225
990204
9141
993193
994978
9672
993604
992002
991881
992660
990660
992634
994067
991247
990599
993757
990920
993441
993380
9634
994164
992322
991721
993228
9375
991580
992773
993959
992230
994877
990855
992353
991442
994483
9650
993457
9559
994791
9771
992824
992112
993675
992890
9578
992146
994144
993171
991021
994381
990486
990358
991155
993857
992476
994586
993666
990209
993387
991290
992043
990230
990661
9059
993321
9608
992800
992085
994100
991079
993296
9614
990985
991767
993344
992105
991834
994027
991838
9369
990048
993754
994082
990456
9025
992736
992595
994229
9000
993037
991264
993995
9709
994808
992251
991637
990445
992625
9495
990866
990630
990400
994647
993553
991292
990604
990095
993775
992661
992983
992640
992912
991554
994796
991513
992590
990852
9089
990485
9625
992132
994656
991596
991874
993936
9112
990981
990724
994515
993214
992834
991222
993362
994905
9646
990663
9739
9691
993447
993954
990430
992756
994853
993928
993650
994380
993200
992214
994205
993008
994954
992160
9362
990148
9794
9727
991258
990177
993778
992483
994455
993687
993488
9526
990041
994378
991695
993764
9502
993659
990636
993248
992687
991830
994875
994970
993083
993526
994722
993758
990968
990564
990844
990566
993366
990376
992739
994498
9186
993547
990396
9065
991089
992133
993598
992337
9228
992792
994253
9327
991836
991654
992853
993534
994414
992502
994080
993862
994564
9273
993528
992076
991331
990700
991651
990871
991924
991797
992899
991345
992060
990390
991117
993307
990035
990943
9738
993242
990186
9043
993688
994856
993085
993590
991962
9006
991848
9151
991683
992072
994404
991994
994527
993656
9863
9558
9887
993144
992338
991520
992796
990368
994299
991952
991847
992694
995006
993472
9120
991873
991604
9566
990698
991609
990588
994174
992932
994102
994354
990027
9408
994320
993990
993552
992457
990590
990581
993334
991348
993279
992443
994778
990050
993468
9123
990392
991071
990592
990547
994855
9234
994977
991041
991828
78
990608
994142
993674
990153
9233
994583
992569
990179
9884
994491
991981
9349
990068
994684
992628
994129
993269
992266
994331
992323
994713
9626
9088
9422
9687
990406
9732
994232
994241
9523
992012
992024
991997
993556
994484
990991
994653
992838
991207
9698
992333
993734
9501
9878
9336
991479
991732
990355
992264
993343
994020
993187
990247
993503
992871
991148
994624
990550
993383
994208
994933
991243
991284
992018
993960
993412
992829
993466
993254
992761
992108
991177
990002
9818
991138
9809
9611
993843
993872
990822
990790
992388
991077
9154
994760
992596
991058
993423
990946
992011
9473
992717
994588
993828
991372
993680
9086
994741
994727
994914
993677
991768
992486
992097
991524
994637
990268
994636
994275
9593
990624
992951
9788
994257
994422
992921
994611
992297
993871
9705
992600
9507
991268
993314
990226
992321
992279
991875
992801
991507
9029
994658
990953
9099
991218
990166
992737
993361
994490
990146
993400
994867
991350
990528
992415
993628
994695
990036
994594
994541
992785
991605
9279
993509
992515
990272
990220
990325
991149
993697
9485
994211
994569
992041
990582
992165
994601
9670
9172
992272
9106
990697
991417
992110
991694
993921
994901
991704
990453
992646
9622
990843
992936
992783
9868
993192
994958
991712
9813
9642
992822
9652
9030
991491
9415
993925
992738
993508
990025
990610
992439
992263
994665
991461
9499
994709
991412
994325
990074
9159
990467
991421
9779
990869
990612
9416
993290
993432
990326
994034
993735
993853
993894
9324
990808
992962
991011
993816
992435
991212
993682
993179
993859
992229
992075
9651
990113
994558
992050
991714
990929
9039
9645
990517
990556
994538
991985
992906
990672
994031
993252
9542
993011
994879
990500
992644
9683
9875
991471
991589
994319
992469
994882
993186
994645
991054
992030
992386
994903
992950
990457
990435
992313
9458
992248
990536
992927
990473
993549
991626
9897
991378
992702
991443
9292
9785
993512
991919
991476
9198
992180
9822
9767
992480
992390
994262
994379
991728
993341
991863
994216
994562
9493
992397
993810
993830
991956
994784
990978
991273
994786
990357
994328
990029
994322
993562
9675
993720
9109
9824
994108
991416
993443
9379
993397
994277
992408
992340
991504
994344
990876
9700
9710
990767
993451
991072
991727
991750
994057
991492
991537
993934
994614
994603
991817
9344
994453
994289
994364
994536
990223
990300
992929
990439
992143
990589
994974
993792
48
994118
990629
994641
991763
9816
993608
991263
992268
990150
9032
991816
992710
990554
993955
9305
990609
993330
993560
990856
993814
994347
991022
990854
991346
992020
992623
994973
994077
993098
993827
991194
990388
990013
9245
9208
994432
994628
991465
993842
9631
990094
994180
990294
9206
994991
992873
993229
991588
993513
992860
993839
993080
990990
9386
992866
993541
991467
992857
990924
994674
990515
994550
992684
994923
993728
9146
993933
9603
994820
990104
990507
992499
992711
991103
991585
991282
992446
990365
993059
993231
993813
993444
993996
992973
9322
990758
992945
992142
992304
992489
993554
990194
991522
990126
9755
991991
992442
992326
993727
993777
991539
993491
994986
9111
9684
993731
990835
993201
993086
990051
991709
990008
990740
990521
993104
990361
994326
993280
991424
992495
993076
990628
9205
993365
994680
994937
9261
990794
992328
991776
993300
990366
992656
994669
991124
990249
9203
991699
991122
991039
990754
990479
990764
992016
994757
9144
9202
992523
994956
993368
993225
990487
991180
9715
992163
991745
994192
994857
992747
993233
994916
991460
9134
9639
992144
994109
994599
994706
992772
991665
9008
994323
990014
990858
992724
991160
992136
990570
9459
994830
993481
9215
993931
990685
993501
993216
994287
992099
993606
9723
991257
993345
990925
9435
993765
994012
9659
991349
993293
990091
9616
994750
991677
992487
993640
994394
990076
994395
992527
9013
992666
990176
990420
992548
991221
993788
992482
993022
991086
993035
990157
9707
991907
994015
991031
993685
990561
991701
990038
990992
994963
992033
994477
992923
991380
992253
994872
992217
994079
994578
994622
993155
990829
990292
990231
992170
993417
992622
991692
995001
992549
992982
991232
990045
994294
9161
992892
991794
990504
993937
993667
990863
9544
994171
9229
991964
993800
992007
993831
991329
9028
992697
990955
990631
994633
991339
993876
992630
992948
9522
992478
994493
991989
9452
994999
993716
990952
53
990771
992743
993612
992022
992419
990082
990578
990647
994576
993090
993284
993243
992741
990034
990021
990872
993048
9539
990616
9769
9600
993246
9018
990299
994245
991285
9259
9479
993203
993370
994333
992513
993024
990474
994259
991275
993105
990527
992150
990245
994989
994795
990042
991632
992137
993209
993546
9434
994349
993978
9803
990385
991741
993896
994570
991678
991501
991939
994752
9268
993191
992171
990664
992543
993097
991166
994252
9334
993942
993982
993988
994203
990140
990748
993211
990906
994996
991426
992789
991274
994393
994534
992008
994060
993163
990905
994773
9404
990783
992141
9676
991045
9703
994162
9284
990594
992941
991550
991983
993034
994510
995002
9572
9247
994770
990606
994310
990640
9330
990971
994533
9164
994696
990902
994749
993459
994900
992100
994338
9189
9535
991898
992970
992329
993524
990080
994374
993832
992874
993020
9778
993540
990926
990787
993961
991063
9468
992898
993892
993448
994367
990023
991432
995005
992624
992380
990622
992805
991199
992039
990930
994173
9413
991751
991027
990010
991536
990198
991877
9319
991911
9787
990950
990451
992134
992259
992356
993864
992942
994292
990842
992405
9147
60
990931
990316
994254
9568
994664
992722
9077
990422
992732
994028
993893
991213
994224
991399
991968
9068
990857
992700
992477
993226
993342
992938
994248
991640
992107
991452
992101
9156
993291
9293
9765
993318
993364
991252
991463
992750
52
993271
991280
991551
990980
990189
994194
990464
994630
991849
9160
9017
9383
993327
993071
993617
992816
994708
994891
994458
990291
991419
991190
991889
994272
991037
994058
993369
992953
9795
992889
9840
991053
993075
994366
991730
993819
9805
9281
994618
993993
990750
991364
992693
991068
994230
9644
87
994391
993602
992524
992087
9724
993591
992757
991782
991141
992436
993292
994018
991226
992332
991648
9236
992931
993272
9376
993708
991343
992746
992914
991788
994746
993956
992707
990587
991666
993094
992645
994105
990452
993804
993557
993168
991910
994312
993774
993404
994399
9891
993475
990163
9371
994088
991344
991865
994771
991769
991211
994755
9390
990776
9830
991146
990195
994620
992106
990596
992412
992128
993539
992167
993760
991042
9194
991702
991757
994927
991946
992976
994666
991804
994769
990437
994732
991024
9391
992996
992098
993561
990380
992799
9857
991209
9680
994269
9557
994935
993000
993464
992473
994646
992884
992855
991878
991862
992955
993690
994655
991474
992664
990524
990551
9464
9500
992867
993007
993043
993548
991744
991642
990579
991134
990232
990373
994775
992300
990078
9521
992288
992280
991229
991703
9136
992790
994993
991085
991125
993474
993801
994116
992166
992721
990417
992191
994124
992208
991283
993596
991387
993919
9760
990172
991414
992735
994642
993825
992497
994096
992655
993787
990371
990381
992862
991553
63
991948
993664
991436
993790
9442
990476
991957
991738
990004
994416
993968
9503
994925
994967
992508
993888
9841
993005
994114
991837
992310
991546
990411
991035
992584
991503
993133
9886
66
991302
991408
991975
993014
9564
990105
990455
9220
9297
9027
992052
990267
991168
991934
991567
993882
992116
9116
990634
991087
993689
994069
991799
993182
990932
993455
994782
990120
991422
994508
990859
9316
993930
991737
994065
9263
990650
994777
9605
993138
994492
991743
991663
9105
994343
990875
992362
991945
994733
9366
991866
991142
9429
993629
993502
9004
9476
9829
994050
992227
994457
994345
994922
993922
993585
992528
991922
992776
991781
993681
993288
994687
993336
992638
990806
993070
9175
991679
994071
991173
994318
994506
9035
9350
990533
991630
991635
991947
992532
993010
9773
994781
994835
991056
994074
992203
88
994460
994621
993221
992896
9576
993736
992277
990438
994871
992484
992331
993317
992371
991971
9020
991579
991415
994390
994596
9504
991853
990089
993320
9571
990129
990704
9165
993970
9604
990108
9412
994552
994046
994240
991371
993339
991650
993581
9838
991993
994198
991920
992849
992000
992545
993771
9191
992318
991048
993952
994503
993530
990346
993793
9131
990288
991116
9801
992422
992811
990073
990520
991296
992632
991395
991183
990512
991755
994774
990642
9267
993495
9695
992345
993665
993883
994016
992287
994315
991796
991450
991514
991587
991446
994330
994694
990773
990266
990495
991700
994244
992364
991107
991540
9046
992758
993577
991234
991583
993972
993485
991747
994980
993782
993324
991547
9567
994447
9419
9855
991942
9487
992825
992844
990653
9469
9463
994007
991749
992546
9370
991121
9708
991454
993907
990678
991333
992045
993399
990205
993438
991793
992877
994537
992066
991883
994436
990319
993957
9217
993480
993841
991995
993131
990386
994089
9150
990149
993224
994567
990810
991545
991228
991359
992190
991803
9514
994843
990101
991846
994788
994580
994387
993559
993908
992465
994321
993348
9425
993416
991060
992421
990086
9227
991357
993909
994911
994981
993206
992194
990401
994107
994026
992093
992755
990159
990731
994745
994073
994904
9898
991864
991324
990751
9837
994917
994705
992410
991783
992971
9358
990187
9094
993789
9615
991305
994744
993403
990804
9307
991578
991960
992283
992563
9239
993026
993885
994313
991561
994650
994136
993858
994910
9590
990469
9635
994459
992063
992379
993756
994421
992897
993999
9420
991486
990597
993257
993421
994496
992709
991050
993850
994239
994438
990951
992192
990344
993096
991145
992966
992915
990071
993389
992760
991809
991352
9209
994834
991918
992934
990670
993001
992406
9036
992939
994486
990130
994054
993749
992114
994638
9658
990825
993129
993398
993265
991358
991601
9312
992956
990364
9747
992621
991237
992126
992713
9797
994210
992749
994456
991012
9424
991413
990218
992466
9810
993377
994369
993021
991174
991808
992879
994816
994975
994044
991988
994730
9317
993388
991526
993527
994408
994407
993568
9772
991932
992708
991806
991384
994413
990637
991157
9396
991062
991571
994938
993283
992608
990598
993437
9754
992219
993413
990405
994052
9786
994135
992774
994571
9685
990124
991610
992968
994495
993750
991854
994898
990227
990168
991921
51
993994
9256
993941
993319
990440
994064
9587
9798
62
990626
994568
994161
992833
991775
991483
9761
991188
990393
9624
990363
993729
992273
9628
991560
994556
990031
991092
990918
992997
992552
992980
992562
9484
9417
994565
991941
990472
994213
990494
991879
990534
990269
9883
994072
990894
991961
993799
994893
993634
994997
994043
994095
992449
9511
994803
9444
990341
993347
992992
991102
994001
993382
990459
992299
990088
990737
993063
990601
991482
991525
991487
992781
9173
992471
992723
991725
993152
992359
994540
994700
9706
990972
9734
990271
992438
990138
50
990896
991668
994948
992653
992815
992274
994715
993587
990798
993781
990690
990656
993566
993178
993267
994047
994751
993126
993061
994022
9179
994103
994936
993939
9119
992636
994629
990337
992032
993496
994152
992250
991377
9606
991123
993051
990065
9543
991189
994704
992846
991165
9515
9117
994962
993840
990399
993099
991398
992498
992994
992161
993870
993834
994373
993384
993092
9632
994317
994931
990483
994497
993053
992602
991718
990850
994146
993410
994678
991845
991958
991170
991200
993450
990062
993678
994928
991568
991405
994264
9548
993910
9002
9494
993313
994337
990265
993971
991340
991943
993518
994581
9808
993195
991325
9598
991559
9219
9562
994577
9781
992847
994595
990378
990278
991544
993239
993189
994765
993452
994915
994464
993302
994304
992040
993875
992424
992096
9382
990151
9457
9097
9200
993845
992275
993194
994298
991400
993611
990770
990193
992209
994158
992450
992672
990491
991332
992384
991729
993964
990489
993425
990096
992917
992199
992325
994919
992972
991137
992695
994009
992140
992893
9609
993234
9674
9867
993567
994112
990979
990185
992210
994003
990890
993492
993616
993166
994242
990450
9436
994035
990834
991674
993476
9713
994545
992635
991150
993751
994169
9806
992725
992886
990107
993746
991088
993275
992034
991478
991230
994767
9756
990921
993823
993033
992633
993173
993619
994940
992727
991844
992064
993478
990911
994444
994265
993701
994445
991410
992233
993670
992491
994884
991249
992819
990501
9421
9519
9126
9216
992184
993863
993747
994443
992520
991972
992312
991746
992979
9063
994160
994682
9222
993435
991187
9668
993227
994428
992765
991897
992981
9139
991955
994693
991518
992257
991784
990775
9665
994249
992051
994627
990705
990280
992425
991106
994033
992943
993753
993861
9480
990070
991765
991277
9445
993714
993657
992692
9276
993752
992876
991082
992261
991327
992922
990190
993123
993584
994780
991563
990831
992952
9166
9377
990562
991595
990576
9849
992574
9230
9145
9231
9848
991685
990167
994019
993363
992069
994591
990404
990282
9127
993374
9138
992949
991374
991458
993244
990382
992145
990217
994631
991301
993062
990935
992372
990043
9483
993767
992909
990040
991992
993198
991126
993649
991660
992086
990730
993630
991246
994688
993414
991477
994667
990342
994686
991859
991167
9326
991391
991787
994559
993335
9024
994509
993038
9450
991448
990496
9367
9328
9185
990444
990591
994463
991156
991214
993580
990974
992021
992387
990702
994049
991289
992391
992347
9115
9113
993913
990395
992567
992512
992445
991337
991840
994806
994926
994350
990532
993431
991716
990651
992252
990633
994465
993773
991506
991726
993381
994376
9118
992492
994467
993039
991184
991055
992172
992556
994221
992382
994983
993150
991047
991647
994092
992237
992245
9374
993232
991272
990287
992451
992854
993386
9266
994902
992458
9114
994699
9241
992434
994358
994063
993517
9776
991649
992095
990708
992554
992493
994039
991428
993901
992558
9852
992231
993298
994863
992291
994547
990109
992525
990285
994941
990480
994608
990909
9524
990012
994473
992771
993903
991025
991615
992485
9291
991322
991629
991543
993703
994193
992286
992841
991094
990481
993743
993121
990343
992418
994140
9252
990238
993151
991966
993761
990064
993132
991933
9124
994126
9277
991075
992232
992339
994572
990988
9323
991622
991892
9410
994759
9265
994724
993396
992583
993124
990478
991101
990569
9081
990424
993177
993125
990375
993073
993136
993253
9586
990945
992430
990744
994616
993328
992068
994851
992629
992459
990111
991114
994120
991673
991576
993354
9750
990701
994579
990502
990263
992091
992902
993310
993089
991780
9647
991656
995007
9174
990134
994412
993724
992742
993737
994415
992843
9093
990118
992070
9520
990898
9549
991192
992127
993633
993946
990100
993215
991297
9560
994743
75
994934
990780
991938
991326
990466
991914
991496
990752
992911
9802
994371
993235
992978
9782
991682
991133
994738
9517
994295
993109
9621
990374
9770
990880
991242
9092
993145
991353
990741
991389
993149
992768
993906
994702
994351
990580
995008
990441
994250
991916
992154
990359
992196
994740
993663
994799
990251
76
992067
992293
9498
990106
9184
990302
993770
993442
994405
992557
991109
9858
9530
990912
994101
990715
994681
9737
9763
993712
990545
993852
994439
993218
992993
993738
990514
990595
9295
9553
994617
990170
994912
991592
9579
9774
9178
994513
993041
991130
991067
990967
992551
993477
993594
9085
992013
10
9090
991420
992716
993390
992082
993483
992500
990063
994396
990904
993159
992568
994424
992507
993036
992544
991753
991855
993064
993797
992348
994437
990213
992858
990586
993733
994671
9304
990607
991143
9388
993029
994283
991347
994899
993569
991186
990807
994348
992698
990802
992539
992226
9890
993427
994098
991261
9643
993542
992526
992770
991641
990169
992947
993147
990122
994589
993069
990538
993154
992603
9536
993637
992918
993164
990154
9596
993645
994165
9758
990211
994793
991404
992316
9393
994918
9529
994753
991819
990619
990897
994800
992400
992156
9800
990778
9381
992537
990246
992003
990789
992691
992784
994469
991255
990816
994448
991900
992207
992409
9402
9617
994897
992802
992856
994017
990509
993142
991140
990208
990001
990270
992894
993543
991456
9298
991266
994685
994081
994742
994279
994895
992014
992594
993056
990423
992081
991354
9550
991181
994521
992712
992501
990976
990703
991236
9871
990721
991216
992036
994657
994159
990116
990511
994670
992835
994850
993791
992908
991887
994890
990369
993895
991459
992010
990415
9034
990735
990039
994807
993355
990827
993695
990668
992729
993653
9817
991362
993763
9372
993273
994238
992267
994234
993655
993574
994776
994025
990959
992818
991029
991201
994707
990895
992413
9400
992152
991686
992394
991764
992960
992649
994959
993006
990234
990555
992701
990033
993722
991969
992249
991455
990253
993986
993745
9744
993884
994825
9746
990940
9411
9302
994104
994764
9264
993360
993762
990975
991735
9681
991112
990384
994828
9052
993730
990739
990279
990772
992887
993676
990851
993707
9525
992530
990949
9745
9354
991119
992977
994219
9601
994501
994794
990219
993521
991110
991336
993499
993953
992159
992561
990818
992704
993887
9023
992218
9248
993696
994634
992420
992881
991457
9592
993535
991984
994561
990224
990092
994548
990725
993479
994951
9352
991926
991740
992320
993783
992828
991108
992786
994924
990994
991805
992573
992373
991511
990540
991527
990407
9351
990788
994523
990714
994153
993803
992705
993570
992511
994873
990362
990112
991723
993395
9348
9387
994575
9122
990338
993439
991113
991267
9392
992005
993646
990298
993456
993175
991558
992023
992429
990207
990391
993108
990680
994392
993538
64
990860
992121
9583
993266
991006
992547
994004
994151
991899
992351
991639
993111
993418
9015
994167
994040
992363
994555
991498
991508
990000
990131
994862
993490
994274
993346
990711
993219
993732
990717
993571
994011
991466
994177
992577
990574
9187
9577
994013
994055
994191
990519
991000
994045
992519
9474
993134
991444
991016
990782
992123
990463
994267
993161
993711
993578
990999
992503
991197
992706
993719
994861
992059
9537
990615
991423
9430
9333
9728
991820
992627
994434
990826
991890
994829
991515
992195
992393
9528
992285
994504
74
994293
990066
992295
9893
990786
9143
994719
993440
994673
993461
991227
991462
993759
9491
992414
990181
992719
994195
990936
990958
9585
9853
994309
9673
992346
9073
993087
991127
993463
993890
992940
994357
9346
994451
993183
991766
990809
994543
992396
9365
9176
992823
990718
991066
992961
990777
9478
9669
9451
991810
990490
990296
993120
991575
991373
993139
994736
990732
993379
994932
994127
990233
992675
9453
991894
994600
990996
9355
992228
992188
994090
993394
992575
994218
994511
994346
993174
993786
993066
992617
992361
9447
991073
993607
993806
991786
994084
992571
994145
991097
993918
9380
9460
990197
9740
9686
993245
994276
990683
992234
991990
990032
9431
993742
994953
9820
990879
991614
993371
990853
9667
991469
992162
9363
9078
994557
9565
994831
993700
990763
990293
9042
9466
993945
994237
992974
990689
994032
993153
993196
993671
992389
992605
993860
992366
993180
992073
991439
992186
991557
9582
991175
993900
990283
9074
994386
9833
991923
994131
994817
992533
