22
47
04
19
990785
990067
13
992669
991489
993715
993428
994332
990510
993270
990568
991315
9389
993113
992111
990723
994450
9508
9212
991689
993652
992935
992718
993725
991756
9368
993622
990322
06
993376
991813
993169
994356
30
991111
993601
991334
992398
990957
992690
993454
994143
992399
994818
9169
994070
991098
9294
05
992864
990722
991872
994352
9538
00
992461
07
9449
992680
993599
993303
994433
9310
28
990679
993012
992222
994268
990228
991320
990103
992463
991801
991451
993507
990995
9177
993717
9733
991159
990421
992916
991573
990823
992452
992496
991970
992147
994220
45
994887
990340
991655
994130
9757
992541
9856
9016
990016
9876
65
992560
994783
993337
992376
993726
990306
994290
9467
992368
990774
991688
990310
994823
990482
993170
990526
990175
9057
990383
994128
990079
991812
994117
990799
994223
992578
991868
993768
991434
991842
994246
991896
991271
990742
991312
993046
991681
992367
990137
992817
993898
993940
990174
994078
992937
9364
990505
991013
992689
992744
992042
992581
991313
9021
9512
991118
993588
9260
991562
993401
08
991913
993865
991582
9792
994187
991779
993881
991015
990235
992342
994605
992733
990803
991316
991778
992223
12
992182
991445
993018
991616
994961
993306
993115
991761
991980
992868
9534
990324
993003
991965
990933
993088
992599
09
9095
991488
990135
9834
990892
990332
992314
992352
990937
9010
994813
991584
990583
15
14
991530
994731
990649
991288
993529
992178
992647
993648
990492
992850
993537
991998
994021
992307
990900
990465
992215
994360
991599
9742
994388
9854
992262
994805
993851
993609
990206
991528
9190
991014
990989
992015
992306
991248
991064
992213
994528
990317
990885
993498
990196
990277
990886
990746
990125
9613
991090
991279
992027
9087
9225
992540
994518
9552
994375
991293
9688
992185
990200
9182
993259
992566
991281
991244
991519
991083
991973
9540
992360
990795
994860
993220
991602
992383
990009
994716
990688
990201
993350
990367
991278
993118
990667
991001
994824
59
991005
993944
990761
990133
992657
990006
994717
990677
9170
990115
991691
9286
9443
993592
9048
994660
990575
9398
993268
992290
993692
991061
992620
993979
990839
990518
994590
9342
994661
9752
990199
994166
990212
9799
990497
9759
991600
993405
991270
993905
73
9226
990323
993415
991867
992946
992240
990923
990054
994908
993141
994976
9223
991117
994516
991129
42
992460
994849
993987
990903
990573
9196
990801
990713
994668
991937
991265
991893
994554
990162
990236
994701
993563
992006
994756
991644
991081
994305
992826
994854
993311
991831
991620
992467
990821
991565
992453
26
994086
991396
991624
9574
990315
990605
992324
994712
990987
992658
990805
993623
991069
992998
991509
994188
993533
991850
994881
994530
992138
34
990696
990388
990379
991814
994790
992830
992258
994222
993784
994839
9836
994797
994602
990954
9308
992740
994846
9895
994411
991789
991330
991694
990901
9129
993140
41
993102
993237
993555
9812
992124
9581
991008
993338
9527
994480
992404
991800
991815
9022
994429
994876
993045
990525
994553
994183
9619
990868
9060
994979
993683
992269
993989
993375
9547
990413
990276
990645
993772
990873
9556
990878
991152
991250
990841
993817
992509
990861
991510
992464
994311
9465
994139
992037
9702
991136
990085
9860
992117
993702
991040
993411
990475
990567
990117
993015
9726
991826
993101
990210
993603
991295
993744
994227
993531
993889
991341
991299
994149
994185
990419
9662
993308
994440
992832
992650
993891
993597
992315
993709
991204
9843
991135
993969
992130
990977
993704
992668
990295
993095
991802
990331
992048
992839
993798
991251
991020
9482
993494
990747
991574
993815
991338
992905
992444
993176
990377
993820
991303
990297
994110
9080
994842
992120
993821
9743
990389
991698
992336
9741
990468
9753
992570
994260
991977
990529
992181
9796
992354
990914
990915
9338
994472
992637
991225
994430
993114
993044
993487
990139
992177
992341
9181
992118
9679
992810
990274
9462
992559
991534
992225
992663
994573
991429
994479
993523
991664
9318
993263
992071
990706
990155
991823
990303
990523
991742
9496
990541
993723
993222
9107
992317
994868
9446
994209
994176
994409
994698
9103
990304
993445
9607
990585
994802
992349
992084
992427
994725
992529
992798
992350
990394
994943
991100
992872
9694
994766
9845
991473
992809
994619
991198
991319
991220
9232
994968
994334
992514
992752
993639
990815
994226
991963
994273
9311
994010
990349
9653
990602
9055
993613
993424
994452
9384
990003
990674
993402
9712
992428
993632
991095
991485
993274
990659
994316
9329
994199
994427
9056
991841
991059
9373
994282
990202
993755
990745
993016
993807
993519
991523
994341
9882
991018
992061
990447
44
993929
992426
991361
990007
991317
9155
9197
992582
9689
990623
991851
992531
992670
991871
991447
993779
994197
9630
993780
992659
994560
990222
990824
992103
991363
990625
993351
991908
993286
994062
993260
9551
995000
9306
990961
990654
990874
991542
991176
994476
993299
990848
994178
991493
990655
9243
9195
21
994129
990257
992588
991309
992969
991286
993400
993614
990766
9301
991351
993065
9083
991028
993054
990454
991594
991693
9125
991717
990014
994489
991291
990261
992168
993367
991869
9033
9656
991355
990657
9321
994024
990055
993323
992619
994228
990813
992187
991852
993430
992375
993470
993143
991084
991437
994933
994076
993575
993509
9775
993926
990800
993352
992102
990178
992246
990132
990087
9877
990462
994858
80
994481
990164
992504
991308
994225
9766
991791
990792
990146
990899
993965
990971
990449
991762
9594
992591
990052
992365
994563
991880
993536
990820
9121
990676
991178
992921
993019
991621
992255
991535
991581
992522
9641
993911
990681
994720
990508
990756
993706
993258
990970
990426
991464
9555
993615
993812
9682
9636
991241
993958
992618
993880
990693
990028
993249
991449
994091
990698
993899
993837
992104
991468
990348
9490
992662
9638
994314
994266
9049
992904
991480
994692
990908
990047
990104
990329
990819
994122
991162
995004
991239
993694
990461
993625
9244
994544
994150
992878
992308
991151
992959
9246
992913
994449
82
990709
991074
9725
992865
9591
990749
9249
992131
990499
993520
990147
993091
9870
992395
994726
993618
9554
991839
994739
9768
9690
990864
991206
993172
9819
9666
990335
992919
994995
994654
992821
990305
991300
992951
994639
993188
992631
992175
990372
993042
994212
993315
991860
991318
992639
993333
990214
9347
991052
993838
9832
992901
991569
9067
9835
991986
992254
9842
990077
992807
994186
990793
990503
9237
991886
991314
9375
991856
992536
991153
992083
9211
994335
990429
994844
990638
991360
994355
994838
990397
991023
992403
9660
994340
990883
993600
994327
991223
991987
990094
9731
9313
9720
9851
992224
994134
990956
993869
9629
990446
992991
990779
9793
993471
990530
990141
991169
991772
994723
9314
991758
9019
9290
9541
993924
9299
993668
991397
991603
993589
58
991619
993223
992494
994840
993278
991792
990471
993408
9045
992593
9193
994281
994053
9132
992924
991696
9142
991328
991618
991662
991002
992113
991163
993854
993583
991646
994689
994929
991625
9337
992840
9872
9432
993915
992613
991205
991193
992242
990240
994870
9397
994866
9395
9440
992079
994164
9385
991556
992189
993107
9242
991294
992576
992401
990759
993847
993822
994610
9664
9697
990241
990192
9188
9426
993489
990984
992174
990814
991004
991262
993849
991390
992990
991713
9814
993486
991161
992699
992812
990648
991182
990998
992910
993897
992440
991638
993927
9531
9168
994659
993322
990934
9589
993833
9214
991711
992221
9844
9258
993378
993748
990862
994992
990458
990768
991895
994247
994947
994115
9532
990171
9595
990356
990484
9300
992364
991078
992958
990353
994888
990258
994485
991392
994822
990308
990707
992388
993643
9881
991790
992607
990889
990136
990121
990128
9499
990691
992200
993047
990687
992358
993240
991590
991224
992139
9815
990321
990960
990584
992479
992423
993693
990662
991093
992673
990781
9274
990327
994270
9240
994792
9633
9645
992586
993329
9110
9811
994885
994821
991807
9864
992611
9749
991180
993331
9254
992238
993983
994514
992677
994324
9588
992377
992714
994524
9729
991811
994292
994163
991533
991706
991799
992455
994383
990275
993165
992565
992109
9721
992933
993074
994423
991256
993691
991888
993104
992957
990498
993794
990301
9437
83
991736
990570
994215
990239
992851
993199
992967
992441
994585
994499
9784
992119
994542
991531
993572
993446
990727
9545
992589
993635
9546
990830
992090
993621
994820
9719
9283
992265
9439
990173
992454
9569
994754
991690
9108
992437
994382
990143
992579
992173
992271
992592
994592
992762
993043
992601
990643
9899
9879
993264
990290
9309
990254
991495
990325
990966
9162
990182
991954
990907
994280
990692
994041
990733
993058
993605
991202
9874
994894
993769
993647
990180
994971
9892
992626
992049
994233
994810
55
993740
991903
992861
994048
994652
990307
994106
992648
9699
994307
994306
9764
994827
992135
991164
992852
992353
992995
993409
991658
993954
993261
990334
991517
994030
992065
992845
991402
994014
992369
990603
992183
992370
991607
990939
990248
991636
993785
993447
993212
991292
990988
991007
993973
994574
9735
991147
993974
9618
991657
992630
992125
991276
990015
993510
71
994623
993305
990319
990488
993181
992089
990611
992431
992305
990152
991356
993032
992281
993050
990729
990797
990716
994005
9199
990888
993976
992243
993255
991795
993565
9399
993686
994042
993627
994747
994703
994300
990165
992604
991433
992717
991552
993951
9771
990513
994475
990902
9075
9050
990123
992859
990030
993963
992468
994855
990646
994206
990352
993856
990917
9866
990867
991306
993112
990256
9657
9821
991030
994251
991259
994138
9804
993083
993631
993660
992606
9783
9423
994826
990942
994454
992597
990856
993932
991586
9149
991076
994789
9253
994301
992284
994517
990639
991240
67
990347
994482
990560
992754
9064
991411
992151
990022
991928
9012
994038
991418
991492
9353
993204
991720
991680
9448
994809
990941
991520
991440
991577
993766
993484
990081
992585
992448
991715
992654
994889
992963
992652
992642
992674
990017
993185
994532
9533
9825
990847
994170
992309
990448
9339
993190
991931
990215
991427
9011
993992
992806
990993
991659
992344
9865
993829
992043
992355
991484
994626
991732
994837
9259
990110
993892
994204
9066
993698
990255
992447
994121
991951
993217
990865
993522
993433
9037
994029
9481
992402
993904
9340
991154
991925
991827
990728
990243
993902
991777
991500
990312
990250
993158
9224
993684
992616
993434
992278
992018
994402
992481
990553
993641
991829
992836
992696
992778
990408
994302
992731
994296
992641
994672
994468
9497
992763
9477
994972
9608
991393
992572
991959
992074
993948
990884
994263
992029
990743
9040
994353
990916
991566
990516
992163
990289
9405
991532
990613
993802
994677
990354
994189
994361
60
992745
991046
990427
994845
991976
994576
992516
991825
993916
70
9888
993077
993534
992001
994957
993848
990964
993878
991719
9096
990443
991613
991555
992764
994984
991833
9751
991441
993602
990682
9235
994864
990477
992891
9513
990046
992751
991824
993248
993072
993027
994787
990784
990060
990910
9332
991123
994132
994023
993145
990833
992610
991697
994389
994202
9885
9005
994675
990284
994368
994370
992129
992598
990313
991763
993920
991611
9455
991974
994157
991203
990083
994785
990119
994635
9255
991298
992869
991438
990710
993590
994853
992715
991960
9492
990099
993316
990049
992930
990244
990216
990641
994362
992683
991564
994697
991617
990259
990610
990409
9101
993818
992276
9709
994255
990891
990058
993144
993462
994111
994892
992272
993436
9701
990769
993236
992517
86
994478
9889
9612
990753
9091
993776
994721
9839
994333
992686
991710
9711
69
992803
992787
993928
994418
9722
992926
994108
992270
990398
993688
9128
991215
991587
990351
990658
9620
9275
993100
990221
991861
993429
991884
994359
9009
992216
990589
9044
992862
992827
992374
993282
992055
993661
991196
991036
991818
57
992031
992965
991238
990549
994410
994869
992510
992623
993666
992609
992298
993460
993795
9414
990390
9062
991997
992236
994256
994841
992842
994147
992814
9441
993160
994455
991862
990237
994952
994217
991708
991003
991580
9470
990571
992028
990252
993593
9409
994082
990431
992954
990160
994002
991065
993435
991705
993855
994008
991687
990627
993991
991222
9789
990965
993030
9098
993950
993031
990041
9610
9637
993067
9561
990838
9730
994896
991572
993644
993079
991670
992197
991243
992795
993844
9069
994970
992885
992651
990672
992220
9218
991070
9558
993276
991231
993985
990418
990183
990053
992335
9755
994235
991538
993579
990044
9361
994859
993407
991032
992831
992665
994808
994832
993923
9570
991365
9270
992002
995009
992920
992046
990719
991191
992975
993514
994179
9325
993127
9640
990531
991701
990986
990105
992088
993122
992661
994714
9716
9123
992685
991634
54
9282
992782
994148
991672
993467
994502
990318
993473
990057
990948
9135
994461
993511
991630
992456
994401
990832
993550
990697
991982
991707
990599
990059
9281
994597
991051
993082
9280
991675
990442
9007
991044
993551
990594
992550
992038
990671
991311
9133
992212
9850
992900
991139
990177
992122
994964
993341
994297
993739
9696
992553
992882
994944
992595
9058
994779
991131
991773
9807
994156
990559
992054
9654
990273
990720
992726
993171
9823
89
992058
990230
993055
994909
994988
9880
9303
992797
994505
991770
994374
990982
994470
9198
991054
993532
9210
992378
9518
994758
9762
993482
9106
990535
994901
993304
991026
991470
994990
993119
991383
79
992646
9649
994985
994643
990665
994119
991009
993558
990836
993809
994582
990922
990811
990238
993718
9215
990203
990522
992105
993162
9140
992390
9422
993453
993966
992903
990652
990812
991235
993967
990755
9846
992964
990184
9479
994633
990760
994094
68
990969
990537
994613
994636
990666
991158
992678
991596
9292
990428
990556
9542
992432
993458
9137
9161
993796
991375
990439
990938
993247
993917
992720
991902
994384
991376
992988
991906
993419
994877
9335
9403
992193
994710
992622
994137
991917
992643
991676
9061
991115
992801
991905
991748
9401
993975
9861
991105
992056
992927
992009
991080
990470
992094
990268
991612
990762
992985
9285
9677
9047
991260
9153
990075
991120
992728
9705
9438
993426
9873
993914
990928
992488
993210
9738
994804
992092
993826
991304
993642
9082
9718
991797
991593
990588
990675
993130
991940
994856
991017
994133
991475
992490
994068
990600
993357
992205
991210
990577
990333
994762
990486
994632
990962
9204
990997
9625
9344
9287
993943
9869
991876
993573
991645
993465
992888
9563
991915
9201
991734
993256
994920
994906
993358
993037
994196
992875
990882
994982
993332
9663
991403
992417
9648
993023
993879
993340
990158
990156
994325
993110
993356
85
9267
993864
990684
992628
991891
993011
9251
993094
991287
992773
991219
993214
990148
994487
993128
990425
9714
9748
9089
990056
992017
9183
9269
991422
992688
994955
994261
993287
994529
9863
990090
994080
993383
992804
994748
9345
990061
994625
990846
991217
991505
9341
990906
993638
990011
9678
992148
994342
993993
994483
993449
994691
990758
994525
993148
9141
991978
994603
992944
9394
991944
990242
994385
9077
9586
992907
993326
9327
993988
990897
993225
9715
991394
9331
991033
991627
992838
990563
9349
990225
994865
9670
990738
991366
990548
991382
992928
9840
991598
993173
994093
994515
994060
992656
990144
990328
994303
994883
991999
993505
991832
993760
9104
9407
990005
9599
994538
994354
995003
990314
992057
992025
991491
991760
992416
994184
994397
990877
992333
992660
9053
990955
993281
990511
994287
9791
990360
993294
991096
990968
990161
9614
992989
9732
9213
992780
990434
994036
991507
990843
991409
990387
990072
992667
993184
991245
991912
9100
990528
994833
993078
993628
993372
84
993146
991537
9171
992296
992391
992169
9521
9894
994640
9516
992880
9509
72
992577
991425
992756
991979
992155
991722
992211
991472
992682
992142
994611
9350
991144
994584
9025
990365
993296
991822
990194
991570
993300
9471
993912
990804
9736
993238
993503
990453
993230
990013
994680
990464
994735
994852
9418
990188
992153
9130
993062
991401
991179
992912
993345
992191
9158
994973
994224
992542
991834
994801
993197
992625
990699
992866
990840
991027
9475
990572
9703
993040
993859
991835
991089
991817
990095
994601
9072
992736
990102
994399
9862
993651
991548
990920
991435
991962
992053
9717
994607
990198
993962
992166
9076
992824
994344
992214
990286
993380
994905
994587
990142
991195
992407
991721
9510
993297
993620
992244
9154
994214
994155
9780
9288
9665
994059
991909
994365
991661
994419
990542
990635
994609
9261
49
992323
990339
991924
994085
992241
991494
9369
991541
993636
993980
9099
9584
993135
994546
992035
9514
993673
991560
994958
993207
993846
990828
990620
990376
991678
992239
991904
993508
992010
992266
991367
992198
991072
994539
9102
9473
994253
994426
990208
9427
994519
993544
991253
993650
990281
993359
993349
9501
992256
994649
990487
993981
993193
9362
994768
9320
9031
992615
994347
992340
9489
994874
990944
993085
9360
9868
994172
990748
993392
990842
990978
993466
993289
994791
990544
990983
994679
993009
993157
990581
990414
994216
9038
993309
992870
994056
9343
993243
993200
994278
990093
993028
9526
990456
9790
991873
9376
994441
994566
993687
992080
992457
992734
994381
993295
990817
992179
990247
991091
994994
9359
994349
993877
990506
991327
993280
991591
994403
9018
992077
994313
9250
994343
991744
990947
993366
994061
993990
48
992564
994594
9887
994728
990403
994522
990326
991128
994431
993556
994549
9003
994987
994718
992527
992330
994773
993662
991077
991512
81
992158
990205
993658
994474
994284
994377
991821
9192
990973
991967
991431
994492
991269
993385
992229
994711
992757
991086
993002
990953
994737
994331
994308
991950
992766
992030
991767
991335
991991
994836
991442
993997
992955
17
9026
994320
990736
993506
992157
994907
990350
990145
990608
993000
994286
9032
991781
991329
991830
990231
994232
994241
993325
9088
9054
994526
993022
990552
994664
993835
9120
991901
993049
993919
994913
994471
991679
991774
991333
9693
993805
994142
991752
992737
994921
994945
991526
993576
991189
990844
992381
992476
992475
9472
990943
994231
994099
992047
990791
994236
991369
992687
990209
991521
994612
993721
990336
992837
993142
990757
992739
991148
992596
9891
992411
994651
991057
9830
990893
991132
992060
994903
994648
991010
991502
990037
994067
991996
994190
992311
990578
991933
991323
992518
994141
9207
991994
994942
992303
9691
9739
992874
990153
990345
992820
9602
9704
994593
993448
9257
994006
993504
995001
992260
993862
992115
991263
9461
9406
9151
991321
990521
991597
992535
991208
992883
993493
9627
993774
990098
993595
993525
990661
9247
990919
9272
992011
994663
991149
990963
992948
9079
993060
993093
991385
992292
9505
992302
993858
992676
990412
990590
992813
994965
991264
994772
9289
991407
9221
990845
990179
994420
993017
992164
992537
9859
994113
993938
991550
991652
994425
991104
990686
991155
991038
990712
990191
9803
990027
993925
992534
9208
993672
9559
9623
990557
991635
990416
993285
9503
993201
991704
993024
77
994939
992327
990822
61
991546
992999
993007
992482
992289
992984
9597
993853
991631
994285
994364
992279
9809
993734
990432
990433
990520
990517
992019
990669
9059
993656
993459
994713
9661
993057
991609
993081
9433
9029
993868
994488
9428
990871
990008
9495
994201
990368
9794
991628
991733
992227
991368
993474
993068
993250
990396
992790
994271
993874
990546
993735
991379
9687
993441
9848
991386
993353
994507
990172
993116
991254
991034
992339
9006
991185
9456
993373
992008
994954
991754
993811
9180
9659
9041
9454
9626
994520
993816
992808
990700
992247
9379
993469
990536
991289
993262
994442
994066
992600
990074
992703
9566
993071
994494
994057
994378
990316
993344
991608
990790
990127
994676
991307
995006
994949
992892
990445
9371
994208
994900
9186
992767
9683
993252
992474
990621
992385
992392
994380
992112
990272
994097
991370
993500
991669
991043
990913
994031
994535
9805
993412
993422
991712
992664
992941
990245
992078
992923
991380
9278
994875
994417
991453
992508
994395
992012
992794
9262
991936
994750
993381
993654
990071
993857
991039
994404
994398
993321
9655
991604
9284
994551
9071
992848
9778
994784
9000
9788
993391
993675
994312
994867
992777
994683
993765
990630
993365
991724
9452
990564
993775
990114
990264
993808
990358
993228
9070
991290
994118
991579
992612
994322
990539
990887
990789
992472
991874
9580
990091
990029
9635
992950
991755
993741
990019
991190
992853
990515
992235
993221
9506
992329
991857
993669
992895
9710
990985
994435
990927
990618
993995
994969
991079
9646
992746
9523
992863
991516
991273
993961
993871
993697
991172
994796
994211
990924
991907
994604
992590
9028
9167
994512
992671
9672
991421
991684
9519
9084
990097
993959
994288
993497
992004
993886
993610
990020
992462
990024
994614
992502
993830
992721
993604
990507
993317
9507
992146
992259
991021
991816
992788
993397
994252
993659
993307
994946
991346
993705
994412
993876
992829
993155
994400
991141
9051
992443
990765
991751
994637
991177
991479
9826
994275
991771
990229
994299
993343
990260
994458
993342
990493
994181
993827
994326
993052
991545
9847
9001
9818
991898
993749
990636
993167
9557
56
993382
994645
9043
993708
994436
994390
992513
994087
9616
9014
993720
9191
991949
9458
63
9692
994615
994254
990565
994367
990204
992528
990644
994000
991863
994935
9442
991342
992141
991406
992983
994586
993272
992515
990593
994647
993086
9189
993488
990991
991930
991651
991919
993678
9408
9500
990417
991633
992128
9435
993757
994595
990220
993553
9837
992629
993677
993004
994653
9676
992326
992987
990740
991847
9878
992962
9148
990642
994914
994729
994414
993501
9777
994581
992973
994102
993406
9831
992334
991741
990330
992694
991071
993035
993998
993781
991882
991430
994588
993562
990018
992890
993481
991212
993804
991858
991049
994207
53
992789
993330
992026
994083
990370
991467
990870
992419
991952
993582
994116
991416
993216
993025
990300
993137
994258
990262
994733
990036
993370
9575
994674
993090
993758
994565
9828
993203
994879
992469
992165
992144
994690
992486
991549
992143
992487
993393
990320
9896
992759
990436
993013
994763
994168
993831
992906
9827
992738
992747
990734
993936
990485
9065
992133
990750
992931
9163
990624
990650
992050
990866
991739
990926
991283
993530
994658
9769
9105
994656
991058
993468
994034
990992
990113
9172
991285
991731
990617
9279
994928
992548
993828
993894
994508
994406
993318
990554
992800
993387
990837
991280
993867
994200
993417
992640
9336
991415
991785
994752
992555
994239
994552
990794
993935
991207
991011
991699
992499
992761
994154
992380
992772
991695
990410
993960
991730
990166
992337
993549
994257
991099
9296
991348
9652
994294
993192
992779
991554
993564
992167
991929
990251
994015
9203
994882
993202
9297
991563
993279
992264
9276
992614
992442
994727
993909
993836
993606
993271
993241
990726
991838
991381
992248
992343
994533
992545
990717
993800
994583
990186
990134
9094
9611
991745
992294
992898
990558
991268
994989
993982
994088
994144
990850
991992
990021
994996
990459
994205
993319
991848
993764
993547
991474
993699
991424
992415
990694
9304
992439
990849
9144
991650
991233
992549
993608
992062
9544
992263
994977
992730
991463
9522
990402
993598
991776
9822
992301
990808
991522
993194
9671
991605
991553
993872
992204
990857
994028
991060
991836
992356
991964
993178
992160
990357
990905
990045
991228
993179
994599
992775
994684
991395
990612
993195
991372
990767
990494
991922
993005
993020
994203
994289
9086
9813
994757
991157
994761
992072
990355
992075
992793
991606
993754
992319
990035
991750
992849
993685
992024
990606
9727
992929
991134
991378
992899
993952
994666
992524
9357
994930
991714
992785
991399
993866
992834
9217
994967
993432
990629
990480
9322
991417
993242
992044
991497
9568
990048
9650
991068
993727
991703
9324
9209
994760
993787
991413
990474
991252
9684
991302
994490
993070
994795
994771
994655
990787
991601
991981
993513
990566
993788
991331
9838
992097
990925
992085
991945
991258
992202
991358
994527
9486
991578
992132
9708
993689
991412
9206
991665
990266
993834
993334
992433
992230
991461
993290
51
992136
990622
992621
9228
9416
994027
990469
992796
992108
993001
993873
994160
993205
991035
991643
991885
991649
992936
991956
990796
990929
994978
994248
9785
994872
991828
993819
992268
992446
992799
992495
991282
990863
9159
991953
993059
994054
990406
991654
994641
9468
9175
990981
992567
9152
9295
991648
994564
994077
991345
993552
9220
994598
993347
9787
994569
66
9485
990050
994310
9383
991106
52
993150
993106
993670
9404
9386
993516
991138
990076
9233
993515
991544
992693
993524
994696
992769
992914
994732
994695
994245
990631
994194
992477
9147
993362
993968
9425
991837
992543
993208
990609
992357
9234
9779
992485
992532
990479
991935
992217
991350
992150
994416
990852
990111
990854
992410
992722
993640
991103
994741
9578
992039
992251
993254
992855
993452
992170
992384
990026
994136
9593
990082
993714
991031
992949
994537
994125
990451
994580
992345
990701
992076
990972
990223
9760
991768
993033
993896
992022
991653
9119
992783
993265
990858
990437
994422
994624
990226
991324
990835
9146
991927
990068
993731
991419
990663
9685
991513
990042
992379
991585
990392
990869
995002
991305
993512
993839
994999
9238
992569
993253
994112
990829
9330
990023
994510
992697
990724
993096
992280
994998
990604
991524
993364
9535
992007
992321
994462
992538
9816
991209
994966
990855
993187
990025
9268
991738
991671
9675
994243
993443
991160
992932
992758
9600
9680
992993
991137
9604
992711
990435
994540
9624
991218
994229
994491
994722
994007
990596
994708
993777
992331
994781
994562
991728
990457
992860
991226
992867
991666
993778
992816
994498
992956
9111
994556
990773
992724
992466
991041
990430
990764
992825
992580
9810
9571
9855
993751
994192
992723
994503
990034
993942
991637
992406
992702
994991
993949
994387
9628
991957
993103
992644
990129
994950
992291
992857
994321
994709
9134
993934
992253
993420
990130
994328
990946
9039
9013
992725
991881
994105
991124
9317
991460
991640
994558
994786
990735
992338
994687
9886
993667
9590
993464
993561
9165
991677
994769
992149
991568
993438
994460
990640
991692
991364
990138
990084
991022
991794
9642
992523
992470
992107
991344
993233
994323
994493
9504
992791
993559
992563
9698
9229
990440
992299
992635
994963
993617
992884
992313
993933
9116
991142
990872
992480
992101
994500
993226
992386
990267
994642
990195
993008
992408
994974
994477
9205
993825
993097
990775
990592
990547
993129
993061
9136
990467
991085
992925
9867
992484
9476
992750
995005
990881
991948
993368
9639
993133
993810
992478
990249
993229
994751
993327
994100
994568
990004
992871
9723
992100
990647
990561
992114
993369
9605
992942
990126
990371
992489
994923
990859
990737
993888
9420
990411
994993
992966
993850
990896
993841
993771
9459
9463
993996
9164
991782
991878
992328
992098
994980
9305
994986
9156
990597
87
993231
9587
990976
993312
9520
991146
994916
994277
991961
992347
994891
9415
993377
9434
992684
991971
991426
993076
993690
991716
9603
10
993361
994329
9222
991943
993310
990876
992573
992655
994174
9786
992126
994541
991920
990634
990299
990051
991012
991709
991156
990359
994778
993629
992297
994393
9824
991514
993457
994012
990400
991561
992776
994069
990512
9068
994180
991966
994816
994366
990776
9761
994815
9700
990730
994107
990176
993893
993098
994291
991166
994373
993792
991788
994262
994379
990151
994173
993736
992332
993567
993455
993131
991743
991938
994550
992099
992491
992815
9852
993931
992045
9858
990685
994536
9046
991663
990754
992438
990366
993814
9502
991610
991410
990527
993852
994135
994665
991595
991112
994162
991939
990660
991865
992632
991859
991571
992322
991443
994706
993955
990909
991934
991257
9293
9273
990150
992889
991588
990157
991037
992483
993540
990140
993314
993746
993541
9020
993747
9312
993680
994109
994782
990500
994749
994037
990491
991503
991194
994345
991053
991087
991911
994975
993423
9572
990783
990875
991727
991199
9334
990731
994413
991247
993288
993251
991947
993801
991683
990364
994851
9202
993339
991866
993014
991536
9841
994578
991296
991844
992638
993451
992982
992400
991993
9150
992252
991173
994046
992521
9795
992312
993010
993246
994956
993665
9160
994775
9030
993845
990628
992992
991471
992873
9773
991875
993999
992110
992735
990810
9765
992915
994630
990078
993554
994453
994372
991388
994445
994444
991889
990587
994152
990950
991747
9567
993293
990038
992634
993075
993302
994369
992041
994065
994644
991626
9245
991729
990798
993410
993701
991845
993475
993485
991359
992546
994981
991504
994432
9174
992700
9112
992016
9651
993612
994835
992473
991958
992844
992666
9444
994096
993728
990598
991213
9897
992876
992288
993922
990952
992435
990341
991539
991749
993209
991989
990656
990232
992208
993138
990616
990107
990979
994230
991339
993442
990282
9391
991804
994937
9622
990708
9668
990227
992283
9396
991349
991274
9450
994770
990159
991145
993491
991045
991547
994464
992064
993939
991975
991221
992116
993793
994898
990579
993053
990551
990472
993048
993752
994902
9358
994622
9493
9366
994904
992996
993813
993399
992372
990673
9884
993832
990664
990974
994938
992945
9436
990473
991056
990422
991642
9539
994715
9239
991284
991024
993518
994934
994033
9017
990420
993403
9883
993978
990478
991793
994421
991854
991647
991229
992180
993026
994570
993444
994571
990534
994043
994338
991702
991483
993674
991674
990346
993398
9008
993051
993526
990550
992261
991343
994834
994596
9615
990401
9829
994918
990291
9429
994259
991843
991102
990189
993956
994746
990190
990834
992449
992512
991700
994394
991983
991116
992819
992134
9487
992387
994745
990382
990918
992362
9644
993126
993284
993182
990452
991454
991436
993657
993910
991496
990280
990101
990980
993414
993431
991275
993840
991921
991477
994638
994318
994618
994669
991414
994319
993843
991063
991941
991864
990361
990120
9515
991783
994169
991042
992970
990894
992184
991551
992497
991121
991576
990292
994922
994704
993404
992743
9734
991656
993548
990096
994244
993842
994678
993972
991465
991277
991942
990385
992805
991849
993596
993073
993545
994459
993191
990381
991629
9695
9109
994806
9194
992192
990167
9517
991232
992000
990466
994559
993335
990404
994830
9801
990533
991446
990504
78
991114
992492
991589
992710
990363
992034
9252
994407
994408
9797
992732
990653
993591
991809
991211
994506
993546
992210
990455
990002
990932
994240
994730
992397
9081
993124
990751
992934
993716
991918
993724
993580
994193
994755
990921
993882
994497
992405
990294
994895
992371
993105
992106
994071
9413
992938
992493
9316
993328
9131
994018
994857
990288
992087
991759
994391
9256
9543
992203
993123
990940
993649
991092
993472
9063
994484
990405
991910
993168
993941
992145
993152
9231
993063
991718
9097
994221
9328
993348
9781
993211
994457
993539
990193
993283
991985
992310
992781
993663
990632
9319
991567
990569
990825
994628
991583
9706
991357
994667
992953
993970
990930
990509
990080
994269
991518
994095
991408
9002
9390
993163
990010
992412
991168
9412
993232
990994
991540
9326
994803
993901
993761
994198
990399
994650
991174
992275
991459
991853
990031
993425
991227
991234
991946
994330
991107
9127
9036
994058
991737
992811
994120
992277
990073
991529
993386
992421
994264
990380
990931
992833
990089
9230
994694
992021
991632
993034
991237
994911
9772
990705
993269
990106
992774
993799
993413
991796
993664
9875
991101
994022
992846
993186
992976
992424
990496
991765
991725
991398
991803
990890
991143
993502
993495
991487
990063
990778
992909
990219
992645
991325
993560
993336
9483
993206
9173
994825
994146
991183
9145
990601
993681
994317
992624
990124
994079
993930
992749
994620
993313
994496
994376
990524
9410
990444
990633
9564
993634
991787
993577
991125
9631
993566
994073
993291
992653
992886
993528
993224
9754
993267
991025
992896
994925
9035
994473
994103
991094
9713
991432
993875
993946
991452
994047
992304
992708
990187
9118
990770
991188
9277
994001
994646
993557
992287
992219
88
993450
990271
994443
9464
9857
991326
993937
992199
993994
993021
994447
992465
991988
994962
992792
990967
992318
993957
9124
994495
992231
990481
9634
992300
994884
994456
993682
991877
991062
990532
990576
9114
990375
994705
9227
992507
990607
994919
994171
9092
9548
992822
992257
993870
990064
994072
993480
990168
992713
994629
994700
994621
993478
994114
9236
991499
990378
991050
990012
9263
993177
994983
993244
992552
994915
993913
993416
50
990476
990626
994959
991150
990580
992712
9393
994050
9027
993198
9707
991972
990990
992602
994348
9549
9216
991806
991458
994337
991048
991075
992968
991501
992159
992471
994210
994575
991428
994044
992760
993703
994910
993584
993039
994049
993729
990302
993964
993753
991165
992741
991400
990086
990806
991968
9200
994567
993421
992020
992556
991192
994063
9776
992695
990704
993883
994936
993587
9419
993921
991995
994283
994486
991353
993773
993790
990040
994579
991354
990393
994941
993568
993389
992137
9480
9674
991391
994298
994101
994089
990062
993227
994912
992051
992727
993585
992450
992171
992879
990780
992233
994019
990088
990495
993655
994035
993767
990831
993089
993907
992207
990344
991478
992161
991405
993756
992070
992902
994788
992209
992194
992095
9370
992981
994631
9747
992633
9745
990263
993863
994774
991757
990670
993038
991019
990218
991387
994616
9023
990116
994234
9367
9248
990374
992093
993789
991187
994682
992052
990690
992701
991332
992584
9372
994547
994871
991476
994265
9417
9117
993166
994003
990744
991808
991466
993099
991171
991110
9115
991047
994242
990065
994534
992063
991230
992140
993159
991660
994052
990538
9469
990265
994415
990898
993087
994064
9377
990269
993738
990070
992032
9617
990912
993324
9724
9890
992672
992286
993908
993109
994238
993476
9004
994272
992040
993080
993483
990586
990343
9737
992558
994931
992249
990935
991133
990582
992526
993791
991301
993136
991482
9728
994165
9770
994158
994743
994009
992947
990489
995007
991559
992562
994350
992436
992802
994927
9424
993125
992755
991668
992066
991883
990788
994777
990562
9307
993029
9352
9126
990752
991879
994140
992636
992226
990721
991525
992520
994250
991337
990287
9381
991246
994926
990911
991384
991840
992196
9798
994513
990149
990217
991184
993611
994438
992445
990637
993782
992190
991340
993273
993737
991126
995008
994627
993527
992557
993234
992908
992917
994013
991780
992979
994016
994799
992003
9219
9265
993861
992784
993903
993092
993581
9576
990386
993218
990109
990270
992501
990450
9241
991622
991371
9421
990501
994026
994276
992771
990185
992960
9185
991723
991726
993953
992154
9756
994295
992918
992156
991769
991377
990680
9550
994688
9138
991214
994693
994074
991000
993712
994591
991784
991352
991932
993535
990904
993986
992877
9024
992498
991486
990703
993235
991508
62
990851
993069
990880
9808
9478
991914
992420
990253
9621
990818
994686
994304
994759
994893
992068
992768
992086
991261
990298
9392
991775
991347
993885
990463
990163
994940
994161
994572
991055
994589
992273
991457
994765
994011
991088
990782
992994
992096
991615
991082
994396
992500
993320
9178
991272
992425
993492
993346
992434
992922
992835
990959
992091
993354
9898
993490
994039
991186
994545
990651
990211
992583
993750
9658
990369
990711
992894
994744
990619
9744
993384
993215
9484
990373
990108
991404
994092
992692
9271
992458
992893
990170
994800
992561
994671
992608
990739
994213
990423
992274
993292
994561
994917
993695
9494
990100
994509
993594
993239
993569
992939
991506
993111
990678
990122
9802
9529
993763
994685
994997
990595
994463
990112
991242
992594
990951
990483
9632
993275
991450
991682
991498
9187
9524
991255
992033
990949
990540
9871
991130
992856
994465
990545
992818
992409
990725
992162
9323
993722
992841
993743
993132
992854
991746
9179
992267
992539
990945
994767
991673
9291
990591
991167
9166
990741
993653
9176
994467
990337
994897
992544
994469
993616
9647
993363
992325
994634
990415
993298
9093
993121
9767
9090
993630
994899
991897
9806
990807
990514
992082
992709
992172
991592
994371
9453
994124
993379
991543
990246
990154
993730
993388
991444
991686
992023
991297
992843
991846
9354
991389
992897
9266
990975
993164
992293
9445
992691
994577
992980
992554
990771
990702
991119
9525
992127
992952
993884
992359
990224
991448
992943
993394
9817
9643
990438
991455
991667
9669
9596
992316
992451
9758
994153
9609
993374
992847
994315
991170
991200
9382
9387
992971
990092
992081
994843
993189
992972
991819
994681
992770
994098
992911
992422
992418
993633
990574
9606
994405
993006
992067
994249
9411
994017
9598
991984
990424
990502
992069
993396
991855
9849
994740
990039
991955
991423
993517
994428
992603
992574
993542
994521
993461
991456
9298
990069
9348
9601
992978
993570
992887
993823
9800
993161
990118
993151
994274
994793
992525
990362
990441
994279
992430
9374
991067
9457
993971
993036
992551
992707
991515
991894
991109
9750
994126
994948
991029
9430
992250
994753
990342
991181
992348
9184
993390
992716
994890
9746
991362
994104
991140
993543
992351
990715
9264
9530
990714
990066
991892
990043
9782
9388
990895
991887
9113
9139
992237
75
993496
991916
993427
9560
994794
993147
990213
991764
994764
994081
990391
991641
9498
994424
991753
993906
994951
991685
9511
993064
993895
991113
994511
990001
993437
994863
9400
9351
9042
994724
992195
993120
991322
992704
991740
991249
994617
994828
992123
990490
992036
992828
991899
994738
9085
994780
992617
991926
9583
994451
9579
9402
993918
994850
9562
990000
990233
993257
994358
991462
992858
990285
994351
990296
993056
994702
993770
990802
991805
992961
990555
992373
993360
993637
993479
991266
992014
990519
9034
991267
992245
993175
994523
993355
992382
991374
993571
992152
994267
994873
992649
994670
993149
991735
992459
991108
993439
994020
992511
993134
993711
992786
994699
9553
993762
993219
994437
994776
9774
74
9073
992997
994608
9302
992013
992698
990033
994439
993783
991890
993440
993797
994924
993645
991216
993890
9592
993418
9763
992705
9667
990816
993538
9528
990279
990860
992394
992232
992547
993154
990683
993477
993803
991511
994707
990384
994055
994501
991420
9015
990169
992742
991820
991639
992729
64
993574
9447
994025
990958
993371
9122
993521
992320
993707
994448
994004
991201
993887
990809
993745
993578
992765
991900
992413
992429
993456
991527
993619
991097
992530
993041
991122
991766
9681
992503
994167
9143
994548
992627
990853
994151
994309
990278
994807
993499
991127
993719
992881
993696
990395
9853
991236
991197
990032
991810
993646
992719
994145
990207
991969
993395
994191
991575
9365
990786
992121
9536
994159
992675
993676
9820
994127
992519
9466
993733
991558
990197
990668
9333
992823
9346
991336
994218
994555
992005
9740
990772
9537
9355
9078
992706
991439
993183
990826
990181
76
994861
992059
994829
990615
992977
993245
990763
994392
992363
992389
992285
990718
994032
994932
994219
9585
994742
992568
992396
9474
991016
994657
994736
994090
994862
993139
993108
993806
991373
993174
994195
9893
992188
9380
990234
992234
992346
990827
990936
993732
993786
990407
994293
991990
993266
991006
992295
994040
9052
994177
993463
991786
992218
994357
990131
994831
992571
9577
992940
993607
990999
994084
992361
990732
9491
992414
994543
992228
990777
994600
990338
992974
9673
993742
991073
991066
994673
994504
994719
994346
9686
993066
992393
9451
994953
993945
992073
993671
994131
990879
993759
991175
992605
993860
9363
993900
994557
992366
9460
990293
994386
991614
991469
992575
990689
994434
990996
9431
993700
9565
9582
993180
993196
992186
994237
993153
994045
9074
992533
991923
991557
990283
994817
9833
