993602
991015
990319
994450
991778
992452
992599
994130
990367
990103
990526
991573
991111
990228
994818
991801
990200
993599
992178
990957
991334
991159
992864
9212
994717
994268
990667
991083
994605
992467
992368
994805
994433
993865
993768
994246
993940
993588
992441
992620
9467
993088
994661
992042
992147
992647
994356
991308
992663
14
993454
993376
990276
993944
992680
9834
994273
990332
991288
994887
993601
992540
9223
991278
9021
994846
994220
990306
991248
990482
06
9538
993337
991396
9181
992850
993046
994824
991565
9190
991001
992581
991655
992336
9048
991098
991896
9057
993400
990340
993726
994227
993303
990317
992307
990723
991602
994117
993115
992566
9742
990135
992578
9449
9169
992560
9368
990933
994149
993683
993537
992862
990823
00
990505
991265
993592
991064
990323
990677
991530
993487
992861
991913
990133
994516
994223
993104
990162
992342
990468
993891
21
994908
993299
993169
992529
991599
990492
994881
992376
28
990196
9016
990383
994554
990277
990795
991180
991312
9364
992027
991842
9556
992185
65
9752
990137
990988
993306
991299
9499
992690
993401
990674
994823
990649
990679
992650
992213
991813
992084
990047
991965
993415
992358
9306
994808
991519
9087
990803
993113
992509
993987
994472
990461
992306
990886
990054
9792
991872
994185
994128
991279
992223
990742
993817
990421
9757
991616
9856
991937
994528
991998
993268
993604
9733
993308
990442
992865
994518
992817
9586
994479
990206
992744
993954
990839
992541
9010
992317
994976
993929
992905
991129
992352
9310
992444
990017
994021
991688
991081
09
991361
993600
9876
992138
991307
9895
9022
9662
990175
990774
991136
992623
991850
994480
991328
991582
993717
9653
992222
9260
990676
990971
991586
991762
992809
990956
991289
991689
991434
992225
993350
73
9741
9398
9177
990274
991562
994091
993259
990655
990139
993042
993118
994860
992175
994701
991717
993815
992593
990903
990824
993171
992460
990009
991624
990567
990155
990602
991595
994452
990117
993507
992496
990821
991856
990874
993311
992071
990310
994143
994166
44
9225
992591
59
992845
990746
993784
991895
990987
9045
990761
992240
994041
994731
993405
993623
990077
9844
991445
993519
993755
9558
995004
9437
9311
991313
994360
992181
990174
993902
990900
994716
990115
990389
26
990801
994375
992354
991814
990394
990800
992360
990573
990212
9040
9188
992314
993694
9294
992565
990713
9286
9877
992224
991761
992733
990497
991868
992657
991560
990525
993366
992182
992367
9254
993590
993989
991860
991802
993091
992579
994964
994797
9843
9793
991800
990698
990901
990842
9211
9060
9854
993979
992787
990585
992959
993881
994226
990465
993322
9321
993920
991318
992015
9607
994010
993012
990426
993740
994078
9129
991338
991084
992570
994212
991402
9845
9679
994961
990236
992426
993102
990055
993486
992868
991973
993632
990261
994352
991052
991316
990819
992341
9107
992832
993531
991358
990235
990910
992926
992349
992514
992677
994119
9432
9544
994553
9629
994849
992461
993744
994397
994789
993627
992153
993704
9613
9196
994111
990643
992375
990797
994282
994209
992254
991014
993263
990304
9759
994802
994411
992290
992079
991815
992120
993692
990923
992622
9743
993615
992852
9712
9552
990709
993898
990199
9274
993709
990425
991013
990164
993176
991100
991791
991451
994840
990657
992163
990006
991758
991600
990583
994766
9720
9182
993352
992427
71
994844
992043
994086
990899
990605
994530
991584
994712
990682
990747
992631
993802
990016
994292
991059
992369
993614
991491
992668
992951
9594
992384
993503
990841
992177
990575
9771
992090
9512
9694
990372
993375
991262
991363
992589
9318
9688
990202
991161
993851
993199
42
991093
994215
990503
9155
994576
991564
990984
992916
993563
991225
993015
991619
993613
992173
991118
9830
9397
994839
9308
990529
9482
991711
992662
9465
9170
994607
9462
994933
990087
992937
992919
991742
991566
9519
993043
994971
991163
992269
9555
9633
9168
9103
993095
9270
991676
992305
991867
9232
991243
991415
992598
993983
9455
9303
993114
991823
9080
9110
990878
991534
990182
992117
994129
9721
993237
993274
993948
992670
994361
9619
991147
9121
9095
9329
994189
9581
994031
993494
994441
993969
991533
991908
990475
994430
990892
9132
990315
990710
993648
994538
994708
9702
992872
994228
991891
993018
994590
990722
994106
15
994822
992689
993220
994968
991691
994005
991309
9683
990559
9731
990889
990961
991901
992242
993606
994440
9033
9863
990173
993621
993985
990638
991449
994876
990128
994748
991681
991951
994036
990814
9300
990443
990238
991827
9496
990356
993776
990297
9835
990970
994364
994854
994725
993402
992812
992258
994909
991239
994290
993530
992752
993869
990147
994838
992660
991510
993188
9812
993917
990654
993045
990324
991580
991360
995006
992901
994062
9641
9768
990623
991427
994449
9096
993323
991293
991115
9869
993445
9481
991581
990419
993141
991493
994222
9678
992453
992585
9899
994739
991244
991281
992365
9108
994485
990295
9796
990085
9860
994810
990458
9477
992464
991095
991235
83
991330
9226
991594
994821
9497
994762
994178
990194
993821
992139
994896
994636
992383
994110
992946
993058
994263
990208
992836
993575
994085
990125
991135
9440
9259
994186
994024
993258
9638
9218
994792
994499
990024
990589
990081
990241
991198
990907
994689
992998
991182
992830
992423
993101
990413
9870
994756
9551
9283
993555
991587
993307
994174
994697
994652
990083
990727
992648
990210
9510
992606
9443
994720
992658
55
990398
992522
9203
994619
992048
992102
993686
994476
992119
990454
9338
991356
991418
994957
67
992637
993255
990915
990914
991311
992494
9775
992255
992924
9589
991967
992969
991893
9446
990305
9075
991871
994429
991429
992659
994247
991555
990862
994668
990351
990427
990733
990447
990659
992401
993378
9630
9284
992270
990352
994649
990977
993315
994542
993993
990518
9249
990953
992992
990593
9246
993236
994305
994335
991300
993435
993143
990303
994529
991204
992215
9881
9506
9657
991447
991841
991259
993807
9069
994982
993523
990662
994278
994791
41
992513
991646
993047
9719
992611
991007
993127
990222
994505
9341
991779
9799
993609
9349
993509
991996
9204
991831
991811
990201
990658
9892
990171
991240
990307
9784
992851
9058
990846
990022
991040
990320
994517
990865
9313
990446
9198
991441
9676
991250
9691
9739
994427
9019
992964
9527
990523
991715
992370
9546
993165
992183
994325
991008
994187
990635
994869
992103
994183
9292
992588
994602
991826
9301
9375
992618
991500
991520
9384
990049
994841
9541
9083
991708
992006
992699
990028
991852
994809
990329
9099
994014
994107
991411
990833
991019
990464
994327
994266
993878
993212
991224
994202
9656
994311
993248
993668
992124
9666
994008
991351
993723
992229
991068
994029
990178
994076
991509
991980
993880
993864
994296
993409
992991
990779
991171
992388
994454
994341
990331
9244
990521
9840
993641
993016
9735
9049
991005
994560
993140
991065
993625
991962
994943
993142
992913
9399
990998
9255
992189
994979
994524
993958
993107
9682
993923
993351
991528
991286
9554
993781
9797
994368
990150
990439
991707
992046
993304
994885
992278
994199
991807
994842
991931
994758
993349
992906
994475
990511
9804
994481
992262
992941
991701
990861
991151
993932
992921
990240
990104
992582
994382
990152
994754
992826
991105
9262
990830
993411
993044
993854
993706
994692
9851
993192
990459
991590
990275
994235
993023
993272
992174
9210
994595
991851
9195
991375
992104
990706
991292
990121
994779
992630
994181
994082
993119
990812
993264
9077
990390
990172
993331
992601
990645
9738
992904
992995
991020
992437
993603
990449
991722
990939
990132
9009
991523
990105
995000
993798
991789
994179
992083
993536
991906
991552
994383
9331
994474
992782
993572
994532
990042
990486
993145
994239
991542
994080
993965
992933
993820
9811
9450
990681
993857
990847
993508
991808
9089
9290
991285
990625
991696
992187
992878
993027
990694
9540
994324
992696
990165
9145
9618
994023
990805
991256
991018
994164
9337
990906
994197
993077
993691
990934
994121
991327
994820
991873
994362
990056
993608
994037
993065
990784
993589
993779
9819
9414
990537
993467
993618
992038
9098
990243
992763
994723
994417
994410
992515
994891
991545
993333
993915
990922
993019
993698
990648
990156
9142
993974
9492
990080
990530
992619
994626
994260
991986
9729
991680
992745
9677
990110
9214
994188
992527
994225
9066
990883
990666
9764
993693
9299
990060
994333
991710
990209
993122
9894
994987
990082
992559
991977
993329
993848
993966
992576
9570
991705
990408
992243
990417
994675
990225
9534
993430
9031
9872
992528
990563
991295
990873
991670
991979
994587
993926
992944
991532
990308
992810
991736
991790
9842
994272
991771
991220
991273
9018
990968
990549
990312
991475
9433
990954
994163
992764
990007
992374
991392
991748
991618
993067
993551
9810
992762
993481
993181
994147
991176
993597
993911
991417
990813
991303
991792
990353
994316
992468
9063
994593
994464
990143
994414
991987
990146
9201
993714
992642
992504
990111
990003
991719
994721
990513
9149
993185
9850
991473
990052
993872
991664
9645
991038
990127
991069
990993
993373
992567
991060
993173
992113
993424
992448
9864
9874
992667
990134
9836
992239
992056
994423
994388
992726
992403
9725
990268
992205
994447
994109
993859
990471
992339
990745
9595
991470
9888
993228
990256
991294
991915
993358
994858
993992
991693
992246
991837
990046
991963
994654
991355
993225
994958
992155
992335
993529
991917
991169
990388
993286
994432
991367
991191
9873
991777
991382
993470
994468
990429
990693
994574
9044
9711
993158
34
994826
990891
991767
991621
990259
990962
993914
990716
992481
994785
993262
991999
993075
9637
9608
9624
994573
994639
993951
993003
9267
993643
9067
992546
991869
991002
994057
992586
992890
9258
990030
992803
990815
994079
991091
993532
990250
9240
991004
992164
990231
994610
991090
991397
991647
994710
9866
990239
993678
993032
990909
9701
991270
990966
993474
994859
9814
993924
60
993593
990848
993525
991888
992676
994853
990286
994672
992324
994284
991164
9531
994253
9369
993856
9545
991231
990684
990964
994635
9880
990488
80
993959
991636
9699
990314
993635
993534
993278
992536
991794
993583
994498
9766
990857
991317
9439
994995
993822
990348
993357
992108
991553
994637
990365
992639
994176
990675
991976
991569
994271
991139
992281
993533
993295
993950
991023
992990
990564
991437
58
990406
993796
9762
991403
9123
990248
994389
992350
990600
991485
992315
992118
9427
991690
9038
993833
993667
990098
992058
991343
990766
992778
992031
990728
9726
994747
992665
991924
994582
990044
992840
990462
9011
994520
994920
990192
990301
990672
991684
990484
992661
991471
993289
990470
990516
993660
991376
9597
994947
9373
990868
994470
990832
990610
993446
992456
69
993739
990572
9253
9827
992930
990944
994300
993760
993471
992395
993702
993078
991603
992238
992740
993747
991817
991326
992715
990724
990618
991217
993812
9513
994060
991193
994059
993276
992454
991162
994118
993261
9501
9563
990214
993031
82
993493
9588
9664
991152
992731
993305
991612
991386
990937
9490
994929
990641
990242
994585
992298
992009
993838
991076
994042
990748
994134
992487
9425
992656
990794
9862
993794
994409
991077
992814
9535
990756
9640
990768
992610
994334
992685
991638
992804
991089
993079
990509
990027
9687
993458
990620
991341
993511
991438
9722
994902
990328
49
993520
991698
990973
993816
992717
994314
993975
9054
992168
992607
991206
992957
994105
994583
990556
991003
9885
991713
991212
992798
993976
994053
993208
991196
990665
991433
993157
990908
993005
994435
992550
991699
991824
991036
9507
993510
994098
992057
990126
993721
9091
991096
994418
993222
991645
992674
990360
994255
9280
993086
992885
992089
9014
991625
990387
57
993338
9079
991706
994115
993952
990989
994416
9282
994604
992510
9151
993385
992129
991497
993688
993433
992827
992377
991574
994297
992797
994359
992037
994790
990578
9849
991829
70
992831
994882
990183
994303
9275
990141
990177
990810
993282
994401
990498
9133
9068
992109
993905
993522
992774
992049
994320
994455
9141
9055
994214
993074
990867
993844
993419
9514
79
990917
990838
990840
994804
9458
9071
9479
993666
992485
992891
994002
991897
994241
994232
992419
990571
992017
990424
9697
992379
994969
990345
992151
994874
994088
9569
990719
993367
992265
991099
990448
991548
994855
9056
991554
990863
994525
991276
992193
9059
992912
994625
991656
990817
994141
990720
992130
992898
993644
994204
992165
993849
992227
994845
9237
991725
991409
990820
990272
993489
993675
990254
990730
994340
9846
992775
9082
991755
993028
994837
992641
990075
9415
991571
9566
994651
994514
990508
993207
992417
993991
990997
993054
9456
991925
994190
990041
9605
9309
991611
992686
990760
993808
9838
992678
994674
991958
990671
992732
993847
990560
994563
992839
9821
993647
993901
9471
9704
990652
991335
992766
990148
9730
994992
9403
994870
992880
993687
992479
9815
991720
990581
991588
991644
992767
9423
993550
994741
990379
991383
993210
990377
991205
994944
9470
991390
990613
992146
992595
993741
9189
9394
992967
993628
993204
992776
992276
991760
994983
994985
993447
993554
991079
994865
993610
993221
9602
991959
992303
994683
992931
991046
991671
9424
990985
994623
84
994200
993867
993748
991054
994905
994349
9610
994487
9197
992334
991563
994281
993650
990244
9407
990445
9154
9037
9516
9153
994575
991032
991835
992996
992088
990437
990836
992928
990603
993631
991222
9663
992308
9448
994058
9251
9017
994374
991663
991763
992404
993837
991202
9574
990258
994949
990058
990203
991853
993050
9736
9650
993841
9106
990881
994709
992772
990349
993468
994609
994713
993326
992714
991492
992439
9454
993769
9250
993383
994939
992323
993772
9288
991132
992806
990216
992737
990982
994659
9372
9500
994825
990072
990021
990123
991880
992055
994398
9328
992728
992838
993785
991572
992060
993558
9347
9461
991442
992553
992415
991074
994370
993780
994139
991291
992212
993701
9749
993336
993774
993150
991233
991966
993223
994718
9213
993082
992807
994988
993718
993727
994184
990843
9542
991524
991479
9745
994598
64
992047
9064
990527
994307
994306
992080
993371
993377
994490
990844
9209
993490
992207
9295
9171
992736
992065
992730
991734
990267
990792
990409
991954
992432
994875
994093
990453
994156
990069
9714
990245
994698
990451
993455
993235
991961
991010
991422
991613
993871
993449
990456
992518
993026
9861
991287
993661
994973
992390
992982
990251
991919
994691
990013
993576
991929
993167
992391
994832
9837
990326
994515
992682
990793
9199
990005
9665
992440
990255
992596
994640
992783
993505
994552
994864
9345
9137
992934
9753
9005
990554
994883
991862
990837
990494
990520
992296
994726
990018
990738
994945
993818
992462
991662
994154
994703
9600
992592
991208
991724
9327
992385
993724
992825
992160
992024
992260
994342
993642
992626
993716
991687
9104
994277
991697
992004
9193
991773
991630
994975
991653
991078
994993
990099
991487
9635
994507
991453
992534
990237
17
990767
9671
993345
993459
991026
9041
993506
992475
994261
992572
992271
81
991930
992200
9891
9003
994148
993340
991314
990646
991768
994601
991070
990686
994647
993312
9053
9495
994588
991675
994787
992683
990191
992002
993735
9828
992666
990142
991818
9755
993172
993473
990781
9376
992523
9371
993464
993877
990611
9231
994972
993708
994460
990811
993960
990699
991306
9412
992115
994048
9832
992302
9192
990289
991034
9858
9278
9235
994567
991904
991677
991695
991733
991011
991991
992247
991464
991324
994926
994420
990025
994344
990948
990431
992033
993925
9560
994354
993151
991359
994390
994155
9324
991882
994068
992874
993827
994877
9561
991173
9281
991620
9807
991461
991021
993009
990804
992597
9882
990435
994403
990418
9385
993214
992144
992531
994482
992569
990130
994208
992846
994144
991598
990536
993544
993672
9336
9272
9340
992564
991731
990764
991502
994778
990630
991082
991247
9897
993412
990541
994280
9614
992216
994122
9636
993899
991241
993514
9146
990884
991721
990941
992003
990334
9395
992457
991834
993904
9042
991504
990487
992148
9135
992842
991394
994990
992651
992590
993765
990864
9162
990691
992364
990330
991495
993097
994799
992455
990870
990787
990656
990299
992061
990849
991935
991153
993605
991435
993254
990333
991631
991526
994827
991357
991782
991219
991788
991123
993968
9326
990411
992929
994852
993591
992236
9088
990942
993995
993829
992956
992614
994270
992500
994763
991918
993037
992793
992895
993313
9026
990368
993879
994954
990160
9406
991661
9257
991903
990856
993504
993462
993359
991839
990477
993617
990928
990606
9868
991538
994013
993230
77
991544
9518
9134
992693
992100
990074
994502
994714
9409
990019
991501
991517
993639
991822
994391
990176
992145
991149
992844
991607
992001
990479
992538
991044
991348
990570
9509
9689
992723
991087
991628
992361
992801
992824
992431
994888
992353
9422
991797
993927
9489
993013
990158
991950
994544
991992
991886
993831
9884
990376
994471
9343
992304
991723
993081
993129
991381
994615
993553
993197
992849
991203
9161
990561
991785
990776
9505
990102
991269
990866
991994
991033
990897
992142
994406
991319
992734
990266
9889
993083
995009
994650
9896
992927
992983
993547
990701
991772
990412
993280
994216
993548
992499
990290
991657
993928
991431
992892
992985
9404
54
990478
994330
992197
992221
992882
995001
993309
994922
994483
991035
991484
992007
993729
992671
992251
991781
991537
990119
990769
994399
9718
992355
992184
993689
992157
9716
990925
991861
993990
991177
990687
991912
993448
993414
9625
991833
992019
991627
991112
993155
9247
993595
990753
990912
993148
9675
992779
9475
992954
994643
991549
990093
993882
993070
991237
993754
9062
9533
992476
994680
990020
993441
994291
78
994974
9626
991209
9405
991379
991596
994761
9709
992411
993845
991840
9230
994497
990252
992577
992948
991401
994653
9825
992340
992028
994150
991245
9708
990789
990663
990626
992975
990619
994648
991634
990547
990592
990321
991884
991223
994094
994196
993638
993296
992035
994663
9051
9396
9159
994773
85
994704
991956
993203
994493
994568
992378
9791
992263
992131
9007
993805
993889
993011
994613
992542
994488
993205
990063
991346
993556
994677
993579
990493
990050
993249
993876
993787
992008
991591
994038
990627
992688
991128
991609
990499
992289
990969
990845
994733
9271
994113
9413
993100
992022
9109
993501
9361
991649
990204
991030
991194
994594
990765
9028
992902
990653
991158
994618
9572
993356
993238
9649
991745
994690
991028
992790
9809
994696
994243
991195
992984
992166
992097
994142
993434
993792
992759
991816
990539
993392
994546
990327
990877
994067
990888
993240
994234
9186
990588
993963
993055
9092
994245
993391
993130
990325
991535
993795
990737
9101
992211
994963
9125
993949
994900
994157
992486
993539
993811
992654
991400
993942
990090
991114
991022
9783
991597
994012
991257
990151
9127
991878
990718
9468
9879
9296
994508
993734
994294
993332
994211
991268
991178
994952
991406
993017
9591
994491
994936
994365
993002
992837
990207
9847
993705
991944
9065
990480
993907
994786
991774
992754
990012
990893
991928
992209
994597
990281
992219
992932
992244
991399
993565
990972
991407
992988
993408
994288
991283
994404
992217
993916
9000
9522
992989
994381
992474
993855
994343
992074
992859
993135
993862
992947
992875
993573
993190
991480
993317
994685
992256
994251
992516
992691
991507
990397
994380
993030
992625
992261
9269
9215
994784
992021
994866
993967
9778
993090
9334
994965
994645
991617
990650
990960
994918
992652
992920
993407
993372
994217
994201
991080
993809
993938
990053
991061
991144
994056
991674
993986
9012
992777
991866
993513
991227
9176
991522
9526
991155
993022
991651
991550
990522
9120
994771
991440
991832
991425
992466
993341
9483
992094
9839
992272
991419
9616
990026
991496
9751
992910
991101
991626
991667
994231
992442
990828
990179
994522
990871
990755
994206
994843
990284
994124
990392
990927
992180
991364
991138
993814
9670
991874
9523
992299
992694
991056
991027
990773
990943
994269
992310
9148
993406
993766
9794
994535
993281
991952
991436
994224
993321
992482
9785
993799
994772
993364
992857
9829
994679
993761
9790
994138
992149
990414
990145
990318
990918
990230
992158
990552
993866
994695
9001
991576
9818
992703
9865
992416
994935
991342
993252
990983
990313
991729
993146
993193
9027
993316
992198
992773
990336
993404
990223
991863
992747
993461
993040
993348
993930
993297
990808
992820
994737
990740
9029
993393
994489
993562
990153
993209
992869
994956
992443
990729
61
9180
9841
990796
992292
9732
993469
9222
991547
992490
991263
992433
993093
992136
9660
992609
994054
9801
994757
993436
992780
9229
992400
993184
48
990144
994492
991365
992640
990410
990416
9410
990628
993243
993423
9770
990232
991749
992407
994921
990350
990752
993004
994256
991985
994087
994729
9128
994901
992761
993247
991347
990300
993500
990852
990161
991836
990597
991754
991658
991215
994285
9599
990107
993144
9692
991165
9339
992749
990434
993094
990743
993620
990023
994986
992955
990938
991672
992997
991050
994801
991876
993137
990113
994970
992241
991253
991467
992965
991322
992834
994170
993515
9615
992112
992357
994347
990669
994312
990257
991323
991049
992871
993751
993260
993294
9463
994868
991936
992045
990736
992447
992498
9047
993224
994413
9136
9617
993076
991430
9008
991905
992402
9823
991192
990548
992125
9789
991804
992039
9252
992489
992903
992535
993106
994137
991086
994422
992900
994547
991264
9070
991388
990124
992135
993318
994911
992329
9803
990902
993138
993453
994769
990913
993894
89
990834
9202
990708
9245
9620
991498
990696
9476
991148
9517
993598
992942
993896
990566
992248
991024
994100
990136
990401
992750
992093
993830
9426
994140
991157
991017
992788
994526
992312
994299
992794
994984
994527
993370
991642
991071
990035
995003
990553
992154
991632
9480
9780
991154
993287
991795
993868
9285
994978
994658
994872
992210
992816
991821
990440
990544
9859
9452
993049
991393
992321
990880
993062
9248
992751
990184
992973
9102
63
991593
990011
992141
994302
990076
9360
990896
994743
991380
992702
993334
990604
991940
9696
991370
9472
992116
990952
993285
994046
990339
991521
990226
990584
991757
990788
994000
991254
993353
994478
993690
994394
993417
991608
992738
992653
993738
994097
991652
992545
9690
992883
990004
990929
9316
994001
993187
991843
993381
994205
990335
9242
993233
993116
9604
994287
991848
992848
994592
990978
993216
993559
9243
9224
991058
9238
991282
994419
991770
9383
990926
9187
993290
990762
994099
993482
994412
991541
991172
992311
9756
992128
990935
991185
9172
991229
990542
991460
9428
994722
990882
990489
992202
992075
990358
990396
994562
992338
990712
993128
9050
991366
991041
994132
991546
991043
993191
9025
994203
990644
992962
9043
991110
991048
992428
994494
991894
993731
993981
990347
68
994678
994641
990343
992286
990048
992449
993024
993996
991179
994991
991570
991260
990946
990636
993697
994735
993677
993112
994114
993892
991750
991610
9418
990535
991741
993160
993347
993256
994017
992105
9628
991505
9705
992169
990798
991650
993217
993269
992549
990247
992724
992808
994549
62
994007
9221
9217
991784
993685
992936
9076
994331
994043
9698
991446
993582
991344
993919
9473
9366
991938
990357
9612
992386
994395
991665
992214
9191
990558
9441
994760
9539
993873
994867
991141
993110
990905
991751
991709
993801
992030
991799
990264
991948
992789
994533
991414
992735
994319
990057
994749
992279
993061
990106
994322
990159
994049
992064
992866
9717
990974
994584
992114
992284
993909
991875
990086
992470
992634
993368
993466
994259
994660
990359
994495
990229
990166
994458
993472
992897
990065
992451
992979
992330
992287
991953
991700
991258
993380
9469
992110
994746
993956
990576
993819
992923
993429
993374
990481
994355
9559
991838
9156
9150
993328
9700
994632
9593
993612
990783
991648
992521
992785
994328
991029
72
993109
992819
993527
991972
990517
994536
9401
992126
992915
993149
994586
994803
990642
992345
9194
991187
991922
993585
991803
9587
990472
992555
993182
9622
992687
9530
990205
991280
9715
994889
990692
993324
9723
993488
993674
993512
993978
994596
990476
994570
991604
992344
990546
990673
991637
991190
990660
993832
992230
994233
991857
9228
9289
990919
9314
991877
992613
993684
993897
994539
994461
9165
990678
992629
994955
991339
992963
992645
990189
991921
990218
990068
991920
9642
994063
993941
9416
991137
993147
993654
993443
991847
990452
991184
991579
994519
992122
990038
993835
992646
992813
993025
990976
993649
9335
992508
9358
9459
990624
992741
9420
991907
991296
994796
993936
991321
994136
9084
990911
992356
991255
990751
992333
994977
991881
991210
9387
993382
994727
992020
992580
990092
993836
991955
993426
994194
991678
9015
991246
994630
993502
991009
991727
994836
992815
991412
994980
994744
994400
9344
991378
991997
993893
9207
992098
9112
991051
991284
990639
994765
990095
990986
993211
9805
991454
990557
992191
9408
9575
994169
993720
991039
994369
994599
9004
990221
994425
993198
991384
993231
992300
993789
9273
990735
993133
993943
992078
9227
9787
994257
993658
992829
9362
9706
991174
992294
9430
9072
991978
990959
993051
991124
992309
993343
994229
994377
994904
994665
9648
991825
990078
991730
994856
994095
993699
990260
993961
990759
990187
993068
991120
990036
990436
992502
9824
990091
990744
993226
993431
994236
9808
994469
9178
992010
990450
993997
992208
991329
9661
990992
994541
990916
993934
9668
994642
994028
994998
993839
993330
993242
990034
9669
993369
994402
994572
991333
9391
990599
994540
990531
992909
994781
994066
993096
994571
993516
991568
9486
994611
994706
993344
994073
992406
991057
992018
992743
993302
991012
992888
991718
991516
993662
990920
993935
993852
992459
992953
993251
992252
9429
990979
993085
991703
991085
9601
990697
994473
9713
9381
994907
991251
994967
994034
9163
993257
990921
994617
992604
994834
993300
991683
991859
990519
9325
9130
990551
991385
993397
992054
990629
993874
9852
993403
991503
994755
994329
990703
990757
9781
994906
990690
991107
992343
991536
992025
991704
990640
9727
992907
991898
9111
990749
990950
994459
994667
993549
994378
52
992446
9158
991109
990775
991494
9651
992537
992438
992026
990249
990806
995002
990432
994833
990455
994308
991995
992143
994830
9233
992264
9498
991933
990859
990195
9030
994914
9754
9276
992070
993497
992434
991615
993973
990045
991744
9639
993014
991578
9032
9564
994252
994065
9332
9435
994894
9654
994248
994077
991759
990180
991261
992337
990273
990220
991828
990474
9234
991408
993460
992319
992530
9279
991369
990617
9886
9532
990186
9445
990262
993669
993767
990316
992616
994274
991776
9643
994286
9631
9390
992781
993246
994603
994027
994309
992194
993673
992799
990438
53
991121
991103
991458
991221
990084
9100
992756
992899
994061
992802
991298
990302
994083
993826
994728
990344
992870
993229
991974
994913
9813
994670
991668
994108
992497
992615
990382
990403
994207
992492
9703
990378
993279
990167
992493
9772
990188
991783
994638
9090
994116
9160
993325
992638
991849
994366
990726
86
992795
992199
990029
991909
9655
56
993048
993394
990616
990854
990887
993804
993912
991934
992050
990931
990621
992076
990550
994096
994770
993039
990739
993561
991592
993800
9359
994258
994989
993089
990393
993886
993438
991512
994338
991879
994775
993775
994074
991585
994966
992327
993757
992132
990370
990533
993283
993843
990031
990955
992259
991981
991063
990354
9105
993908
992556
991830
994353
992371
990512
990875
990500
994301
991337
991443
992664
9268
9584
993545
9277
991113
990791
50
993737
992188
994295
992087
990157
990364
992628
992517
993072
993858
990467
9239
990346
992524
990981
994444
993972
990532
990037
993552
994622
994035
993846
994326
9503
991354
993201
990059
994551
994537
9831
990782
993663
993152
990734
990872
990355
993526
994633
992381
993386
994112
993728
991605
992226
9304
992156
993186
993365
991345
990822
9627
990402
990423
9322
992179
994298
9765
991752
992220
992133
9795
994942
990485
992811
992568
9411
992981
992063
993540
993202
9728
9695
993291
990990
994898
992253
992285
990341
9777
994903
993570
991945
993764
994351
992968
991302
993492
991483
992987
992159
992268
994006
990129
991188
9855
991796
990015
992600
9647
9680
994003
991472
993444
992949
994950
992488
990634
9293
991885
993265
9822
991902
993310
991551
993758
994919
992313
994345
992196
991349
993200
991514
993834
9623
993733
990858
991238
994173
9216
76
994768
991932
993980
991635
991589
992134
991350
990428
994126
9621
992473
992480
992708
992970
991474
990515
994160
994198
9097
990829
993457
993362
991738
990008
992099
993451
992274
9353
991629
9685
9436
993179
9183
992993
992867
994851
994550
993416
992491
990010
994871
991304
993293
990622
994569
993098
993557
994700
994071
993178
991372
992796
993955
990594
992012
991982
991743
993491
990731
993883
991232
992971
993659
9350
993656
994655
994318
9826
9672
992843
993177
994513
990051
992016
991513
991031
990894
994101
990114
993420
9748
9036
992755
991211
990661
992602
993736
992939
992297
994917
992283
993389
991218
51
993465
993080
991199
9119
992068
991146
991633
992720
9140
990422
993339
993906
9164
992960
991927
9644
994407
994408
992322
994321
992771
994165
993125
990483
991094
992925
991910
991949
990965
993546
992526
991421
991941
992716
991899
993007
992768
991858
990596
990101
994279
991468
990707
992072
992853
994052
992320
993655
994313
994946
992636
993994
9139
9515
992976
991889
992548
991506
991000
990700
9786
990469
9883
992014
992612
993478
994669
991216
991975
991583
992999
991864
990577
994892
992558
993524
991189
992326
994702
990169
992301
9707
992137
994925
990664
994581
990400
990292
994879
993194
991714
992539
990190
993633
993206
993568
991746
993946
9312
66
991561
993314
991097
994304
994372
991854
994264
990100
993810
990608
993250
991844
9798
992029
994510
991305
993162
994276
9184
990116
993813
994644
9061
992821
991499
991410
9585
992860
992958
994684
992106
992000
994941
992066
991883
991131
992328
9206
990598
9013
992746
990670
990138
992293
990002
991606
993001
9152
991092
991275
994033
990224
992023
992765
9646
991529
994566
993640
994556
993288
993346
992095
991249
990363
990061
994044
992275
990612
994996
991666
990725
993670
993982
993875
994910
993793
993971
992483
994426
990039
992077
992594
994512
992237
990457
992288
991559
993939
993778
992396
993000
994265
990073
990565
993335
992204
993227
992190
992945
993124
994614
9094
990430
9179
993680
992978
993619
9634
991946
9175
994462
991290
991957
994694
991939
993665
993099
991455
993442
992331
994558
992291
990717
993711
994664
992013
992707
992041
992966
9086
992397
991971
993387
990168
994337
991983
994180
9568
994732
991368
991160
990466
993933
9002
992424
991465
992172
991659
991511
9317
9144
990369
994959
9444
990282
991960
990831
994671
991775
993842
993396
990835
994456
993063
9305
993495
990380
994445
990371
9464
992372
993828
993432
993580
993931
994047
994210
9684
995005
990855
990590
994687
990227
994030
991737
993853
990680
9681
9652
991993
10
994777
993645
991660
992841
9167
994924
994496
993008
994289
993484
994928
990122
994393
990375
994120
993425
990705
990750
992711
993131
990528
992770
991331
992727
9006
994916
993788
993970
991045
991183
993035
993636
9377
991452
992573
9046
991416
9208
991463
992918
994730
994612
990949
990265
994745
994230
991439
990876
992267
990758
991692
9319
991340
991531
9788
992800
993292
993988
994457
991686
992525
993413
990651
992052
9782
9571
991747
991539
992036
994384
992107
993903
994666
990444
991075
992332
994020
993422
990215
991228
992624
990507
9379
992495
993379
991669
990609
994436
990217
992823
991301
992786
994634
9023
992769
992938
994387
994981
994565
992418
994620
991404
994431
994172
991274
990097
991037
991865
992445
994884
993234
9348
992347
9878
9734
992621
991673
991234
992873
994501
992472
992469
993073
9898
992192
994240
991116
992053
9802
994711
990924
991145
992351
994579
994589
992150
9658
9261
993651
994421
991793
991102
991140
993653
994158
993885
990366
992855
992672
991845
990120
991855
990291
994750
993271
990506
992233
9039
992725
9073
993159
994081
9200
991679
994564
992127
990280
991787
992896
991508
9124
993483
994752
992085
9521
992791
993770
995008
990473
9485
994608
990404
992856
991426
992044
991968
991739
9580
992249
994367
994104
994244
991769
992914
994751
993452
993777
990269
9740
9355
990384
993033
9760
992833
993060
993564
991170
991200
994152
994221
993327
991601
9185
993253
994453
994442
992235
994580
994050
995007
992092
992082
992805
991728
994934
990963
994022
992277
9576
990579
993763
994923
991272
991525
993215
993069
993450
990361
991575
9392
9502
991230
990193
990770
993399
994443
990947
994159
992758
9474
992635
992884
9659
9779
991391
991213
9351
992392
994162
993753
994937
994940
9298
994948
993596
993752
990381
992643
990587
992081
994682
992380
993998
990714
992086
75
993630
990271
993937
990040
990994
990647
992059
990064
990263
992362
990890
994742
992561
990441
994628
9875
992644
994776
994168
992943
9478
994016
990574
992409
994428
991150
991088
993059
992425
990685
994438
992692
992471
991371
992876
994213
994997
993861
9219
992266
9357
9291
992760
991277
991943
990463
994503
991640
9609
993629
992348
991062
9548
994102
994927
994794
990879
992709
991104
992879
990496
993746
994999
9549
990386
994283
991527
992318
9287
991186
992617
994192
990294
990632
994759
991577
992649
994267
994631
993092
992123
991641
990702
993541
991459
991297
9848
994962
990149
9867
994055
990580
9487
992387
991466
994072
994323
993722
994509
993121
991726
990287
991643
993398
993577
991984
992405
994151
9504
993567
990405
990524
994486
994015
991567
991732
991214
994019
993756
990071
990631
994534
992698
993244
990790
992512
991252
992140
990741
992700
994559
990945
993052
991478
992583
993136
990930
992195
993921
990062
993241
990898
993825
9769
992551
9536
990298
991753
991134
991482
994915
991042
994064
991126
994816
990491
994315
992011
993543
992835
993850
9147
991072
993363
994693
990633
994463
994897
990860
991764
993195
9562
993440
9116
9890
993103
990586
992413
993682
9592
990607
993712
993168
992034
991389
9747
994254
992739
990895
993496
991201
994767
9382
991810
992435
991428
994938
993361
993518
992655
990140
992673
991373
993664
990253
991413
9417
993749
991424
991735
9816
990991
992574
991911
993267
992950
993320
9114
990825
994831
990118
993029
9525
990337
9367
9117
991988
991540
993010
993962
990109
991448
993476
992051
991336
990043
990170
993020
993105
993053
9567
992563
993569
9263
994850
990637
994912
9693
992713
9330
994591
994806
994930
9115
993922
991067
992394
991207
994069
9817
9528
992091
994153
991325
994780
994931
994994
990501
990433
9776
993189
991106
992532
992710
991786
993910
993427
991712
990772
9746
990198
9370
991819
993696
994511
990000
992167
9085
992478
994376
991266
990967
993823
993164
9800
994506
992422
993421
992359
992608
992161
992575
992784
992847
993123
991622
990869
991143
994275
994774
9761
994764
994646
991682
990288
992584
994348
994385
990780
993791
993745
992410
9131
991477
991405
990980
994218
990089
991806
990807
994396
993463
9020
991716
990279
992877
993616
9138
991122
990818
990534
992722
992940
991395
990545
992477
993581
993782
992742
992096
993870
991457
993036
993360
992792
991456
994578
992450
9857
993535
993232
991740
994484
993132
993517
9603
992633
992886
991989
994656
9035
9386
991543
994600
991387
992922
993355
990704
991947
992854
990070
994500
994621
993410
992507
994895
990569
993634
991432
992908
991914
994577
9419
993657
9667
9520
994465
993888
992863
991332
9078
994193
994835
990001
991352
990853
992436
993884
990786
994715
991518
9493
992543
993284
990495
992005
990754
9333
9887
992203
990591
992408
992632
993584
993166
994131
991820
994146
991462
990689
994025
993134
990582
994011
993139
994795
990246
993895
994951
992484
994386
991450
992421
990096
994004
992458
9093
994543
990219
994828
991765
87
990975
993006
990932
990562
9174
9241
991047
991654
994686
992170
994629
992684
992552
994026
992562
993695
990373
992062
993245
993681
993477
991926
993840
993111
994807
991890
991125
992162
992557
9052
990285
994676
993437
994242
992101
993611
994705
994135
993538
9578
992501
992412
990088
9438
993087
991398
992712
994862
993480
992554
994624
9352
994788
9323
9550
993913
992719
993126
993773
991168
992917
993797
9374
9034
9265
990211
990711
990420
992822
992503
88
9611
991167
994191
994616
9297
9893
990108
990154
993790
993038
991025
992280
9256
9354
994018
992420
992067
992373
992697
9302
990595
994521
993390
990771
990802
992316
990721
9596
9264
991942
991476
9529
990395
993771
991685
990514
9484
994133
9820
993750
992818
9606
993064
992893
9871
990851
992994
994219
992346
994857
990778
991156
993071
993957
993418
9421
991242
994125
993999
992757
990504
9806
991267
994863
993521
990112
992245
993275
993273
991558
994161
990342
993298
990850
991142
992675
991964
990668
991130
994415
994310
992273
993964
9557
992325
992520
992231
9365
993034
990540
9553
994103
992894
992706
990293
9451
993542
991053
994379
994262
9686
994753
9402
993587
993120
9126
993703
992858
990490
992705
993342
992952
9393
991423
991614
9346
993021
993395
993783
993175
991420
994350
994523
990816
994815
9511
992069
991515
993743
992627
9583
9434
991006
993485
993266
994561
990374
994249
991766
991226
991377
9737
9442
9024
993218
992881
9236
993439
992887
9447
9457
74
994873
992257
990033
990415
9750
991887
993319
990715
994688
9758
9773
993676
994358
994009
993057
9598
990391
990185
993762
994477
992544
9543
994740
993056
9577
993890
992393
9466
994467
9724
993637
992250
990399
994167
992234
994392
992121
9673
9081
994405
990270
993730
992721
992171
9320
991892
993953
990601
991486
992032
994673
992366
994890
990940
993239
991236
991055
994373
992040
994092
994557
993786
994681
994545
991108
994317
991016
9220
990732
994437
9205
9632
992701
993863
992889
993528
992571
991353
991639
994738
994782
994893
991916
991809
990538
993945
990163
994548
9590
991166
990809
994039
993594
992186
992729
993163
993354
994699
992363
994250
992152
994089
994238
991780
991846
992382
992295
9674
9307
994040
9524
990827
993475
993742
990555
991197
992511
990958
993384
993041
9579
992430
994899
993646
992465
990951
992972
994736
991119
993719
990777
992974
993607
991900
993456
991702
991133
993388
992228
993161
992695
993154
994032
993578
9494
994800
994371
994932
992547
993571
992218
993479
990502
990233
994627
990904
990066
993566
994829
994504
9173
994090
994293
991805
993918
9266
993108
992389
992605
994171
994724
994448
994555
991181
992429
991969
994424
994346
9166
994657
991557
9453
994439
994127
9380
990131
990615
9122
991066
993860
992519
991990
990936
992828
9853
9710
994145
993806
990385
994045
991362
994357
992603
990407
993732
9767
994195
990362
994793
9400
994237
990213
994719
993066
990763
9118
994084
991127
9744
9113
993499
993887
9774
993174
994434
991175
994451
994707
9537
993707
991444
990826
9833
992911
990234
993803
991374
9074
992961
994177
9143
990996
992704
990197
993759
9491
992977
990338
9582
990999
990296
990181
990032
993219
990278
992533
993560
993671
990683
994953
991073
9388
9363
9460
9565
993700
993153
994861
993183
992414
992232
992980
993574
992073
990283
9763
9431
993900
994817
993180
991469
993196
991923
