994268
994605
994805
990667
991083
994433
993588
990306
992620
992042
993454
994356
994887
994273
994717
992680
993601
993376
9467
992647
992581
991288
992441
9057
993046
993865
994661
14
992467
994246
06
00
9834
992368
9538
990482
993088
990332
990276
993337
992663
992540
993768
993400
9223
991278
9169
994824
993940
991396
9021
9181
993944
994516
991599
991896
990317
991565
9742
994149
994220
991098
991308
992566
992578
9190
993487
992307
992336
991001
993115
990323
994908
993726
992850
991655
991530
993303
993537
991602
990137
990162
993683
9449
994223
9556
990340
991312
992861
991913
990649
993169
993592
994227
990133
990383
992342
991248
990468
992376
992690
992560
994554
992147
992862
990933
994808
9368
994881
990677
993891
994846
9048
991872
990823
990795
992358
990674
994518
990277
990135
991965
993299
990492
991265
992865
990196
992151
992509
990988
994128
28
992027
992185
991180
993987
994185
991616
993268
9010
993104
993306
9364
991842
990175
990602
991762
991361
9016
994117
994472
9311
993401
991279
990047
993817
992529
992817
990461
21
990054
990839
991937
990723
991307
991299
9306
991129
990679
991081
990421
990886
9188
993954
991813
993308
992223
994823
991562
993600
992225
992444
991998
992541
994479
991519
993717
991688
993415
990505
9499
991136
73
990274
992138
994528
990206
992787
994731
993929
990803
992317
993604
994976
991289
9752
9876
9022
992084
993113
990824
991064
9586
992845
990442
993091
992623
990676
994143
9792
991850
990774
994091
991856
992224
992657
9225
993623
9653
994480
994360
991595
994860
990017
09
26
990236
9260
991814
990009
9877
990567
994021
992222
9087
992240
993989
990903
990801
993507
990761
994226
992460
9733
994010
990310
991624
992650
992015
994166
990746
9854
990497
994397
993815
990742
994352
994716
990139
990077
9662
992341
994375
9045
990573
990713
992181
993784
992677
992809
990956
991868
993350
993740
9286
990800
9741
990585
990655
9757
9843
990900
9398
993259
990389
59
992589
9895
994452
994849
992593
994971
992314
990212
994411
992744
9856
993118
991434
993615
993366
991313
9040
991860
991895
993311
9177
993171
991586
9310
993902
990525
991582
9294
994964
994041
991761
992177
991802
44
993176
994840
992565
992916
992043
991328
993755
992163
991689
992579
993102
992591
991800
995004
990304
992868
991445
990901
992352
992514
9196
991600
9129
9845
993709
65
990698
993042
993898
994789
992426
992354
992631
993405
991717
993012
993694
991316
9465
992349
992367
990155
994821
9558
991052
993881
992905
9318
990643
994290
994078
992153
991084
990819
9254
990426
993322
992496
994797
990797
990923
994701
992360
990419
990117
992071
993519
9321
993948
990425
9437
990971
993627
9679
994933
991534
990174
992622
990055
993531
993979
990164
991309
994212
990682
990115
993045
9211
994553
42
991014
992175
992369
992733
992254
992662
991093
992570
991908
992461
993692
991059
991564
992689
9759
991100
990899
991318
992427
41
994766
992937
994822
993043
9629
993199
993744
994844
990394
991402
992926
992992
994590
993920
9544
990987
992215
9844
991566
991584
993503
991013
990235
994292
992213
990529
993352
990657
993632
993704
9720
994607
990016
994119
991560
9107
993486
994712
991358
992182
992306
992375
990583
990199
991451
993606
992959
993114
991161
994129
990722
993140
993590
990503
9594
993263
990892
990465
991758
990087
9300
991225
994430
993563
9793
990605
992269
991491
990984
992305
992832
9303
991711
990372
993378
990147
993375
9633
992290
9581
994792
9613
991791
992384
994005
991973
991891
990261
993141
991867
9666
991619
9835
9552
9830
993165
993258
993983
994209
9688
9694
993917
994174
9477
991163
9860
990085
991779
9607
991967
993985
991338
990821
994086
9246
990842
994111
993018
9812
995006
9308
993402
992120
993969
9721
992365
993015
990747
992139
992836
9462
994802
994222
991415
9455
994968
9132
992079
992242
992660
992090
9771
993142
991300
994228
991594
991580
990709
990128
990589
990638
990356
990202
992648
991691
9274
994854
9519
990173
992668
994440
992946
991095
991742
992423
994810
993614
9329
994361
993613
9155
991823
994441
993237
991815
993802
994791
994031
991244
991281
994186
9349
71
9432
991135
991240
990182
994062
992852
994538
992117
991533
990814
992173
994429
992401
991262
990654
992951
9482
990841
994215
993188
9869
993509
9103
993095
993851
9182
994036
994325
991581
990575
992670
994756
9683
994961
991330
994530
9743
9892
990194
991243
992919
990324
991065
9060
9712
992585
9218
994896
993648
9440
994282
992494
991293
990874
15
992812
991360
991906
9731
994110
990961
994364
994943
991893
994869
993307
993530
9589
992124
990977
991493
9506
990889
992606
991827
9899
991235
994636
991182
994247
993143
991901
991951
994748
994841
9638
994085
990297
992658
990081
990662
992921
993621
994668
9496
990238
992998
993878
994107
9168
994576
991118
993027
991311
9096
990710
9555
990351
993315
9232
991115
991147
993323
994820
9443
994499
992582
994024
9641
990846
992598
992258
9338
990006
990623
9099
993373
993880
991587
990475
9784
994675
993776
991239
990513
9121
991852
994305
991555
991826
991676
990049
990659
990625
992637
993409
992913
993668
991019
991356
9510
993445
991427
994106
67
9284
991198
994524
9270
990910
9108
9481
991980
994324
990305
992383
993702
993127
9095
991171
994485
9678
994885
990779
992255
992453
990446
992522
993236
9204
994909
9512
992119
992872
994721
990454
994427
990427
990024
990727
994164
990907
991040
994876
9796
9397
994449
992830
994263
994739
992006
991500
994838
991259
990443
9292
990733
990559
990125
9546
9619
994619
991285
994029
991841
993723
9719
993145
9657
994178
993575
9170
9799
993225
994327
993274
55
990303
992437
993255
992901
991449
9198
991811
992906
9341
994076
991681
990022
992969
991447
9836
994183
990658
9863
9881
991363
992991
993016
992659
994762
9244
994341
990208
991931
990706
992174
993686
991590
994626
993192
990970
990295
990152
993107
990954
990413
990805
991701
993821
993706
991528
9399
990883
990352
990694
991708
991204
9019
993494
990865
990464
992468
992699
994593
9249
994037
992513
990521
9110
990240
993536
992464
993958
9676
9255
993864
994708
990398
9033
992588
991873
994199
990878
994335
991962
990458
990171
9301
994008
991510
990210
9768
9424
990635
9804
991008
992878
994809
994697
994187
990201
991286
991105
994225
993044
9058
994720
994239
83
9735
994542
994362
9630
990672
990833
991250
992527
990915
990914
990447
993047
994121
993212
991005
993869
992481
991707
994475
990593
992370
994296
9656
9375
993508
990390
991790
9811
993019
994754
991295
992403
994505
991441
993807
993603
991224
993523
9069
991411
994957
992618
991736
993248
994197
991646
9497
993781
993181
34
9066
9682
992904
993555
991007
990222
994179
993119
992667
994181
992630
992964
992752
990939
994476
992448
993932
994573
991807
991670
990104
993435
994982
991176
992924
990320
991542
991715
992048
992933
9446
994023
993122
990449
993101
9203
991520
990308
994382
9540
991851
993698
993923
994481
994079
990127
992103
990315
992262
994278
994432
9551
993272
990518
993551
990042
990993
992229
993779
994311
992183
9775
993691
992155
991020
992941
994692
994891
991831
990353
993693
990439
994202
9541
991367
991351
994649
994689
993641
990331
994529
994839
9080
990830
992528
990813
9851
993023
994979
991470
990209
990847
993264
991509
994779
990178
992676
994266
990143
993474
9866
992745
9195
993411
994587
993625
9570
993065
993589
990156
9075
991068
992189
994454
991996
990241
992798
994842
990645
991036
991151
990121
990523
992995
994014
991002
994652
994595
991722
991397
990484
990408
991871
992270
9840
994725
992374
993220
993820
991987
991771
9608
990329
994383
992576
990953
9237
9262
993430
994517
990172
9725
995000
993222
993534
990862
990192
990922
992763
990868
9414
990998
993798
9098
994388
992057
991418
991684
993628
991693
9077
991545
993075
994858
993848
993351
992485
9145
994790
993338
993077
9226
990080
9009
990934
992388
991647
993597
994602
992851
9259
993608
993966
994368
993572
990056
993286
9738
990256
990812
992567
993158
994080
9299
991532
990307
990105
991986
991618
993631
60
9331
991256
9702
9810
993911
992046
992696
994374
9722
990470
991869
994189
9819
991497
991038
991392
9842
994260
994585
992611
9492
994637
993609
9764
9210
992278
991382
990275
993467
993667
993993
992619
991705
80
990165
993992
990488
994333
990110
994447
992504
990556
990666
991294
991523
9450
993859
992810
991292
9729
993173
9283
9645
991719
9049
994134
991808
992726
9123
991789
9677
994574
991664
991164
991429
990728
990966
991603
994654
992038
9531
993032
992536
991193
9313
9870
992782
990857
990815
992890
990906
994272
9797
994253
994532
990537
992990
990417
9534
991327
990030
9063
993532
993424
9699
990429
9337
992656
990766
990530
9384
994468
990724
994109
9618
991552
992102
994410
994859
992840
994147
993675
994855
993331
992205
994474
992930
58
990132
991004
992546
993470
992515
993481
991792
994105
993974
9201
992339
990486
993493
993965
994958
9874
992324
992113
991817
994082
9894
994417
991621
993915
993329
992108
991917
992764
993872
990471
993976
990387
992104
991375
990516
994139
994464
993760
994758
993228
991794
992944
991018
993854
994059
990225
994672
9762
990563
991077
992187
994639
990083
990046
9766
993643
9739
9691
992595
9011
993857
990784
993067
9373
994560
993278
991069
990748
994723
993714
992661
993333
992740
9527
993950
993678
992118
993079
993150
990745
990810
9290
994826
991824
990873
994423
990150
9554
992246
993357
993367
9240
990111
993003
990848
991612
992056
991976
994414
49
993525
992717
990060
991433
993741
994176
990301
992281
9082
992601
9637
991162
992083
991977
993058
994334
991191
991979
990832
9141
9369
994710
990600
990183
991437
990549
990239
993383
990259
991835
993078
82
992017
992826
9089
990027
990231
993471
993446
994987
993349
9214
990768
993794
990610
9873
992276
994300
991777
993618
993304
991471
991152
990716
9885
992778
992762
990177
994610
990328
9597
990406
9614
994349
990250
9850
990007
990248
990424
990964
993747
990641
991417
994747
9827
990028
994316
991231
993074
990099
991060
992928
990459
994785
9425
991680
994416
991386
993926
9031
993005
992678
990134
993959
991492
990243
991206
994060
990908
994882
992804
990968
990498
994042
990620
9880
9068
994284
994163
994002
993644
69
990756
994947
990511
993223
994929
990962
9258
992009
9149
992586
993433
992607
994520
9067
993721
991696
990917
9846
992665
992037
990648
990909
993261
993838
9044
994498
990268
991076
9439
991090
9479
57
994235
994853
990937
993650
992550
993511
994525
990578
994115
9250
993221
994902
991303
993739
9588
9545
990891
993289
991915
992642
993295
991403
994435
993635
990693
993529
991725
990942
991574
994825
993975
9456
992265
992456
994483
990044
990286
993447
990861
9142
994188
993510
991755
990509
9711
992957
993520
9563
992419
990251
992510
9535
990840
994837
993385
994726
991690
991023
992797
993082
993208
992350
993812
9490
992803
990052
991588
9697
991220
991089
994344
991638
994709
991217
994972
994804
991475
990360
992379
990377
993796
993455
992610
9295
993856
991355
991326
994583
991247
990146
993666
991091
993185
991287
9079
990388
993951
990867
991734
9017
992685
991625
9253
993489
991473
993157
990881
991888
991963
991099
992298
9059
994204
990837
991958
991636
990082
993833
994845
9038
991713
990820
994418
990312
992031
991139
990718
991999
992080
993336
994691
992439
994883
990437
991319
990254
993449
994342
993866
9714
992308
992639
992395
992060
994582
990242
9516
994983
991620
990973
993660
990684
993282
9749
993468
992239
992207
994920
991563
9595
990560
993905
994993
994390
990730
993780
994093
992164
994552
992831
994190
993914
990365
994625
992814
9726
9862
994232
994241
991829
991383
9133
993952
994320
994389
991698
991572
991837
994864
992130
993558
9071
991645
991485
992766
993688
993822
991720
993576
993533
994683
9151
991818
994314
992193
992807
992088
993419
990325
992165
9864
992129
993924
990018
994874
991227
9403
992462
991706
994515
993276
9427
9275
9849
991276
991524
990603
991212
994567
990681
992404
992364
992457
9146
991748
990536
9042
994969
992827
990572
994132
990938
9018
991554
990671
994088
9280
994281
994297
991196
9888
992238
9872
991032
991924
990075
993774
992715
991699
990326
9701
9542
992572
993086
992931
990675
9507
993544
990453
994490
994455
991291
990817
991132
992335
991897
990098
992559
994647
994208
993818
994409
9267
994888
994973
990564
994370
993458
991205
991517
9704
994514
990141
993583
991535
9054
992641
992212
993727
993844
994141
990527
990554
991273
991112
991464
990148
991553
9471
994271
9624
9055
993816
992737
993506
993031
994156
9083
992806
990884
992227
993593
990348
991644
990571
994118
991046
992912
9514
992058
990618
993554
993207
992047
990327
994270
992759
991959
70
991202
991270
994635
992731
993305
990478
991078
991096
994148
993358
992880
990760
990836
9461
991671
992247
993785
9394
992691
993262
992024
9828
9288
9513
992626
990245
992243
990314
991768
992996
992898
992597
9197
992674
994870
994843
991760
993313
992184
990652
993026
992303
992723
992518
990093
994048
992772
992476
9821
992967
9861
994200
993867
9566
9448
990214
9037
993661
993968
994307
994306
994155
991919
992686
991341
994995
994601
9602
992260
992109
994985
990792
64
993849
990796
9501
994234
990069
994184
993928
994651
990989
991631
990334
992377
9663
992929
993522
9665
994674
9278
990863
993847
994575
991495
991422
993155
990176
9423
9454
9470
990613
9064
9189
990451
991773
991306
992590
992775
994507
992315
9231
9154
990041
991767
993197
9209
9500
9053
9282
990794
994255
992479
994604
992065
990719
992666
994150
990072
993990
993167
994609
991033
9186
994659
991390
9569
991954
994057
990379
17
993372
992146
991661
994875
990997
990119
992432
9814
990508
992334
993204
990720
9345
991918
991628
992714
990985
9251
992982
992839
990804
994945
994098
991314
992592
993949
991442
994401
994905
994470
991721
992564
991484
9708
992197
991548
990944
991544
990793
994713
994053
992323
991357
993070
991123
84
993610
994865
991054
992997
990691
990686
991677
993172
990445
991571
990123
992454
993991
990606
993708
991233
990870
991241
991710
992891
994224
992934
994340
992055
994068
991003
991657
991903
994303
994613
994944
991324
994546
990941
9605
991343
994497
9837
993701
991149
992651
9199
994988
993647
9736
992682
992736
993769
992200
993412
992049
991724
994013
994058
992115
992487
990699
990349
994640
9600
993500
992391
9838
993309
993889
9281
9815
991569
9137
992390
993260
9324
992361
9882
990581
9433
992431
994787
994698
991026
991222
994038
991021
9192
990738
992440
993340
990418
9153
994714
990462
991611
990838
993414
991833
9336
991886
993550
994992
993054
990630
991504
992730
994733
991114
9687
991925
990216
990021
9610
990019
9091
990948
990005
992842
9230
992825
991317
991376
994939
9272
990450
993490
993960
991763
993687
993672
9730
990013
993501
990480
994471
993083
991656
993326
9689
990456
990258
990318
991723
990237
991781
991479
992340
992411
993028
992844
994214
990604
994277
994563
992415
994703
9012
992910
992885
991010
991930
994827
993904
992728
994598
9560
991663
992499
9809
992302
9801
993009
990828
993316
9533
9664
994623
991609
991401
992142
992531
990541
991695
992002
992523
994403
991153
993037
990345
990982
990053
991782
993462
994124
9865
991381
991144
991697
994420
9839
9027
991269
990912
991079
9458
991785
994280
9327
992251
991359
9407
9405
994502
991394
993705
9847
9640
991208
991797
991961
994949
993280
992777
991178
991874
9884
994343
990333
993190
994412
991487
991653
993448
992385
9591
993249
9650
9062
990409
993916
9406
992849
992144
993130
990656
993724
990058
993876
993345
991904
992008
991675
994359
993716
993871
991203
85
991630
990864
990255
994735
993371
991929
9509
994154
993553
9832
9371
9088
992553
991219
9647
993735
994487
990142
994704
990611
990856
992776
993591
9235
994852
9247
79
993639
993381
993426
993831
992061
9014
9104
994261
9807
995009
992955
992216
993547
993214
992542
990266
991950
990376
993718
992003
9791
993927
993827
9753
990203
993240
993882
991074
992783
990866
991880
993235
990776
993837
9422
992683
993210
994832
993017
993565
993765
991549
992417
9120
993925
994974
994568
991733
992538
992534
994391
991237
9868
993504
991128
9376
992793
994094
992790
992089
991878
994398
994588
991774
992475
990431
990570
990368
991400
992732
992074
990844
990687
990272
992236
992596
990487
990787
990665
993514
994217
991662
992500
9005
991607
9372
990798
990547
990592
9161
993899
993144
992874
993841
992824
993135
992838
990781
991862
992100
990626
991884
990130
992442
991011
993377
990126
993930
993963
991861
994618
992168
994144
991839
9891
9572
991994
992754
990764
990267
9770
994911
994926
992927
994901
992004
9051
991323
9271
992985
994269
990849
990158
993967
992654
991526
9495
9745
9675
994489
990561
994122
991070
992892
991348
992569
991840
994763
72
990330
991087
993459
9489
991822
992353
991335
992019
992221
991928
990494
994291
993829
992312
990646
993391
993464
990025
9692
991061
992801
993877
991598
991480
9413
992097
990843
993879
9561
991322
9343
990230
992920
991596
990397
994491
992166
992292
990290
991788
993254
9649
993754
993901
991425
992820
992983
994142
992947
992022
994196
991502
994663
994482
9101
993230
991283
991985
991034
994100
992609
992747
992688
990811
994771
991192
9716
990897
990434
990102
990347
993792
992516
9526
9041
993896
9007
992028
993364
993217
991832
994206
993638
9718
68
993799
993317
990412
990925
993772
991658
992198
991431
991453
990300
991538
991522
991537
994936
993406
992180
994157
993081
991264
992219
9475
991346
993296
9522
9463
991935
994680
991379
78
990628
9245
991209
993359
993055
991882
990972
993605
990448
9483
993013
991507
991627
9415
994952
993050
994251
994773
992902
991435
990090
991936
994975
991966
993573
992289
994877
9213
993094
992160
993473
992263
990767
991409
991253
994365
992035
990289
992033
993808
994243
993434
993505
992433
9778
994488
993729
9626
992007
990477
994677
994737
994643
994522
9135
993321
993620
993907
990204
990566
994519
993562
993423
992455
993996
991617
991173
991836
990789
992774
994718
990755
994889
991632
9395
993689
991101
992738
9159
9361
9897
991027
990522
992211
9412
994535
9092
991597
991649
992869
991729
991804
990281
993392
991257
993312
990023
992474
991030
993332
994922
991795
993642
991172
9193
993129
994690
991521
9404
991912
991834
994648
993515
9125
994216
991745
991028
992402
992975
9671
992882
994594
991731
994954
990928
992149
992407
993556
9396
992693
993356
992671
994866
992932
993090
990299
991364
9518
994965
991260
994615
993809
990678
994653
994312
991550
9029
991419
993294
992045
9172
991407
990978
992903
992895
993942
994245
990663
994256
993787
990769
991024
994963
992767
994406
990627
990737
48
991406
990701
992271
993216
9316
993002
9106
9334
9026
991165
9660
992779
993106
995001
990969
993751
991268
9858
992837
994778
993811
994786
991080
992703
994399
990552
991821
990871
993453
994956
993341
993203
990762
993598
9252
991944
993734
993269
991498
993297
991591
991956
992956
990740
994380
992482
990160
990358
991772
992443
991056
991853
992652
993862
993548
993334
9148
990539
9215
990050
990207
993617
9818
994761
9615
993441
9755
994211
991613
990020
990411
992751
992734
993148
9128
994330
990284
993030
992272
9620
994685
9732
992875
993076
994460
992577
993995
9896
993595
990918
993049
990913
54
990414
994900
992209
990493
990252
992154
991501
992702
990927
994114
9340
992256
991388
992145
9257
994170
991687
9191
991177
990650
992486
993986
991816
991940
9468
993062
992244
993407
992131
990350
993845
992859
9328
9859
990983
991049
992954
994201
994056
994918
992284
992261
992428
993579
991615
994645
991223
991050
992466
990653
993370
993151
9787
991894
993981
9276
9636
991245
992075
990086
993112
990588
991436
993469
9056
993738
992355
991992
994990
992148
993761
9785
993252
9136
990003
994970
9794
994986
994799
990576
9065
992613
994741
9202
9505
993138
994461
993011
990669
991258
994354
990765
994413
991169
990191
992694
9790
9001
990226
9523
9574
992984
991071
89
993482
993243
993892
991848
990952
992357
992001
992773
994696
990660
990673
993093
994394
992614
992761
994729
990313
991576
990520
991082
992834
994347
990619
994288
991414
9134
990489
994054
991650
994597
992344
9000
9879
991430
9789
990440
991041
992846
990145
990729
990926
992788
993193
993205
992094
994678
994984
992815
990124
991626
990888
991667
992279
993137
990401
990624
990396
991158
994063
990392
992416
992093
993100
9127
994469
992241
9070
994665
9409
81
991282
992687
991460
9829
9366
9385
992112
994067
990336
990902
994547
9326
990151
993238
990499
991399
994781
9751
9625
991608
992965
991461
994087
9296
994294
9025
994478
994772
990026
993748
992848
992780
990189
994527
991370
991138
994508
993801
990544
992378
994473
991058
992114
992794
991215
9418
993285
9285
9028
992191
9706
990205
994493
990712
9480
9180
992625
992498
993184
993539
994769
991634
994287
993004
990877
992214
9047
994140
990960
992136
992304
9207
993766
992489
9559
993919
994749
9783
994285
990244
991022
992202
9176
991863
991751
993417
990232
992979
991369
992098
994319
993909
990144
993128
990773
991952
991342
990597
9517
992988
9616
994137
990179
991648
993894
992942
994299
994001
990011
9599
9756
992299
990752
993182
994562
990753
991546
990708
9229
9347
992296
992653
994302
992962
992816
992210
993022
990743
991454
993147
9690
990410
9530
990035
993408
992039
9243
994012
9217
992217
994757
992545
9309
991948
991155
993025
994765
991017
991665
991263
990107
992438
991651
992857
994784
992948
9889
994422
9003
9803
9841
993684
991877
994743
9452
994331
994630
993040
991035
9076
990943
9410
990136
991570
994205
994980
9156
991741
993109
9469
991642
992230
991044
991866
993830
994978
990221
994541
991637
993585
991784
992490
992030
994043
992989
9358
994935
990852
994000
992010
992863
993690
9428
9401
990935
993697
992638
993146
990229
990696
993281
9171
991210
63
994921
993868
77
993353
992936
993061
991086
994632
994404
992749
991378
990905
992135
991859
991907
991408
994138
991148
994599
994231
9670
993893
9709
9150
9612
993669
993513
993938
990161
991953
991579
992923
992158
991674
990639
9698
992220
990113
991333
992406
9472
9162
991365
9248
992021
990517
994328
993461
990076
993393
990692
994596
9111
990553
992311
992492
993160
993720
990880
991757
991503
993805
994492
991366
991843
9339
993089
993612
992300
990929
992338
991905
994369
991195
990882
9723
991770
990921
993347
992493
990893
993300
992329
991749
991858
992750
992470
991141
991604
993382
992337
9187
994533
9105
9165
993209
992735
990736
992310
991393
992157
990184
994419
993256
993348
9805
993800
992900
991610
9314
991194
993110
994650
9696
994017
991700
994830
993380
993191
993656
992141
992330
992333
992451
993466
992808
994252
990339
994592
993233
993097
992819
990247
993795
991254
9242
991578
991347
994377
992973
991825
992897
991991
993394
994494
992386
991672
995003
990896
9780
990644
994007
993897
994569
992286
992785
991933
991547
993778
991185
994073
994570
990959
993096
991339
9109
991124
994660
993051
994099
994233
991744
993549
994967
994836
993404
991467
992508
992604
994670
9575
993149
992799
994544
991920
991881
990029
992673
994526
991440
992204
992319
993369
993246
991652
9228
992449
991541
990919
990519
994097
992248
993699
991085
992535
993855
991496
993431
990946
991593
990357
993835
993287
9441
991838
990359
9273
991229
994549
990057
993582
9289
992724
993247
991190
994603
9617
991039
994113
991875
990218
990223
991246
992126
990735
991934
992274
994746
993956
9383
9084
990167
991922
993670
9416
992634
993187
992883
994355
9430
994169
993559
992400
9269
9717
991876
990063
990472
994611
990731
990012
993685
990153
991043
993728
990015
990416
992616
993527
994322
994904
993819
990074
994061
991505
993226
990636
993677
994801
990550
992169
990452
994095
993290
9008
990316
993068
992915
991514
990584
992447
991255
993072
992105
9680
9222
9823
993852
991803
990059
994679
992110
992345
9622
991972
994727
994006
992517
9498
991921
993789
990690
993443
991799
992743
994868
990974
993936
991137
993472
993116
994495
992012
9043
9224
991718
994572
990859
991157
9391
9476
991051
994796
993339
991261
990775
992953
993231
994329
9669
993328
992646
993814
9459
9825
9727
993873
990095
994027
993302
994641
9639
990169
992208
9429
992018
991280
990435
990343
994755
994274
990551
994658
990734
993674
9408
994833
993085
993978
994584
52
9227
993619
994536
992813
991344
991857
994722
990808
994402
992888
990159
990220
992866
993224
992125
76
994856
993767
994913
9238
992446
990703
992768
993283
992070
990542
991412
993014
9587
994907
990187
991109
991012
990048
993265
9102
990476
992356
993374
992568
990916
9628
993488
994353
994458
992899
991121
994768
994977
993906
51
992530
991110
991783
990034
990092
993429
994695
990744
990078
990782
994395
992628
992497
991029
991184
990036
990845
991446
994301
992143
993764
990045
991384
993344
9655
993941
992026
9112
994642
994684
9593
994834
993330
990217
991154
990264
9036
992970
994077
992128
991754
990106
9194
994203
993512
993658
993386
9277
994872
992524
9539
993654
992502
993540
991494
991057
991298
993178
994539
990166
991380
991107
990976
9312
9715
992971
992050
994034
992521
990759
992741
993229
991738
990532
991847
994378
9032
9335
9130
992264
992321
9030
9604
993649
994867
994459
991516
991709
992537
9234
992106
993000
992025
994096
990515
994998
993133
990634
990621
990467
993368
53
994112
994308
994028
992645
991938
990260
991337
990548
991974
990004
990979
991329
994286
991955
994248
990726
9584
991849
994955
994049
991009
994257
991187
992054
994229
993731
10
990806
990481
990273
990262
994258
990474
9163
994083
992072
9648
993024
990872
994556
994295
9445
9072
990854
990084
992829
993662
992122
993179
9097
993343
992132
993403
991296
990038
991188
992756
9268
9808
992014
993858
992781
993201
990875
9705
992116
990438
992555
993943
9233
992078
991468
9852
993545
991284
992343
991997
992196
994706
990640
993502
993365
990400
9004
994338
991727
993836
990757
991372
9695
992020
9661
994194
990697
993279
991113
9473
994400
990920
990788
991321
993251
9344
9654
991529
992987
990858
992087
9387
994108
990403
991094
993912
56
994571
9100
991981
994165
990382
993839
993451
991589
992268
62
994074
990629
991828
993478
991605
992491
994770
993194
994030
994622
993436
992259
994744
992309
990370
992000
992640
993843
993886
993970
9651
990008
991443
993098
994425
993934
994903
990887
991512
9672
991506
994581
86
990436
9360
990302
9178
991743
9532
990931
993516
990321
994644
994510
993318
991703
993335
992526
991949
9668
994259
994381
991536
990378
991350
993257
9795
993457
991000
9221
990950
992968
994066
990335
991583
995002
993242
991251
993570
9322
9713
993793
9379
994298
994457
990911
991221
990594
993211
991345
991179
9435
990829
992064
9175
991978
9503
994236
9728
993444
994894
992939
991899
994173
9642
990479
993561
991585
993324
990590
991909
990091
993557
991730
994682
991438
991704
991983
990992
992795
990485
992981
993973
992194
993994
9564
993346
9627
992188
993758
994989
994313
9886
993971
993757
994898
993737
991120
994540
994126
994046
992612
994906
994669
994513
994664
992802
994207
993736
991146
992755
990188
9643
991776
992294
992313
990557
61
990423
992226
990642
990341
994925
994914
9239
994550
993177
990565
993397
990986
9781
993546
992796
993442
991854
9359
994210
991737
993416
990616
992860
993972
990002
992322
991048
990739
990749
994638
990101
992159
990834
991750
994035
990558
992459
991830
992396
992063
9015
994919
991385
991368
994917
990822
9772
994071
992600
993933
990783
991960
991844
994351
990051
992789
9325
992594
990065
993883
9381
991063
993200
9144
993961
993874
992327
990129
994586
992480
993552
993198
990831
990483
994732
994760
994589
993438
992156
9332
992963
994198
993291
993733
9601
993775
9160
993834
990138
9293
993310
993007
994617
992301
994991
990455
991927
990751
990617
994633
994321
992976
990990
992999
990422
994180
990346
993655
992602
992993
9426
990457
994160
994044
990344
991458
992283
994445
991472
66
993125
9377
992483
990354
993497
990393
994366
9050
994728
994942
9631
990500
991092
993159
993980
994777
9094
994608
994372
992287
990661
995005
991946
994667
994687
992473
991796
993292
993288
9822
9164
990010
990249
992434
991174
992068
991097
990068
991302
990157
992252
990577
993875
992771
9748
992958
992556
9703
990257
993777
993465
992190
992918
993152
9486
994655
9420
994065
994337
994551
993846
990599
992725
992811
991439
993596
992949
990700
993946
9436
993420
991945
994871
994033
992966
9831
990428
991995
9304
992909
991592
991513
993804
990791
990535
993908
991714
990432
992873
990190
990031
994289
992770
992076
990380
993633
993325
993059
991354
991531
993659
994934
993035
991499
990469
9086
991752
9139
991551
992488
992621
9179
990894
994326
993853
50
990546
992381
990725
9216
991775
994702
993568
994730
994959
992615
992371
993460
994892
992029
993998
990263
9474
9305
992249
992199
990965
991668
991629
994775
993997
990533
990707
994318
992867
992624
992013
994081
993788
991421
991898
993131
992727
994537
991910
991331
993524
990680
991759
994047
992099
991982
9621
991349
994694
992133
992870
994408
994407
990037
991465
992635
991031
993186
9185
991993
9183
991941
992471
9700
991561
9158
991606
993955
992267
990292
991885
992052
991666
992495
993039
9279
992617
992855
994279
990512
9644
990963
992907
994101
991635
993452
991902
991424
9502
992424
992739
991199
992291
994462
990402
994393
9826
993484
993206
994700
990227
9798
993001
991879
991131
991692
991975
994614
993580
990269
992580
990670
990097
993813
992137
992140
993202
992843
992707
994020
993250
991145
990651
9140
992237
994052
991683
9734
994116
992950
994444
992853
991601
993630
993931
9782
994384
994463
992692
9090
994428
991189
9646
990195
993073
990114
993653
9813
9883
992765
9875
993389
991678
991045
994803
992945
993492
990876
992326
994806
991218
993099
990949
991426
991660
994948
991160
993903
991238
994966
993063
994620
990758
9464
990608
990224
991290
991211
991275
992041
9061
993362
992469
9119
993396
991103
994426
993379
991883
992066
991304
992716
994265
991568
994345
991932
993271
992253
9684
991455
994168
9515
992179
993495
993425
994946
994003
9152
993663
993491
991508
994941
995007
9444
991249
992856
993842
9206
994634
994851
993162
993564
992150
992275
990506
994566
992720
993008
990825
993810
992558
993939
990664
990890
992320
990444
990363
993828
994558
990355
9635
991633
994940
994104
992758
992011
994387
990750
990371
9521
9006
992549
994309
994456
994136
993413
992539
992192
993636
990441
992107
990587
992036
9046
992672
9184
992095
9634
9261
9824
991391
9652
993541
991746
994501
990855
994275
993136
991183
991559
991787
993885
992023
9013
9355
992644
993982
994666
9765
991463
9291
992960
992805
9707
992548
992285
9353
991126
992841
994304
992351
990612
990685
991301
991889
992348
9623
9788
992636
992297
991539
994267
992409
9760
994443
992332
991474
993680
9073
994135
992347
992293
994050
993640
992938
994146
995008
992134
990466
993327
993048
990404
990186
991769
993253
993422
9681
990073
991340
992884
9658
992372
993399
992643
992092
992288
994693
9390
994442
992791
994151
992711
991640
990579
992328
992914
994496
990596
991525
9317
993124
990215
994431
991939
994745
993645
991102
993293
991793
9878
994999
990981
993823
993069
994981
992722
994671
9568
991483
9786
993673
994565
994612
991511
990835
9039
992574
993651
991230
992786
993629
992123
991234
992925
993921
992016
993756
992127
994742
990168
992405
994559
990898
991410
993483
994055
991452
9659
990770
990061
990337
992896
992746
992445
992551
990116
990122
994276
994159
992664
992575
9219
994323
991228
992053
991416
991075
990071
992478
991864
992629
991072
9085
9525
992077
991404
992195
9370
993227
990609
991170
991200
9167
993526
75
994910
992649
993749
991186
990947
993517
991150
993121
993234
991669
994230
9898
993052
994221
993105
994928
990282
994962
990930
993937
993033
993711
9348
990705
992943
992085
993753
9576
990381
994172
990265
994994
9362
994022
990531
994816
994244
994072
991643
9777
994503
993791
992821
990064
994850
993752
991037
990294
991106
993763
9580
991984
992700
994192
993432
992708
990807
9754
990741
994438
992512
992331
994264
990364
992034
9382
992760
992059
991213
9124
994512
993746
990647
994631
990369
991518
990507
990291
990924
990786
992532
994916
990375
993126
992833
9855
993029
9549
991457
992392
993935
9571
994436
990280
992413
994879
993080
994019
994580
994240
992709
990120
991679
990860
994578
994807
991216
992277
994794
994385
993450
991659
992784
991042
994254
9487
992769
9298
994158
990491
9131
991371
994500
992573
990463
993053
994927
992877
994996
993826
993363
990366
991459
990039
991389
993111
990193
991747
993770
992940
9609
992608
990991
991232
993387
992879
990287
993132
990528
993314
991456
991428
991567
991971
9116
990717
992871
9769
994627
994421
991088
991478
990405
9319
993398
992233
990955
9117
992172
991732
9093
990622
991543
9478
994776
994103
991764
994396
990043
9035
9740
990089
991957
990994
991819
993922
992266
9392
990384
994213
992978
992082
994759
9002
991911
992562
993665
991865
993745
994367
994511
992096
990473
994484
993476
991252
994897
994937
991845
991726
992387
991466
990170
9208
991274
991686
991482
990109
990607
993634
991336
990633
993092
994646
990879
990704
992876
994752
992908
990288
992418
994509
992472
994767
991297
991988
9052
991968
992081
994125
991140
990100
994506
992655
992800
990149
993168
992854
991325
993267
994923
991214
992235
992044
9761
990945
990524
9562
994015
992170
9693
991654
993616
993244
993567
992458
991062
994591
992698
992525
994011
990780
994924
9504
992633
9592
9685
990430
994828
993361
992362
991914
992203
992561
990574
992684
993215
990545
993103
991540
990818
993060
994751
991527
993543
990180
991413
993962
990040
994486
992397
991405
994711
9023
993195
992484
990869
992086
991201
991305
992710
991134
993682
990271
990702
991728
9485
994102
993020
991272
9817
993427
992425
994577
992477
9890
9078
990198
993410
993139
992380
994283
990001
990980
994676
993850
992051
994931
9147
991622
993006
9800
991207
991477
990253
990637
993988
991855
994950
992450
993664
993360
990895
994064
993884
991448
991277
992823
993657
992394
994915
9528
994628
991820
994162
9115
993440
9867
993320
9603
992742
992563
990000
9263
9287
992408
994930
990598
87
994242
994938
992835
9536
991641
993241
994386
991712
990580
9484
9417
994764
990534
991943
991266
993832
991673
9493
9585
9548
990689
993166
991462
992554
993518
992359
994835
993189
990754
994131
9241
990772
9667
9374
990514
993581
994780
9848
990790
991989
992318
991577
994564
9330
9200
993577
994543
9357
9887
9367
994453
994016
991143
994750
991947
994686
9773
993861
992091
994465
993681
994579
990154
991806
992719
9567
994705
994774
992822
992005
9746
990219
991575
993284
992712
991116
991739
992543
993218
992713
992847
994831
990802
993123
994884
9256
990586
991682
992507
994376
994534
993355
9451
992917
991395
9351
994219
990118
9611
990714
991735
991753
993825
991352
993782
9386
990582
993463
990361
994912
990062
994862
991810
993071
993910
990108
993888
992161
994951
991398
990595
993584
993036
993535
992792
993712
990433
991067
992421
994815
992818
992632
992325
990632
992503
992410
990386
990298
9529
994191
994218
990932
990591
992886
994740
990967
992757
994004
994895
9557
991786
990140
994193
991890
993999
993390
991450
994621
993611
9419
9421
994069
992231
994624
991156
993840
9138
9333
991740
994788
992436
990395
993695
992422
993164
992373
992893
992557
991373
991716
88
992583
993722
9411
991125
992584
993232
991104
994348
994656
992280
993319
990096
992062
992435
991765
993038
990850
994315
993064
994152
9402
991702
9020
991942
994600
990562
9779
994616
9857
993790
990293
9747
990504
991332
990373
993797
993496
990975
9350
9806
993521
9520
991387
993569
990851
991047
992552
993485
9447
993538
993010
991025
994153
992162
990070
993298
9816
993750
993056
993646
993134
9457
990496
990569
990246
990778
994863
993477
990711
993275
992922
9434
994249
990540
990501
993743
990112
991420
991887
994133
994379
994262
990816
993057
994997
9264
9686
994857
994250
993437
9352
990631
991122
992316
993870
994673
993913
992121
992887
993480
992705
992032
991168
9820
991766
994738
9126
993895
9579
992420
993945
993087
992167
9236
991685
993421
993696
993456
990279
993439
994629
9578
990285
993034
990211
992393
992627
994018
992412
990771
993273
9776
9553
993342
9598
9114
991639
9034
993395
991267
992894
9596
994736
990163
990033
9758
9302
994477
991964
992501
990088
992245
991846
994753
990668
993021
9354
992069
993175
994350
9320
992257
9871
992858
993120
992273
992520
992101
9297
990721
991558
991926
990940
9174
992697
991016
993418
992382
994415
994545
992952
990415
9365
993719
991476
992994
992701
9674
993637
991423
9346
993703
993266
9393
992366
9632
994039
9024
994782
994405
991055
9802
992067
992675
990853
994899
9442
9265
991432
992346
993771
994932
9673
994715
990715
993762
994521
994557
993587
9893
991515
993239
994026
991130
994167
994025
992881
991892
9606
993730
994890
990399
9750
990374
992544
992465
990495
993566
990342
994310
990490
994358
993786
993863
993742
992695
990270
991242
994724
991226
993676
993957
994873
994009
9081
994681
993154
992972
991167
993528
993964
992721
991142
994548
990809
993783
991780
990420
992511
994317
993773
991353
992363
994561
993542
990732
9577
993594
990601
991197
994373
994392
993388
993953
992171
993571
991053
9583
9205
990958
990391
992889
994467
991006
993890
993161
992429
992186
9511
991486
990538
994120
992295
994424
993578
990827
990904
993245
990951
990185
994688
993108
991236
991108
991119
994145
991614
9307
994092
992571
994800
9380
994829
9494
990131
990213
994040
992519
994555
992430
994504
994795
9524
993887
993354
9590
992729
994893
991916
994089
993607
992389
994161
992040
994293
992234
9266
993475
994439
991805
992974
994171
994346
990555
991969
991900
992250
994699
991377
992706
990362
74
992228
994238
993479
991133
990777
990233
9724
994448
993163
990502
990936
991809
992218
991127
9173
993384
992152
9744
994793
9466
991175
992547
994371
990385
9438
994177
9323
9550
994032
991557
9220
994357
991181
993041
994657
9122
993732
9774
994195
990996
991166
993066
993918
990763
9118
994523
991066
992603
994451
9543
994434
992605
990615
9113
990407
991990
993499
994437
993174
994045
991362
9767
9710
994090
992911
993219
990066
994084
9737
9166
994127
993860
992828
9853
994707
9400
991444
9143
994237
9537
9074
992704
993806
993153
993707
9833
990197
990826
993803
992977
9582
994719
9491
991374
990032
990999
993759
990338
990683
993560
9453
992961
993700
992980
993671
990181
994953
990234
993183
992533
9388
990296
990278
9460
9565
990283
994861
992414
9363
992232
992073
9431
993574
993196
991073
993900
9763
993180
994817
991469
991923
