994246
992368
06
14
00
990332
993088
993337
992467
990482
9834
992663
9181
993768
994824
991599
993400
994220
991308
9021
990276
9169
9223
993940
992540
9742
994516
9538
993537
994149
991565
990323
991396
991278
991896
990340
990649
994908
991001
992566
992850
991655
993944
994223
992307
993115
990317
991530
9368
9190
994554
993303
990137
9449
993683
991913
992578
992336
992342
990933
990162
992862
993726
994846
991872
991602
994881
991098
9556
990383
992560
991312
993299
993169
994808
990133
993487
992861
990135
992147
990196
990492
991248
991361
990468
992376
994227
990677
993592
9048
992185
991965
992690
9016
990674
992358
992865
990277
990795
28
993268
994185
994518
990823
991616
991180
993817
990988
992817
991762
992151
993104
991289
991307
9364
993891
991562
991519
990047
992223
993306
991265
9010
993401
992027
990274
992509
994823
990206
9876
9311
991842
994117
993954
992225
992787
990723
990679
992444
991998
994128
992317
991937
990442
990602
9586
9188
992529
9499
994528
993717
991688
990461
21
990505
9306
990839
991081
991129
990054
990175
993308
993604
994472
993929
991813
991279
993600
9022
990886
73
992541
993415
990421
993113
993987
990903
993091
9225
994976
990824
992138
991299
994143
990803
991136
992657
990017
992222
994731
9752
991856
994479
992650
990655
993350
992623
9792
994397
990774
991868
9733
994166
993989
994021
992224
991595
993366
993784
990567
991064
991850
993623
990761
994480
992677
990956
990676
9877
990310
991624
9662
990573
9741
994226
990746
26
992084
992593
994860
994360
992868
992744
992240
992460
990009
990139
9260
9653
993507
992565
991582
990742
992845
993740
992181
992163
991313
994716
9558
993118
994452
992015
992314
990212
995004
991814
990389
9856
991860
991434
9310
994091
993259
990236
993815
993311
9045
990077
990525
993709
09
991689
990801
9895
9087
991800
9177
990713
991895
993615
992360
991445
993902
993519
994971
990497
9854
992809
991586
994010
992496
9294
9757
993102
993405
9196
994352
990800
992514
994789
994849
992579
993171
991761
9437
9843
992043
992177
44
990585
9040
992341
992589
992426
992916
993755
994964
992905
990901
994553
990426
59
993042
991717
994411
42
993012
992175
992071
992352
990971
994290
994840
992153
992733
991052
994041
991309
994933
994375
990682
990155
991802
992306
990174
9845
993948
991014
9793
992591
990987
9254
991560
990899
9318
9679
994797
990819
994821
990797
990698
992937
41
9398
993322
990117
992662
990923
991891
991600
993176
991908
992349
9129
991093
991059
994701
9465
992369
992427
991084
990643
993692
990394
993704
991584
990900
993898
992367
65
991316
990419
992213
994712
991013
994222
991534
993531
992354
9211
992384
993045
990235
991566
990304
993627
993694
990605
9830
994822
993199
990583
992182
990425
9286
993979
993043
992570
992461
990529
9844
991564
9321
993141
993606
991358
9107
994078
990055
993881
990164
990199
990657
992992
994129
990722
991318
991973
991100
9552
993352
993920
992926
9607
994174
991758
994212
9666
994292
991338
992290
994766
9519
991619
990261
990465
992215
990085
9860
991451
994844
994590
991491
992254
990892
991967
992622
994430
992660
9544
994792
992375
992079
993509
990821
993503
992959
993263
993744
993632
9594
9759
9477
990842
990503
993486
993018
9455
990115
993613
991402
994111
994119
9581
993917
993114
994961
9303
993983
995006
993140
9835
990016
9629
993563
9720
9613
993095
993258
991791
991893
992689
9246
992269
992668
992631
991328
994186
993143
990087
991415
990128
993165
993530
991161
993375
993015
992242
993402
993378
994810
991065
994031
990147
992946
9712
9694
993985
991779
990984
992139
9633
9869
994086
992120
990575
991225
994968
994209
990238
992090
993590
994429
992173
994110
991580
991711
992365
990654
990372
9349
993969
991300
9308
992832
992951
9496
992117
9440
994085
994325
9683
991243
993614
994820
993142
9688
990202
992598
991427
9300
990841
994530
9329
991742
991533
991281
991244
991823
9155
990846
993188
9274
991163
9168
990589
991356
991135
994361
994324
990324
991095
991493
992998
992852
991581
990747
9099
994802
990710
994841
992305
992836
9721
9060
994538
9771
990727
991676
990638
990006
993181
71
9432
994869
992401
9462
992921
994228
993702
993621
990297
994305
990182
992423
9743
9284
994282
993851
991691
992919
991330
990623
991901
992648
994215
992812
9892
9132
990874
9638
990559
994440
994364
993307
991360
994441
994607
994187
990814
992585
9232
990977
990709
994896
991867
993776
993802
994791
991594
990889
991293
994721
990173
994036
9218
991587
994263
9108
993027
994576
991105
990356
15
992258
992658
990907
9443
994062
990662
990910
994943
990125
9555
992006
9096
994005
990513
992522
994876
991951
991906
991311
990194
993237
992830
993373
9170
993016
991115
991240
994668
9121
992119
991147
993445
990779
994499
991118
9270
9482
9103
991262
9397
990694
990081
990625
9812
992494
991285
9481
994485
994636
990454
991363
9678
990305
992383
991827
9731
992670
990208
993878
990475
994427
9095
994542
9399
9796
994756
9019
9510
990805
990659
9446
9182
991019
994748
991815
994854
994107
55
993668
993508
992124
990443
993648
990518
994024
991449
992699
990171
9546
992913
991198
991171
991931
993236
9619
994708
9799
9899
992901
991852
9589
991182
990024
994183
992468
994029
9630
993575
990427
990303
992606
9338
993494
990022
990446
9641
9851
990201
990733
994524
9881
992659
34
990464
991447
992174
992453
993127
994076
994739
994199
993864
994178
990210
993274
990865
990883
994296
992513
992582
991040
993225
993869
991500
991873
993686
990413
990672
994762
994278
993212
994675
994909
9226
9804
991239
994842
991204
992437
990954
9506
994573
993723
994449
992969
993255
991286
9424
993409
990049
991005
990351
991176
992637
990320
9863
991701
993315
994619
994247
991590
990961
992906
994838
9198
993781
994335
992667
9512
9775
992588
9541
991841
9203
992448
991980
67
9784
991367
993993
994982
9033
994008
993192
9255
9110
990593
990390
992924
990152
994697
991224
9080
994164
990352
990878
9719
992255
993706
993880
990645
994885
994362
991831
9292
990449
993101
992103
990830
994720
993220
991826
994121
992370
9244
991693
992878
994593
993932
991811
9836
991259
993474
994529
994341
992464
990706
990240
990833
9657
992183
993536
993821
9735
991510
992752
992262
9301
994754
990447
9058
991871
9341
994106
993044
9811
994481
990521
9656
991555
990398
993323
993807
992872
991681
994689
9540
993411
994891
994197
991470
991807
9497
991441
990308
994517
990939
991708
993958
9009
994858
994266
9204
990458
990914
990915
991008
993023
990104
990127
994725
990523
991411
991528
990222
994311
993019
991036
994626
9237
994692
990658
992991
9262
992904
993798
990315
994037
991646
993678
992038
991962
990030
991715
993272
993107
9249
990635
992618
990970
994649
992528
990295
991790
994327
994181
994225
993145
990209
993693
990439
994505
992403
990868
993555
990934
993351
993047
991497
992798
993122
991542
992229
994595
991509
994652
9551
990192
990331
9768
994475
991808
994476
991007
9077
9066
993523
9840
994080
992941
991351
992630
993119
994454
991020
991707
991235
993572
9682
990353
993820
992964
990056
994272
992676
995000
994239
991002
993603
991068
991250
9894
991038
993338
9098
993077
991851
993286
9313
9819
994134
9866
993597
993698
993065
994432
994574
9738
992933
993264
993430
994637
993608
993435
9531
9375
80
990042
991532
994383
994779
9676
992527
990241
9283
990080
992339
994790
990132
9259
991295
992485
993481
991722
991996
992048
994979
993248
993625
994464
993631
993075
994014
9450
990111
994839
993534
994139
992155
990156
994260
992726
992270
9049
991987
993779
991429
990922
991162
992102
991392
990121
990110
994587
991382
990862
9195
991164
991552
990150
992611
83
60
990256
990178
990953
993609
9145
991736
994447
990083
994079
9069
990408
9810
991771
9677
992481
990993
990172
994023
990857
9725
992930
9608
994179
992057
991523
993691
9210
992763
992595
994809
991397
990143
994189
993667
992745
990784
992851
991621
990813
990301
991986
990728
990906
993760
993854
993872
993173
992810
993367
9702
993470
990329
992205
994468
991705
993032
994410
994333
990471
991151
992840
994382
990307
993589
990812
9337
992187
9874
9722
994105
9331
993992
994388
991670
991545
994368
9842
991520
992504
990537
993532
990470
993974
9570
992374
990488
990748
9075
9797
993331
994374
9123
9870
993848
992536
990962
993424
991418
991647
993911
991618
991869
992890
991294
990275
992995
994414
993966
992546
992576
992515
990847
994560
990060
994585
994859
991792
992696
990417
9764
992990
9739
9691
990998
994602
9554
993333
990225
994654
994082
990516
994253
9373
991976
990745
990563
992113
993628
9063
990848
991977
993923
990556
993158
9873
992189
990007
991018
994957
990666
992619
994958
992661
991719
990966
992246
990484
9850
993471
992083
994826
990724
992278
993714
991794
993859
9299
991789
991725
9290
993641
991824
991603
992567
991193
990810
993747
9067
993467
9699
991417
994672
994758
9384
992056
992046
9534
991403
994474
9201
991664
990459
991217
993493
992656
9414
992928
990328
994176
992265
990165
990243
994147
993228
9492
992388
993950
9766
994349
991690
992281
990832
991152
991292
990429
994845
991256
992762
994316
991817
992839
992324
992276
9082
991574
991327
993078
990530
993551
993959
9141
991917
993838
991684
990881
990424
994002
9089
9545
991099
990937
991979
992782
994929
993965
9425
9637
993976
991023
9011
994710
58
994639
994855
9018
993924
992017
992678
991437
992717
990387
992764
993329
992586
991069
993067
993741
990768
991273
9490
991060
994435
9240
993650
994532
994417
990815
993074
993915
992601
9149
991492
9726
993150
994042
990250
9527
993447
990312
994987
991077
992350
9762
57
9031
990268
993926
990909
994284
993446
991375
993796
991090
993643
993278
9714
9885
994202
994723
993349
9697
993857
993304
990873
990183
991247
990964
991004
992797
990105
994483
991303
992944
992826
993525
992108
991588
991638
9645
9068
991433
991636
990549
9597
990509
993222
994883
9729
993079
991475
990146
993618
990082
993529
994947
993385
992239
991220
82
9439
992118
990600
994785
990693
9880
991139
49
993905
9403
993082
991355
990908
9456
992731
991755
990099
992104
990648
9588
992308
994515
990231
992395
994163
991473
992298
991612
992740
9535
994583
9267
993739
991091
991206
994610
9250
990028
990718
993433
993003
992379
9827
994118
990251
990861
993675
992456
994409
9749
990239
990046
990917
990044
992804
993261
990027
990610
992315
990498
993951
991915
991777
990259
993511
994520
991191
993576
994582
9059
992778
992080
994837
990511
990675
990716
992639
69
990766
990997
992130
9253
9142
994188
993058
990388
994552
990437
991287
991231
990177
994709
993086
992803
994059
994490
990360
991563
9214
990286
993223
992957
9151
991196
994525
991383
990756
990134
994825
994342
992685
994334
992193
993336
991645
9079
993558
992164
991835
990891
991680
993866
990820
990760
993358
9295
991837
9849
990486
994498
991706
991999
992419
992807
992766
9711
991089
991625
994241
994232
9563
994726
992715
993357
9258
994853
990867
990536
9038
992009
993295
993952
992227
9614
990603
993282
990560
994390
992238
993833
991291
9017
990641
9044
992831
993812
994625
991535
994804
992404
993780
9888
990578
993185
9846
990406
993856
994088
993914
9054
992510
994370
990837
994747
993635
990684
992607
994344
994870
992462
993847
9479
992243
993666
993794
992031
990242
990075
992058
994423
990248
9275
990377
9864
993031
990840
994320
991888
991471
9618
992060
993449
994389
993520
9470
994683
9280
991696
992364
9624
993419
993489
994190
9189
9427
994969
990884
994601
992037
994132
991963
991386
990968
991114
991078
991212
994920
993458
991485
994115
992559
9042
992642
993501
990944
993975
992931
991112
9154
993721
994888
990942
992674
994507
70
9345
990148
994874
994156
9542
990681
993644
991734
992439
990985
992564
991319
994060
991897
994902
9369
990564
990572
991032
991076
992129
9595
9394
992303
993822
991554
990554
990620
9186
991205
9663
990804
993207
990508
994418
9471
992109
9566
991464
994647
992184
994416
994281
993280
991046
993968
994093
9872
9133
990379
993928
991620
992665
64
9197
993510
991524
991924
990989
992666
993260
991227
9083
990973
990214
992207
994983
991699
9454
992550
991132
993816
993289
991644
994300
992165
991123
991572
993688
990365
993157
993544
994865
990838
991698
993818
991096
991768
9055
84
992880
993849
990794
994993
991720
990686
990237
991656
993867
994200
993383
992806
9071
993005
9501
993262
993727
9037
993455
990052
994972
990093
994864
992597
992377
9448
9288
990013
9516
993889
992212
992814
9605
991341
992247
993660
994340
994306
994307
993208
993305
990730
992610
992686
992827
991713
9422
992982
992390
994604
990018
992723
9861
994303
994270
991818
992775
9708
994514
991767
993701
992457
991918
994208
9635
991904
9461
990691
992759
990571
994945
9602
993949
994455
991326
992997
990254
990792
990817
992772
990334
994235
991442
994314
991495
992590
993070
994995
992146
990069
994058
994150
992641
992651
9828
990245
9513
991671
993054
9500
992391
994053
9838
991553
990938
9560
991202
991571
992335
991631
993468
994659
990652
991343
993687
990478
993490
991079
992691
993522
991748
990604
993172
993774
993197
994674
990941
994882
993647
992260
992065
994234
993785
994988
994297
991958
992912
994613
991954
9231
990527
993204
990216
991773
993533
994973
990445
994609
992626
992476
9704
993167
991569
992518
991760
993593
990719
9137
993844
993371
994141
993276
994827
994703
990053
990325
992047
992737
994013
993026
9569
9507
992088
992440
991306
992475
993340
993240
994733
994713
9324
993235
9687
9821
992592
993381
990326
9600
992411
990618
9251
993554
994763
993610
990176
993309
992024
990796
9514
991611
9509
990267
991829
990255
992967
9814
994944
9815
994154
992844
991270
990863
992531
994048
17
993377
991324
992682
991903
9591
993967
993724
994575
9281
994401
990348
990737
991241
992115
990948
9153
994985
990671
9199
994271
9407
9664
992454
9146
9272
992002
993769
994651
9423
990314
994635
992838
991487
993990
994148
990005
990613
994698
991537
990776
990203
991003
994563
990418
992055
991401
991517
993708
992934
991479
993925
990699
991233
9412
991653
9064
9062
991033
992323
994155
991390
994224
992166
990480
994184
994691
993991
9533
991662
991785
994489
992385
993500
992216
991149
990333
9014
990982
990041
991026
990349
994214
990870
9770
990025
992790
991498
991087
994623
994204
990141
991422
992442
992736
992499
993718
992825
991630
9336
990345
993313
9247
9665
990327
994843
992793
9278
992730
9230
991710
991381
992049
992728
9862
993316
9012
990450
9745
990019
991178
994098
991598
993345
991153
991677
992572
990793
992891
992487
990119
990738
991959
994567
992714
990656
991663
991317
991203
994992
994057
993808
990072
990836
992885
9376
991925
994487
990570
9120
990581
992849
992898
994905
990272
9891
994255
994939
991484
991394
993716
994546
991675
994875
990058
993459
991314
993372
990849
994787
994359
993882
990798
991782
991010
991992
993294
9209
992417
9716
992479
9161
993871
992200
992340
991657
991966
992774
993190
992777
990123
991609
9791
993155
994343
991549
990844
991729
991723
994277
993565
992334
992033
993028
994217
991054
993506
991544
994974
992776
9328
993672
992004
9839
992553
9689
990453
993705
993661
994949
991596
990456
990098
990318
991721
991919
9518
991144
990487
993639
994471
991781
994142
992003
990665
992197
992302
9007
994280
993963
991994
990864
993514
992144
9005
993412
994269
993144
993901
994038
994737
991209
9282
991276
993243
992168
993009
993135
993550
990720
990673
991772
994482
993827
994704
991011
992415
990258
991861
9882
992683
990843
991797
993831
9192
9271
990561
991034
994068
991335
9809
990347
991874
990266
991929
991222
9027
9807
994640
990630
9104
9640
9372
9837
993426
994470
992431
993081
991208
993461
9495
992874
992236
9051
9868
991804
993462
990592
990547
991061
994735
990126
994420
991074
991431
993214
993899
993765
991359
994403
992801
990451
991886
992045
9088
9701
9405
9865
990158
991504
993083
9526
992061
990856
993583
9235
993050
9091
991961
990912
992929
994648
991548
991880
990687
992142
9561
993326
990021
991257
993837
48
993960
991219
992008
991763
993930
992271
992569
993573
991884
994094
85
990541
994936
991697
9125
993904
992221
9326
994866
990866
990781
990434
9371
993638
990764
992859
9801
992948
991833
991607
992154
992609
991882
991357
9415
993504
991425
993391
994196
992432
990789
993130
993217
9433
991323
990376
9413
991628
994122
9896
992211
991733
992028
994741
991912
992148
9327
991862
993916
991480
991388
990368
9647
990646
993735
991928
990828
991832
994399
991070
993148
992100
9026
993448
9458
994771
990300
991348
990142
990462
994488
991930
9489
994922
994877
992920
990611
994056
994954
9832
992219
993013
991695
990397
994588
991839
993332
992007
992407
991322
992089
992956
993562
994519
992842
993094
72
9610
991128
994901
994412
994251
991834
993995
991376
990290
994773
994952
991409
990431
994245
992538
9176
994680
992500
994216
993230
994832
992353
991522
992820
994714
994291
991788
990494
9395
992097
991985
992654
991400
9404
992947
9884
9475
990412
9041
992534
9650
9316
994365
9847
991379
992312
990925
991192
9522
992732
990090
992910
9620
992837
993414
994261
9626
9692
9463
990701
992523
993927
993392
992892
991521
993210
993907
993037
993761
990414
994201
991269
991526
992703
990358
992902
993321
9649
991617
991237
991245
993689
993996
990650
990023
991364
9718
992783
9106
993017
993986
9483
994696
991177
992985
990130
990566
9029
990102
993312
990151
9615
993792
993829
992114
89
991878
992402
9736
994690
990448
993138
994109
993093
9213
9245
993896
992361
990281
993877
993473
990678
991407
991501
994852
992596
992263
993249
994460
993252
994491
990755
992482
992428
991101
992516
990978
991049
991507
994663
9778
994615
992433
9193
991576
9092
992895
990752
994391
994926
991502
993772
994502
991268
994618
991822
995009
990552
993591
993216
993464
990289
992882
994718
990767
992542
990811
992955
991894
992975
991342
991028
993334
990520
993942
990411
993296
9243
994918
994497
991821
992019
992687
990284
9730
990499
994598
994394
992474
992761
993556
990205
993090
991419
9001
9396
993129
9406
994380
991370
994965
990928
9159
993062
990969
994900
990740
991435
991944
991165
990493
9334
995001
994347
993605
990626
993879
992932
9127
992022
991795
990409
994398
994975
990124
990897
994406
994330
9000
992983
9343
990972
9753
993841
9309
992074
991260
992180
991169
9101
993151
994963
992875
991627
994761
991724
991035
994522
992754
990918
993434
994911
992773
994243
994729
993620
991080
991436
9162
992296
990522
992289
994594
9879
993359
9257
9523
9135
9897
994312
991940
990252
990663
990244
991840
993579
990489
77
992145
993453
9794
992816
991138
992292
990669
994288
993423
994287
992903
990026
994778
993754
990653
990769
991027
994653
993787
994114
993876
991626
991030
991024
993203
994137
991661
992261
990606
992577
9574
991021
79
994643
993642
9418
993055
990160
992738
992824
990440
993981
992198
9671
994970
993684
994124
991283
990539
9517
991346
993407
992767
994645
990330
992984
991591
991836
990787
992149
990204
990207
990050
994054
990627
993002
991056
9285
990477
990871
994889
994157
9065
994170
994597
991399
9128
990313
992355
993076
9505
9401
9732
992614
994677
993729
993254
9361
993845
994256
990882
993297
992272
991816
9636
991253
9468
993184
993515
993356
9756
991173
990230
990708
9789
9215
992455
9755
994144
992466
992688
9347
992357
9340
992671
993598
994630
994990
992936
990588
994568
993205
993799
994294
990020
990299
994206
994547
990913
993285
992244
993809
990232
991741
9660
994956
991667
991223
992693
994535
9675
990902
991406
990161
992279
9410
9070
990619
990765
994000
993805
994986
993049
9276
9025
993595
994354
991282
990927
991041
990396
991172
994355
993505
991414
991853
991956
993553
994413
992694
990736
992979
9202
991597
993112
991194
993800
992954
991651
994302
992136
992734
990628
992251
991050
993193
9751
9559
991017
992160
994012
993441
993548
9599
991044
9625
9217
994319
993617
991453
54
990107
992256
993004
9428
9358
994685
990226
993862
68
994799
991649
9829
993547
992942
992416
9409
9252
992747
991550
9858
992035
993096
991546
991496
993811
992443
994935
990011
994001
991148
9385
993469
992749
990191
9134
991613
994786
993482
991648
990544
993539
991687
990086
994665
992214
992794
992209
9787
993030
9171
992486
990926
990888
991058
993317
9616
992098
9859
9191
992871
990712
992780
991461
9472
991215
990145
991071
994632
9273
992848
991936
9572
991608
993738
990189
993370
994984
994921
9229
991863
993109
991745
992702
992490
990576
9076
991634
9047
990113
994067
991950
991948
991022
993364
991672
9841
9172
994211
992191
992157
994781
991632
992779
9818
992001
9803
993128
9452
990660
992673
992815
993417
990877
992788
994493
9670
990350
9780
993097
991263
993734
990336
990136
9003
992751
992869
990003
993393
990729
992010
81
990063
994422
990960
992451
993406
993238
990773
9480
994727
991751
991155
993341
9136
990012
993801
990517
992344
991935
993751
991650
994527
994562
992021
990392
9785
990597
993281
993100
994073
991952
992962
992438
992094
991264
990743
990692
992965
993209
993748
992158
994205
993670
991991
9709
9706
993106
994508
991774
78
991538
994743
992220
992217
9805
992112
9105
9180
994100
993353
9242
992638
991848
991674
992489
994252
993147
991858
9823
990696
990921
994769
9028
993897
991876
991158
992652
992286
991408
990762
9889
993909
991082
991859
9783
992406
990735
991731
994569
9690
991347
990359
990401
9187
991907
993040
993011
991258
994784
992093
992857
992724
994541
991430
994592
993269
9248
991658
991460
992210
992897
992284
994063
991195
993137
991615
993022
991843
990035
994772
9628
994328
991454
992613
993766
994660
991905
991503
991210
9296
9222
993394
9469
994599
990144
993938
991086
990218
9156
991866
993855
992634
993300
992988
992625
991505
991570
992304
991579
993025
990339
992241
9698
991440
993404
990076
990221
994830
990935
9587
993690
992785
993224
992131
992470
992337
992819
994017
992863
992927
993894
992039
992923
990179
990880
992230
992333
993582
993892
993549
990753
9056
9445
990223
991378
9530
992202
991757
994678
993347
994494
992616
992378
993832
992492
991246
9008
9612
992568
992338
991113
992498
992834
9207
991141
9148
992846
994570
990029
991920
990644
994231
993290
992493
994757
993085
994695
990952
992447
991280
992274
991921
991642
994140
990553
993146
990624
992248
990943
991953
992915
991393
994099
990893
9790
992517
993868
991610
994469
9097
992653
994492
994596
992105
9238
991365
993778
991255
992535
990929
993201
991085
992545
9111
994404
992169
9639
994473
9441
992900
991784
990896
9165
991881
992735
994043
994461
992508
9391
993226
991934
993697
993089
9228
992311
993116
9723
993408
992300
993110
993061
993380
994749
9277
994087
990074
990167
993247
990184
994978
991333
990229
991339
993512
993246
993669
994369
993656
993133
991190
992299
991604
994977
990095
993513
9269
994856
990959
992989
992135
990481
991039
993466
994478
992141
993527
991637
994007
994670
9498
994650
990983
992319
992310
990690
990946
990905
991877
994544
990472
994549
991124
993585
994836
994331
994138
991369
994353
990159
994285
991770
994169
991847
991029
994664
993431
992143
994322
991665
995003
994377
991547
991261
990852
990636
993685
994526
993287
9335
9617
990744
63
990153
990639
991229
992070
994722
993014
991043
993472
993873
9150
991366
993674
992883
993835
992973
9593
9680
991783
9175
994980
994419
9314
992330
992628
993943
9705
992813
991803
9084
992604
993382
990775
993256
9575
9102
991922
994801
990519
9366
992866
993936
993051
9727
991700
992400
994679
993795
993843
9430
991467
9604
990557
993919
992530
990220
992971
990169
9825
9109
991825
993699
993429
991254
9429
990106
994286
992030
992329
990452
990247
992888
993978
990887
993178
994765
991109
52
991154
991137
993182
990059
9072
991185
990697
994611
9043
990542
993072
9383
990166
994913
990629
993149
990474
9289
993819
990808
992128
990015
76
993443
992799
990036
992321
992808
9622
990845
992343
991514
991578
994603
993348
991652
9416
991541
9268
992345
993830
990217
994584
992768
992970
992078
993328
993662
993956
994746
9695
992106
994533
991593
992014
990726
994329
991955
993654
992204
993369
990782
991516
993000
992449
9224
994097
993302
990057
994834
9476
991838
990551
994299
991187
991446
991184
9669
992126
990435
992018
994641
993068
993187
993339
990731
991384
991857
993344
993540
993677
9473
9339
994867
993658
993545
994027
994061
992521
992646
990038
993160
990548
994572
994755
990416
991799
991933
9584
990976
991468
992188
994095
9379
991974
990343
9130
991051
994113
994083
992050
990584
990859
991344
990357
9696
9112
993283
993251
9408
992524
994458
990661
994658
992386
993451
994006
992953
994274
992750
991251
993893
9503
994684
993191
992026
992356
991754
9627
990004
990788
994096
9852
991749
994378
993612
993814
991110
993231
9194
990875
994906
9178
993516
990316
992502
990410
990916
993024
990806
993764
991709
993279
993767
992264
993386
990273
992899
993789
990382
991329
994203
990634
994868
990858
994904
993497
9539
990759
991321
994622
991972
992110
9233
994233
990422
993941
992446
991536
992208
9030
992497
991296
990092
991875
990700
9668
994642
9015
991443
9655
9717
991738
994402
993934
990558
993488
990045
993457
990532
993335
51
990931
992012
994796
990436
991107
993403
994744
993242
990370
991092
991174
993839
994894
990829
991012
994536
9100
9435
994028
9163
61
990264
9713
990187
990834
992802
9781
9426
992020
993994
990992
86
994907
993933
991057
990065
991997
994049
990515
990008
994510
991380
994581
9360
9642
994539
993858
991494
9651
992741
991743
994955
993444
991412
9772
992537
990950
993906
991368
992939
991828
991188
9227
994495
993292
993737
9601
991589
994768
9344
993007
990034
993836
9643
993570
993330
990621
993883
994295
992640
991000
9459
993728
993633
991350
994571
990642
994833
993559
994074
992987
991179
993442
994777
991298
994229
993343
991727
990403
991938
991146
9822
994077
990594
993179
991120
994638
992909
993478
990920
993852
994760
994044
990703
994207
992054
9387
992555
992196
994034
992226
992396
994108
991583
990616
994173
991983
990048
994730
992068
991337
9304
992756
991909
991744
993318
991704
9886
992743
994395
994165
9036
990974
993374
994257
993758
9221
991899
993436
990734
62
9239
992612
990546
994194
990872
992491
993970
992122
993368
993310
991438
9672
993720
993288
9715
991157
994706
992602
994925
991718
990919
990091
990565
993211
993098
994914
992064
992796
992594
990749
991898
994112
991960
991981
992645
992259
991730
994457
9004
992125
993793
993731
990188
994903
990751
995002
991439
994126
991121
991776
991512
991506
993649
990378
993619
993465
991605
9144
990757
991009
994425
994066
991284
9795
992600
992268
992313
9381
994770
994338
994967
9532
994046
992132
993438
994589
993886
990467
994381
994728
991830
993775
992294
990260
993265
992072
990423
993972
990476
9158
994644
990911
9094
9808
990990
990640
9623
992829
992000
992473
9359
994035
990479
993397
56
994586
991345
990979
991385
991854
993177
994321
993324
990438
990400
990485
9325
9234
990393
990500
990262
991927
991048
990783
991910
990157
993502
991372
9486
994116
994633
9322
994513
992156
990084
994459
993912
993159
993194
991849
990031
992870
9160
992993
993875
993580
994210
990302
992770
992371
992526
992252
994298
994540
53
994258
992781
991421
994669
994248
991945
990791
994236
993568
990455
9748
992287
992707
990533
9700
990321
993233
992063
992480
993757
993221
993777
992327
990078
994444
50
991349
992981
994892
993561
994872
994180
994308
9728
994071
994337
9420
990550
993973
9140
994991
994898
992999
991585
993736
990599
66
992968
991094
993291
994556
994989
994351
993961
991302
992116
991978
9086
992976
991750
993125
9502
992867
9654
995005
994917
992052
9032
990341
990617
9436
994101
992755
993834
994934
994732
990037
990854
9648
991629
994081
991031
993229
991737
993524
992789
990457
9782
993200
991561
992434
992958
994667
994682
994919
992087
991529
993484
993206
990707
990002
990129
991703
993365
990354
992615
991949
990249
993452
990428
993198
991946
990335
991499
992159
994655
994998
993039
993552
10
992326
9661
992249
993997
9813
990068
992771
994702
992918
992795
991199
993059
994775
990963
9474
9261
994400
9631
993908
993980
9164
994550
994501
993257
992963
992309
992179
992617
9564
992635
991995
993874
992140
990831
992199
992471
992949
992351
990138
994366
991714
9703
990680
994313
994104
991472
9139
991975
994551
991885
993663
994030
991458
992811
993971
994198
993495
990097
992996
992855
994259
990346
992301
994301
991568
992076
994445
994033
991668
992013
990577
990432
994326
990344
990469
991678
990195
993659
993853
9824
9377
994384
992556
991883
992066
992190
994617
994065
993546
990257
993152
993788
994289
992621
9179
9312
9883
990051
991354
991902
993946
991759
990986
993346
992381
993325
994279
990122
994276
990116
991218
990590
9279
992194
992722
992548
991160
992573
990739
994966
991145
992137
992075
994700
9621
991601
9798
993804
991939
992283
991796
993846
994160
994871
991633
993998
990822
992860
9293
994537
9634
994959
994020
993810
991559
990269
992495
993955
9444
994946
992488
992483
990363
994407
994408
992053
992629
991304
994372
991131
993008
991606
992322
9831
991097
9050
991879
991941
993557
9875
990483
9644
992966
994428
993653
9216
9185
992580
994463
990949
9521
993420
992320
9760
993491
992459
990114
991331
993035
994393
993492
994318
992253
991635
9183
992192
992372
9184
990725
9119
994003
993733
990894
991045
991683
991513
994462
991775
990758
991982
990190
9152
993131
993630
994345
990010
992285
992945
992291
991692
994047
991189
994948
993460
993416
991592
993250
9090
993673
993073
993596
993842
991103
991844
9046
992950
991424
992873
990535
993136
990664
992907
9073
9085
993253
991666
994050
994614
991238
9332
992938
992624
990670
993564
993828
991275
994135
990061
994942
992739
991531
991410
993033
991551
990227
992107
994851
992150
993186
994387
991249
994431
9658
993541
994168
993001
994687
990441
992727
994742
993655
990402
990371
993931
992133
990369
993202
992029
990444
990981
991474
992758
994608
993903
992664
990855
9734
990186
994940
994620
993271
994136
992036
993063
992841
993651
990876
993052
993640
9061
9464
991416
994146
9898
991463
992853
990355
994693
991102
990263
994806
993756
992549
991234
991216
992025
993396
990215
992092
9353
9317
990587
993813
9515
992558
994304
991404
993362
991340
991660
990101
992424
992469
990786
9681
990292
993982
994496
9684
993526
9093
995008
990224
9826
992134
9646
9659
992011
993124
992041
991993
990685
991221
9013
992237
9355
991746
990380
992123
993823
992843
993293
994267
993483
994275
994309
993099
993680
990381
992879
991511
9206
992332
994566
992328
991640
991508
990430
990825
991391
9370
990282
992765
992925
993413
990531
992348
991932
9390
993227
990835
992077
990512
992099
990506
9362
9053
994052
9291
990651
991769
9707
993711
991183
993048
991643
991669
992692
991426
991072
991525
990265
994794
992172
991726
992636
994580
991864
992023
993069
994941
994159
991457
992720
992856
992539
993939
990750
991228
993387
994151
993937
990890
990609
990705
992786
990364
990612
9348
9039
990168
993379
992672
990965
9117
992769
994578
992275
994265
991126
991793
993162
991063
990193
991230
9298
992405
992821
990507
994612
994666
992725
990149
993234
990947
994323
75
9167
9765
992297
994443
993921
993425
990717
992960
990071
9035
990596
9525
9006
991659
994509
992643
992914
991539
990466
992575
9855
991455
992127
992791
9788
9878
991787
991301
991968
993399
9305
992331
994803
993432
993422
994230
993885
994816
992267
993645
994558
991290
993753
994456
994981
994512
990291
994022
992805
993749
992512
991213
993517
991214
992896
990741
992085
991075
992347
994244
995007
990473
994436
990579
993105
993103
9667
9685
990287
992551
994559
993636
990375
992711
9116
990073
9131
994931
9392
994994
993080
992700
992943
994910
9219
994694
994240
9777
992877
990608
991170
991200
9576
994634
990288
993126
993791
991150
9124
991889
990043
9504
9571
994879
992445
9487
990994
994442
992716
992409
992649
994421
991252
9652
993826
992266
994751
994850
994385
993389
990991
990945
994745
9478
991037
992784
994254
994055
992288
990366
991567
994426
991042
992235
991325
992708
994264
993398
990294
992413
991984
990039
994916
992478
994565
993665
990064
993327
992562
992095
993634
990574
990404
9754
994172
994752
990109
991518
994158
993682
991673
993763
994927
992746
990647
992096
990586
994631
992884
990001
993215
990930
993752
994192
9609
993314
9786
993629
992563
992044
992940
992833
992277
994503
991232
992081
991134
994671
994500
9208
991641
991336
994125
994996
991957
990818
991186
990089
991527
991272
993770
990528
990924
9078
991465
994937
990807
993363
992034
992380
991819
990955
990770
9052
993060
994999
990622
994711
991466
992760
991428
990637
991452
992608
994828
994438
991459
994120
994015
994367
993616
990879
994646
993518
991405
991274
9592
992655
990860
990463
991747
9769
991140
991478
992059
990120
992978
990689
993450
9528
991654
990780
991088
992823
990337
992644
991752
991911
9002
990384
991764
994938
992709
994807
992484
990704
992574
990100
994923
993543
993657
991456
992195
990534
990545
9580
990869
992016
994131
993476
991106
994767
992387
993962
993241
994506
9568
991462
992800
991732
994774
9746
990898
9115
990405
993111
993132
993006
992532
990180
993782
992082
994511
990524
993053
994103
991477
9549
994396
992418
991297
992525
994780
993020
990271
994895
990040
994928
993361
993935
994484
994930
993745
992472
990253
994213
994218
9417
992477
994950
9485
993168
992362
9382
993267
991371
994897
993746
9147
992293
9319
9747
994924
9263
992543
9350
9241
992458
992713
993121
9023
9867
991156
9761
993092
992908
993071
994835
994676
994759
991352
991988
9351
994776
994831
9740
990280
994072
991305
991947
994011
991679
991971
994162
992710
992450
993681
994283
993029
9562
994221
994627
9817
994102
991855
992170
9548
993581
993139
993567
992051
87
9693
9585
994486
9800
991728
994019
992822
990598
993166
990000
992684
992876
991207
9287
991483
991448
990633
992698
994962
992633
991062
991201
992392
993577
990140
991116
993360
990170
994764
991413
991712
994750
992561
990580
991266
993189
9484
994564
992091
994705
991389
991622
991686
9330
9773
994912
991540
992847
993244
994386
9357
9536
992203
992394
9451
993427
994577
9200
993320
991577
993195
992436
992408
994534
992554
990790
993440
992086
991753
994788
994884
993355
993850
994453
994628
993922
993218
991914
994064
993988
992425
991575
9857
992318
991845
993888
992917
991739
993825
990386
990373
992719
9256
994543
991398
9611
990298
993410
991865
992712
990754
9374
9138
990895
990714
993036
994219
992233
990219
9779
990607
990772
993861
991810
992005
991277
990702
991989
994242
9567
993664
990108
992742
992359
992231
9333
9457
992792
993087
994191
88
994915
994016
993797
9603
992161
991104
991543
992835
994004
991143
9402
994624
990112
990246
990118
993535
9352
9367
990433
992854
994465
994152
993123
992435
994740
993840
991682
990491
992373
990198
991740
994857
990514
994376
9529
990631
991735
991943
9493
992584
991482
990967
993164
993463
993722
990591
9848
991067
9890
991806
9887
992507
993232
993910
993884
991786
990778
993038
990980
993538
994153
993584
993284
990293
990582
9419
993010
992062
992503
990096
994348
990062
992583
990361
993712
994315
990932
9776
994951
992886
9386
994621
990595
991332
9802
990562
993695
990504
993342
992421
994193
992922
994579
9820
9686
992893
993913
990501
990285
991373
992675
991450
9557
994862
994815
9020
990802
993611
994686
993477
992757
993319
992422
990490
990496
993064
993437
990154
994069
992325
993895
994863
994591
9806
993480
991716
993390
990632
990771
994262
994379
993750
9236
991420
993999
993870
994600
991387
991122
993945
992410
991964
990711
992162
992818
993696
992316
993134
990070
993569
9520
991765
994997
991025
991887
994616
994133
993790
9264
9034
992397
993485
994018
990850
992412
9421
990279
9323
9871
991820
9411
992393
993496
991395
993439
9174
9126
992552
993646
991125
993421
992280
991047
9114
991267
992557
992167
992501
993034
993566
993743
994932
994656
992346
993521
992420
993275
993057
990163
991846
994629
9673
993298
991614
994738
9447
994250
994350
9596
990975
991168
992632
992894
994249
993528
992858
9302
9320
992101
993056
991476
992366
993771
9674
990088
994039
9354
990211
992701
990569
993637
9434
992032
992245
9365
9816
992952
991685
992705
991211
990395
993395
993730
994673
990816
994782
9393
991702
9579
991558
9893
992121
991890
9758
993175
992627
990495
9553
991016
991432
993418
992273
994557
994405
993388
9297
992887
990851
993021
990033
991167
992520
994753
9598
994715
992069
9081
994521
991766
992257
993773
993863
9750
990415
9606
9024
994026
994415
9577
993786
993964
9346
994467
993719
9265
990732
994890
994477
9632
992429
990342
991142
990374
991486
994009
993245
992363
992697
990721
9578
991197
991055
994736
994688
994167
993587
994392
990540
993953
993571
992544
993239
990940
991892
994545
991242
991780
992889
9583
990399
990853
994358
993703
990270
994373
9442
992465
991053
993456
993273
994795
9205
991639
990904
991423
993957
991226
990668
993154
992881
993542
994310
994873
992234
992067
993762
990951
9550
994424
9494
993742
994025
991119
993594
992972
993161
991942
990131
994548
992994
994724
9511
994089
990420
991926
991006
992382
992389
994829
994504
993266
992695
992295
990391
990538
9307
991130
993676
994681
993354
994145
992721
992511
990601
993607
990809
993783
990715
991515
991108
992250
991353
994800
993475
990213
994161
993890
9220
991916
994439
992171
994317
993120
9724
990958
994561
990555
993163
991236
994092
993108
993887
9380
991969
992430
994699
991805
9524
991377
992519
994346
992186
9266
9744
994293
994040
990502
9438
990827
992571
994893
993918
990362
992729
994448
9590
990185
992974
9122
9173
994032
994371
990233
990777
991133
9466
990385
994238
992040
991900
994555
993578
991809
992547
994657
9543
994171
994523
991557
993384
992218
994177
994045
992706
993479
9118
994357
992228
990615
991175
991181
994434
994899
992911
991066
74
994437
990936
992152
9853
994707
994793
991362
994451
994195
9767
991127
9737
992605
993041
991166
992603
994084
993732
991990
9774
993066
990407
990996
993174
9143
990066
9113
9400
993860
9710
9166
9833
993219
994719
992828
994127
9537
990197
9074
993707
993803
990683
994090
993700
991444
993153
992980
990826
990763
9453
993806
9582
992704
994237
990032
990234
990181
993759
993560
991374
993671
992961
990278
992977
992533
990338
9491
994953
990999
9388
993183
994861
990296
9460
990283
992414
9565
993499
992232
9363
991073
9763
992073
9431
993574
993180
994817
993196
993900
991469
991923
