990676
990421
990323
990461
993944
991098
990677
994908
990162
992342
990492
993115
992225
9368
9364
991998
991842
992151
991396
993726
990933
9016
993299
9311
990468
994554
991913
991965
993519
991896
990383
9449
990133
992850
994808
991278
990135
991248
993891
992223
992163
992224
994846
990649
993401
994881
9010
994976
9843
991129
991530
994223
990839
991001
992509
991289
993303
992861
991813
994518
990317
9190
994528
992376
992307
991937
9586
991265
993169
990047
990505
990761
992862
73
9306
991762
990340
9455
992027
992865
990277
9662
994128
990442
991361
991065
993683
990988
991602
992566
992336
991688
993592
9679
9752
990567
991307
993258
993091
9310
993487
990573
991562
990655
994227
990602
991519
9653
992560
991180
994472
995004
992817
990206
990823
990137
993717
990672
992358
990274
993987
993113
991565
9188
9048
9556
990054
992578
993600
991093
991800
990017
990824
992147
21
991761
991872
990956
990196
994185
990723
990147
993929
991655
993268
992787
993405
992937
991758
993045
990742
992317
994823
993507
9856
993199
991616
9177
991434
992589
992744
993263
990419
990797
991136
990308
992138
992185
990901
994352
994091
993104
993954
991312
992565
990389
991560
992677
992305
990425
992084
990605
992071
990212
991624
9225
991868
993854
990009
994849
990387
990774
9045
990795
994360
993815
26
992360
994731
993983
992585
993740
993306
992690
994590
990803
991013
990674
994021
990842
992314
990886
993623
992015
990746
991595
993366
991309
993102
9845
990698
992623
991802
59
993378
991850
990585
992529
990174
9512
993704
994821
990903
9196
992657
993308
993012
993817
994375
991279
992426
9792
991081
994143
992444
994712
993604
993989
992460
993692
992153
993143
992650
9260
991856
991814
993176
993259
9633
992919
9398
992006
9552
994716
994107
992593
991586
993902
9211
991285
41
994452
993709
993898
990654
993948
990971
990671
9349
992341
994166
992354
992926
994479
9854
993755
993415
993614
992240
990055
991582
994844
993531
990117
990819
990722
992579
992242
9246
9876
992139
9835
991779
990679
71
990657
991566
992222
9733
991895
993784
990465
994397
992809
990139
994933
992254
991299
992182
990085
9860
09
9830
992367
992959
9869
990235
992733
992868
9440
991860
994964
991014
994005
990987
9793
993563
990805
994943
992812
990713
9759
993311
992570
990923
994701
991164
28
990682
9499
990525
993042
994335
990643
9877
994789
994226
993352
990694
994119
992591
990497
990236
990016
9465
991059
993350
993015
994290
9741
9720
993917
9107
991742
990128
991095
9437
992177
9294
992992
991491
992427
9254
992689
991313
991064
993668
993615
9712
992611
993118
990202
993486
990821
9629
9321
9286
991908
994078
990800
991717
991161
990900
9683
993648
992262
991316
992541
9168
990295
992852
9558
994118
991689
991711
993307
994860
9099
990575
991358
990261
65
991594
9757
992384
994364
991052
990152
994411
9300
990238
994797
992352
42
991415
992631
990164
993171
9303
9040
9613
9129
991590
992365
994212
991338
990874
990175
991581
990310
993141
993632
991584
994041
994841
994971
992845
990304
9721
994215
993503
992215
990710
9481
992622
994111
991330
994228
994754
991193
994024
992369
993979
992043
9694
994174
994429
990814
992913
994361
990426
990439
994909
991084
991445
993613
994305
993114
993603
991867
994822
991619
993322
992648
9775
991163
994766
994810
9274
992117
992916
992606
990443
994553
992514
9607
992496
994792
9022
992601
994524
9060
994748
991891
9784
990241
9132
9497
9329
990427
994668
990173
990171
992660
9443
15
9270
990529
9581
991826
990892
991931
9544
990155
993019
991600
991019
990324
993694
993802
992461
992969
994626
993744
992181
993693
992494
992803
991318
992662
994129
990984
992598
990372
990446
990077
993969
991311
991451
993375
991363
990801
990297
991587
993821
994440
994689
993606
994869
990127
993627
993095
994480
991171
991533
991715
991517
991005
991790
992836
993776
991198
991293
991534
992726
9477
990589
9895
9638
994587
991951
9594
994885
994675
990183
991220
992401
990899
992269
9804
990125
990240
9108
990625
992951
990914
990915
990658
994896
991973
992370
990087
992349
990747
994023
991135
992375
993237
992656
9899
994649
994838
994037
994292
9218
9881
990638
991235
9462
990454
991300
992481
990356
990583
993402
991915
991722
992670
9308
991147
994186
991281
991244
993127
990889
994542
993140
9894
9318
991986
9284
994106
9731
9819
990115
992901
993509
994296
992079
993864
991811
990049
991827
9688
990503
991243
9232
9892
995006
993621
990846
992090
9446
990150
994802
994602
994109
994110
993920
990315
994721
990709
9554
9244
991497
990480
990910
994530
990841
9796
990518
991564
994086
992124
994574
9666
994209
990178
9087
991823
9866
992931
992048
9811
991204
991259
994840
992383
992174
993706
990449
992229
67
992941
993723
993608
991681
991397
994858
993188
994441
991250
994475
993530
992175
993985
990305
9546
990810
991118
990623
991100
993932
993508
992306
994430
992668
9555
9722
9110
990352
993575
992403
9155
990645
990182
994725
9095
991542
990394
993255
994222
991225
994410
992582
992878
9432
990727
990513
991987
990351
994779
991873
993555
55
994762
993016
990413
990056
992658
992946
9506
9033
993859
994979
9641
994483
992423
992437
9123
990593
993054
991295
991182
9096
993373
994485
992173
991612
991256
994499
990447
993044
9678
993409
991239
9619
992832
991105
994263
990748
992265
9810
9424
993142
9743
993493
990862
990659
991708
993286
993043
991447
994720
991869
992659
991262
992046
993609
993534
9397
9283
9510
994134
9519
992618
993489
990286
994739
9058
9676
992998
992290
994029
995000
990194
994538
9739
9691
9399
990868
992031
994282
992102
990307
994187
993691
990934
994449
991580
9719
9341
991509
990953
990635
994573
991555
990303
992258
991273
991036
993122
993338
991360
991240
993101
992921
993551
993597
9201
991618
9630
991807
993018
991710
9771
9069
990745
991493
994447
990459
990210
990706
993165
994197
9560
991060
994468
992637
990970
992588
990256
992017
993686
991023
990865
990165
992699
990081
991351
990353
992810
991500
990813
994121
9103
992522
990225
991707
9840
990563
992388
993881
993107
9255
994036
9198
990470
991286
990977
991851
994968
990254
990666
991492
990523
9844
9597
990730
993278
990208
994183
992798
991002
994756
990006
991791
991906
992546
9885
994062
991115
992119
994576
992991
994199
991980
990024
993511
991528
993643
991725
991967
994636
9492
994082
994010
990199
9080
990132
991090
994181
992453
993445
9009
992513
992905
994697
9551
990022
993618
9766
994311
993315
991871
993536
994969
994327
992830
990733
9011
992731
9049
9141
993851
993236
994505
994481
991676
992089
991341
991040
991498
994031
9608
994842
991247
994791
993951
992205
990559
990873
994178
993075
994652
9098
990830
9656
992745
994476
994532
993532
992155
991018
9204
992255
9714
992904
9290
993474
994613
993818
9482
64
991008
994362
990398
994272
993915
9170
993857
9262
993467
994300
993065
991224
993372
994635
992840
994876
994341
60
991441
993781
993027
990030
991789
991523
9121
994164
9145
990662
9210
994854
991020
991794
994855
992807
991893
990328
990488
993992
9496
992270
991449
993358
990464
9149
9313
991701
49
990673
993470
991099
994529
992037
994239
994139
991038
990883
990329
993274
9044
993741
994874
9735
990388
9403
9531
9677
990961
9812
994708
993950
994546
991671
990847
994758
990408
994983
992626
991903
9007
992103
9490
993424
992184
993430
990756
991705
990776
993926
9292
994383
994982
992374
9589
993414
993067
993351
990156
993869
9373
993650
993333
990779
9063
990840
994014
992752
994042
991007
993494
991287
991684
994147
9203
9768
991206
990907
991888
44
993796
992666
991401
9682
991437
992281
9075
992930
9450
993411
990537
991356
992278
9851
991473
994281
991510
990922
9019
994654
990248
9137
993779
991792
991636
994733
9618
9872
992763
994278
992439
992924
991901
9541
990042
990201
991429
994432
993455
9281
990993
991771
991314
994409
83
993212
992906
992844
994957
994490
990005
991693
9338
990192
993119
990641
9637
9570
992933
990724
994260
9614
993772
990648
994710
993880
993023
993959
990820
992564
994820
9799
990815
990172
993323
992308
994593
993590
994333
9249
69
993207
993192
993848
990245
9375
993261
992207
994266
9470
994517
9331
993678
9066
990110
992315
994640
990484
991417
9726
992576
990833
9017
991719
990891
991427
9711
990222
991470
992456
991831
9237
992872
991588
994414
9815
991003
991217
994474
994972
993923
993220
9151
990331
993264
992038
990489
9299
993820
991403
992395
9657
993747
991544
990884
993157
993871
9495
990691
9337
990390
992996
991603
993878
991646
9195
994651
994729
993225
991852
992851
993641
994085
994398
993433
9067
991383
991411
990099
992737
9414
994053
993248
991270
993721
994790
990027
994247
991433
58
994324
991545
994552
993727
990259
994325
990499
993383
9369
991402
994435
990867
991375
994958
990906
992595
991897
990242
9842
990216
990516
9071
991691
991392
994224
994374
993872
990728
993304
991664
990478
991303
994637
994639
990549
990848
992057
9259
9729
994058
994314
992890
993739
991818
9540
991837
994417
993208
9054
990997
992339
992213
992289
994208
991152
990954
991233
994987
991653
992298
9762
992009
992717
994585
993026
990268
9278
993639
991068
990684
993005
994747
993589
9864
991319
994316
993074
994427
994865
991999
990766
992831
993572
990143
992056
993635
84
994217
993667
994179
994200
993867
990214
990318
991191
993523
994156
34
990093
990693
992671
993698
9384
990177
993993
990044
991976
994498
994520
990475
993158
991418
994487
993181
992590
993167
994703
992510
991835
991638
991495
992129
992187
991824
993172
991699
9153
993675
9863
993305
992797
990794
993974
994088
80
9427
992002
992685
990812
994232
994241
992665
992826
992776
991574
993032
993331
994692
9836
990760
993866
992964
991621
992586
991520
991977
994105
990176
990964
994388
994464
992764
993760
990458
990941
992825
990275
994607
992651
994454
9516
992676
992324
992145
991162
991335
994826
9501
990080
991777
990424
990909
991698
991841
992527
993724
994947
991563
993808
994048
993077
9133
994079
990498
992782
990578
993173
990013
9301
991572
990075
993952
994080
991076
992183
994059
990360
990237
991723
991817
991049
993501
9077
992065
9468
993838
994418
990878
994170
994076
993785
9454
992774
993221
992276
994610
991959
9645
994008
9439
9753
991422
9846
991326
991112
993447
992108
991388
992462
991382
991706
993896
991954
994284
990312
993644
990486
992667
993965
9055
992839
990863
991553
992559
992944
9624
993525
9880
993281
992880
992379
9240
991237
991625
9068
9749
991306
992243
990121
991917
993702
992060
990243
991782
992120
991924
994214
991979
991327
994349
991656
992487
9873
992982
990989
990320
9089
994582
990151
993833
990572
990521
9471
994202
9197
992080
991381
990998
9456
990560
994176
9699
990429
9600
992740
993714
991032
994961
992455
993316
992104
990145
991132
991212
993550
9738
990301
991552
994974
990938
992902
992990
9535
9692
992777
993329
994837
992957
990784
992898
993419
9687
9827
990060
990881
994993
994709
992528
991670
993911
993914
9082
993666
992778
993625
994954
994944
992597
990111
994307
994306
994525
993228
990251
70
994785
994154
991647
993009
990610
991994
993295
994685
9850
990082
990069
993774
994595
990148
9038
994234
992024
993966
9615
993078
993765
991317
993272
993150
993222
994190
9280
9545
993958
992515
9079
993471
991992
993367
991386
991763
993794
992113
991996
994347
994163
9142
990832
994575
994804
992762
992468
991609
990487
9231
993807
991165
991690
991720
991832
992003
9891
9689
990908
990104
994382
993079
994597
994674
990530
990966
991231
991644
991359
990781
991089
991139
992928
994148
993028
990083
9226
992790
992303
9559
992642
9275
994672
9563
992417
992193
9832
993976
993047
9663
990686
994891
992728
992609
994204
991808
9725
9182
993145
993280
992759
57
994583
991736
992804
9422
993837
994189
992247
990126
993967
993223
9186
9888
990652
991367
993812
9797
9371
991985
994619
993214
994423
990209
990365
991709
9230
994601
992630
9814
993336
990007
993522
990511
991453
992340
991680
990618
990508
991069
991034
994225
991205
992619
9764
9791
991748
994320
9839
991227
994648
992838
9874
9595
992730
991074
993116
990052
991532
993204
994455
993481
992550
9801
990603
9062
990553
994763
9258
992607
993556
993510
9509
994390
993924
991713
993975
994773
990417
990620
994920
990556
991035
994235
994809
9588
994683
990046
993468
994883
990134
990527
9361
994013
82
994420
993990
993558
993341
993377
993197
991153
991464
991962
990377
992448
9896
993003
990437
992814
991475
990962
994150
9870
992661
994870
990471
992058
9083
991017
9828
992736
993240
993431
9702
990926
993798
991663
9146
990509
992912
992596
990098
993701
9697
992197
992504
993185
993529
991966
992474
992165
9031
991768
994389
990849
9104
994399
9042
992083
994827
9120
992536
993928
992049
994604
990719
991151
9566
994155
994068
994723
994598
9708
992772
993515
991645
990973
9253
990571
990619
992696
990985
991087
990836
990917
992061
17
993672
990931
9059
991833
994002
9171
994368
993260
991046
991033
990870
993426
992419
992678
993243
993345
993082
993576
9413
993661
993464
9176
992377
993050
993925
993882
9214
990675
990913
994245
993453
991569
992130
9807
9161
993276
992321
992523
991196
993371
992008
993210
992882
994514
992639
991328
993907
9336
9134
991485
9858
991219
990053
993593
992475
992934
991442
991061
990267
994659
993822
994515
993816
993262
992920
990450
992499
72
991755
990628
992747
994093
9778
990701
992686
994297
990379
994832
993086
992962
9005
991394
992827
992457
994253
990019
993688
994094
992476
990880
991077
994746
993956
991292
9489
990630
993193
993031
993631
993844
991821
993289
79
991554
9345
9101
991502
993801
992350
9718
994704
992353
994570
77
994489
993565
994929
992641
9250
992885
9267
991667
990861
9861
992715
991471
990146
9111
992144
993459
990792
992891
9507
994988
990451
994902
992216
993340
990021
992189
991729
990570
992485
993458
991549
9868
992302
994825
994691
991284
993705
9650
990939
990239
9461
990857
994973
991781
991854
991884
993412
9561
990982
993282
9394
992238
990765
993856
9765
990804
993991
992334
990788
9154
992118
993106
991696
990058
992498
992466
992947
9701
992967
994596
992995
991963
991961
9251
993514
990456
993093
992464
990600
990554
994678
9704
992109
994098
994859
990697
990314
993729
992227
990414
991346
990789
994625
991760
991591
991011
993037
991904
990944
990768
9533
994142
991041
993435
994141
992390
9012
994882
9423
994839
993404
9513
9616
991788
9821
991724
9527
992534
990041
990231
992115
994522
9051
992500
991631
993916
991734
993849
994243
991548
994471
994184
990626
993780
992871
991148
992200
992404
991178
994416
990581
9569
991695
9640
993334
993862
9282
993687
990952
991596
9626
994985
990968
990871
993554
993294
991611
9288
994560
994713
994905
993011
991202
991192
992691
994132
990313
993889
9649
991021
994901
990124
991886
994038
9396
990817
992683
990613
9448
994963
990477
990023
9605
993617
991816
9849
993684
993708
992263
991677
991550
992806
990636
993716
993927
991294
9296
990448
9192
991390
994280
994945
994888
990561
990440
990412
991357
991626
992142
991662
991506
9809
9295
991882
991733
9271
992088
993381
993449
993076
993441
992385
990158
994491
990247
994519
992766
990207
990445
993004
990866
994303
994100
992614
991571
993689
991836
9407
992210
993504
990368
994735
992738
990646
992004
991419
994992
991480
994403
9770
9091
991797
991828
994680
9172
990541
990345
991773
993235
9404
994853
994370
992842
9410
991853
990912
994330
992047
992146
994478
993847
9209
992035
993332
993553
9064
9660
9635
991078
994334
991425
9518
991919
993128
9029
992674
9847
9730
994618
990738
993391
992997
9199
990142
992750
992212
991630
992114
991269
992364
991430
9395
993364
991767
9328
992703
9334
990522
994470
9041
990370
992567
991507
990348
990220
9751
993296
994206
990349
993751
990796
994056
9500
991607
9425
993642
992246
89
990544
994488
995003
993506
991880
994340
994359
990218
990547
990592
992518
9837
992545
993313
991407
9159
9574
992415
990462
990864
990431
994563
993769
994799
994401
992793
992074
990406
9879
990203
992191
991598
991958
9053
991343
990552
992260
993981
994771
994353
991795
992166
9235
991487
990718
991721
9825
993138
995001
991222
993831
9636
994660
993735
993660
994845
991697
993547
990123
992929
9379
994877
994926
994935
993129
990942
990244
993209
9695
993058
992428
9463
991972
994342
993155
992779
990105
993996
992820
991282
990972
993761
990160
990102
994653
992849
9243
993446
992569
994216
990290
994115
9602
993512
9037
991431
993995
991918
991010
990925
992482
991648
991004
990250
991829
990699
991925
993326
992761
9838
993647
993595
990284
991597
993628
994288
994144
991661
994949
994623
63
9189
991435
994984
991526
991210
993879
991675
9018
991620
993349
993469
9409
991347
992553
993130
991024
9732
9882
992492
993407
992236
990681
993792
992875
992007
992493
9458
991128
9327
990517
9406
991649
991749
990205
990144
991928
990072
991091
993583
993055
991632
994787
992454
991364
994914
993548
993973
993811
9841
993309
991461
9027
992164
990720
992542
990086
994087
9736
991772
9591
9706
990905
990184
990327
992296
991039
990453
992732
993697
992335
990003
992272
990376
991529
991123
9862
992019
990937
994647
9014
990793
992021
994939
992479
994043
991208
991460
990837
9526
994460
990266
993205
992754
994277
9086
990656
994588
991369
993417
9128
991929
994665
992985
994726
993942
993544
991505
991257
991155
993873
990828
994749
991194
994271
9859
992045
9716
9865
991114
990731
991348
992785
991881
991815
994291
993339
992001
994645
994344
994169
993254
994061
991324
9326
991674
992209
9415
992824
9247
994609
9445
9628
991894
9343
994714
992323
990755
994255
992442
994743
994251
992859
993986
993718
992775
994641
991672
994866
994057
994196
993963
992239
993610
9505
9245
994757
990767
994391
992221
9610
9412
991158
990650
991953
992682
993297
991400
991484
991524
990281
994404
9475
991930
990716
993285
990050
9180
990232
992100
992106
991876
991991
994677
9324
991141
993049
991070
991026
991927
9534
992160
992516
993605
992261
991576
992723
993109
992431
993290
993877
990584
990536
9202
992149
993392
992592
993787
990334
994406
994900
991863
991950
992180
993393
992136
994035
990255
85
991209
9897
994229
994380
9092
9671
992411
990141
990025
991537
991096
991642
991144
9803
992895
992141
992407
990359
994201
991399
992432
9001
992976
994921
991840
994755
993598
991839
993247
9148
990639
994294
993829
993160
992903
991172
994527
994422
993573
991245
992693
991406
992361
9213
991263
993904
993754
9376
994995
994562
994269
994986
992834
990644
990018
991370
991617
991203
990026
990409
990090
9065
990418
9248
991628
991912
994830
992033
993438
994864
990074
991028
993230
990935
993385
993960
992625
993025
991276
991355
994412
991027
993638
993217
991342
9162
990434
994493
994482
992837
993855
9523
990597
992440
992572
993135
994693
994936
990882
992489
994761
9789
9344
990336
9723
993252
992604
993472
990063
993461
992714
991101
990347
993876
993559
992767
991503
994211
9372
991627
994001
9794
994137
992433
993184
990588
994261
9542
993353
992688
993406
9780
992973
990272
991861
991751
994535
992955
992148
48
992451
68
993190
993423
9156
992535
9032
993968
9479
992014
990008
993257
990687
991376
990773
994302
990798
990692
9047
9070
991757
990948
991323
994718
993408
993148
991785
9483
994365
990856
993002
990119
994741
993670
992983
991804
991878
9433
990357
9112
992097
991683
994507
992892
991195
994502
990045
9191
990289
993827
9755
992202
990736
990844
993312
994207
991570
992975
992811
991051
994114
990020
992219
992188
994188
993901
994852
992211
993216
993110
991174
994473
993473
990392
994231
993013
992538
992897
990494
990435
991079
993562
9136
9418
990330
994663
991700
991443
993800
993549
9884
993462
9620
9829
992028
992248
992702
994990
990663
993919
9473
991322
993017
991012
991952
990737
994252
992942
993685
9875
990358
994343
994744
990769
990166
9076
991877
994786
990897
993434
993799
991866
992154
991050
994312
993905
991745
991848
993482
994117
991589
9599
990161
9665
992819
992749
993070
992610
991687
993330
993370
992628
991056
993051
994965
9469
993451
992932
9152
992948
991291
9358
9387
994737
992801
993357
990902
993766
994772
992646
993894
990918
992168
991935
994875
991149
990187
9627
993591
990350
992813
992055
993089
993841
993242
994568
990838
994322
992848
992751
991651
9217
991944
990136
992098
990107
9709
992256
991479
994194
994270
993753
992126
991535
992874
991496
991379
993738
991321
993068
993265
990035
993949
993317
990258
990927
990670
991044
9889
9056
994497
78
991467
994658
9242
990928
992783
991187
9472
993845
994922
990059
992788
992816
991457
992936
994684
9647
991604
994012
990223
994889
990252
990564
9441
994696
991246
991610
993359
9268
993347
991731
990577
994007
990735
994083
994856
990606
991264
990396
991504
9625
9277
993809
990300
990604
994550
991541
993321
993224
994918
992923
992251
992274
991054
992241
990189
991501
993279
990029
9325
9790
990539
992279
994547
994030
9690
9522
9229
991784
992406
990411
992158
993658
994690
991956
991372
993249
992673
991080
990403
991634
990493
9795
993899
992910
991409
995009
991922
990467
992869
993955
9000
9097
992355
994328
992319
994469
990896
991862
993151
991268
993868
991260
993814
991030
990204
993238
992169
990806
990992
991847
993633
992449
991085
991948
993775
990028
992984
992883
990455
992687
9430
994975
991253
993442
990316
9025
990229
991185
990226
9480
993211
9222
990596
991173
993226
991608
9783
994615
992486
993343
990520
990811
990787
991776
994801
994054
990011
990978
993356
993083
994492
992143
990611
992438
9273
993203
9787
9785
9224
992378
992857
991071
9464
990048
994956
991783
992391
992338
993539
9127
992953
9084
993892
992978
992311
991022
991578
992530
992128
9675
9028
9193
992312
990983
990743
994698
993505
992304
990159
9125
994205
9486
994977
994526
992131
990669
991138
992264
9106
994970
994611
51
993085
992915
994599
993030
991899
992230
9215
9165
993852
993612
990221
991803
994138
9572
994833
9503
992773
994695
992756
991241
991774
994060
992012
992594
992402
992013
990740
990712
991339
990616
992400
992808
9818
54
993040
993513
991633
994020
990640
992286
994413
993191
993938
9745
991254
9088
993655
994728
992214
9272
9680
994952
990551
990831
991613
991834
76
993767
9257
9530
991229
990678
9651
9309
990333
992010
992802
991366
994781
990576
992799
993137
990877
994459
992521
993182
991045
9316
994579
993386
994765
993520
992965
990012
994910
992271
992531
990946
993500
9100
993380
9805
993344
993100
9221
990191
992344
992870
991384
991858
994355
993201
991843
992459
992988
994017
9575
992724
9285
990665
992958
993540
993369
990629
991940
990149
991261
991058
993690
994381
9401
991995
991283
991414
9612
990653
994508
990532
991126
992939
993231
992741
992654
991440
992900
990397
993934
992357
992217
992416
994843
994034
991657
992694
990452
9144
991137
9521
992333
990550
991822
9163
9135
993835
993368
990843
992927
990500
993930
992026
992157
990179
994157
991744
991176
994046
990339
9705
992470
992638
994140
991737
992443
994457
993448
993728
991668
993805
994259
992268
993179
993677
994643
993906
994067
990703
992337
994419
993978
994594
991521
9030
992070
9383
994027
992093
9227
9781
992899
992780
990929
993287
992768
990566
994285
992846
9670
9102
991215
994299
991177
993072
992989
990624
993731
991934
994980
9179
81
993748
993269
991974
990479
991879
9593
9130
991538
993200
994097
993620
991754
994796
9642
994287
994706
9428
9304
992653
993000
9622
990472
992310
992949
992329
993495
993557
990326
992030
991508
990708
993795
990546
993734
994378
9514
994402
990751
993348
994513
993582
991410
992204
9823
994664
992287
992064
993970
994567
991830
992734
994426
993090
993756
991454
9639
994122
9391
990436
991874
992616
9105
994063
994894
9194
992765
992645
994395
990852
52
991280
992621
994458
990130
994400
994955
9117
991333
9886
990943
990660
990483
992198
992490
990037
990875
994544
991154
993094
992330
992725
992815
9700
990095
993097
992491
992524
994778
990976
992447
994000
9436
991546
994494
992480
990343
991579
994096
994630
9727
991184
990157
991251
9634
9584
9289
9385
991936
993022
993490
991536
9717
9004
993387
993177
990548
994387
993585
9158
992866
990950
994556
993580
990627
993318
994318
992137
993112
86
994769
994124
994679
992125
53
994536
990753
992292
992244
994998
994425
990004
990519
994461
991678
991408
993579
993832
990188
61
994172
994541
994784
992634
993568
990416
993497
9339
993662
9517
9476
994682
991637
992652
9340
990888
993909
9568
991199
991938
990651
993819
991665
993443
9085
993526
990752
991258
991097
994047
992179
994256
9003
991190
993302
994760
990845
9183
990217
991109
991385
992863
992796
991547
991857
993206
991121
992078
9187
991106
990887
991086
992615
992332
9698
9822
992300
992132
994913
994073
991223
991741
990230
994274
993096
992956
992735
994233
993194
993893
993014
994911
990264
9261
992888
990974
9587
993699
9233
994394
990916
990106
993133
990401
994670
993466
994917
9234
993144
9664
992094
990423
992284
9119
994978
994571
993059
992041
993081
991436
990533
990474
991000
994044
994537
9617
990325
991593
991859
991650
994569
994257
990010
990829
994384
9405
9228
991302
993758
992629
991516
993024
990355
994867
992320
991499
994836
991088
990481
9748
994722
992794
992020
991365
994650
9696
9015
9713
992220
991738
991825
994112
9824
992000
992613
990153
994074
992502
994289
990051
994329
991568
992999
990764
990959
990771
990378
990960
992356
994113
75
991412
9366
994165
993233
9444
994584
993105
990321
993149
994592
992396
994431
992112
991446
992551
992022
991009
992458
994777
990262
9631
990036
994066
9435
994904
994966
991955
991652
992526
9532
992473
990113
990775
993062
990921
994967
993936
990981
990979
991393
992235
992050
994319
994495
9322
991921
9314
9502
990002
992039
993680
991759
991909
993283
990685
991514
994210
990057
993875
991718
993061
992943
994221
993288
993656
991615
991669
994331
994581
990759
994345
991905
62
990758
991658
991585
991043
992326
991380
992029
990393
994622
990116
993246
9355
990778
994868
993971
994501
990642
993669
990919
990690
9319
9043
991975
993488
991337
9416
993941
993545
993654
993502
9139
9655
990380
993564
993039
992795
991124
992237
990594
9360
9109
992600
9429
991983
992497
992135
991849
992556
992386
993256
993146
991107
991666
990260
9452
990893
990282
992829
994377
9623
993813
991982
9760
990068
992105
991512
994608
991946
991907
994994
993187
990299
994006
992066
991883
9050
993858
991094
9362
993152
9140
992971
993619
990726
991910
994642
992907
991522
993897
994369
9564
9668
993541
9036
990253
992537
993178
994638
66
990969
991978
991113
994108
991920
9072
9756
991438
990034
991838
9239
9175
992602
991583
992548
990422
993826
993961
994566
991102
993982
992966
993828
9672
991296
990744
994533
990167
994989
992343
9094
993452
995005
992743
992981
993516
994236
9601
9377
994834
992116
9276
9269
994444
992076
990565
992635
991218
9659
993737
994946
991082
993324
994700
991350
9661
990834
994065
990791
9772
993492
994295
994028
992555
9008
994931
990599
990808
991331
994727
993836
991770
993394
990749
992208
992722
993778
993834
9539
994806
992068
990911
994540
994248
991234
993291
994428
9178
992294
993793
992072
994308
990195
994898
56
9831
990084
992617
992708
991704
992018
992573
990249
9498
991559
992568
991029
990920
994136
990617
990696
990257
994099
991714
993681
994052
994539
992781
993746
992156
990858
992194
9604
9359
992549
9353
993674
9264
994254
993946
994135
994923
992979
991459
991660
992099
992987
990302
990515
990273
9715
990739
994768
993465
990485
9279
991643
990428
990700
993804
991213
990734
992063
9681
991727
990438
994265
9685
994991
993830
993198
993659
990822
993063
994578
994959
994603
993111
991997
992252
991228
9408
991605
994240
9164
992508
993389
9335
991368
990661
992371
991455
991169
991421
994549
993527
993533
9520
993007
992867
991960
990762
991932
990854
991911
9654
993552
9769
990001
994919
994981
994775
9061
991110
990363
991298
995007
992110
994160
9420
994632
994436
993159
991131
993382
9669
992299
991957
991157
992945
9293
991048
992970
990341
990930
994258
993933
994071
993997
992640
991629
993570
9557
993397
9782
990091
992855
992345
992123
994337
990078
991551
993444
990292
991249
991221
991539
9734
992517
990557
990757
990432
9093
993033
990680
993886
992087
993147
991796
993736
994393
994589
990071
993460
991898
9703
992755
990354
990750
991146
990346
993234
990038
991458
991513
993478
991344
991214
993842
991211
994077
990876
990169
994831
9347
990344
990122
991659
993777
990986
994168
992757
992301
990076
991349
990265
990097
9160
994903
990872
994203
992786
990507
991255
991378
992405
993403
991606
990802
9200
991404
990410
993416
991063
9808
991189
993131
9643
990224
991993
994443
993561
993168
994907
991371
990369
993253
993945
9459
9536
990542
993335
994912
990444
9219
990818
9252
993903
992968
992472
9291
995002
992190
9728
994655
994298
994351
994146
991275
994857
992577
990707
993640
990382
994050
990015
992283
993994
994267
990531
990469
993052
993939
992259
994614
990138
992226
990786
990065
992203
993099
9648
994321
992077
993354
990859
992275
991728
993229
993733
993874
992771
992575
994687
991329
992450
992372
990894
994510
990163
994770
9686
993524
992172
992309
991426
993325
993362
993328
991472
992495
994354
992327
993251
992199
993810
991301
993300
994633
994669
991601
994159
994153
994049
992196
991463
991730
992791
991466
9073
991103
993908
9852
993314
9238
994421
993910
992434
994198
992860
991183
992727
990725
992362
993420
990621
991561
994304
991072
990402
994937
993839
992707
991945
991238
993073
992789
991092
990783
994366
994676
992092
991673
994788
994705
9898
991875
992483
993457
9571
992700
993757
9124
990949
993931
991726
994644
9693
990835
992711
992075
994103
993630
994095
991160
990825
993125
992821
9039
993883
991743
991592
992558
994152
992267
994104
990574
992853
992313
994301
992082
994666
990263
992122
993720
993596
9150
991122
993789
993546
9788
990043
992424
991750
992940
992856
993972
994230
9298
9658
990534
992954
992291
994884
994286
9046
993327
993008
991735
993651
991511
9798
993292
992543
994551
994927
992886
991981
993653
991844
991885
994816
993202
990101
992471
992277
992770
992192
990114
9515
994667
9317
990860
993103
992918
993098
991654
990965
992993
992716
993432
9216
994180
990633
993071
991942
992612
990031
993126
9777
991230
991902
991747
994780
993186
992739
990714
9002
9609
992469
994940
991037
994941
990609
993663
9487
993763
994694
993998
9786
992253
990637
993752
9147
994730
993491
991889
992096
991746
991170
991200
993788
994572
990664
990535
9684
992805
992552
992873
990524
994463
990170
994872
992249
994591
993843
990193
994950
9529
994627
990545
994126
990506
991345
990291
9878
994851
994794
9893
993912
993310
990729
994503
9006
994438
992159
990215
991702
992140
994752
994162
991216
994612
991941
991416
992960
990980
9883
992841
992054
9478
992760
990064
990598
992649
994310
990190
993293
991775
993069
991679
9312
991354
991799
992381
992664
990587
990705
993035
994767
990405
994863
994279
994064
994445
9776
994828
991336
992328
994315
992896
994173
994055
994033
990381
9528
994620
992758
993374
991531
994892
994456
994407
994408
993764
990855
992413
991391
992644
994934
990476
9652
990890
992095
9817
992879
992672
993429
992963
990782
9206
9090
9474
9667
994125
991476
990400
990371
994313
994996
9621
990647
992107
994742
990092
994213
990294
994506
994101
990219
994512
991793
992624
990441
992692
993921
993943
9585
992053
994372
991057
991989
9115
9548
990990
990770
992446
994617
990634
990089
991468
990466
9504
994871
994759
993649
994367
992322
993365
990947
993124
993250
990366
990558
9305
992418
990073
994003
991340
990404
994442
993036
994496
991933
993853
991465
9826
993791
994634
992655
990269
993006
993425
992823
994577
991042
992387
9381
9707
994022
994120
994309
991939
994323
9052
9116
991949
990120
992134
994486
994558
991439
992195
991120
992769
9320
992580
9484
992833
9417
990100
993189
994835
992843
992127
9754
992394
9646
991186
993483
994500
994283
993712
991864
990337
994732
992150
991740
990271
994264
990967
992909
990754
993711
994133
993080
9348
991916
992698
990579
994564
994962
991482
9747
993241
992081
994462
991769
994534
994925
993396
994385
991452
991787
993543
993271
991424
990622
9184
991971
9644
9580
990129
992034
992574
990039
992720
990528
991988
992023
990994
991527
994218
992562
9370
990780
990463
991752
994465
994326
994807
990512
991297
993846
991525
992709
994484
991134
992950
991474
995008
990140
994702
994999
990741
991494
992917
994745
994016
994151
992972
992044
992325
990590
993121
991806
994580
990898
9357
993413
9603
991207
990430
9525
990608
990717
994586
994242
992877
990612
993020
991456
993463
992059
993980
992488
993136
994072
9761
990227
993885
9013
992908
994275
992297
992351
993048
993029
9592
992085
992636
991968
992133
991150
990288
991006
993162
990198
992854
990963
9382
993164
994019
993636
991062
990924
994631
993346
9740
994711
992893
994262
994379
993244
992561
993770
992925
992409
10
994081
991267
991075
994942
991635
994915
991567
993422
991716
9241
993398
994244
992086
992445
9026
9390
993850
992288
991477
992011
991692
990375
992746
990040
50
993436
994906
991641
991143
992710
993139
9330
994192
9208
991540
991622
990991
991640
992484
9451
992025
994774
992318
990186
9567
991179
992408
991810
993379
993962
992563
993577
992922
993749
990213
992914
9167
9023
993060
993166
993399
993937
994924
993092
992425
990457
994646
992052
992293
9114
991428
993450
990270
992800
9426
993825
994671
993361
990945
994131
992348
992557
990595
993743
993320
9773
993001
87
992245
991819
9263
992036
992608
9596
993745
990607
994158
9323
991274
993645
9020
993484
993227
992742
991067
991290
994102
993390
990704
994018
992554
991272
990586
994895
994948
994890
992316
993232
990342
993476
9131
990473
993682
994776
9236
992477
9857
993363
993888
993477
993665
991575
994803
993538
992532
994276
992876
992858
992539
992835
994850
990689
994621
993823
992359
993517
991145
993657
992005
991405
990168
992684
990632
990807
990088
994015
994565
9485
991332
992231
993634
990790
993355
991686
992032
992822
994543
991518
990816
991577
992525
9848
991031
994250
991478
991389
993567
9034
994559
992643
990895
990335
993123
993616
991753
992331
991855
992938
990000
9576
991140
9185
992712
9078
992091
9392
9386
992167
992285
994879
994740
992952
991053
992583
9611
994738
991947
992373
992051
990096
990490
990293
991116
9035
991462
88
9855
990287
993782
992884
994453
9871
993195
992633
991025
994686
990591
9207
993840
992412
994624
994116
990827
990118
990504
9421
990711
991304
991266
992233
993439
992170
994916
991125
990631
993132
994011
9419
990364
992422
993750
990109
992380
994600
9256
9562
991167
9890
9549
990555
992512
994750
990702
992792
9333
993922
993884
993496
993215
994764
993485
991786
9367
9374
992266
993218
991423
9351
992016
994509
9138
990850
994656
9802
992421
992161
990932
990958
992062
993245
993887
992847
991352
993427
9411
992503
994715
990940
990491
990361
992273
993266
992719
9081
9579
993988
992784
993053
994396
993518
994938
991156
993360
992713
990580
9380
993722
994753
994751
990285
993673
993611
993319
991732
990562
991325
991515
9806
991865
993275
991845
9332
994928
992101
991483
993064
993440
9402
993695
990955
9297
990373
993569
994629
990061
991943
990279
993861
9800
993034
990975
992429
9350
991232
993566
990246
993664
990108
990879
991252
994193
990540
991703
991614
994009
9867
994628
993703
9352
9750
990869
991413
994616
991201
992069
9779
993437
992420
991432
991712
994548
990062
994951
9813
990569
9577
990384
993771
994795
991914
994424
994338
990496
994997
990433
992584
991682
993479
994815
993057
993418
994191
993646
993267
994348
9287
993163
993773
9632
993284
992363
990772
991398
993999
991764
993388
9746
992520
992067
992162
9820
991387
993087
992478
9673
993021
9346
992507
993535
993863
990721
992501
992701
992347
9774
993895
9457
994873
991047
991543
993410
990951
990851
992436
994039
994467
993010
993584
9674
9024
994405
993134
992410
992881
993742
990809
990386
990495
9113
992435
991984
994434
991305
994897
993587
9598
991016
994358
991685
993480
991226
991395
9553
9126
9493
992889
990280
991420
991373
9174
990601
992705
991765
994219
993870
993629
993342
9265
991448
991277
992392
993762
994477
991887
992994
994249
992382
9122
990112
9583
990668
9434
994177
9205
992887
9354
994782
990415
994448
993797
994707
993581
994736
993637
993056
991130
992257
994386
9494
991188
990395
9302
992695
992605
993038
9524
992465
991450
990154
994069
991739
9758
994724
9816
993395
992218
993786
993571
991168
991242
994511
993696
991890
991353
993456
994317
991964
992393
994293
993521
992121
994415
990070
992544
993913
990298
990936
991846
993790
994376
992632
990385
994930
994025
9442
992250
991766
993730
990374
991820
993935
990582
992171
992366
991486
990399
991780
994673
990732
991055
9590
994032
992627
990904
993175
993298
994350
990514
9511
994688
994699
992911
990033
991236
992818
991197
992894
991892
9393
992346
9447
992675
9578
992603
990996
993120
993957
990362
993578
992706
994681
993421
9887
991926
9307
990131
992697
990211
994089
994557
994346
994167
9537
991104
990853
991175
993964
991066
994161
994521
991119
9365
994195
994004
990391
990420
9606
993273
9266
991377
993676
992511
9220
993594
993154
991362
991639
994373
991558
992519
994793
992729
994439
990180
992295
994127
9767
990501
994657
993607
994145
994092
994523
994392
992280
992571
993239
991969
990715
993953
992234
991900
990185
992397
993732
74
993475
9724
993528
992721
994862
991809
993918
993806
994899
992828
992152
991108
994040
991805
994504
993890
994829
990407
993542
990538
991181
994357
9074
9466
990233
993719
993108
992228
993161
994238
991133
991557
994026
993384
994084
9388
994090
993066
990502
993219
992186
991127
994555
994800
992974
9491
992980
992430
9438
993860
994545
9143
994451
994171
9118
9543
994932
992547
9710
9550
9400
993041
9744
994371
992389
994561
991142
993174
994237
990066
9853
994437
993153
994045
990777
991374
992040
993803
991166
992232
993707
991444
993783
990826
993671
990296
990032
9737
9460
994893
9173
992704
990234
992073
992533
991990
992961
990763
9166
990197
9833
990683
990338
993183
992977
994953
9582
9565
994719
990283
990181
9363
9453
993560
990999
990615
993700
993574
993759
993499
994861
991469
994817
990278
992414
9763
991923
993900
993196
993180
9431
991073
