990649
994223
9190
991278
994518
994846
990988
992861
990505
993401
994808
994881
9455
992850
991248
992224
992509
990135
992336
992163
992376
993303
991001
994352
993091
990317
991519
991602
991813
991872
990047
992578
9048
990137
994976
990602
992147
992027
990340
994528
73
990761
9662
994128
992566
993604
992307
993683
9010
993258
991180
991265
992865
990567
9310
994227
993592
992862
992560
992623
9556
990839
991530
990442
991565
990573
991562
993987
991129
992589
990723
991312
990824
990389
992185
992444
995004
990147
994472
9586
991289
993268
991937
9225
993487
9854
21
993600
9843
9752
991688
992529
9856
994823
990674
992817
992787
992690
991761
991307
994185
990419
9653
9679
991762
991800
994731
990698
990054
994849
990901
990277
990206
990497
993169
991616
991758
991361
991064
991136
990823
990274
993045
993143
993948
991655
993854
991013
993104
990956
992677
993929
993199
992317
993507
9512
993113
992744
990746
990009
991065
992809
993311
992358
990655
993891
993717
9177
992223
991093
991868
992240
41
990774
990196
993817
9845
992305
991850
990585
991434
9045
991802
990797
993623
990886
993102
994091
990672
990742
990795
28
993405
990017
992579
991624
9196
9306
990425
992565
994143
991856
993306
992360
994360
992314
9188
990842
993898
993263
993709
9733
991309
991582
992650
993815
993740
992071
994590
990803
990805
993378
992426
990682
992084
992937
9792
991081
992460
994712
994452
992222
990643
9398
9260
990605
991279
993259
990308
994226
990800
992015
994821
994933
990261
59
992138
9793
993012
991586
994375
992182
994479
993615
993704
990525
994964
09
9349
994335
993755
990016
9465
993308
994290
990722
992593
994844
990657
990694
994397
993176
9759
992367
993983
992514
993902
992919
992585
9869
993531
994789
992926
990324
990679
9876
9211
992043
992354
993366
992845
994166
991451
993784
994701
993350
26
992153
991313
992868
993606
15
994021
9254
990175
9499
990174
994810
991299
990671
990387
990236
990987
990212
9552
9040
71
990310
991293
992341
990923
992006
991285
9168
991689
993503
994860
9060
992461
992541
992427
991860
991779
990055
9835
992660
990903
992254
992733
991059
993694
992215
991311
9440
994943
993118
990152
9860
990085
992812
9558
42
990235
990139
990971
992631
9683
990077
994716
991584
991717
990583
994480
993668
992242
994005
994119
9300
990155
992177
993614
9830
994078
990164
990304
994587
991566
991619
994792
991594
993989
994721
990654
992570
990117
990801
994292
991600
991193
990900
9308
9877
990874
993114
990426
9811
992139
994971
994553
994841
9633
990821
9497
992959
994797
992951
994107
990125
993613
9629
9895
992622
992384
994361
990503
993237
992375
992992
9720
991358
992369
990575
993692
992657
994212
991497
994010
992496
990819
991084
991814
991316
9246
990128
994689
9129
993802
990713
991560
9712
994840
994041
993043
993744
9107
993917
992175
991161
993627
993171
991711
994909
992591
993015
993648
9294
993563
994748
9688
991300
994228
991867
990465
991742
993693
993140
992352
992852
992689
993402
992803
992913
9581
994766
994822
9666
992262
993322
990446
991951
992365
994725
990910
993979
994626
993597
991014
994186
9544
990439
9286
9757
994118
9481
990238
993101
991164
992117
9721
994111
994430
994024
991491
991517
990747
990710
992836
994222
992662
990529
9218
9804
9741
994869
991590
991363
9321
9022
993307
9775
994530
991533
9099
990953
991360
990295
994364
990513
9607
992269
993776
9303
991163
992401
991330
992916
990087
991176
9613
992349
990443
990202
990889
992726
994215
991542
991564
994429
994411
990199
994209
992648
990171
994762
991105
990899
991580
992174
990427
994896
990173
990049
993969
990814
993603
993486
991318
993415
994129
991005
992611
991445
9132
991581
991147
9894
992670
9318
990372
9329
991893
9641
991871
9881
993375
991135
994524
994574
65
993821
990984
994754
991908
9437
990841
994187
994885
990241
991095
992403
991528
994174
993575
993019
9232
990127
990638
991715
992229
991891
993508
992048
992656
990394
994440
991827
992588
990115
991052
994296
994858
990182
993127
990356
993286
993920
9270
991247
993474
990892
9892
994668
991823
991826
990658
9819
991534
993706
994197
994441
990454
990150
993534
991973
9899
990178
991895
991220
9443
994305
993932
994037
994106
9096
9087
9033
991198
990645
991118
9432
992601
9274
992370
990915
990914
993954
995000
991295
994649
992595
993018
9638
991019
994311
990810
993632
992606
992079
993141
990297
993859
991790
992124
990006
992931
992306
993054
991595
994838
991204
992173
991587
991915
991986
992878
992437
990625
994475
9108
9284
995006
992905
993621
993373
993383
991262
994802
9731
991243
67
993881
9722
994675
992031
991171
9506
994542
992576
992383
992453
994086
9885
991259
992659
9477
992119
9155
993188
992901
991873
991415
990449
992423
994031
990623
9080
992998
992946
994023
990194
990662
9784
991722
990559
994432
994602
991500
994139
992924
990307
991090
9866
994855
992046
990447
994720
990673
993723
991100
992618
990813
994427
990862
990352
993864
9244
992481
9462
990745
993509
994791
992582
992388
992513
992904
992921
991182
994447
993042
993142
992832
994854
990305
9771
993016
9594
991931
9496
9840
9201
9510
992017
9694
9424
9796
992258
990329
992830
9069
993530
991555
994546
993608
991351
9589
990709
993352
993236
991256
991612
991708
992598
994410
990523
994109
990056
991281
991244
990589
990727
993643
990873
9676
992181
993493
991036
9110
990846
992969
991509
993409
994790
990970
994636
990315
9546
993095
990201
993027
991869
990470
993536
990303
990413
9554
9283
990030
993122
993551
993590
994485
991492
9719
990081
9281
990593
991510
9123
994029
994979
991115
994082
991851
990388
990847
9341
993489
990934
990733
991338
993992
993323
9637
992941
9743
992668
990353
44
9290
55
991239
992265
991906
993691
9657
991319
993818
993255
994739
994820
9608
990240
994468
991707
993985
990208
994110
993274
993158
992090
993044
9630
991286
994483
993338
991987
994178
991224
991441
990225
994263
9399
990563
990351
991498
992798
991397
991811
9812
990830
994183
991002
993165
993065
994324
990518
990256
991314
992276
991447
990024
990977
991422
9403
9058
992807
993555
9482
991791
9501
990022
992494
990183
990941
9095
992546
991725
991818
994481
990865
9531
994272
991618
991235
991240
990005
9278
994164
994708
991980
991835
990480
991681
993181
991225
9810
990659
994042
994085
990459
994607
994969
9098
9077
9555
991789
992102
9560
9656
9844
9677
991473
990328
993445
990706
9049
990498
991411
991250
992666
994449
9149
991038
994756
993107
993951
993278
990110
994968
994282
994062
994593
993950
9313
9011
9766
991710
993075
990730
993532
9735
990961
993741
991693
994079
64
994278
991040
992745
994181
993880
993857
990488
990748
9255
994957
991621
990641
993714
991402
993650
994499
990728
992522
9597
990464
991099
992933
9799
994635
990883
993959
991794
990245
992207
992731
992991
992651
993119
994505
9519
990666
990254
991356
992290
994874
9446
9714
993212
9103
993372
992037
990390
993411
992752
994529
9492
9397
993481
993851
992298
9726
991523
9198
992810
993993
994652
992699
994697
990906
993609
992637
9645
994080
992462
991008
992906
991018
992089
991437
9815
993430
9691
9739
991007
993678
991807
990286
994779
990132
994758
990635
9204
992183
9768
992155
994199
9373
992103
991671
994036
991449
990997
990248
992038
991636
991068
993192
990833
993869
991287
991023
991328
994532
991273
993220
994490
990177
9851
992468
990954
9292
991705
991470
990192
994538
994281
9007
994972
9203
992737
9044
9618
83
992255
992120
991903
9541
60
994640
991020
991433
992184
993807
992308
994132
990331
990868
992448
993447
990884
992205
992825
993511
991206
9019
991701
990516
993207
993424
992930
991270
9836
9495
990788
994476
990779
994417
993618
9384
9678
990210
991706
991684
991341
994224
49
9338
992740
993414
994729
9682
9535
993779
993467
994613
990724
993264
9141
992840
9066
994637
992374
990143
990489
993067
58
993702
992339
991588
993333
991417
9137
990840
994208
990766
994520
990458
992964
994464
9062
991327
990560
990511
994573
9619
993796
990214
993915
994654
994247
990499
992527
990848
9422
993721
991676
994692
9009
990408
9614
994147
993501
993760
9711
993686
992797
993926
994014
991112
991383
992890
992379
992717
994383
994134
993023
991646
990922
992315
991493
994882
993866
990993
9121
992270
992872
994842
993304
993261
992630
9375
9551
992826
992439
9450
9063
993358
990989
9133
991603
990537
992456
991824
993975
991967
84
992590
994150
991060
9170
991303
993965
993914
993923
990259
991429
990424
992844
994260
991520
990042
991392
994217
994327
994398
994710
9470
9071
992281
9083
990156
9764
9729
994341
991003
992278
9262
993470
994809
993641
993572
9331
9075
990907
991771
994944
992676
993698
994552
994454
992665
990471
993747
990165
993589
9872
9427
993781
9570
994983
991375
990684
990578
994585
991977
991897
9226
992851
993871
992790
990776
9145
9842
990756
994008
992060
993260
990301
991162
993435
992002
994876
990275
992957
9153
9249
991999
991901
9490
80
990251
994225
990099
9540
990243
994648
9151
991670
994865
992774
993167
990222
990475
991544
990998
994105
9182
9237
9454
991553
991917
991151
992982
9753
994362
990237
991032
993367
992003
990973
991888
993145
991382
990693
9846
994825
992671
991152
992056
990891
9240
994284
993009
991792
992619
992057
990812
991653
990104
9259
990486
991237
990007
990478
990044
993772
990134
994747
990172
992996
993739
991720
991959
991837
992528
992289
991817
991233
994058
993225
990964
992658
994974
991719
993494
994785
9749
992390
9827
994920
993976
994239
993157
994610
990815
990242
992024
994200
993867
991475
990784
991076
994349
994156
994498
993631
994487
9195
993639
992586
993820
990027
993079
992831
994300
993005
993523
994414
990314
992129
994982
991388
991994
991574
990926
990521
992597
992764
994709
993074
991317
992782
992104
992065
9067
993878
990216
992108
991954
994845
990794
9468
9197
990530
993635
994474
990549
990176
990697
991335
991532
993550
994179
993675
994048
990398
992763
990878
9456
990209
992902
991841
994958
992607
991427
993625
990060
994954
9563
994053
991638
994121
991625
990105
993785
9369
992510
994993
992814
990820
9337
991924
9870
993433
9762
993172
990268
990917
990145
991832
994418
994576
990417
9516
992243
9605
990080
9082
992759
993848
9299
990572
990075
990484
34
994891
990121
992350
991996
9439
994306
994307
990789
990377
993078
993628
994176
992009
9615
9880
9017
990804
994347
990691
993208
993952
993305
994517
993808
990554
992639
991962
991403
994374
991545
992912
9186
994987
991495
994639
992762
993032
994013
993974
994232
994241
993958
991069
994733
993525
994068
990942
994703
991736
9051
990069
991049
990148
993116
9031
991418
991680
9210
994202
992777
992891
990962
990909
992485
990082
992995
994316
9142
992928
991644
994148
990867
990857
9414
991227
993558
994325
992934
994154
991231
990760
993464
990527
992455
990610
992474
993644
991699
9801
993173
9863
994672
994651
991367
992685
993666
990429
991217
9797
990318
993672
993774
57
994388
991808
992238
994399
994059
990320
993966
993724
991698
990719
9595
9624
9807
9725
993896
991696
992189
991381
991976
993455
9600
9509
991401
994870
991563
992728
992609
9054
992165
993329
993471
992213
994314
993838
9814
992944
9896
993967
993331
9055
993812
9410
17
994189
990052
9275
991763
994735
9230
993077
992736
9527
9874
992838
994170
992559
9336
9858
991985
991831
994489
993336
991852
993510
994674
994973
994382
994333
990646
9301
991713
994619
9079
990093
9231
992778
994190
993515
993798
991649
990648
994929
991961
991656
993419
990359
9697
991782
9154
9176
991035
991552
993281
990124
994704
990966
69
9738
990881
9864
991647
994234
9850
9258
992990
9699
993911
992642
994389
993449
9839
9689
9089
991958
994117
994098
9280
991777
992967
993086
991089
993882
993295
993037
990603
994595
992193
993556
993248
992839
994093
992626
9425
994685
992045
990652
990013
991748
9134
994961
992247
992667
990126
990360
991191
993529
990908
993351
992776
991212
991723
992880
993924
992691
993822
9038
992303
994368
992395
994435
9692
994888
993431
991165
991572
993990
992166
994947
991326
990781
992504
992997
991453
9588
991034
991691
993185
991132
993341
992696
991821
993193
991919
992324
990837
990327
994691
992080
992536
992404
991219
994826
992898
994525
993833
990239
991046
990146
991033
991061
994455
991733
9847
993769
993925
994902
990863
9566
990556
990768
993453
991815
990570
990250
990083
9371
990151
9518
994235
990345
991645
990871
994883
992550
994647
992772
9873
990379
9545
991788
992321
991664
993214
9146
994515
994253
9059
991569
994570
994683
994088
9791
990220
993565
994416
993240
991904
993004
992239
990312
82
993981
994596
993837
991359
9861
990437
991282
992747
9489
993276
994320
992487
990817
993522
9471
992804
990111
9171
991596
993872
9159
9192
993727
994423
994204
993272
992058
9888
990247
9345
993221
994604
990046
992197
990985
994582
993197
992466
991386
994478
990937
991074
991571
993426
994837
991554
993642
993210
993889
991507
992498
993289
9687
993028
990053
993862
991709
993458
992499
990571
992145
991620
994988
991979
991464
991284
991292
992210
993729
990849
994949
993576
994412
993280
994839
994680
990699
992515
994866
992083
991357
993026
9708
991631
993371
991306
990450
992683
993204
9120
994935
992130
992766
993459
992035
990058
994330
993083
994827
990561
992302
993047
990406
994214
990913
990866
994659
991816
990792
993801
9214
992730
994660
994471
9828
994588
992263
994076
993031
9751
990630
991205
991550
990944
992004
991017
992144
991663
994583
991346
992049
994563
993345
993661
994420
990368
992246
9821
994155
994184
993377
9526
990939
994038
992164
992534
990365
9832
991011
994056
991884
993765
990982
992564
990880
990509
9868
991598
9037
990453
9395
990003
990041
992885
9404
9765
9513
993794
993262
994370
9663
9665
992475
994723
992678
993228
993688
991630
991419
990701
993735
991773
9361
990619
990765
994601
9068
994926
991609
991526
991148
992641
79
994340
990836
994763
992187
9328
992417
991502
993082
994713
994560
994094
9101
994342
992419
991721
992882
9660
994963
991828
993381
993916
992750
990806
9626
992142
994002
992061
992849
990618
9125
990796
991690
994773
992047
994163
9695
9104
991294
994087
994597
994804
991485
991394
991767
992661
991460
993907
994743
990348
9250
991192
992353
9005
9091
9111
9012
990412
9394
994522
9849
991549
992686
991677
992545
993553
9334
9891
992518
994390
991768
9649
992212
993991
992947
991611
990266
991724
70
9879
990972
992920
991797
992754
991196
993309
993647
993294
994832
992775
991442
990462
991854
993849
993468
991667
991324
991648
992113
993334
993949
992118
990370
993593
990716
994297
9718
992842
994280
992614
9407
993687
990451
994460
994519
990098
993223
993844
991695
993847
990349
9128
990160
990448
995001
993150
991966
994625
990072
993003
991087
992806
9730
994409
993751
990581
990487
994470
990541
992334
992411
994245
990738
9701
990626
9500
993973
991760
9507
992476
9271
994243
992493
991400
77
990028
993554
992715
992492
993076
993856
992088
990477
990692
994266
9042
9235
991153
991208
9161
990021
9809
994618
991269
991435
9156
990675
993412
993689
9837
990456
9243
994141
9251
991144
993504
990600
991591
993441
992216
9463
9702
991390
993816
991853
994491
9778
991480
990870
994100
993617
9288
9704
991781
991471
991347
992377
992431
994945
990414
990508
9412
993708
994598
992834
990023
993155
990620
990184
990718
9650
991172
994771
991178
992962
993697
991632
994115
993243
991369
992323
994678
991839
993235
991675
993963
991202
991894
9533
990938
993364
990656
9295
992200
991431
991734
994334
991291
992723
991505
992871
990861
993547
993130
991021
992211
9396
994401
9862
994493
992008
994992
9296
994859
9671
994901
991697
9253
993667
991257
9148
993718
992827
994061
991992
991535
993222
990142
993446
9415
992454
992074
991026
991972
993407
990313
991139
990445
992296
992457
994271
990207
991880
993391
991430
990418
992115
993312
990553
991833
991662
992985
990584
992479
993296
990231
9172
991772
991070
992500
992785
992385
994057
992596
994984
993290
9409
990522
990536
990767
994344
993506
993610
9247
994507
994403
991041
994877
993339
992859
990882
994746
993956
993754
9602
994562
9014
990409
9327
9267
9413
991039
994718
991078
991953
993011
993340
993855
990731
991607
990931
991425
993705
990158
994144
993780
992703
994726
9716
990905
994864
993050
993332
994749
994196
994422
992761
993316
994653
994312
993996
9803
9136
990434
990968
991276
9027
991077
9559
990086
991024
991882
9229
993209
9423
992875
992180
81
994575
991210
990334
994714
990948
994843
990798
992260
992674
990026
991925
991661
994035
9041
991628
990440
9018
991687
994488
993055
991506
9245
994939
993811
991209
992055
9882
9706
990735
9026
991597
992553
994514
990925
9379
991222
990552
993928
993129
991795
991096
994502
991407
990376
992751
9591
992146
72
991194
9732
994741
994216
990544
9838
994142
992903
992610
993094
994303
992236
994043
990123
991963
993591
991080
991322
992109
990628
992340
993282
9472
992816
993583
9610
9406
990316
990636
993995
994693
992592
994905
990686
991548
992749
992001
9191
991785
994995
991012
992442
993960
990141
990102
991950
992364
9479
991927
63
994114
990720
993297
994665
9001
9616
991245
992219
992230
990864
992915
991141
991158
993660
992432
89
993716
993684
994755
9282
992191
9086
991755
9458
991836
991501
993128
991829
992819
9209
991484
994914
9445
994567
78
993761
993512
991576
9620
991626
990050
993638
994757
992209
991461
994799
992625
994353
992523
991376
990828
991010
990281
990592
990547
993934
992567
994985
990244
992783
993469
993370
990793
993904
990330
990232
990435
9561
991348
993901
991406
9189
990267
992687
992895
9736
991570
994404
993831
993404
990952
995003
990613
992464
993879
9461
9884
994359
990681
990639
994497
991050
994623
993462
994291
990927
9217
992428
990008
991487
991343
991729
9505
993058
994270
992021
992732
993792
990392
991155
9112
9372
9569
994012
992983
993514
994853
993230
991861
994889
9277
9202
991674
993110
992516
9723
991253
990912
993321
993417
990255
990144
994365
990119
9064
992756
992897
992335
992415
990844
991128
994406
992811
990577
992779
9789
994269
9859
992361
991195
9825
993190
990203
9889
991840
993942
9358
992738
993605
991051
992019
994664
993899
9326
990018
9875
993406
992824
994380
991268
992440
993490
993242
993326
993986
991700
991503
994663
994852
993330
990588
9165
9213
993017
991203
9092
991241
9180
990604
992542
992929
9029
990019
9324
992126
9418
994294
992148
990272
991027
992261
993247
992793
994391
994900
993393
991457
9070
994830
992100
9127
991886
992033
994251
992114
9065
994001
993520
991004
993205
994207
9640
993408
990090
994737
9745
993548
990189
994469
992391
994322
9534
991091
993109
992012
991877
9628
992820
9574
9268
9627
993357
994482
9448
991524
993544
9690
992693
990539
993905
993226
994772
992482
991440
990136
994696
992149
991863
993701
991264
990221
993135
993573
993138
994921
991443
993845
993827
991944
993254
993540
992227
992837
9517
9635
993093
992628
9636
992214
990205
9224
993500
992489
994169
993249
9199
9709
992256
992168
9304
990218
991370
991251
991260
993559
991878
992572
991479
993655
990187
993216
991379
993795
993160
992857
993799
993472
993892
990020
990606
991948
992014
9680
992767
993562
992646
9522
9647
9572
993505
994277
993877
994329
990517
990755
993085
992143
993285
991783
9193
992975
991323
994568
9175
990347
994677
991774
995009
990284
990336
993385
991504
990650
68
994261
992204
990166
990743
991537
992654
994761
992160
990045
993451
994611
990678
993392
993070
9257
990928
992292
990326
993423
991930
991683
992319
992788
993787
990935
991784
993873
990107
990644
992279
994986
994744
990856
990223
992569
992433
991731
993025
9770
991355
990520
992874
990519
9152
994343
991749
9483
9865
9530
994138
994641
991751
992530
990897
993767
991101
993906
991804
991672
991085
993184
992136
9523
992538
990411
992106
9309
992932
990687
9841
993539
9503
994975
990074
992910
991109
991364
991881
991940
994599
991657
993191
994302
51
993182
992451
990333
994527
992221
993473
9780
991044
993876
991876
993434
991866
85
990358
991138
992808
992973
993595
991935
991952
991126
992251
991991
992355
992272
990455
994970
9076
991149
992714
992923
991173
993968
991822
994965
9805
991529
991776
991847
991745
994394
992007
990357
9053
9787
994658
991187
993317
992976
990226
994787
9227
992154
993930
994918
990978
993106
993349
9469
991045
9242
9032
990493
991608
993438
994698
990204
990566
9480
994007
993217
990669
990321
994615
993919
993927
993013
992773
993359
992848
9639
9475
991627
9187
992357
994137
990431
990712
9542
992694
992813
994781
992179
990325
990289
990063
993002
993800
992128
990258
991079
994645
991114
990350
991467
993619
991642
9675
992801
990159
994060
990396
994535
991803
993265
993482
993200
9430
991541
990921
991862
991912
994194
992459
992098
993612
990059
992097
991651
991918
9829
992198
992594
992264
990494
993598
991634
994728
9521
990551
48
994473
993841
990004
990290
992531
993030
994544
9047
994201
994233
993252
992217
9464
9897
992799
993313
991843
994786
990769
992604
991617
990627
992688
9795
992702
990629
991174
990653
991956
990037
990787
9000
992248
992241
993148
9056
9272
991177
990918
993238
992936
992984
994211
990737
994980
994034
990550
991030
991372
992028
991848
992093
993894
994547
9794
9276
993633
992768
991454
994030
990946
993068
993814
992863
9144
993580
994027
9441
994684
991283
9344
993179
993852
990959
990252
9008
994894
76
993203
990253
990877
991921
994157
992274
992682
993051
994288
994054
9664
990191
994063
991384
990576
992407
990130
992312
990843
994083
994910
991589
993000
994579
992125
993549
993347
993353
991578
992741
990452
9790
991615
992378
991106
994457
993829
992449
993090
990339
994206
993955
991321
9028
991246
990943
992846
992158
991936
991054
991022
990048
994956
993753
9444
994402
993461
993533
992638
994526
990161
992942
990401
990875
990029
992869
991339
990594
992535
994550
994252
994695
992237
990597
992438
991436
9405
992458
994067
994592
994495
993151
993201
992268
994231
990564
992617
993224
994017
990992
990929
993369
992486
993194
9781
9428
9097
992899
993685
990981
994285
994833
992958
990773
9221
9612
990838
992988
991184
991408
994936
994777
992953
992030
9717
994856
991185
991874
992621
994140
9163
994643
991521
9316
62
9003
990660
990116
990179
992169
9179
991757
994922
992927
9727
9106
991610
991409
990902
990195
994124
990230
993061
992026
990983
993315
990969
991929
994431
994875
992892
994419
990665
992815
991934
991215
994255
9162
994020
991058
991650
992725
9050
990976
990663
994413
994461
9670
9015
9207
991121
9343
9401
992653
992188
994609
993144
992883
993022
992202
994492
994584
990708
990744
990703
9599
994205
991508
991496
991825
992141
9643
992406
994229
991637
992948
991028
990012
990616
990095
994706
54
990149
991834
993081
991974
990403
990845
990532
994801
993177
992615
990300
994259
994459
991410
994508
9514
993269
9783
994299
994378
993670
9593
9025
993936
992673
993096
993343
9756
993658
9109
994911
9642
991744
994046
993835
993072
992490
993734
990467
990302
9273
994690
991137
990025
992613
991859
9105
992311
990546
9325
993211
991056
992443
993100
9140
993442
994331
990423
990010
991414
993049
9135
993386
991229
991538
990483
990640
9085
994318
992724
993938
992304
991928
9823
992137
991223
991633
993040
992076
993978
9289
991546
9433
992888
991955
992284
993526
992652
992013
994458
994679
990500
993557
994097
991365
991255
991254
992971
992271
992070
9498
990474
9755
991514
992965
993805
993257
9587
992794
992802
993344
990011
991154
994188
993731
9362
993279
992735
992329
994990
992870
991738
992287
994395
993318
994381
992078
992577
992244
990229
990106
990775
991909
993654
52
991333
991399
994682
993579
990113
993809
993356
990751
990084
993758
9339
991393
990472
993137
994000
9651
9473
992521
994630
991678
9004
992022
991438
994384
992855
991718
993748
990852
990896
992796
994556
992337
991071
992330
992989
992131
991741
991000
9584
994952
992041
994328
991169
992396
992416
993582
991263
992629
990035
990157
992064
990916
9575
990974
994650
61
9222
993287
991579
990764
993516
9818
994221
9366
991658
993368
993620
992966
9625
992326
993152
9391
990758
9886
994308
990479
9436
994977
991604
991830
990416
9117
990831
993690
993909
993813
993513
994112
990264
990651
991858
991652
992524
9285
993105
991516
993206
9376
990596
990611
994165
991568
991499
993187
992010
994904
992981
992300
992780
994286
9100
994136
991342
994778
991082
990299
993348
992039
992734
993380
990736
992220
993585
991737
992112
9215
994044
994603
991258
994955
991983
994369
9385
992634
993766
994108
992939
994501
991296
991857
992526
993568
993819
991669
994796
990822
993662
9452
990829
993097
990262
994355
994494
990153
991234
991366
992320
990740
994426
991995
990051
9119
9416
994256
9634
994172
990696
990624
991280
990685
994074
991583
990397
994608
991522
9340
994898
991439
994537
990778
991922
993133
993746
994533
9194
990979
993251
992907
992943
9502
993970
9705
993146
9713
992616
990410
993564
992568
993231
993897
994541
994210
993842
9102
993256
993288
9383
9617
53
992402
992480
993502
994769
9072
992602
994436
991754
9696
992575
9654
994978
993495
992105
9178
994428
994831
990057
990535
9785
990548
9435
991668
994998
990217
991547
9655
993961
992235
994867
56
992956
994254
993033
991879
991665
990036
9219
9036
991613
9030
991345
994387
993492
992447
990533
9314
993836
990260
992707
992135
9319
9622
993024
9355
991302
993669
9261
993945
990565
992310
991838
991512
991094
991009
992491
993014
9831
992502
9754
992333
992470
9631
9322
994836
992332
993089
993775
994917
991368
992132
9387
992955
994047
991380
990436
991593
990734
994287
992473
990771
993868
9539
991946
9668
9239
9486
993497
992094
994594
992123
993062
991213
994073
992866
991261
991536
9264
990670
994913
991107
992110
990393
990481
9130
993394
994727
991455
991421
994354
994927
991551
9353
994071
993728
9772
993466
994966
994295
990068
992356
994784
991043
994113
993971
991190
992338
991412
991097
993112
991113
994994
9557
993875
991938
992344
993443
991275
991228
993198
9429
993291
990911
991459
992077
994549
992157
994052
994622
994638
993008
993246
990292
992708
995005
990169
992000
990249
994760
992343
994670
9672
9852
9233
991086
992072
993233
9532
994722
991463
993149
993764
994338
990599
9139
990752
991350
994236
9360
994319
990893
994578
86
990920
9601
992050
991898
992029
991298
990753
993893
990818
993677
992968
994337
994946
992979
993039
992987
992063
990876
9769
992099
991920
9748
990138
990065
992472
990707
994289
990432
992286
992556
991385
9228
990215
994313
75
990729
994967
992795
992551
990344
9269
994377
991957
990198
992722
9093
992743
9359
993886
991585
993131
991329
990273
993448
9822
990950
993972
991933
992299
993302
991189
990808
990091
991606
994099
994806
994989
993994
991513
991468
993324
991945
993178
994566
994135
994444
990428
992371
992548
991446
991905
994274
9248
992573
994931
993941
994934
994321
993733
991123
990382
991728
9661
992552
991378
993982
66
993933
992635
991371
992543
993300
991659
990380
992116
991029
990402
994581
992645
991875
993527
993387
994248
992508
994907
993545
991146
9252
990343
9088
990101
993681
993541
990444
993656
991907
994077
994160
992945
994991
991643
993997
994400
9234
992978
992066
991883
9669
990378
995007
991759
9183
994122
993659
993778
992087
993063
992252
9648
992949
9685
990960
994152
992829
990043
9623
992226
994006
9604
994834
993335
990076
993832
991344
9564
994203
993738
992517
9476
994571
992345
992156
990680
992020
994513
991982
991605
991337
991072
992786
990015
994705
9700
9335
990759
992640
990888
993444
993699
9703
993147
993720
993737
9568
10
993052
9728
993416
990726
992970
994257
991770
994642
990263
990001
993828
9160
991978
990071
994775
990515
992068
993253
992172
993552
994066
990167
991331
992963
9760
993674
990188
993098
994732
994614
990002
993125
994765
993756
994240
991199
993680
991714
993234
994275
991981
9043
994687
993382
994536
9817
992497
993826
993793
990369
991157
9420
992999
990617
994540
993858
993059
991666
990782
9520
991660
991218
993403
991899
991796
994868
994421
9279
990725
993465
992208
990257
993998
992471
9715
993736
994700
993457
991730
994644
9293
992400
990811
992082
995002
994443
993596
993524
990034
992765
990190
9898
992140
993328
9377
991102
993789
9347
994770
992700
990859
994857
992075
991849
9124
991214
994632
993159
990422
991458
992867
991124
993488
992495
9734
990832
990557
994539
994146
992600
992555
991911
993561
990163
992092
993630
990341
991735
994298
991103
994589
994950
992757
992294
990038
990282
993292
9487
991466
994912
994872
990637
990170
994180
991131
992805
993810
992755
993126
9824
994759
9090
9116
990860
991160
990271
993830
992386
991975
990224
993640
990354
990750
992781
992558
994304
990265
993354
992549
990965
991404
9200
990786
9798
990363
994425
994103
991057
994580
990990
991747
9667
992537
992624
992770
991048
991472
990930
994101
994463
990762
9084
993912
993007
993570
990485
992841
992267
991704
990291
990507
991960
991494
994351
990078
994050
990834
994510
990714
992434
9094
994676
990854
991629
994267
993939
991993
994633
993111
9525
993073
9658
993071
994937
993389
990381
993777
990587
994033
994959
990545
990476
991216
994919
9238
992853
994669
9039
993946
993202
991910
994768
992283
994258
992249
990949
9592
991092
992405
990690
994315
994788
994569
993168
991942
991221
993099
992301
993346
992856
994591
992574
994925
992053
992993
9893
993397
9536
994981
992196
991727
990634
9408
990438
992259
990346
994816
992275
992450
992122
992791
994173
992909
993429
990872
991775
994301
990664
994366
994065
991654
994667
993843
992469
994213
993752
993379
991988
993908
990633
9786
993788
992727
991673
990114
9474
994892
990749
992199
993931
990887
994168
9529
992203
994851
994903
994794
994279
994265
991088
991349
9158
991416
992362
992190
991426
990355
992954
993651
9698
991188
9782
9459
990598
994767
994276
994655
991063
994159
9773
9878
992253
9684
991211
994345
992309
993834
994456
990531
990457
992424
991743
993452
992291
994828
994393
992739
9061
991769
992833
9621
992413
990757
990463
993374
994666
990705
9073
9426
991941
9291
994752
990858
992711
992381
991902
991746
994884
990371
992760
992322
992716
994780
991592
992612
994551
990092
990855
994572
994096
993314
990608
994310
9808
993420
9216
991559
993080
990441
994940
990609
990783
993103
990193
992854
991601
990534
991561
991726
9381
994049
9052
9164
990294
993365
991452
994512
992318
994162
990558
990791
994730
993910
991037
991511
992843
991122
991567
994095
990947
992107
992096
990097
992387
994577
991889
993460
991336
994564
992025
993425
992771
994055
994620
990621
9776
9515
993478
994323
993943
9777
991340
990089
991249
993839
992054
9528
992940
990469
991474
9693
992351
994151
9571
992769
992672
991183
9184
991864
991997
994923
991799
994116
994028
9826
993546
993757
9883
990405
994500
990524
993682
990986
9609
990739
991939
990122
994558
990919
994442
991238
992886
992372
992789
991531
9478
9034
994702
990770
991844
990894
991702
994385
992873
992288
9147
994198
992327
992127
993189
9548
991482
992692
9585
992409
992446
991456
994218
990213
991885
993293
994503
990140
991793
993422
993883
9150
993362
9788
9681
990700
994906
991932
994627
9312
991750
994283
992758
991703
993229
991150
991186
991301
992483
990064
994496
992313
9006
990579
994022
992709
994506
994019
992159
991042
994072
992960
994941
9046
990227
994486
990366
993432
994126
992023
993186
993577
991267
991207
990825
991006
990622
994462
993745
990430
990967
992950
9382
992192
994586
994120
993645
992860
991692
990963
993396
990661
990642
994694
994617
991679
992018
992900
994372
993903
990100
993006
993543
994942
992081
9320
9652
993804
9646
992823
991641
991477
994742
993069
993657
995008
990542
990335
992908
992562
992698
993035
993325
993124
994962
992561
994445
991949
9707
991391
990835
9305
990269
993653
993048
994807
992328
992285
994379
994262
991230
993791
993477
990802
992914
9659
993846
991622
991290
990400
990689
990186
993825
990980
994131
990288
992277
993663
994871
993874
9484
991143
991354
994133
993463
992636
9611
990741
993310
992418
992488
990040
991476
992746
992972
992876
994916
990404
993271
993491
993162
991134
992245
9644
990754
9241
994153
994438
991819
88
990816
991110
993327
992879
990129
992918
991968
994774
990632
991540
990337
992052
994230
991179
9330
993398
991947
992445
992095
994915
993036
994835
993029
992649
993649
994465
9263
993227
992231
991575
992563
994326
991424
993749
992150
9417
990512
992554
50
993853
990466
994309
9323
990120
993980
9871
993823
9348
994559
993121
993166
9740
993711
992134
991916
991120
990612
992133
994242
994711
991752
992684
994776
9317
994015
992532
992644
990168
990590
993567
993885
994064
993390
992742
9002
991527
994803
9451
992195
992917
992539
992821
992034
9567
990807
991465
9138
992297
994367
993283
992557
991787
994509
993888
992938
991428
992800
992583
990586
990574
991525
991031
991145
994018
992664
993241
990827
992408
991640
994634
991170
991200
993673
993484
991297
9390
992051
994745
990219
994646
992394
993320
9392
992085
992835
9848
994408
994407
9078
993538
992655
993001
9206
992720
990647
9761
9747
993060
994192
992032
993164
994125
994003
993132
993136
9167
993770
994191
991053
992091
990790
991405
993355
993636
993496
994948
990375
993743
992412
993480
990879
991753
991971
992011
994543
9580
9576
990506
994534
992525
994671
993092
991075
991352
994890
994863
9332
990704
994624
994631
9370
990490
993921
991274
993712
992896
993483
993250
994999
993020
990717
9596
990373
993361
993634
992359
993244
993517
993139
991067
992580
994158
990890
993436
991740
992325
992347
993195
990270
990895
992477
991543
993763
991539
990364
992293
991786
994484
994264
994996
993850
992044
991304
991332
993887
991810
992643
994104
990473
992925
9115
994016
990031
994740
992922
992608
9421
991686
990869
990528
992167
9890
993840
992266
991806
994738
990850
992348
9081
9185
993399
991016
990940
992633
992101
992484
991423
991025
9298
994244
990595
990342
990293
993476
990991
994565
991232
993884
994250
992005
9386
994081
992380
990073
994751
993450
990702
9114
994686
991462
990287
990000
9208
991478
990898
9357
990711
994612
990039
9333
992059
9504
991716
990555
994951
992877
87
992822
992858
9013
990924
9820
992847
992784
993413
990607
993616
992086
991201
991845
993215
992036
993722
9131
994924
990601
990504
9603
990945
992792
991156
992425
990958
9035
991062
9579
992884
993319
993064
990096
991855
992373
9686
9746
992719
993999
991116
993245
994424
990112
992712
993363
991398
991577
991635
990772
990955
990580
991984
990088
993566
993646
991865
991732
994895
994997
994434
991325
992512
9350
990433
992520
9562
9485
991272
993439
994616
994736
992952
992162
992382
991266
990994
992420
991140
992422
992062
993427
9351
990932
9674
992710
9855
994750
993611
991167
993360
990061
992713
994386
993771
993665
992233
994764
9419
990491
9857
9867
993134
994102
9256
993057
990361
992016
990246
994249
992605
990384
991125
992170
993664
993284
9174
991389
993440
992161
990631
992436
991252
991964
990285
990904
992584
990591
992503
991305
994511
993437
991515
994621
992194
993695
9447
9367
994039
991914
993742
990118
9813
9402
990562
9802
993773
993922
990279
994600
9236
991989
991432
993410
990496
992069
991518
993266
992705
992316
994548
9287
994011
990569
993863
9374
990108
990062
994928
9380
991943
9750
990109
9673
9549
993861
993232
990780
9583
993782
993218
993703
9493
994938
994193
993010
993937
991413
994897
994629
992331
9800
9346
9020
993569
994715
993962
994815
994467
994930
991764
992478
994453
994358
994405
992994
993053
991685
993521
991387
9023
992363
990809
9411
994628
991168
990280
994879
9302
992257
993584
993786
994656
993485
990951
993957
993988
993750
992695
9632
992346
991766
990386
992889
990540
992881
992465
993087
9297
991712
9598
9265
9024
991130
990180
993123
990298
9779
994850
992632
9774
991420
993479
994219
993034
993518
994782
9122
991226
993696
992273
990582
991820
991242
9434
992250
991104
992501
990495
991486
9806
991373
990996
994350
993730
991483
993021
994795
993342
992435
993637
993388
992544
990668
991682
9553
991353
993870
993571
993587
994396
993797
994348
993418
994753
991739
9365
992887
993038
991765
9590
990395
991047
990501
994069
994293
991277
990154
992429
9758
9457
993056
994177
992397
9442
990385
993935
994448
992706
993964
994477
992697
993719
994688
992507
993275
9710
9393
992392
993913
991066
993267
993535
990851
990211
992701
991846
991395
994657
993456
994376
993421
994032
9354
9578
994699
991890
992603
991448
990399
990514
990732
991450
992393
990975
990362
9113
991926
9577
991119
993895
992171
990070
993163
991614
993273
992067
9352
992366
990721
994504
9537
994862
9205
992675
992627
994557
994673
992893
992218
993581
990853
993676
994523
993790
993762
990420
9816
993120
992410
993175
994873
991558
993298
9524
9767
993918
992295
992121
993629
9606
993395
991887
994681
991805
9494
994004
991809
993890
994167
992519
994145
994025
994040
991892
993161
994415
990936
993108
990391
991780
990415
9887
991175
990185
990131
992828
9491
994317
9266
994026
992389
993578
992729
990033
9724
994392
992280
994171
994707
990407
9744
994009
994195
994346
990374
9126
992911
994373
9466
994084
992894
992571
991969
991133
9511
9307
992818
991236
994793
994932
994829
991639
993239
993154
991362
994724
991197
992511
992152
991900
993528
994521
994899
992073
992421
990502
991055
9220
994089
992721
994555
993732
993594
994127
9853
991377
992974
992430
994237
993607
994371
994161
990233
994561
994545
994437
9438
9400
994800
990715
993542
74
993860
990066
991108
993806
993475
994090
992234
9543
993384
990777
992186
991181
992228
991127
992040
993671
994092
994045
9074
990538
993066
991557
992547
993219
9388
9118
994439
9143
9550
994451
993153
993803
9460
993953
993783
990296
994357
994238
993707
992980
991142
993174
991166
9173
992704
9166
993041
990763
9453
990826
990032
9582
991374
991444
992533
994893
990234
990683
990197
9737
994719
992232
993183
9833
992977
994953
992961
993759
991990
990338
993499
990615
992414
990181
990999
9565
993700
990283
993560
9363
993574
994861
990278
991923
9763
993196
993900
994817
991469
993180
991073
9431
