994823
993948
990274
991800
9856
991307
991312
28
992444
992809
990497
9196
992529
990419
991065
990389
991688
990054
995004
990823
991180
994849
994472
41
992865
990824
9586
990774
990839
990573
990196
9752
992317
994731
991129
993817
9512
9225
992222
991655
990698
993311
9177
993102
9556
991868
992677
9653
991530
994143
992565
9188
993045
992589
992817
9679
991758
992650
994185
990672
992071
993113
991064
990310
993143
994360
9045
990742
990017
991850
992579
993717
9843
992223
990206
991093
990805
991582
993169
990901
993487
992084
993378
990803
993268
991802
994226
993012
992541
993600
991309
993891
990797
09
991616
990655
991434
992937
990009
992240
992305
990795
990308
993306
993929
990236
990746
991594
992043
993709
992015
9306
993104
990682
9733
990800
990525
990016
992845
990956
9845
993507
992744
990425
990605
9398
991560
991361
991279
991289
994810
993898
990694
990886
990722
994964
9465
993405
994479
994821
992006
990174
992360
991860
15
992585
990842
992460
993815
993623
990387
59
994222
994844
991856
992426
992182
990324
994375
990679
994397
994091
26
9877
991013
991299
993740
9040
9876
991313
992367
994290
9895
9759
993176
990643
994841
993704
994452
994789
994590
991624
990585
991689
990903
991586
994166
991081
42
992631
994292
993531
992177
994971
993263
992314
990175
993114
990212
994010
993615
994712
991293
994480
994792
993308
992992
993902
990503
990671
992354
9811
990654
993503
994840
994335
994701
993259
9349
9792
990085
9860
992254
990055
990235
994721
990657
9499
990987
992593
991779
994186
992919
992153
991285
993350
9294
994530
991311
992427
990139
994021
991600
990819
9793
993043
9683
9211
992461
990529
991528
994860
993237
9129
992926
990199
9260
992622
993118
994716
990304
993171
990923
992215
993606
990900
991358
993917
994429
993614
992660
990713
992868
991360
994107
994197
9720
994139
992341
9666
990077
9869
71
993366
992496
992959
994943
9552
991135
992117
993613
993597
992365
993627
990261
994078
9629
991871
991363
990513
993563
993101
990155
994822
9246
994797
991300
993140
991161
991584
991908
992648
994725
993668
991451
991711
991497
990583
9060
992048
991951
991566
990125
992514
990443
992570
994411
993018
992812
9440
991891
991517
994933
993755
993648
992242
991193
992803
9254
993015
994909
994119
993979
991176
994689
9804
994524
991316
992139
993802
9688
992262
993744
992138
990910
992174
993694
992916
9558
991717
994005
991005
9497
992798
994430
993784
994118
990575
991790
990971
9721
991595
993692
993693
9633
994587
993307
990117
993632
992951
991019
994361
993989
991619
990152
994762
991163
9308
9168
994024
994228
993402
994626
9022
990049
992595
993141
991742
9481
992689
9300
991581
9757
990110
992384
9155
990446
994187
991827
992375
990821
990814
990801
990173
9544
991445
990874
994174
991171
994041
990899
991059
991095
991491
993415
992175
993983
991164
991084
9218
992657
991105
992733
992181
994215
9881
9303
9132
993881
994885
991814
992306
990297
991090
993603
9443
991867
991318
992588
992269
9096
990164
992924
9712
994553
991247
990202
991319
9080
993019
990914
990915
991014
9581
991542
990662
9741
991534
994212
9286
990892
992119
993127
993474
991330
994574
993383
993322
992403
9830
992670
9641
992662
993969
9899
44
992611
994869
992726
990465
994542
991590
992836
990439
994802
990710
990356
9477
9819
990372
990087
9784
994766
993188
994209
992852
9731
994296
991052
991986
990201
993575
994037
991580
990747
992913
991295
994364
9329
992591
9232
991873
990953
994311
993859
9087
993375
9107
990841
990745
991244
991281
9594
9589
991100
992481
993821
993042
9722
990178
992369
991286
992656
990889
67
993864
993373
993621
990127
992401
990128
992901
991259
990295
991198
990673
993411
994475
990447
993315
9318
994305
990638
991973
990658
992229
993409
992576
992370
9437
9775
994748
991893
993534
992946
990241
993706
9033
990426
994969
994106
992423
993286
993158
990873
991915
993551
994855
994023
991509
9613
994447
991235
9638
992998
994790
9645
994111
9108
991243
992606
9835
992258
993236
993954
993950
990589
994754
992079
990593
991906
992878
991835
991823
9321
994668
991722
991115
991002
992601
993493
991533
994263
992513
9270
992969
9866
992437
990351
991510
994440
991240
990171
9058
990559
991220
995006
992352
9501
9885
993643
994449
994838
991587
990645
993776
990353
9244
994129
991239
994485
994427
992904
990984
990303
994607
990394
990056
992173
9840
991262
994649
9482
993508
991789
993723
993016
994031
991250
991118
991415
9676
993122
991708
990733
990449
9894
994979
993352
994791
990194
993260
992124
994593
990813
990470
994082
994602
65
992905
994675
990210
992832
994432
993044
993338
991621
9771
991895
994854
990709
991356
994178
9290
995000
993609
992388
993608
992276
990352
9719
990523
992668
9892
990307
990625
991811
992265
992731
992046
994490
990183
994109
9506
991707
990006
990022
9049
990081
994858
992037
991036
990329
991818
992527
992630
993145
994441
991147
993486
993818
991826
992290
992453
9657
993323
991715
990315
991555
9399
993920
992468
9796
990256
991338
990970
991931
991351
991256
994110
9607
990177
994739
9403
991473
991851
992031
994499
994079
991447
993536
990464
992717
991523
993985
992825
9095
990488
991314
994635
994183
991612
990390
991270
991328
991980
993481
992383
992349
990934
9812
994697
9110
994636
994468
993095
991492
990748
993255
992745
990182
992699
991618
992522
990480
992737
993075
992659
991397
993489
994062
990454
990730
992102
994968
992598
992448
994417
990830
993054
9149
991040
993107
992090
9554
83
994086
990659
992931
9555
993142
992830
9341
9739
9691
994708
9677
992374
992089
991794
990518
992658
993555
991182
9278
992807
990623
994546
990862
9608
992933
993509
994281
990388
991411
990498
990846
994758
994483
991449
992890
991967
9637
992494
991636
991422
994825
992315
990150
991441
9836
9753
990865
991564
990728
992752
9844
994324
991023
993993
990810
991681
990977
9496
9011
9682
990134
993675
9077
990024
992810
991038
990305
9656
9069
993992
993590
992921
994225
9799
993857
994181
994481
64
994278
992851
994957
992991
9051
990868
992582
993372
994476
9397
9462
992155
994520
991824
994882
993932
9422
993807
992017
994410
991099
991018
990408
9492
990941
9870
994042
990328
994224
990516
993691
34
993467
993278
990727
994640
992120
994134
990245
991671
9281
990840
990240
990563
990766
991224
994874
994272
9510
994085
991791
993430
993869
994729
991987
994972
990989
9743
9678
9201
993532
994105
993741
994648
994036
992666
990331
991341
991574
993951
994573
994538
9766
990115
991206
9274
993959
994164
993274
994208
991287
994552
990156
990997
994529
990192
992207
994247
994779
9019
992618
994756
994505
993165
993686
990459
9103
994532
991204
993501
993116
991225
991437
9546
9735
990225
990666
991897
992456
9432
990884
990635
993212
991470
990105
9560
993207
9535
990724
990706
991068
992941
9714
993851
993261
990248
990427
993447
992651
994132
990413
9768
991500
994080
991807
9810
991273
992797
990132
991676
9204
993119
9618
992546
990993
991402
990847
993470
993181
992957
993866
994117
9075
994692
9424
9255
990259
990779
993220
993721
990104
990641
994961
9283
990030
990697
991303
994720
990214
9098
992298
990005
992183
991520
993714
994637
992840
993445
991701
991588
993760
994150
994474
9815
991869
992665
990788
994870
991994
991498
991771
9726
990499
993358
9490
9570
992930
993926
993264
9694
990883
994029
994327
993880
994349
994876
993618
991603
993067
9198
9540
9237
994891
9470
992339
994652
9563
990143
993032
994845
994362
990254
9195
9226
9872
992844
990954
990961
991392
994896
9614
9338
9063
993414
992184
991383
993435
993639
993494
9630
991020
9851
992056
994014
990537
994820
990377
992671
994613
9531
991684
990042
993027
49
991227
992270
990511
994398
993650
990857
17
991007
9597
991532
994282
994008
993698
991544
994148
993702
994121
993779
9711
993965
991433
992982
992928
992964
9619
990926
991152
992763
991388
992057
990560
994217
993023
9066
9313
990906
9749
991706
992528
993772
60
992255
990238
9373
992439
9495
9062
9082
992906
9137
993157
993915
990789
994416
991151
991625
994260
994842
990962
990489
993796
993923
993565
994944
991646
994341
993511
993079
9764
9203
990756
990318
992308
994809
994202
993424
993192
994487
990471
990768
992996
9182
993589
994300
992065
991903
992774
9446
994389
9427
991959
991719
990922
990648
991710
990286
9519
993523
991954
993975
994058
992590
9007
990878
990251
990222
993351
992002
9017
993641
991003
991693
990804
991375
990848
993914
991837
993976
991888
992038
992740
992103
992462
994368
991317
991725
993304
994735
991427
991961
994954
994200
993867
994053
990833
990646
990521
9009
990417
992104
994974
992350
994747
992597
992278
994241
994232
9450
990424
993065
9595
9153
994958
9863
9123
992213
993449
9249
994654
992609
9846
993047
994374
992912
58
994156
993431
993871
990484
9516
993367
990237
990145
9541
990610
992814
992891
990083
994059
9133
994709
9729
993678
994987
994498
990475
994076
991792
990093
994710
990209
992637
992003
993631
991696
991237
993774
9083
9071
994464
992060
991713
992790
991553
990478
9240
990398
990891
993530
991644
991475
990719
991763
994147
993628
990165
994048
990320
992395
993333
991808
990176
994983
991367
990530
992667
993272
992934
994888
9880
990684
9176
991008
991233
991429
9375
991841
994691
992990
993967
992129
992108
994704
993981
991962
993336
991417
990794
991653
993666
9054
993974
994865
994993
990486
993525
9197
994412
9145
993896
9151
994388
9141
992872
993074
9801
990881
994920
993433
9275
994585
994253
993225
9079
993625
992759
993644
994982
993747
994383
993785
994068
994190
991638
990760
992762
9262
991901
9121
990007
993305
992289
991191
9154
991699
9384
991919
994307
994306
9814
994619
9331
9292
991306
992995
990973
991162
9842
993769
990716
9527
991680
992205
994170
992619
990220
990820
991723
990812
991563
992324
9689
991698
993009
992281
991069
990429
990216
990231
993078
993958
991977
991670
994154
994347
9337
992586
994013
990998
993889
990044
993808
992838
993973
991112
993083
993167
994454
9665
994199
991996
993966
990458
991705
991418
991386
9551
9210
990275
992691
994929
9874
991976
990867
992849
994674
994785
990099
992782
991979
990268
990027
990691
992379
9059
993838
990052
993550
992678
994703
991545
993798
9258
994489
990053
990069
993172
992058
990578
993471
991453
990028
991061
991549
993208
993848
994595
992390
990146
992504
991011
991526
992676
991049
993240
992247
9699
9425
992831
994651
994423
993952
991815
994596
993911
9259
991788
993576
992024
993833
990701
992165
990913
993221
992736
994189
9827
990880
990693
9456
990368
994733
991736
9142
992880
9624
992510
991403
991382
993765
993426
990314
9725
990208
993727
9762
993185
991649
990942
993453
9284
992303
990121
994672
992642
994316
991569
990937
991720
991507
994418
992764
993005
991656
994314
990909
990939
994414
9379
994435
990784
991381
993341
993515
991335
992728
994639
992455
9005
9888
991852
990556
992902
990917
992607
991241
994163
991985
994088
990060
993329
994517
992049
993812
994610
9839
990126
992776
990832
9369
991032
994582
991401
994325
990908
991821
9414
994576
9697
991924
992404
9230
990863
991076
993739
9231
992626
9765
992777
990082
992498
994002
992997
9468
994038
990172
9439
990731
992804
991493
991767
991550
990692
9545
990630
992321
992826
993077
990013
69
990151
9089
993003
990781
991294
994455
994570
993949
990603
9328
992476
990776
9509
9896
994179
993004
993173
993837
990600
993295
992474
992661
992083
990572
993661
9692
990080
990041
993924
991958
992009
994370
992967
992243
9489
994843
9055
993822
993345
990815
992238
9186
993558
991999
992685
9600
993037
990796
991178
9873
992696
992559
994214
9170
991326
993334
57
991554
992080
993193
993294
994333
9299
993058
9847
990359
9031
992962
994660
993455
993801
992130
991269
991773
994342
991034
994583
991691
994947
994525
990620
991219
990247
991925
991046
994409
993735
994659
990765
990058
993086
993309
991645
991748
994804
9850
990966
991884
79
993377
993150
994184
993281
992564
991495
991089
994176
992061
990836
9807
991442
9214
994604
992377
991324
991817
992545
991284
990075
9858
990243
994883
993510
991357
994115
9687
9280
994382
990242
991854
993635
994949
990360
9111
991571
992898
992466
992730
9361
991690
9533
994973
9044
992750
991667
991832
992263
991695
990907
991620
990301
993248
991322
994683
994239
992144
993642
991831
991782
82
9751
994685
994601
9395
992145
992189
994420
990738
993197
992193
9626
991709
9797
991647
993878
994826
9171
990379
992334
9588
994155
991663
990806
991231
9649
991632
990699
990561
993872
9067
991966
9809
9615
993689
992778
993556
994478
994866
992944
990849
9146
991077
991664
992500
994100
991132
994098
993572
990652
994094
994839
993781
9038
993464
80
992035
991576
9518
9407
990406
991917
992550
993210
990964
991196
9371
990327
994901
990003
992302
990571
990798
990817
992210
990837
990792
990072
991535
994743
991611
991828
990437
991662
9879
994827
992592
991060
990046
990554
991153
9410
993458
991165
9301
993280
991074
994284
993916
994204
9868
994680
992197
993687
84
9156
992686
993856
9821
991485
991141
9471
991833
991529
992772
993882
990111
993522
990450
992499
994597
990098
994340
990124
9832
9864
992536
993214
994515
992004
994235
991148
994390
992074
990944
993862
990448
991609
9099
993419
991017
994832
991390
9159
9250
994320
992487
89
993820
994087
9861
990409
993892
991785
992485
9695
993026
993228
993705
993339
9738
991755
9605
994723
994519
991217
994491
994771
994837
992361
994567
990584
994935
994330
993204
9336
990675
992639
993222
992842
9001
991631
9702
990938
990604
993441
994995
993512
990549
994773
992518
9889
994902
990250
990239
993855
9778
992045
991552
991927
990581
9396
993554
992088
993412
9409
994598
992113
9505
992515
990148
9068
993446
990871
991724
991033
990527
994945
992353
992431
9507
992047
991768
991461
991192
990207
993468
9891
994678
993729
991760
9718
993331
9828
991648
9014
994243
994713
9454
991598
994763
994297
991591
991394
991292
993340
990266
992882
993223
990160
991548
994141
992641
993991
991880
9012
992754
993276
990451
991205
990348
992871
993718
990618
993583
994963
9404
991502
992534
991505
992187
992417
991460
993647
994507
991039
993289
990536
9413
993553
993849
994647
991021
990541
992191
9288
990313
990330
991572
994493
990453
993011
993794
991697
9412
991359
990619
992012
9296
9064
993667
991816
990509
994853
993385
994625
993638
992200
9345
994726
993684
9101
990985
993028
9660
993370
991733
993956
994746
991570
9837
991661
994514
991327
990982
991282
990418
994245
992216
991035
990905
994344
992875
990365
991346
70
994114
991400
991096
991471
991484
990142
992164
990456
990345
991257
992391
992915
994471
992683
9271
992715
991208
9104
992475
994057
991836
993754
994144
9161
993617
991894
9859
991734
9018
993847
9708
990445
994618
993031
992738
992885
9192
994992
990628
992219
993235
993529
993672
992820
991251
991953
993364
9561
991464
991087
991419
991797
992260
993130
994563
993316
992457
994653
992214
994988
990321
990021
993708
990370
990412
991687
9513
990325
9704
992703
992761
9134
990552
990639
994266
991963
994926
9128
991596
9247
993845
992428
994403
991480
993697
994852
9041
990184
993514
993371
994142
9862
990656
992775
993716
991777
993209
9559
990968
993262
991440
9463
993990
993332
9245
991041
992385
9295
9701
992839
991024
990588
994718
992008
992827
991276
9566
993751
991882
992903
993312
994329
992033
992723
992212
993928
993417
992614
63
9803
992785
994271
991347
994061
993190
994280
992323
992489
992296
992246
994741
990203
992747
991904
991675
994488
78
994522
9732
993407
990487
990267
993296
992055
992674
9849
990086
993811
990972
9825
993129
991677
9723
9671
993547
994502
993128
994562
9268
9243
990844
992834
992523
9334
994744
992166
991355
992419
993562
992732
72
993082
990158
991010
993055
993155
990522
993459
9148
993050
990166
993879
992440
992751
994294
993925
990547
990592
9730
991972
993490
992806
990462
992021
994749
993919
992895
993290
9791
991626
995001
992929
994216
990414
991992
991781
992824
992160
991210
994859
992109
990187
9172
990882
990678
994460
994877
992411
993610
994984
991674
9165
990284
993816
991348
9627
992001
994623
990866
994470
991139
990669
991435
994234
991202
992464
994755
994303
992115
992451
990508
9235
992492
991369
991430
994391
991260
992779
992209
992335
994401
992493
993326
992230
992340
990570
990553
993226
994588
994864
992816
991172
993800
992114
994056
994422
9461
992364
993179
992292
77
991091
992442
991158
9640
991026
990577
993907
9406
9616
991080
992985
993901
993070
994093
991051
994575
9253
994914
993297
991506
990636
992454
993593
81
994918
992693
9530
993934
992793
993135
9636
990023
991155
994270
993688
993905
991839
993605
994035
994939
9327
991829
993469
990376
991212
9521
993844
991004
9610
993391
9534
990244
9251
994312
991950
992221
991863
992553
993393
992180
9602
990828
991948
993252
993216
990870
994169
994568
990312
994985
990925
993076
9526
994196
9838
990626
994889
9358
990026
994060
992239
992432
991487
994921
992149
992910
993094
992596
992610
992319
993533
991729
990218
991291
990347
991264
993831
994206
9736
990018
991012
994277
993282
991222
990735
991886
994761
990349
990434
993505
993472
9709
991858
9086
993877
991253
992766
992783
995009
9647
992975
994380
993685
990113
990856
9469
994714
990440
993559
991467
9405
9418
993138
9663
993780
990316
992142
992687
992947
994207
9267
9690
994609
994799
990720
992264
993792
991195
993724
9574
9639
9027
991425
9394
994665
991407
994322
992920
9770
992958
991840
993321
993205
993942
992788
992019
992479
9229
990074
991783
9053
990912
993996
994043
993025
991597
994986
992983
992211
9037
991745
992106
9569
991847
994905
992415
993285
993906
990326
9716
9180
992118
993473
991027
990050
992146
9136
993404
992859
994875
85
9120
993265
991079
991050
993110
991878
994394
9882
994404
994787
992897
991877
9092
990767
990931
994830
9500
993203
993899
991803
991144
993381
995003
990141
994833
991721
9125
990613
993242
992654
990681
993406
994469
990477
994560
991657
9029
991853
9591
990755
992542
991109
990861
991209
993968
993960
990539
990357
990737
993184
993619
993500
993795
9745
9309
992378
992673
991194
9458
9372
991457
993660
9865
990928
990743
993160
9664
9091
990843
993317
9897
991822
991615
990392
991245
9175
994343
992625
991881
9706
990136
993544
994399
9032
990686
990232
990255
990063
9152
994497
993873
990029
994641
990952
9415
991784
993573
994359
990653
991376
991935
994900
992026
992312
993148
994353
994757
992438
992604
993787
991731
993633
993243
992688
9795
992098
9277
994406
992569
990793
993506
992837
992143
990358
992236
991436
990435
992256
993249
990059
990864
992355
992204
993230
991608
992932
991589
9042
993392
991804
994482
991479
994781
991406
991070
990897
9787
9304
993963
991501
992973
9523
994255
993423
993827
991504
9620
9517
994608
990336
990606
994251
991944
993548
992756
76
994365
990551
992819
994663
991952
991672
991630
994302
9503
993995
991751
990221
992433
9217
991874
990226
991323
993017
993109
992741
994599
9202
9127
992538
992179
992241
992272
991364
9112
993655
993669
990019
9008
993438
990918
991203
994541
992516
992530
9423
9187
994544
991379
991499
993930
991700
994965
991187
994384
991085
993349
994140
990927
9841
992357
991651
994007
991524
992923
994137
992799
993841
9628
991628
992863
9884
991627
993549
991862
992007
994286
992577
990350
990102
993002
990546
991058
991454
993369
990020
992136
990205
993191
991876
9070
994970
993238
9109
993829
990687
9483
9026
990718
991268
993081
9475
993852
990289
992486
991408
990025
992227
993085
994291
9189
994693
993540
991956
994201
9282
992126
990517
992874
992749
991940
991683
990935
990921
994067
993451
993093
993612
9213
994615
992490
993876
993654
990411
994205
993814
992682
992251
991106
992813
9316
992646
9430
991045
991859
990875
990544
990564
990223
991321
994527
991496
993434
994012
990969
994696
992702
991776
993504
9522
55
993761
993986
991022
994001
994728
9207
992274
991431
991546
992572
9643
994233
992653
993462
992628
991370
991372
9650
993068
9209
994261
994980
991930
992767
9675
993347
990334
994677
990045
990959
990644
992725
993799
990010
993217
994579
993955
990396
994956
994684
993386
9441
992070
992158
994188
991503
992028
992531
9179
990992
993254
994698
992338
991185
993106
990008
991936
994063
992097
990272
993758
68
9362
990594
990708
992984
990838
991174
992535
993539
9790
991044
992304
990455
991128
994508
992014
992948
9829
994457
994221
993313
993144
991607
9144
990576
990845
990493
990663
990519
991610
991772
991642
991177
990281
991541
993359
9324
9221
994856
991843
990333
993194
994664
9273
994211
991339
9105
992594
990665
991399
993482
9227
990204
994157
990535
994645
990401
992093
994772
9065
992030
991774
990048
9593
990769
993835
993247
994419
991861
991283
992848
994737
992248
993904
9789
992406
990948
992634
991138
992811
990107
992261
994334
994936
992407
991578
991848
994017
992846
9445
993408
990981
9635
9102
9479
9680
992988
994020
992041
993257
990597
991078
992773
990729
993330
992148
993061
992857
991121
993595
990189
992169
991866
991101
9366
991920
990946
993461
992694
992010
994299
994458
994910
9326
993598
991634
994256
991991
990640
990144
990452
994259
993591
990090
990978
48
991409
991280
992128
994547
994269
993187
991149
990159
992244
990195
993201
992953
992965
992217
992617
993022
9135
990650
993442
991514
994535
9575
993894
9097
992976
992794
9000
9257
994172
991637
993582
990467
9276
994769
994695
994138
994975
991126
994578
994431
991438
992013
990712
53
994426
993927
994254
994584
991737
991650
993013
994630
992567
994670
992714
990258
994381
9805
991114
992942
994786
993690
9631
9289
991795
9464
991215
991744
993279
994611
990123
991054
994801
990036
993353
991258
992939
991173
990566
990660
9191
991912
992615
992268
993100
990084
990877
993051
993224
990494
991922
990179
994526
9117
993343
991537
991934
992202
994894
9444
991568
9355
9780
9448
993836
990130
990253
991757
990230
990252
994285
991439
992337
993151
993072
992237
990773
9617
54
994355
991443
994044
991302
991633
993909
994027
992284
992279
9542
994550
993357
994594
991082
993356
993526
990752
991365
990740
9391
992458
991929
9599
991333
991921
990744
993000
992064
990550
990685
992888
993394
992329
991154
994461
994331
991366
993961
990943
51
993557
993177
994777
990302
994318
9050
991974
9383
990290
9224
994658
993200
994194
990403
992616
9163
9242
994083
992652
994413
9717
990611
991412
993970
9781
992883
9436
990703
9199
991254
993658
994643
993520
991137
993182
9472
9584
992899
990215
990758
990974
9794
993580
9056
992802
991834
994495
9222
9886
994473
992137
992949
992100
992311
990191
992621
992022
994436
52
991918
992287
991298
993978
990764
993568
992989
992076
991056
992482
9642
9272
990431
9651
9100
993368
9502
9025
992125
992141
991538
994308
992966
991830
993090
993805
993748
994054
993206
9514
9875
992521
991738
992220
992734
992768
990852
990532
994904
990596
990260
992613
993753
992105
993564
990264
993030
994492
993701
990106
9696
9783
990051
991521
994592
9416
9285
994690
990397
992743
9428
990037
990651
993936
994252
990707
993014
994097
991184
9823
991678
993670
9106
990035
990157
9622
992198
991246
990229
990751
992955
991536
990515
991508
991094
991579
9572
994034
992078
994978
993938
992892
993231
990533
991516
993251
992724
992815
994402
991169
991255
993585
990896
991857
991329
990787
990149
9344
992936
992271
993348
993448
991928
993302
9076
994030
990624
993945
992855
991741
993269
992416
994911
9755
992470
993137
994165
993767
993972
991957
991009
990382
994556
993105
993089
9401
9433
993495
992449
994836
991718
990012
994459
993813
9654
991229
990249
9072
991658
991583
994784
9319
991838
9532
992707
994977
993897
994112
994387
994395
990416
991350
992971
992870
991749
991617
990410
990929
990116
991410
9785
9047
990696
994990
992077
992168
991385
992796
991393
992575
990380
9193
9612
994706
992320
992808
993497
992132
992135
990986
991606
993256
994231
992907
990339
994955
993344
993008
9385
994295
991955
990854
994288
994966
994369
992154
991071
993097
993734
9233
991030
991384
991223
9670
992491
990161
990829
992708
9162
990043
994124
992780
994898
990920
992472
9261
991000
990153
994831
9587
990299
990960
994074
990423
993233
62
993620
9003
994108
991113
991213
9340
990300
993933
994046
993040
992157
990472
991909
993746
991296
9748
993971
992624
994229
994319
990976
990520
991604
990983
991214
994679
9754
991342
994047
9052
992722
994549
991933
994328
991455
993211
994913
993033
990119
9486
990095
991983
990778
993775
991086
990616
990902
993766
990775
993152
990004
992979
994537
993731
994705
992927
9360
993246
990736
990483
990273
9473
990188
9539
994146
994922
9727
9322
992029
991028
994778
9831
993380
993946
994160
992999
992502
991643
991345
9325
991522
993516
993492
994377
9634
993868
994796
990629
990474
993146
994806
992526
992552
994998
990548
994494
991380
992943
994931
992473
992123
990680
991825
992402
992480
992638
994122
992000
993893
990599
993502
56
994934
993335
990198
9215
9480
993287
994378
991905
990436
991343
9769
994760
994400
992543
990916
992869
993111
994287
990822
993096
994967
9140
9264
9568
9194
994682
991275
990753
992443
992867
993681
993997
994727
9093
991547
990500
992326
992645
9030
994275
993443
994274
990057
991263
994136
990282
991652
9036
993513
992735
994650
992981
993998
993809
990292
992330
993778
993059
994152
990257
994991
991107
992568
991043
993764
9661
994289
9713
993039
993541
994513
992343
991995
992300
992629
992970
992310
992770
992508
992447
993733
993662
991468
992116
993131
994443
990950
992196
993819
993842
991551
993488
994581
9335
990344
992356
9604
991593
992497
9452
993382
994571
991261
993832
9015
9085
9228
994952
992332
994073
995005
993318
9487
993125
993198
990855
9668
9822
992968
991234
9498
9520
991668
993063
994000
992099
991654
993133
993328
9314
994857
990479
991660
990101
993789
992459
992757
9557
9353
992795
993828
992672
9119
992188
993253
990217
991702
993579
992194
990432
993024
992140
993112
992635
991875
993049
990485
992945
993677
994765
994642
993858
992039
992110
9773
991879
991190
994510
991669
86
993466
991157
994103
994950
994989
990587
993416
994533
991932
991728
991659
990457
9139
9648
990138
991770
992299
992963
992524
994622
992386
9756
990627
994917
990167
994052
994927
75
994501
992094
992555
990979
994722
994337
992131
992294
991072
993524
993291
991124
992765
992781
994867
991864
993178
994959
992252
992829
993073
992556
990378
993596
993457
993941
990802
993756
993738
9084
991371
990531
993830
9772
991414
991123
9130
991228
990068
990011
10
990190
992082
990893
993659
991796
993699
992400
993403
990771
994770
994946
995007
992333
994248
994730
992909
994236
990811
994338
993826
990734
992574
994310
990355
991513
993288
9312
994113
991759
990163
992956
994907
994940
991883
992066
991368
990888
992063
9852
992050
990919
991539
990818
994589
9279
991199
990393
9705
994566
993052
990438
9564
994834
993680
994203
992208
992495
994536
991097
990808
9387
992068
993552
993656
991946
9529
991613
9377
9623
992573
992235
994354
991665
9625
992344
991189
9376
994240
994301
990114
994071
991029
9234
993994
9818
990759
9339
994603
9817
993324
991605
9252
991666
990091
992075
993374
994298
991747
992301
9088
991421
994444
994540
991585
9061
993728
994210
993561
9667
992396
992286
9898
994981
991907
992267
9343
990831
991704
991188
992072
993149
993908
994638
991988
9685
990726
990725
9004
992755
992112
992640
991910
9178
994912
993387
9672
994257
993147
9158
992127
991344
9408
990782
990422
9669
990034
990001
991997
994321
991249
990786
994872
9734
990381
991978
9429
993465
990346
994851
9043
993939
992856
9239
992805
991727
990294
991459
994768
992537
991743
990265
992283
990860
994687
991982
990038
994066
9320
994315
993793
991092
992249
9658
991446
993810
990930
994892
9183
9476
993527
994006
992020
9293
991911
991975
992600
990343
991463
994632
990169
991799
992259
994614
990078
993159
993720
992517
990369
990911
994775
991211
9347
9238
993630
990949
990705
993420
992602
994099
990402
9164
991898
990263
994551
990341
992866
994421
990749
991746
993982
9776
993346
992548
990872
994028
994393
9160
993736
992711
991458
991629
990354
994267
994669
990269
990633
9700
994313
990714
993886
993737
992450
9039
990762
994700
990634
991960
990670
994463
9291
993229
991102
992978
991472
994903
991512
991452
994198
993460
991103
994676
991131
9269
990213
9808
990876
994919
994666
993444
991793
990170
9200
9435
991466
990557
992190
9359
994428
992371
994767
991726
992940
993875
991218
992413
994425
992987
992203
994262
994379
994162
993202
991938
990545
994620
994633
9698
990637
994180
992471
991349
992727
994868
993397
993071
990262
992345
991941
991942
9655
991378
992226
993545
9786
994173
993354
9715
992381
994050
992275
990940
992087
991673
992156
994923
992769
992886
9681
991601
993640
994572
992313
990363
990371
991559
9219
992434
991216
994884
990076
9381
9782
9090
991752
993910
992172
9601
992092
991416
990476
991993
991730
990065
991754
990463
9878
992362
993452
990430
992879
990481
990002
991207
994279
992612
9147
994759
991849
992700
991844
994283
990507
992309
990089
993752
993788
9760
990858
9824
994116
994065
993834
993912
9592
990609
994366
994135
992551
994077
990015
992876
990444
994667
991899
994539
993389
992684
994442
992739
991703
992786
991150
992405
992018
994577
993168
9094
994644
9703
992322
990834
992424
992716
993080
991945
994816
993432
992742
991456
990965
992096
61
990224
991889
9826
993300
9116
993365
990524
990783
991511
992253
994937
993396
993099
990534
994569
995002
993425
993645
991949
991714
9585
993062
990092
994345
991426
990859
990335
993422
991567
990750
990590
992288
992853
9609
990441
994101
992054
993570
994591
991561
993379
994655
994213
992483
9046
990558
991048
990271
991337
990469
992993
993777
992760
992159
991160
992372
994512
990757
993846
992446
991221
993757
9420
993903
992122
991622
994788
991424
991267
992561
990642
992860
991057
994617
992095
994496
994019
994752
990122
9728
994153
991531
994500
9893
990770
991902
994033
991122
990617
9248
993271
993189
994049
993883
994242
991063
994906
991885
994994
9528
990071
992277
9390
992558
993478
9184
994871
992789
9536
990565
9652
992972
991146
994151
992649
992873
990193
990288
994558
991037
991692
992791
9761
993029
992053
9788
993657
9515
994694
994503
991230
991494
993327
992562
992823
993674
992771
994072
994925
994780
992692
994634
992709
990291
991477
993234
992291
9525
9426
994465
993186
994265
993292
992821
993477
994794
9571
9006
993048
992908
992843
992192
991750
990894
992918
990466
994326
9871
991331
992900
9330
994941
993745
992107
994586
992199
993980
993103
992327
993653
9621
991143
994702
992469
993763
9777
990040
991735
994351
991238
991186
991183
990490
994742
990741
994258
991679
990405
994367
991981
990400
990621
994304
994564
994168
990129
9317
992359
990739
9150
990704
991179
990097
993853
992195
994133
994807
990690
9883
990404
993069
990807
990990
992854
993711
994486
992134
994462
990120
990947
994774
66
990168
993390
993825
993362
990967
990598
9548
992801
9002
993007
994018
993843
994386
994627
9028
994159
992025
991971
994863
992698
992643
993227
993546
993293
993931
994191
993823
991641
993126
994323
992841
9124
994434
993651
992746
9684
993166
993098
993035
991301
990664
990227
991340
994372
993543
991465
9659
992549
991404
994828
993567
9421
994385
992133
9357
993121
994942
993320
993162
992917
991482
9115
9263
993361
991947
993804
992914
990702
992950
993496
991476
993463
992477
990100
990579
993398
9459
992081
9798
992231
994580
993132
991088
991775
992052
993036
991075
994506
993885
994543
994631
992583
994438
9206
991336
993943
9382
993649
994671
990364
993874
9707
994624
992488
991428
993314
991968
991006
991042
993310
990428
9305
993673
992044
991474
990791
994711
991170
991200
993429
990647
991483
993363
994022
994915
9185
991354
992563
991640
9073
993241
9567
993791
992833
992580
990506
991592
992636
993921
992351
990512
992318
990816
993325
992960
991391
994218
992285
991297
991110
994890
994962
992328
990375
994732
9576
991232
992091
992059
991134
993006
994803
992051
992245
994244
993839
9646
992835
992758
992644
993517
991916
991540
993480
994064
990887
994408
994407
992387
991525
990608
994055
992539
991716
990895
990186
994509
993749
993682
990754
994445
994230
991053
992297
994835
994096
990366
993770
990825
994764
9484
993863
991266
9890
9386
991274
992085
990980
992023
992034
990140
993250
992293
990879
992557
994016
992655
992425
990607
993092
992347
994534
993484
990612
992893
9848
990958
991819
992167
9611
994559
9693
994120
994456
9747
992954
991025
994126
9392
994015
993124
992418
9034
991575
991939
9596
994104
992011
990219
991753
994309
990963
9208
994612
993136
991806
991543
991405
990991
992394
990473
994424
993244
994738
991423
9241
993665
992554
994125
992409
992445
992032
993483
991740
991686
991304
990827
992325
994264
9419
992005
992633
993476
990835
993450
992664
991635
991145
992348
990898
990711
990869
9474
990574
994192
990689
993139
9216
9348
990622
991787
993634
992162
990118
991462
9298
9138
992525
993164
993436
990790
991527
9674
993840
9579
994276
990700
993850
990073
9478
9857
9580
992800
993057
990850
992520
87
992720
992847
993887
9504
9820
994948
992150
9417
994751
993663
992784
993722
9451
991432
990661
994776
994745
9167
9370
993616
992822
992373
993636
990504
992532
9867
990542
990039
991332
990293
993491
995008
9332
993742
9350
994011
992938
993319
9644
991577
994003
992036
994646
993577
991478
993355
992161
993060
9740
9114
992382
990595
9013
992952
991156
990096
990270
9367
991786
50
990491
990586
992101
994736
9078
990780
990000
9081
990631
991764
992858
994999
994686
990180
994484
9746
991810
991016
993020
994095
991413
993566
993413
991845
990890
991290
992484
992608
991116
993001
992713
993360
992266
993646
993884
993712
991855
990373
992422
993064
994102
991167
994039
9323
994467
9603
992719
990031
992408
991865
994750
9131
994600
990064
992994
992792
990555
990361
992884
990337
991067
991373
994158
990287
991031
992062
992086
994997
994250
992712
993611
993664
991518
993988
990632
993195
994740
994511
991943
9351
993134
9774
990994
990528
991989
991120
9174
994621
990945
990496
9333
990342
992016
993743
9447
991062
9374
9802
993695
9256
992877
990580
990996
992705
992478
990904
994358
991964
992170
9686
991272
991389
993538
993427
992233
990540
9485
992380
990717
9302
993773
990246
992436
993266
993888
9402
990112
991914
993437
990433
990601
9590
992412
991387
993123
993245
990061
994293
993485
994453
994996
991352
994930
993957
993962
992922
994795
994928
992331
990285
994897
993569
994916
994715
992584
9035
9346
994376
990280
993410
993342
993584
993782
9562
993479
990108
993053
9813
994616
994193
994895
994548
990279
994629
993521
991398
9855
990386
993283
992503
990562
990495
991766
993267
990851
9806
990955
992701
994565
993284
991732
991984
994628
991140
993922
991712
990932
991201
991887
991252
993587
991769
992316
9779
991130
993999
994249
992605
992257
9411
992512
992420
9020
88
992069
991420
992410
991125
9750
992632
994081
991325
991353
992889
990514
993861
993215
992925
990772
993440
9434
993232
991242
990569
991448
9265
992896
990591
991119
993771
993703
9024
992421
990062
990924
993750
992435
992507
990211
9598
991846
992695
9710
9800
990582
992887
991226
993034
994951
992429
991047
993797
9583
991685
993637
991486
994131
991682
994025
993399
9549
993418
992363
990384
993388
992250
9493
993218
992881
994753
994396
993021
994219
994924
994688
990088
993439
990809
9236
992710
991765
994815
992544
994350
994656
991395
993935
993937
991277
991515
994477
990721
9442
9122
9673
993786
9113
993895
994069
9365
9758
9023
9632
990395
994862
992346
994348
9457
9553
991066
993535
993762
9380
991305
993964
992273
992501
994938
990951
990420
994448
9287
992393
9205
993918
993154
9297
993696
993395
992697
993719
994405
990668
994782
990298
9491
991926
993273
993163
994850
993175
993581
990399
991104
993578
994879
993571
992295
994371
993275
993298
9577
994004
993913
990109
990501
993010
992392
992397
993456
993790
991168
9816
992218
9466
994699
990415
991890
990975
994032
991450
992706
9354
991362
991892
994673
993161
992465
994523
990374
992171
994681
993087
991780
994873
994707
9606
9511
9393
9767
9724
993056
993730
9537
993676
992280
990154
992818
9220
993870
991558
991739
991820
990732
9550
994009
994167
990362
9524
993421
991639
993518
993732
992121
992571
993120
990936
994237
992828
992627
994557
991805
994177
993542
994040
993038
9887
994026
990407
994089
994793
990233
994932
9266
990070
991055
990131
993607
991175
9438
994161
991197
993528
992729
994145
993108
992366
992911
9744
992894
990385
990185
994899
992067
991614
992152
74
994657
990391
9307
994561
993629
992511
994829
991969
9494
990853
993594
994195
991809
9352
991133
994415
994555
994171
992073
992675
992721
9578
990715
994346
994317
993890
990538
992603
994545
992974
992186
993806
990033
991557
994437
994504
991900
992389
992234
994724
994092
9400
9126
994090
990502
991108
990066
991236
992519
991181
994127
994373
9118
993860
993219
9543
994084
994521
994439
992430
9388
9453
994238
993953
993384
993475
991377
994392
993239
992547
993671
992228
994045
9074
993783
990296
993041
993066
993153
993803
991166
992980
990777
994893
994451
993174
994800
990826
993707
991127
994357
9173
992040
991142
990763
9143
9460
990234
992704
991444
990197
990032
993499
9166
992977
991990
991374
9853
990181
990338
992961
993183
9582
990683
992232
9833
994953
9737
992533
990615
9565
9363
994719
990999
993560
993700
993759
992414
990283
993574
9763
990278
991469
994861
991923
993196
994817
993180
993900
991073
9431
