992565
991530
990672
9188
991758
991093
991064
9679
992589
993045
992817
993268
990901
9045
994185
994360
991582
993717
992677
993012
992650
9843
992071
09
990308
990206
991850
9653
990742
992579
994143
993306
992084
990795
990236
991309
993891
992240
992541
993487
990746
9306
993113
990803
993169
990310
993929
9733
991616
993104
991594
990805
993143
990797
991802
992937
990017
990956
992043
993507
990009
992006
990525
9465
993378
990425
991279
992305
9845
9398
994091
990605
990585
993623
990655
994964
994226
994479
990387
994452
990682
993709
992182
992360
990694
990886
994810
990016
992744
992845
991299
993405
993898
993815
994010
991860
990800
15
994844
990842
992015
994821
994222
991289
994841
993600
993902
990643
59
9876
991434
991361
994590
991560
992460
991313
9040
990722
991285
992426
990212
993114
994480
994375
9759
994290
990679
42
991293
994021
9895
993503
991624
990657
992585
990324
994701
991013
993531
992919
993704
990903
990174
993740
993176
991856
26
993263
994971
9860
990085
994397
992631
992177
994840
991586
990175
992427
9792
992992
994721
990503
993308
994166
9877
992593
992223
992254
991689
993043
994789
990199
9349
993366
9129
994712
990055
990235
991360
993171
9211
990671
994860
990077
993118
991528
990987
992367
71
994716
991908
993606
993259
994792
991600
9060
9811
994197
993755
990819
994119
9793
9099
992926
9683
992153
990923
990261
994530
992354
990139
992461
992660
991311
9499
994186
9300
993802
994107
994335
990155
993917
9869
990654
9254
990583
9629
9720
9294
992570
9666
9633
992242
994822
994078
990713
992496
9260
990900
991363
992798
991161
991717
992117
991081
9552
991779
993744
990513
991300
990304
993613
993627
994689
991891
991451
9303
994411
992048
994429
991193
992622
991584
993140
991711
993614
9558
992868
991497
991135
994005
992314
992514
993237
993597
992812
993979
990125
992365
992959
9712
990152
990372
991176
993694
992733
993563
993632
994361
991827
9721
990971
994292
994762
991358
990801
992138
993983
993693
994587
993018
992341
992215
993101
993648
993415
993668
9544
994626
994933
994024
991566
994943
9497
9481
991595
9308
9804
990910
994909
993989
990529
993784
990164
991951
990117
993692
991742
991164
994797
991163
9581
992595
992803
994228
992648
992139
993350
994174
991316
9830
994118
9437
991019
990814
994430
994139
994524
992384
993615
9168
992403
991517
993402
994041
991867
991580
991059
9286
990173
991619
991871
992852
993307
992657
992181
9132
990443
992916
991005
992269
992951
994553
9757
991095
9218
992689
992656
990821
992262
990874
9022
991171
9688
993322
9440
993141
990049
992174
993015
991542
994725
991445
990673
992670
992375
991014
993881
990202
990662
991318
991814
993188
992611
991084
9835
992588
990575
9594
9329
9881
9443
990087
9819
991090
9232
992836
991247
9155
990899
992229
994766
994885
994748
9899
993383
9246
994215
992369
991986
990915
990914
990110
994542
990446
994212
990747
995006
9731
994187
990297
992662
990394
993019
991581
9096
9087
991100
993042
993706
992601
990356
9741
9784
990892
993373
991873
991790
991906
994574
990465
990439
991319
9108
993474
994296
991286
992306
9641
67
990710
992352
990201
992119
993127
990178
9107
992913
992726
991491
990128
994754
994111
990638
992173
992946
990658
9318
994802
994441
991259
990589
993603
993864
993409
991198
994649
994475
993859
990241
990889
991330
990841
994364
993315
993821
991893
990953
991052
991235
993575
9080
993954
9722
992370
992079
994106
992998
991534
990127
994869
9321
991823
9482
994023
9613
44
993551
991118
990426
991811
991105
992031
993776
991973
9775
991295
992901
991590
9771
994427
992423
993621
9638
9885
9892
993016
990447
991244
991281
992258
991509
991147
992481
992924
994447
990984
990171
992401
992904
992437
993486
991826
993534
992453
993969
993122
993493
993375
990623
993411
994607
991262
994031
991115
994037
991243
994209
990303
993286
992606
991621
9589
994311
991351
993338
993352
990454
991851
9866
991510
994485
994490
992265
990295
990745
992668
990813
994432
9477
9506
990470
9244
993145
991835
9058
9719
9270
994979
990480
990523
992591
994499
994079
994668
994602
992905
991915
9894
992630
990645
990464
65
993920
994838
9607
994791
991040
994636
9676
993643
994129
993044
9290
994263
991415
9608
992969
990709
993608
992124
991722
991239
990733
994593
991411
9844
990970
990353
992017
9657
991220
992513
991533
990449
995000
9033
990056
990351
992731
990559
990625
990329
991789
994042
994739
992878
991002
994086
993489
993932
994178
991707
990150
994082
990728
992598
990081
990022
993609
9554
994449
990390
9555
990352
990210
993950
990256
990873
990177
990006
992383
991447
994858
990563
991523
990024
993236
9281
9432
991036
991708
991587
9501
992659
990830
994109
990862
9110
9637
991895
992388
993158
992717
993095
994790
9812
992290
994440
991256
993536
991397
990183
991240
9462
991612
9496
993054
991250
992832
9149
9840
991618
991038
991182
994697
993142
990659
991270
9201
990225
990194
991338
991980
994968
991818
991676
991715
994183
990315
990593
994476
992699
9739
9691
994546
990307
994969
83
992494
993951
992046
993723
991314
9341
990727
9753
9403
993255
9546
994225
994675
9399
993260
993509
994110
992037
992546
990427
9069
994468
993075
990240
993992
993851
991449
991492
994483
990934
993959
991931
993323
992807
991204
994708
992830
990810
991500
992090
994720
994854
55
990408
994417
992374
990865
992527
992658
992155
991422
9645
993107
992737
994324
992651
992522
990182
9274
991099
990977
992448
990488
991328
991967
994635
9278
994758
994305
993675
992745
993532
991356
991794
990115
990388
34
9796
991473
9510
990305
994896
994062
992851
993372
9450
9836
9019
990766
9678
990134
994855
994640
991018
9656
992102
993508
9422
993590
990413
991555
9743
993274
991869
991564
991023
994036
994961
992456
9077
993807
994972
994481
994529
990105
994779
993165
992207
9682
991068
991791
994247
992175
991273
990248
9492
994181
990132
991671
9283
990748
994648
9075
994105
993985
994410
990635
991227
9007
994825
993857
991681
993212
992349
990868
9597
9694
993119
990941
9095
994505
992890
990724
992038
991824
9677
992582
9470
993691
992089
991007
991994
991341
994080
64
994652
9049
994281
990840
990846
992120
990518
9397
993686
990641
994692
991636
992933
993467
9870
994520
9011
994208
991441
992468
993555
992825
9560
9735
994224
9204
992941
992315
994729
9810
993445
990328
992921
990030
9424
993181
990961
991206
9255
994532
993358
990730
991402
994134
994085
990857
990156
9535
993866
992056
993818
49
992964
993993
9618
991224
9103
991701
994876
9766
990666
990143
990005
994957
993721
9098
9198
991470
991225
994474
9714
9726
991987
990997
992298
990516
994882
992930
994820
994132
991807
990993
992339
991151
992844
994058
990706
9203
994272
991603
9815
993741
994150
992797
993430
994117
993628
990498
993714
993220
991498
993278
994538
990104
994573
992270
9145
994637
991771
990499
992906
990042
9768
992666
993207
990521
990922
9619
9614
994362
993869
990847
990883
994874
993760
9729
990833
994891
990788
9799
9749
993192
993261
992840
993304
9066
994552
991303
993116
991383
992255
9082
991588
994349
990471
991437
990245
994029
993447
992931
991287
9570
992752
992278
992957
993424
991962
993067
991152
991544
990377
991725
991388
993494
990259
992003
993650
994487
990318
990906
994613
993639
991574
994464
9137
994278
994014
990884
993965
990254
993530
990537
992184
993264
992276
992810
9630
994300
994282
990511
994654
9490
993435
991684
9711
9292
992308
994341
993065
9851
992104
990459
992740
992103
990560
991520
991433
991903
9872
9121
9009
9373
994368
990417
991954
992665
994944
993880
990891
990214
994870
993470
992671
994809
994121
993027
9531
9226
17
60
994008
990989
9237
990578
993923
991646
992057
990697
992774
993481
991897
9540
9262
994148
9284
991392
9541
994842
9123
993511
9051
9153
990484
994383
992379
994164
993618
9801
993351
9331
993414
990165
994756
9017
992982
9063
990719
993501
994253
993871
9141
990192
993698
991020
9062
993079
9516
992996
994974
994398
993641
9563
9133
9495
993157
991069
994202
994595
9595
993678
994156
9338
992590
991719
991375
9195
9151
992790
994189
992618
991808
990973
990093
9083
991792
994983
991705
992108
9551
990486
991710
58
991003
990804
993032
993589
994747
993796
992991
993867
994200
992928
990646
991008
994888
991693
9313
993523
990789
9519
992528
994954
990099
9182
992002
993023
990489
990530
992912
993914
994735
994217
993009
991625
993958
992462
991699
990954
990478
994958
992183
990222
992763
990424
994053
994710
993772
991429
9846
994709
991888
9240
991696
993798
992872
992814
992281
992637
9874
991680
991713
9197
991706
994232
994241
990878
993449
993974
991961
990286
993047
993525
993565
9259
9427
992213
991919
994691
994416
994454
993333
992065
993926
9384
994845
990926
992609
994059
9071
990126
990848
993515
990398
994190
994388
9414
994498
991959
994307
994306
990216
9827
993976
992782
990684
990238
993631
992838
990145
994147
993915
994982
994260
992902
9369
9527
994374
993172
992205
9446
991656
990812
994327
994068
991996
991837
990475
9880
991233
994987
991427
9079
992510
991841
990784
992060
991317
993779
992129
9375
990716
9699
9764
992990
991162
990756
990779
992880
992934
9863
993433
994048
991532
9054
994674
991367
990121
993550
9665
990275
9275
992024
991553
994619
993747
990231
994929
993208
990429
992759
994314
990083
993074
992995
990331
9692
990794
992289
991049
993644
9089
991788
9249
991475
990768
991417
991763
992350
993272
990176
9509
990600
990998
991386
992586
990237
990320
991335
993966
9031
993889
993336
991901
991237
990610
9154
994179
994076
9624
9142
990251
992728
990146
992439
992891
990027
993666
991644
993305
994651
9328
9425
993625
993431
990966
991924
991979
991976
991653
994239
990942
993078
990648
993367
990220
991032
993765
993197
9258
994865
990013
9337
990962
991720
991638
994170
993808
990760
9299
990044
993973
992474
994639
994389
993167
993083
991382
993975
990880
990172
994785
992619
991061
993077
993453
991076
990556
990907
9210
9873
9456
991381
9839
993967
994672
993838
992058
9186
990458
993240
991723
994325
991191
990815
993727
9439
994347
994585
991554
993911
9170
991670
993981
992678
994154
993774
990863
991755
994098
992661
990080
990268
990209
991060
991977
993225
992145
991453
990908
994920
990820
69
992626
994525
991999
990691
990964
994949
994176
9055
992395
9725
993329
992696
992997
990028
993785
994582
994596
990917
994284
992597
993558
991294
9814
991645
994570
991495
9230
992849
993702
990572
990701
991089
9762
990913
994703
991815
992804
992736
994610
991034
994214
991545
992390
993295
992049
990239
992831
9231
992455
990242
9067
994733
992898
993739
993572
990832
990881
994685
991418
992777
991958
992776
990781
990052
993949
993185
992762
994382
991507
992303
993896
9044
993455
994947
9176
994455
993426
991985
992080
992642
994370
993005
990620
994423
9600
992238
994659
990301
994489
993294
991736
993289
991493
990867
993822
992676
990069
991821
9888
993833
991698
993248
994414
993801
993341
994804
992165
990060
993952
9301
993464
994843
9807
992944
993576
991663
991153
992476
994826
994038
993848
991306
991572
990630
9146
993522
990314
991649
992035
992404
992607
990379
9280
991664
80
991925
991217
994517
991219
991831
991667
9588
994418
991326
9545
993193
993924
992504
990450
9896
79
990849
991563
992764
993003
994199
990909
991324
994973
992061
994204
992962
992691
994839
991569
990072
993037
9649
9468
992500
993769
9379
991550
9454
991526
9765
991549
9797
994478
991011
992667
990243
994013
994412
994576
992564
991401
993471
991782
991695
992778
990406
991112
994088
9809
992189
994333
82
994141
994235
9371
992967
991269
990082
992247
9489
992243
990075
990041
994435
9861
993729
994316
9214
993458
992750
993204
9059
994601
992592
994342
993661
9038
990765
990836
990806
9689
992686
990796
992536
993339
993872
9111
992550
992639
993058
990792
9410
991552
57
990693
990937
991833
993419
991132
993173
992324
9850
990151
991535
990817
993026
9533
991966
994583
991748
992302
992545
993837
9171
994420
994993
990939
993004
991035
990692
993812
993281
992045
991709
993228
992498
992826
990509
990731
994597
994409
990007
9395
990046
991828
990345
994680
993689
991357
993345
991292
9687
993635
994163
991196
992263
990527
992321
990409
990148
9250
991917
9159
992417
994155
991359
992130
990437
9889
9697
993446
994743
994491
9615
991571
993276
994567
990368
990619
994184
84
994087
990124
992466
991852
991231
994683
993882
990360
991884
990571
993781
991322
990359
9336
9751
993916
9005
992353
992715
994883
990776
9842
992730
994704
994832
992193
993510
990639
992499
992088
991241
993210
993856
992487
990982
994563
994320
992197
994515
9858
9192
9868
994519
9001
991832
991178
994330
992009
991691
993892
994297
993221
990098
993687
9738
993820
994390
990053
990453
990561
994771
9407
993556
992775
993441
9821
991074
991773
994773
991017
991817
991148
992055
993647
991141
992083
992772
992210
9064
993331
990160
9471
992074
991471
990003
9018
994837
990549
990058
991077
990445
994995
993280
993412
9412
992523
992144
990247
9507
994094
9156
9012
994723
994340
991647
992534
993642
991854
991591
990327
992113
992419
9288
991033
990603
991963
992747
990365
9409
994604
990208
9891
993150
9626
991598
991394
991464
9778
990581
993855
993638
992806
9361
993086
993735
991461
990584
991631
994460
990250
993468
993028
993235
993334
991767
991165
990871
990487
993553
991282
992685
9396
990738
992820
992334
990554
9879
992515
990618
993794
991548
991529
993223
992377
994502
991346
9605
991904
991485
992738
990312
994493
993718
994647
990938
992559
991039
992518
994749
993991
993724
992166
9505
9404
992219
990699
991697
994827
990798
990448
994100
994713
9862
990207
990203
991611
993862
993990
992493
990412
992492
990837
991797
990720
993751
991648
994660
990656
994963
992361
993708
991760
994678
9832
9791
993849
9134
994471
991284
993554
991502
993956
994746
991212
990652
9334
994514
9828
994144
991632
991505
991208
9847
991733
9104
994245
994507
9068
990451
991724
994598
990348
9730
991576
991661
990944
994216
994799
994866
991880
993847
992431
993417
993529
993512
993190
991024
78
89
991442
994902
991620
9718
994853
9413
994002
9695
991777
9253
992385
993928
9825
994755
9101
990021
993371
991677
994988
993364
992703
992871
994935
992004
992187
9566
990456
991041
992457
63
991390
993377
994901
991768
993370
990675
992641
991506
994243
994926
992766
993326
994114
991953
992839
9849
9247
993754
992246
991021
9701
991484
990142
9463
991046
992485
992834
993332
990905
990414
9513
994653
991894
992212
9014
992292
993076
993262
9803
993340
991139
9271
991087
993934
991662
992012
991785
993878
994618
994057
994234
993222
993547
993031
9704
993667
9406
992391
9042
9027
994945
992761
994403
992754
990866
990266
992142
993617
994115
992683
990541
994404
993129
992842
991816
991209
992323
994562
993011
9165
992008
993094
991480
992827
9559
991403
990462
81
9616
70
9235
991836
993907
9660
992440
990861
992216
991419
991327
990628
993672
9041
992723
991425
992109
993795
9663
9732
992475
991347
9650
9708
993214
990111
993688
993179
992732
993297
990313
994142
993155
992596
994093
9702
994294
993919
993082
993050
991205
992885
990570
991430
994984
992019
990828
992209
991460
991972
990184
993925
994568
992164
9296
993296
994625
990972
991674
993128
994280
991440
992779
992875
72
994588
994169
993877
991839
994992
992929
991051
990187
992903
994271
992114
993309
992021
990418
994391
994035
991882
9561
991435
9161
990376
990626
9458
9394
990968
9405
9251
991096
993705
990912
992432
991192
991010
992454
992824
993844
993996
994470
992785
9671
991609
990536
990925
992625
992411
990522
992576
992614
993226
992816
992553
993209
992211
994726
990218
994196
994864
992047
993906
990330
994741
993407
9518
994277
991400
992214
992260
991222
990244
9120
990370
993130
994744
991195
993317
990604
9723
991172
990552
991927
9864
993697
991253
992230
991257
991260
994270
992428
990844
9859
991210
990440
994488
994623
9213
991687
994830
993514
994900
992464
993391
990743
994060
992793
994833
9837
9647
994056
991012
993490
992895
993533
993459
992674
994422
990166
9180
993469
9610
990588
993845
990870
994344
992610
991144
990931
9229
991734
991948
991158
993316
9706
990018
994522
993684
992947
992882
992693
9091
995001
9053
994266
990321
991570
992200
992910
991840
993070
993559
991690
992296
995009
991992
993811
994206
993879
993110
994852
992115
993243
994665
9295
991202
992628
992915
9268
994918
990349
990023
990882
9372
990392
9736
992191
990985
992985
994303
994469
990358
991863
993506
993831
994560
993800
991745
991080
9243
9037
990935
992239
991026
994575
991877
990678
993792
991626
994939
9277
9716
993282
992751
993593
992180
991487
991369
993942
991155
994380
994859
9029
992788
9172
991050
9245
995003
994914
992126
992364
993901
991348
991829
990952
993610
994718
9602
991886
994061
992687
990434
990267
991729
994291
77
9530
994482
993205
9574
994401
990316
994985
992819
993404
994207
991950
993562
992335
992542
994763
9690
992489
993605
992143
990141
991058
994329
993995
990864
994787
993583
9189
991597
990547
990592
9148
993393
993960
993816
993716
993905
9534
990856
991268
9461
990897
993904
9187
993968
991291
992146
992654
992160
990577
991878
993660
9112
994043
992837
9664
994921
9521
991407
994641
990050
993385
993252
992319
993055
992983
993406
9627
991109
990553
991596
990255
9128
990606
992264
991858
992340
993472
992442
993191
993242
9787
9523
990221
994986
994609
992479
9267
992932
993312
991675
991027
991264
85
9636
993685
991657
990660
990284
991070
990669
993799
994875
9884
992378
994761
990063
9526
994359
993573
993321
992920
992756
994406
992783
990026
9897
992001
991783
994905
990086
991772
993780
990686
993392
991853
990347
990326
990113
994365
990927
9032
9882
993160
990008
992569
993203
9469
992682
994877
9086
990144
993505
9136
991004
9680
993423
991751
993265
994497
990357
9282
9709
991467
994312
990539
993548
991700
990205
9125
993899
994261
994343
990158
991781
991683
992033
990918
992438
993238
991881
9503
9500
991721
992897
990204
990551
991935
991091
992859
9065
9841
993135
991524
994394
990636
993876
992846
993986
994255
9770
992673
992149
992741
990333
990226
994970
991187
992516
991174
991874
994757
993138
990508
991079
993230
994889
992984
991379
9620
993963
990074
9327
991784
993473
990325
992261
991847
991044
990992
991501
993148
990948
990613
992136
991370
990223
993184
992857
9795
992688
992433
9639
994965
990928
990755
993540
993539
992577
993025
994781
990843
990020
991276
991194
994286
9207
994302
993852
992236
990435
990477
990102
992538
991457
993216
993285
992312
992415
991822
992973
991776
991245
992406
990019
990232
990767
994211
990401
993434
992098
992646
991627
992106
992767
993829
993109
9418
994714
9324
991496
993619
990350
990546
992093
990653
992604
9358
994663
990517
9829
990735
990718
991376
991859
991173
992801
990703
991251
994140
993504
993814
9316
991952
992256
9092
9415
991628
992530
9643
994251
9070
9569
991177
992958
993955
991408
993061
990123
9430
994001
991589
992975
990845
9202
9423
9191
9008
991078
994188
993595
993761
991436
991803
991541
991479
991642
9838
992070
991409
994527
994201
992451
993290
992272
992407
994645
991608
990281
991630
993451
9805
992204
993873
9106
993462
990687
993549
993085
994205
9865
9326
991101
994138
993249
994698
9745
992279
993612
990875
991956
993438
991615
993022
991651
994473
9628
992749
992874
990597
9026
990396
990838
993369
991936
994322
994695
992274
990564
9479
990334
994615
994956
990107
990059
994007
991537
991731
991804
991610
993655
992227
9640
990681
9789
991283
990272
9209
68
991045
9448
992357
990943
990793
992030
992355
990090
991940
992486
993313
993787
993093
992026
994194
992251
992221
993217
991372
991022
990708
991454
994684
992799
994233
993841
9179
53
992813
9175
993002
992338
993381
990737
9445
991406
990136
991546
993461
990640
9152
994457
991607
993544
990644
9242
993734
991185
993106
994693
994526
992179
994399
994980
992028
994353
992014
992241
994508
990969
993081
990550
992100
991578
991672
991126
994063
9875
992988
990289
993654
9345
993017
990519
992702
992923
994544
9366
991930
9591
990773
991503
990045
993068
9522
993330
992244
990411
990981
992535
9635
9224
990594
994067
994299
9464
992097
992953
993633
990663
9575
991504
994670
992863
990946
992148
991678
991364
994157
991149
9272
9273
991876
9572
993827
991431
992490
991861
9593
994677
993758
994728
992714
994419
9790
994579
994769
9227
991438
991443
991138
993254
992883
992653
994172
990455
991920
993187
990921
993100
991912
993194
9163
993359
9100
993349
994856
990494
990130
992567
991929
990452
9362
990650
9109
992118
990544
9135
991184
990611
991944
992064
991862
993482
990195
991203
991579
992725
9344
993598
994137
993051
990769
993408
992811
991128
994772
993930
994611
991757
994020
9309
992217
994269
992572
994221
990025
990336
990629
9675
990191
991843
991054
990978
994786
991085
990959
993442
991991
994737
994252
994535
992022
992158
990423
992007
991323
994384
990712
992128
994256
991583
993353
990467
991795
991499
992976
991114
9304
991658
9257
994599
991737
994541
992304
993927
993247
990029
991280
990974
991866
991848
993591
994017
48
9514
9028
990048
993894
992320
994547
9780
993182
991774
991536
990576
991258
994461
992268
9105
992482
9102
991333
992531
993670
993526
9472
990596
994285
991830
992237
994911
9696
994584
992794
994608
990159
990189
992694
993580
990119
992634
990084
991633
991365
990010
993669
994331
992594
990290
993269
991399
993201
990431
993347
991834
993224
991215
992939
992416
993257
993582
990566
990116
991082
9221
990106
9097
9117
994910
9483
992284
990339
991934
994083
991922
9441
993144
990230
993343
992892
993835
994578
993938
990665
991637
9823
991617
9056
51
9325
994413
992927
9436
994318
992638
994643
990729
991749
991137
990252
993357
991974
994904
994801
993200
992311
9383
992802
994231
992449
992337
9127
9276
9144
992010
76
991634
991121
994308
990896
9072
990740
990787
990651
9542
994381
992948
994936
992724
9631
990624
993690
993557
993978
993279
993030
54
990736
9391
993701
990258
9717
994355
991254
991921
990983
993394
9289
992041
994696
62
990403
991995
992137
9651
994894
991366
992848
991521
992616
990877
992780
994044
992013
9000
992722
9076
992202
994594
991106
992949
993746
991255
992169
993564
9617
994334
991514
992076
992773
990533
994034
994426
990253
990397
991744
9025
990416
991650
994027
991668
991056
993177
993568
990264
993970
990758
9199
993206
992743
990215
992615
992287
9355
9886
993014
992966
994254
994690
52
991568
994458
9781
990515
994495
994436
994395
994975
994492
993495
992652
9502
992248
994108
994259
993344
993356
991439
992617
994630
993072
993231
991879
992907
992621
9532
993658
993753
994664
992734
991508
991169
990929
993972
994550
990986
994431
992870
991094
990535
991741
994369
992078
991918
990037
9047
9475
992965
993368
992458
993805
994706
993748
991321
9215
992613
990036
990852
992989
992899
991154
992768
993233
9785
9401
990179
993936
9444
992888
990149
993251
994990
990532
992855
992470
994658
9517
994054
994978
991928
991384
990229
992491
990153
992220
993836
990035
991030
991009
992132
991339
991298
994046
993448
990707
994136
9140
994977
994831
992029
991343
990004
9612
993497
994679
992141
9783
993767
993137
993151
994778
990902
994097
993813
994784
994836
990410
9794
993500
992735
994387
993520
9003
992198
991516
9622
992936
991410
991412
990976
992472
991738
992125
994998
9194
990627
992624
991955
994966
994074
990472
994777
990161
991909
990012
993111
993097
991652
994592
991071
990302
992154
994537
990685
990474
993008
992955
991229
991246
992157
990095
9050
9818
993348
9139
990249
990380
994760
993040
991838
9642
991455
991393
992105
9233
9322
993897
9670
994012
993971
9654
992077
994319
994073
991355
991665
991718
990300
9539
992942
990483
993502
9625
9452
992629
991086
990257
992168
990262
993000
994295
994796
992979
990188
994549
9360
990744
9085
993013
994165
992294
992480
992135
992329
992000
994122
994650
993246
992543
994210
992815
994124
993868
994402
9831
990157
993287
994513
992447
993997
990051
991606
994571
992459
993579
994705
994229
994377
993909
990960
9340
992443
993105
991000
991028
992310
992796
990920
992123
993731
992708
994160
9385
990751
9480
994952
992575
993089
993809
992999
992116
992981
991522
991350
992971
994494
9661
992521
990854
9584
990217
993826
992473
9428
990057
991296
990260
990382
992402
994898
991604
994030
991275
990393
991643
995007
9599
994682
992332
9264
994400
994922
991342
994047
993059
994566
991825
991380
993842
994955
992508
992208
994287
993775
994931
994722
990548
993961
990043
994533
993382
991223
993380
9285
994152
993211
993933
9852
993828
991933
990299
9343
994556
991728
991234
991538
992039
991263
994321
9433
992867
993096
993819
993492
994913
992099
9568
992271
994967
994638
9769
991932
994378
990282
991302
9178
992497
993090
9648
9228
990273
993699
990436
990190
990950
992945
993133
993052
992300
9754
9088
991981
990752
993585
993256
993288
991421
991468
990167
990893
992869
994112
992343
992140
9052
993858
992094
990616
992502
994501
993146
992526
991213
992196
990520
992330
990531
990378
994991
9756
993131
9162
9377
9587
9817
991957
994806
993335
990911
56
990829
991414
9339
991547
991113
9473
9416
991345
991857
994274
991983
990292
993302
990493
994927
9130
991261
993073
992194
991946
991385
992326
992956
992556
990065
992112
994310
9193
9252
993063
990764
993764
991770
993939
9314
9487
993178
993659
990485
991329
990753
993945
994052
992968
990822
9748
994275
990038
992131
992645
995005
992299
991124
990500
990198
994354
992963
990696
9772
9429
992770
993541
992829
993778
993941
990101
990802
994867
9043
993125
990916
990979
993733
991513
9084
993387
9030
990808
9755
86
992020
991660
991593
993681
992344
991743
994917
993893
991107
991029
9634
993832
991669
9564
994443
992555
993149
993662
994946
991796
990479
994288
9036
9387
994622
993318
9476
993324
990599
993386
994328
992568
991446
991043
991189
994934
990778
992909
990734
9093
990432
993039
9486
990068
994540
991199
993756
992050
991905
75
993513
993516
991875
994459
9015
993488
991371
993789
9822
9669
990680
990775
993946
993466
990771
992943
990888
990726
990114
994113
9335
992063
993552
992640
993416
991727
993152
994872
991188
991759
9261
9705
992781
994071
991228
990725
991463
990138
993465
992808
993738
992396
9734
991539
994510
994989
992356
9279
991988
992856
990354
990343
61
990860
991605
991378
990169
991982
990078
991551
993443
994536
992188
994775
9408
991072
992635
9685
994770
992602
993830
993291
993656
9319
992301
994642
9898
991938
991654
994428
992110
990355
992082
9119
9703
994236
992700
990587
994066
9239
993024
9498
993677
991911
994834
993033
991629
9238
990919
992978
992386
990369
994959
993561
991666
991211
994765
994572
992068
992066
991883
991103
9604
9727
992795
993049
990263
991157
994581
994940
992283
9160
9353
9234
990034
990783
994892
990402
993253
990811
993374
993875
994298
993620
994315
993982
992172
993737
9700
992267
992765
994950
993630
992075
9435
992573
992600
994444
991214
994337
992471
990344
9004
991978
993420
9773
990786
9158
990438
991730
994727
9347
9655
992286
990341
992805
990831
992672
991704
992853
990949
992253
993596
993680
993998
994146
994028
991368
990633
993198
991613
992537
991997
990637
993908
994267
994240
990759
9760
991459
994173
991910
9219
994393
994981
994730
994203
9164
991864
992707
991472
994103
991097
990457
990170
991942
992127
991898
994301
992259
992524
992755
9312
992333
990011
990782
994421
994050
9222
991458
992551
992371
992495
9291
990617
990670
992235
991512
990872
994162
992757
993994
991975
994700
992054
991123
990749
993403
990705
994463
991585
990346
994687
9039
994099
993460
993159
9183
9681
992860
990381
993728
992552
991960
992405
992940
992275
994279
990265
990818
9826
994767
992970
992739
990762
993147
994919
9623
994338
994257
994907
991048
990859
993640
991190
992087
990463
993071
993379
9061
9269
992866
994551
991844
993810
992362
991702
992886
994667
990834
990001
992548
9359
993293
992122
992291
992987
993112
993229
994512
990091
990444
993300
990965
9520
9200
9381
994644
994676
991659
994366
9672
990422
994632
990015
991945
993793
993524
991754
991331
990288
10
991218
990940
990089
991793
994633
992190
991747
992711
993354
993886
994000
990557
994425
9376
991349
990122
994345
991941
992574
9658
993202
991673
9824
990476
994912
992517
994871
994006
993720
990507
990213
993527
993397
991249
992018
990930
9420
994351
9667
992450
994666
992400
994569
993362
992203
995002
990092
9320
994603
994442
990002
994539
994116
991416
992092
991993
993098
993346
993292
990634
992424
9529
990163
994248
991337
993099
991131
994496
991452
993328
990371
994289
990545
992345
990469
990855
992156
991907
993432
993396
993457
991267
993444
994614
993645
994768
994788
9147
9698
991899
9184
994923
991902
992249
991889
990534
991150
992096
993168
994589
992716
991057
9776
994857
994669
991726
991466
991354
994198
992558
993062
992226
9715
991494
9548
992789
66
992309
991092
9515
993912
993425
990294
993365
994135
9293
994503
990770
994077
994925
992786
990076
994884
991183
990876
991424
992612
9621
994126
994906
994168
991752
990609
991344
991207
991221
991238
9713
990807
990524
992381
9557
990714
990071
991746
9777
994903
9124
994868
990565
9090
992434
994019
994780
992791
991511
990271
993452
994500
993103
993903
993570
990441
993422
994065
9782
991531
992446
994655
994577
991063
993834
992199
9601
992876
990405
990894
9728
9094
991426
993429
991601
9668
994313
992823
994101
990481
991042
994180
994258
994049
992760
992322
994283
991949
991703
994759
991146
992288
990990
993757
992372
994591
993162
991340
990335
991186
9893
992993
990404
991160
992649
994586
992873
993846
990129
9786
994213
993310
9150
991622
991102
994153
993398
993883
993752
991849
994072
992841
990291
990269
994620
992769
9116
990739
992954
991301
990621
991456
992252
994564
990363
993777
9878
9248
992095
990590
991567
994018
9808
9585
991750
993545
994304
993653
991769
993389
994022
993910
991230
993736
991404
994323
994379
994262
994465
994816
994851
9459
990757
992854
992900
993186
991037
990400
992469
994617
9382
992313
9216
9330
994994
992159
9609
990664
992727
993546
991735
990097
992072
990219
990741
992134
990558
993007
990947
993711
994191
994151
991714
994937
9652
992692
992327
991336
9684
994634
994807
991799
992698
9788
990040
993325
9592
992879
993080
994558
992561
991482
993029
993048
994794
992413
992483
990120
993745
993931
9761
990100
992709
991216
992195
992053
993234
994462
991947
990430
9046
993327
990642
994033
992742
9659
991775
990364
992351
990750
994627
994265
9006
990193
991006
993980
9305
991692
990466
994752
990967
9644
993543
993126
994159
9217
991561
994694
991110
994711
993035
992133
992445
994828
993788
993674
992318
994580
9002
993390
992758
993189
992918
992051
993496
992908
994486
993314
990598
992972
993853
9421
9417
994242
992643
992192
991170
991200
990224
9390
992684
993763
993825
991053
991122
9206
9798
991143
992771
993567
993804
994386
991088
993649
994326
993363
990690
992843
991477
993227
992746
991559
9528
990791
994742
991971
992409
990991
993651
993121
990980
994962
994702
9073
991476
995008
990612
994385
992563
992025
994445
9536
994631
992359
990825
993478
993069
9571
993320
993241
991428
993921
992821
9525
992052
992325
994915
992293
990168
990579
992091
9241
993271
9034
991483
994774
994096
994133
993092
991179
993823
992387
991465
994941
9707
991939
9357
991423
992347
994942
992231
994230
9115
990895
990375
992549
990887
990366
992833
992277
992557
993839
994863
9474
9208
992835
991525
991266
992034
990428
994244
50
992960
9317
992059
991641
991640
993361
990879
994835
994064
994218
991740
994104
994559
991968
992917
991592
991575
993885
991075
993250
9013
992893
991885
991145
993463
994120
992085
994509
993863
990700
990816
994407
994408
994534
991474
992328
9890
993480
994671
990227
993673
993634
990702
992554
992583
994543
9451
991540
994456
992394
990574
991679
993665
992081
994367
991527
990754
990622
9392
990031
9693
992477
994751
990958
991764
991543
991753
993476
992525
990661
993132
991635
993006
990608
9370
992245
992023
992562
990711
990647
991232
993036
992636
994438
9576
992580
990490
993164
992950
990000
9426
992167
992005
991916
9646
87
9883
990607
992348
992914
994016
9386
994055
991716
9484
994776
990473
994424
990186
992418
992107
9596
993749
991806
994803
9871
993770
9747
993874
991819
994434
994372
993484
9567
994309
992520
994732
991297
991025
990373
994506
9848
990704
990504
992539
994015
992285
990850
9478
992644
990595
990073
992032
993477
991391
993538
992532
990542
991686
993244
991272
993124
990890
992044
994745
992297
990827
994764
991067
993139
9580
993843
993840
992036
994192
990337
9579
993636
992608
993517
992664
991134
993064
992655
993001
992011
992162
990506
990898
994612
992373
994738
992720
990945
990096
990064
993791
993491
994003
9857
991787
991373
9504
990512
993436
994686
992266
994125
990491
991031
993136
9323
992713
992488
991577
9351
993134
994095
9419
990835
990580
9348
992884
9114
993663
993766
994948
993722
990869
992150
9138
9447
990140
991156
9603
990528
991304
994999
993943
990790
993664
990586
992822
993887
991478
990293
993850
993399
991914
9740
993773
992938
993319
990180
993616
9350
992633
9185
993884
994264
9820
991332
9611
992161
993646
991167
993413
994158
993450
991405
993166
992484
994890
992784
994621
992705
990039
994276
991865
994467
991120
993657
993577
993483
992382
993566
990270
992380
993682
991462
994646
991432
992800
9367
992425
990496
991845
991274
9374
994102
991116
9167
990361
992719
993569
990555
9298
991413
993611
990285
9674
994996
993020
9333
992412
9746
993712
992847
9867
992408
990433
992792
990287
992422
993360
994600
990780
990996
9081
991062
994997
993355
992994
993742
993266
991016
994750
993743
994740
993922
994897
994484
993695
994736
9131
992952
992858
994916
991943
993060
991140
9174
993245
991352
991786
990994
990246
991989
990540
9035
992233
9774
994628
9598
993195
994629
9802
994193
990632
993283
994250
993427
992331
991518
994624
991387
994358
993957
9686
993057
994511
994011
990924
994081
990279
990858
993123
9332
9485
994376
990112
991389
990601
990851
993584
9590
990061
993440
994616
9078
994928
9411
993988
994895
993053
992363
991252
990631
990342
990717
992086
990386
991810
9549
994715
990932
993342
991712
994930
993888
994039
994795
9256
993962
992316
991732
991448
992712
9020
993437
9402
991984
991887
994565
992478
991420
993861
993479
992436
991325
994453
992101
992069
990904
991398
990280
993267
992507
992695
992632
991766
993410
9562
991242
992922
992410
9750
992503
990384
993034
993521
990062
990689
991130
9800
992170
990963
9380
993703
992429
991125
990569
992062
992512
994249
992435
88
992016
9813
994548
991855
991682
992896
992257
991290
992697
993782
990562
992250
994815
992584
993637
991201
992421
992420
9855
993750
993696
9806
993215
994938
994131
994951
990591
994405
990495
990108
9265
993587
994396
991277
994293
993485
991685
992889
9632
993232
9758
992881
990955
991846
990772
993439
9205
993999
992887
991395
9442
9263
993786
993284
990809
993388
9122
993964
9302
990514
994753
990420
990721
992877
9346
9024
991353
993895
991964
990395
990118
9236
994069
994219
9493
990951
9023
990582
993395
993797
994350
993581
994656
991765
992925
994025
990088
993918
9287
993535
993218
993418
9457
991486
993771
992544
990109
993937
9577
993275
991119
993762
991226
990668
991047
9297
993154
990211
994448
993021
994004
993421
993935
992701
991104
9113
994924
994879
994873
992501
9767
994673
992392
991739
993273
992393
993913
9365
9710
991809
9434
994688
994477
9553
992605
993175
9466
993542
991515
993578
992710
9583
990298
992397
9524
991890
994862
994782
991305
994557
990501
992218
993571
990853
994699
993676
990936
990399
994681
994850
993870
993010
992295
991450
991066
9354
994523
9779
992627
993790
994371
992280
990975
990374
992346
993298
991055
993456
992121
993163
993518
993056
990070
993719
992171
992366
993161
991639
994707
994009
990362
993730
993120
9606
990154
991168
991133
991820
993087
990732
994026
993038
992818
9816
991892
993732
9393
993108
9491
9266
9511
9438
9537
9887
992273
9673
994657
990391
991926
992828
9494
994167
994899
990415
990233
991805
992729
993528
991614
992571
994032
994089
994317
991197
992465
994348
9220
992511
9307
992706
994346
994195
994793
994415
993594
990131
992067
991362
991558
990407
994829
994561
994932
992073
9724
994092
994161
991900
994237
990185
992675
990385
991175
994504
994545
992519
990715
991557
993890
994177
991969
9550
992389
994145
990033
992186
9352
993806
994555
993219
994040
991780
992894
992152
994171
994090
992547
994521
994392
994373
992974
991236
993607
994238
990538
9578
994724
9744
992228
994437
993629
991181
992911
9126
990502
991108
992234
992721
993384
993475
994127
992430
994439
993783
9118
993860
994084
993153
991377
9400
993803
994045
994800
74
9453
990066
992603
990763
993041
991127
993707
9853
993066
993953
991166
992704
9074
992040
9388
994357
993671
992977
990777
994893
9543
993239
994451
990826
991444
993174
9460
990296
991374
9166
990032
9143
9173
991142
993183
990338
992961
991990
993499
992232
990683
992980
990181
9582
990197
994953
9833
990615
994719
9737
990234
993560
993759
993574
992533
9565
990283
993700
9363
990999
992414
991469
994861
9763
990278
993196
991923
994817
993180
991073
993900
9431
