991319
9876
991299
991560
994725
990304
994480
9759
990657
992937
994792
992177
992006
992585
994397
9811
990235
9666
990800
994186
992924
991595
991289
993531
993259
991176
994607
993983
992744
990324
992153
992631
994844
992919
994971
994762
9683
990694
994010
9544
990212
993378
42
994860
990801
991311
993623
994111
994361
992305
993815
994292
9845
991279
990842
994797
991451
9792
990077
993383
994452
993101
991908
993902
990425
990152
994197
991014
990655
991779
992622
993503
990819
994716
994840
9060
991528
993507
992427
994290
9022
992648
992360
994530
991951
9040
994590
990923
992461
994701
990722
992223
991856
994335
994721
992048
994107
993140
993308
59
990971
994411
993898
994789
992384
992868
991013
990585
71
994822
994174
991497
9349
26
9819
994139
994429
992426
992102
994078
990903
993263
994758
992717
990139
992496
991867
990055
9497
991360
992015
992242
994748
990529
992798
993989
994212
992959
991742
9633
9552
993563
993694
994166
992254
993237
993881
993627
992513
991906
993606
993755
994119
993171
993122
9155
9804
991019
9594
9793
9437
991619
990489
994021
991084
993632
44
992660
990085
9860
990202
9894
991566
9096
9211
991005
994587
994024
9558
993118
992174
992514
992926
992276
991586
992951
992117
993802
990513
991090
993668
9099
994091
991361
9080
992367
993307
991171
992031
991827
993409
9129
993917
992733
992181
992365
992306
992354
990654
993018
9629
990900
992803
991433
991871
992595
991161
991711
993615
990443
9254
9712
992992
991717
9757
990164
991247
991891
992403
993597
993176
990662
990261
993985
992215
9303
990125
9720
993614
9840
991135
990372
994215
9835
991040
990915
990914
993019
991295
991510
993114
993613
992138
990465
990987
991422
9869
991358
991163
990503
993415
993744
992139
9300
990127
992370
994005
994364
991689
9641
9294
990874
990446
9721
9218
991300
991262
992611
991059
9784
991095
992481
9440
992662
991915
991851
990117
991491
991316
991580
9481
9232
991363
990087
9775
990899
994961
992593
990328
990134
990953
990297
994485
994037
992314
991330
9308
994118
994432
993951
994430
9830
990814
994553
990713
992570
994311
991517
990353
9443
9051
994041
990821
991542
993979
991893
991492
993993
991581
9836
9260
991081
9482
990173
9688
994885
991584
990892
993445
990480
992946
994440
992388
9608
34
994802
994524
992375
993350
993648
994228
9877
993474
993042
990889
990910
9731
990447
992812
994542
67
990241
9741
994225
9424
994968
994729
993127
990984
990841
9132
994626
994082
991415
9108
991823
990394
993821
9329
990178
990673
991814
994943
9638
993551
993776
994281
993784
995006
990439
993603
992852
991281
991244
994697
994574
992969
993954
992737
991873
993402
991235
993375
991447
991973
992904
9899
993315
991198
991790
994820
9422
990638
991587
993435
994187
9246
990747
994909
9771
990194
991318
9753
991100
991328
991314
9168
992659
994117
991240
993322
9501
993486
994754
991533
992453
993016
990488
993621
990426
9645
994969
994296
993236
994720
994490
9535
991791
990470
9049
9087
992352
990583
993075
994649
994023
9827
993508
993798
992262
991962
990254
992630
994882
994106
993459
994085
992726
992269
992582
991789
9546
990110
994766
992576
993411
991722
993044
990830
992657
991115
9872
991227
990115
990049
990390
993807
990883
994933
990315
991286
991259
990128
993142
990997
993188
993260
990499
991225
9581
993692
994475
990941
990906
991576
994427
991118
993950
991445
9495
992905
991449
992731
993643
9589
993323
993575
9881
9815
991986
992079
9613
994869
9432
992670
993992
992522
993693
990779
991715
991351
992369
991826
994790
990709
9555
992383
992103
990658
9492
9506
9107
993590
993609
994224
990575
992832
994739
991473
994602
992258
993054
991099
65
992423
990171
990056
990862
993145
9033
993336
9110
992598
991164
9318
991534
990352
991794
9739
9691
991621
992401
9450
9490
991590
9694
994668
992588
993534
9657
994129
992173
994441
9722
990511
991509
991003
9554
990710
994263
992890
991105
990745
992124
991002
990022
992851
994209
991237
991824
993015
994060
990248
9290
992901
990516
992836
993481
994552
991895
990388
9892
990623
9154
9153
990081
990251
9531
993255
990146
990006
991052
992689
994305
993095
993493
990295
992468
9870
993141
990625
990659
991771
992998
990589
994447
990351
991535
994079
994781
9866
9719
992229
990150
994476
991636
9796
990471
993706
991564
993969
993338
993352
992957
9851
9321
994854
993286
993212
992119
992437
992591
991256
994520
994062
993857
991612
991523
993975
990873
9637
991147
992916
9145
992825
991182
993208
990993
990813
990970
993859
990563
992668
994708
9812
992038
994809
9149
990788
994080
993509
991835
990225
991967
9540
9058
990240
993714
990183
991725
990810
9676
993920
994208
990182
994876
9019
991555
992830
990210
994593
9244
9375
991980
992774
990105
991239
991338
992448
990356
994573
994416
994042
992878
993467
9226
994468
990766
991038
990464
9082
991243
991815
993158
994791
994176
991708
994779
990459
994053
9551
990728
990177
994979
991273
990030
993532
991383
9270
9403
9397
990427
994675
992315
992298
994031
55
990303
990559
992341
991707
991270
991023
994300
991681
994483
992017
990523
994825
991520
993278
994449
994896
83
994499
9399
991317
993741
9844
993489
993447
994038
992462
9677
993675
994636
9103
990449
990977
994109
994478
9286
991204
9201
990028
990417
993818
990733
994370
993181
991068
993608
992046
991206
9011
990318
17
991671
992089
992281
991811
9069
994181
991963
990024
991411
991529
990454
993851
991676
990865
990005
9462
9765
994640
991224
9384
9341
991356
992840
992265
9678
9237
992658
992699
993698
9743
991500
9496
991961
993339
9313
994381
992339
990998
994635
9281
990962
994546
64
992308
992930
993525
991220
993047
9682
990413
9477
9862
990730
992651
991574
990329
991441
993959
9618
994189
994314
9151
990593
993221
991250
993864
9198
991625
990840
9075
991713
990498
994659
9510
992913
9799
994282
990727
992374
990926
9121
993173
994838
993261
9656
992390
49
991719
992656
995000
992175
990537
990645
992797
993116
991036
9079
992606
992807
9066
990099
990156
993565
990934
990377
993165
9373
9735
993965
993686
994417
990868
993264
990007
994341
993536
993914
991696
991007
994333
9274
991808
993351
990256
990104
992255
992456
9077
9885
991397
991563
991954
993555
992207
993107
990320
992586
994538
994529
994874
990013
992527
9749
993274
992601
991152
9456
992184
991241
990222
994505
991178
994324
993058
990042
994148
992090
990331
993866
993915
9607
992024
9714
993009
994388
990684
994858
9810
990408
9846
994652
994474
9624
992083
993628
58
9446
992155
992671
992997
990922
994532
993276
994692
9766
994845
990132
990697
993235
993530
990305
993067
993424
993589
994855
993470
994036
9017
993358
994278
990724
990748
990833
991367
991341
992661
994735
9063
991792
992933
990518
992891
993372
991706
990165
994260
991417
992546
991018
9518
994156
990789
993772
992290
990641
994134
9726
990409
990891
993027
993723
9255
990635
990881
993167
990961
990214
994410
990666
991976
993550
994958
9337
993340
993220
991994
994383
990706
992120
990857
992065
9007
994132
991977
991588
992476
9098
9614
9095
9176
991903
60
992964
993414
991437
992906
994086
994008
992002
994974
991664
990878
994648
994957
9630
994368
991833
990368
992982
992205
990121
9768
994183
993157
991710
992745
9258
991498
992752
9259
994785
991151
9619
990143
994110
9262
993192
994059
9597
9379
994202
994464
993721
9204
991155
992844
992810
993625
993974
994487
990245
991603
994105
994747
991818
994929
994121
992278
990484
991303
990080
9338
9665
992921
992183
9186
993119
992931
993083
993032
994595
9062
990847
994756
993272
994164
991034
990719
994178
9283
994613
990172
9427
993926
9729
990093
990846
993880
994272
991061
992528
990691
993023
991012
992995
994014
992349
994347
993430
991649
9814
9278
994674
9141
992814
994068
990326
994843
9801
990848
994639
994190
991618
992056
990973
990478
990880
994954
9505
990437
990954
9083
994349
994253
993329
9570
992060
994241
994232
993641
991996
991645
992678
992941
992350
991987
9595
990648
991699
991662
993494
993871
993207
992912
9797
992263
9197
992736
9560
993911
991684
992590
9395
992037
991897
994239
992665
990530
992618
993515
990237
992666
990692
993650
991701
992439
994199
994710
992790
9519
993433
992991
994306
994307
990884
9563
994493
9861
992494
992872
992129
990863
994389
990486
991869
990126
993065
990560
992764
990701
994870
993639
9301
993923
9725
992597
994567
994217
990145
990411
9868
9470
990268
991807
990412
993769
991306
9284
991020
992619
994247
994888
994842
991322
991162
9089
994362
991931
993618
990275
9137
991782
993345
9123
990985
992691
993333
990238
993501
992466
991821
991388
9159
9509
990989
990259
990041
993765
9292
9249
991294
991408
993729
992104
9195
9331
993511
992763
990075
9533
991663
991233
990046
993225
991837
9751
9626
993691
57
991392
993086
990176
993305
993431
994891
990429
992516
9692
990578
991427
990942
992637
9009
9044
990768
991139
991680
994200
993867
991687
993295
994325
994982
992902
89
990003
990424
993644
990216
994147
992464
993471
991924
993838
9708
993981
990239
994076
990781
991375
994619
9527
994709
993367
990716
9605
994987
993687
992536
992108
990820
994048
992928
993754
994988
9156
991402
992289
990646
990794
991505
992012
994327
9711
994995
990913
9042
991049
991841
993747
991039
990812
991999
990521
994601
990445
991195
9142
994651
994481
993958
991901
993779
991723
9880
993304
994498
994654
990286
991077
992191
990849
9071
990917
990798
994058
991326
9762
993462
9874
993919
992499
992303
992880
991386
990450
990937
994685
63
992498
994454
992500
992214
994029
992270
991493
994406
991919
994563
992641
9896
990939
992996
991418
992312
991032
990069
993812
9839
993079
991646
991030
991219
9203
993973
9371
992820
991720
993647
994852
993003
994562
993185
992474
9425
994826
994691
993932
994087
992831
9825
991475
993635
993760
990052
993341
990082
994420
9541
9133
9789
990398
993751
994944
991852
992353
991569
994901
9031
993661
991670
990360
992080
992759
992487
9879
992238
991069
994703
994743
990639
993796
990247
993490
990547
990592
991196
990314
991572
991831
991544
990693
991925
991598
9059
994804
9054
992782
994435
990475
9299
994398
993869
79
993078
9873
993739
9361
994576
991453
992776
991667
992145
991788
994342
992728
994610
990584
993028
992838
991554
992247
69
991703
9600
991089
990765
994865
990231
9847
990630
994723
993702
990907
992504
994179
993150
993240
992667
993449
994839
991429
9454
993248
9849
993556
991231
992696
990060
991335
9369
990652
993689
991985
990909
991653
991191
990050
992187
991959
993684
9516
9610
993464
992003
992523
9809
991507
990817
994947
990151
990509
991763
994382
991553
993718
993172
9214
9328
993889
9027
991532
991545
9687
992324
9889
992934
80
993952
992395
993576
994983
994154
990610
992607
994491
993882
991008
994920
993966
994098
9468
9405
993666
994170
991854
994575
9001
991656
991979
992431
992088
992778
993896
990572
994303
991880
992806
992740
991571
9821
9458
990966
990549
991638
992061
993916
990242
992990
991011
991755
993523
992510
9187
990836
990815
9280
992019
9842
991470
994637
9005
993280
9689
993727
992455
990321
9534
994214
993214
9407
9471
994704
994412
994286
991693
992379
993949
994418
994284
990600
993892
992772
990220
990756
9888
992944
992626
990184
9170
992826
991691
991471
990938
993967
993558
990072
992639
9738
9230
994525
82
994489
991060
992564
992609
9615
991709
990678
992049
991291
990792
991132
9104
994340
9240
994150
990760
992166
994755
9807
993077
994216
990406
992777
9165
994414
994570
991773
9412
993774
992804
994672
994970
991904
992775
991390
990656
9134
9406
990160
990527
994515
992296
81
992683
994409
990458
994204
991141
9012
991615
990243
991076
993334
991657
992515
9146
9699
992614
993976
990571
990738
993924
990124
990301
994144
990517
992885
9125
9863
992377
990023
9275
9791
992243
993441
9636
993426
994608
9271
9171
990083
992213
992113
990334
9148
993281
992210
9469
993801
992417
9243
9014
9189
990603
990731
992592
994949
993878
994604
993228
991884
993453
991158
990620
993746
994918
993822
994374
991888
990867
990964
993833
992165
991381
9409
993193
993037
991035
9288
990556
991767
994155
990192
994517
9850
991705
992567
991894
990111
9701
990316
994460
9345
993296
990359
991079
993785
993011
993455
993074
990044
990804
9172
990908
991074
992035
991153
992189
991832
990784
992750
992404
994853
990365
9764
993522
994883
991112
993371
991260
9111
994184
992239
991287
993642
9055
990348
994426
991292
991647
992882
990345
992642
990379
994235
994902
992839
992411
993238
990796
990828
993612
991644
991264
9718
991549
990221
994763
993856
992030
992837
9064
993780
9709
990330
992738
993294
993005
993197
993210
990250
994471
992693
992741
992685
992730
990453
991736
994653
990027
993004
990448
992074
994579
994963
994057
9545
9864
994625
991836
990832
991552
990536
993312
993724
992193
993735
991734
993179
991745
994088
992550
992903
993631
992219
994973
990203
993848
991208
994541
990619
993667
992164
992703
990487
9647
992898
990392
993968
991698
995009
992674
990618
994749
994638
990053
990944
9663
993434
9463
994972
991927
994114
993986
991785
994713
9702
994141
994514
991461
993678
9649
9837
9704
991046
990699
9706
991257
9439
9250
994163
991419
991440
991495
992834
9018
994597
994329
993070
992009
993591
994596
994297
9561
9832
994002
994403
9588
992302
990982
990554
9038
993808
9101
994316
993852
994866
994647
992385
993829
990552
9697
9041
991359
991661
993316
993468
994457
991382
9086
992058
992114
994470
990720
9210
991550
992534
9247
991772
993672
991357
9723
992842
9858
994645
993837
994827
9404
992875
991106
993442
990207
9503
992747
994583
990267
993847
990266
994390
992125
990209
9489
991192
992057
990837
993204
993942
9523
993417
9875
994094
992144
993370
9336
993872
991526
9272
992824
992479
990272
992783
994680
994320
9414
990010
993811
993512
990058
993533
994519
990349
994502
991648
72
990838
994683
994061
990581
992457
991697
992785
992686
991858
991096
994837
991222
993377
994067
991741
990098
993458
994733
990675
990218
9334
994926
9413
992361
9053
993553
991217
993934
994799
991004
994013
993082
992378
992475
990604
990508
991966
990539
992260
992967
992010
990376
994434
9778
994945
994910
992440
994423
994935
991570
993849
994660
70
991403
992419
994939
991882
991394
992486
991442
991021
993249
992732
991460
9574
993562
991205
991485
994582
990515
990113
993877
991209
990870
992004
991631
993862
991627
994598
990925
993781
991346
991087
991748
994718
990653
991816
994399
990142
991695
991840
990776
990905
991282
993364
994993
991724
990141
990327
991172
991165
9068
994833
990871
990541
9067
991737
992391
991080
991324
991611
991401
992142
84
992569
991760
993326
994100
991632
9754
992545
991010
991109
991425
992766
991651
994461
994056
991797
9235
991173
993901
991284
9396
994169
994271
991379
992319
990897
994859
993190
9423
994746
993956
994588
992323
991536
991958
992962
994243
992687
9745
993617
993055
991502
9530
9106
991878
9245
9029
990215
993855
992055
990325
9366
991347
9229
9695
991828
992715
990594
993332
993638
990628
994380
9660
993547
993309
992756
993514
990564
991677
990912
991400
991506
9180
992432
991480
9732
993990
993845
990935
991148
994578
994201
9859
990613
990606
990208
994684
992754
990577
990660
993529
993605
993540
9865
9500
994469
991940
9559
9231
992762
994330
995001
9671
993510
990148
990226
990806
991829
994331
993544
993404
992799
994832
990927
9192
990968
990414
993357
9483
992292
993800
991886
991024
992489
992929
9829
991000
991817
9730
993610
990707
992406
994196
992761
9891
990856
9161
9828
990462
992209
994344
9032
9295
993130
993461
993419
9479
994864
993265
9182
990972
993216
991487
994875
994726
991548
78
990681
991729
994043
9650
992109
992130
992793
9838
990861
994965
990451
992335
993050
9277
991953
991202
991321
990960
993242
994547
993688
993906
991863
990292
991269
994771
991776
994188
992343
993716
9526
991393
990313
993685
991484
990931
991177
991091
991733
991768
993184
992321
990418
993061
990570
992458
993026
994615
994618
994422
993936
991514
991051
991690
993548
992538
991591
9267
991348
992045
993094
992779
993469
993262
990312
9487
9643
993734
994568
991777
991050
994773
9358
9394
990026
993991
990669
991194
993697
993472
9507
9253
992767
990882
9664
992154
993331
992920
990793
991399
993138
990281
993243
991950
994889
9736
993317
9282
994312
9327
993203
994787
992577
993554
990244
992801
991917
994142
9207
9575
992236
9092
990561
9635
992334
990735
990978
992610
990158
990008
994623
991430
9616
9803
993497
993076
992197
9884
991596
994830
992008
991781
992676
994914
993129
990969
993393
9513
993764
990553
992751
992846
990019
992594
993347
994404
992216
992857
992485
993111
990866
9202
991731
992179
9517
992268
994394
994984
992026
991327
994956
991245
991839
994678
991597
992047
992819
994921
992093
9640
993226
993995
990102
993559
9268
990550
991268
994267
994544
994140
990059
992965
994900
990090
9028
990136
992553
990928
992246
994609
993907
991407
992985
992149
994741
993289
992261
992148
993191
992454
994522
992100
993831
9326
990845
995003
990708
990477
990440
994266
990396
991972
992357
994714
993573
990535
992849
994054
9128
990232
990029
992146
994001
994255
990663
992871
993085
993761
9602
993905
991212
9120
991187
991881
992021
991675
991409
9362
990223
991992
991276
993960
993705
991952
993155
991496
993708
9410
993223
9566
990347
991364
994877
992212
9841
9251
991058
9639
992244
991149
991215
991280
990195
993844
993963
993022
994270
991041
991784
990636
9882
990021
992724
991082
993654
993795
992204
993655
991174
990767
9897
990074
991617
993109
9285
992735
994488
9109
994391
990729
991114
990703
9097
990255
994992
992451
992518
992160
990350
993209
990336
993669
9521
994641
9152
994526
993505
992442
993506
991350
9091
992304
993391
992559
991859
994030
993282
990588
9372
992723
992572
991504
9296
9304
990467
990190
990626
991026
994115
994507
990773
994786
993473
993873
992859
991674
991027
992542
990166
9117
9593
9430
993583
993110
990844
993955
994035
9631
993247
992227
992180
9805
993572
994611
993384
991583
9179
990755
990187
994495
991589
994455
993799
9620
990057
990522
991017
9690
993230
992340
994093
994744
992416
991479
9136
993659
992947
9680
990358
993446
992682
992169
991499
990380
992001
992041
991251
993187
85
994599
990597
77
993758
9444
990410
990992
992714
9316
9522
994696
991672
992625
990456
991628
993549
993925
9461
992923
9213
992816
9628
994221
993412
990737
990435
993816
991253
9360
994207
993595
994294
991991
994769
994693
993701
994261
993392
990687
993051
992115
991861
990743
991033
991876
991626
992808
992883
990037
993148
992248
990063
990983
993128
990680
991700
990205
994401
990284
992535
990299
9037
992617
992241
991783
991436
993598
994670
9008
993504
991862
994698
994980
993660
990532
994936
991642
993961
990204
990025
990686
994695
990452
993194
994280
992033
992355
9222
9441
994007
993879
991044
991524
992530
994665
991610
990260
991154
990144
992126
990262
991935
992279
993423
990048
991085
993868
992988
992932
9795
992256
993526
991503
991847
990875
993451
992264
994400
992827
992780
992975
994643
9209
994017
993619
993928
991054
994419
991774
992490
990629
990431
994233
994365
990753
992895
991464
991457
9445
992653
993369
992788
990403
990519
9175
991749
990546
993792
991113
993252
990611
993438
994251
991045
990921
994245
994431
993899
9794
9591
993820
9065
990829
9191
994203
994353
992237
9787
994206
991185
992773
992217
994473
9569
991101
993408
9769
991431
992973
992725
990566
992652
991637
993224
9227
994594
9773
992143
993938
993794
9257
994302
992634
993835
993014
994256
992433
990843
993072
994986
9617
9532
990981
990020
9385
9716
9627
990974
993894
9221
9105
994234
993205
994728
993297
990640
9448
990457
990333
992013
991547
994650
9669
991370
9790
9025
990198
994334
990123
991948
990946
994291
993002
990249
9651
991203
990896
993814
992311
991454
68
993564
990877
994172
991853
992014
991678
991078
991683
993177
992338
994760
990086
992575
993031
990864
994950
994978
991022
993827
993406
994318
990357
992897
990290
992211
994299
991607
994663
992493
990159
993313
994682
994034
993279
992915
994359
992364
993290
990434
992274
992955
990130
992646
994757
994492
990485
992953
9717
992272
990258
992855
990001
9112
991438
994761
990289
993335
992999
994904
991956
993135
991086
993633
992251
990979
994584
9026
993321
990551
994194
990876
9542
991137
9273
992329
993068
9127
993013
993645
994165
992956
994508
993836
991223
9319
991936
994046
993368
992428
9052
992492
992491
992136
990084
9144
993217
990179
992200
993407
994482
992615
991609
993841
990252
991070
994560
9418
991283
992694
9056
9748
990264
994991
993285
993257
993500
990153
994322
994277
993106
991522
991369
991955
992604
991546
9279
990624
992106
990397
993359
991944
993830
992966
991071
993348
991922
991439
993394
990608
992910
990599
994020
992942
992337
9472
992386
54
990769
991751
993978
9085
992856
990952
991435
992415
994501
990943
992958
991643
994527
9322
992794
994905
992616
9612
991339
992070
992110
9781
991988
991385
994308
992480
990004
990116
993946
991848
993557
994211
991949
993353
991541
9564
9391
992976
992137
991184
992000
992638
994801
9224
992863
993182
9675
994985
9670
992874
992983
990257
992613
991538
990744
991126
991866
993233
991803
992157
992098
991372
991467
993728
9376
9309
992811
991608
991521
993025
76
991650
990591
991929
991825
991258
9770
991843
994494
9383
990920
994911
991323
9242
993200
990107
990544
994898
993254
9852
993093
9572
992596
990644
991727
992407
992299
993137
9780
994778
993144
9163
991128
990339
991921
9276
992734
991210
990472
9604
993380
994550
992860
990253
994063
993017
990948
993201
991365
9584
9415
994705
991822
992688
993787
993579
9324
990455
990217
993229
991974
993690
992287
994047
993033
9661
991412
993513
9000
992078
992320
994856
991446
991376
993100
992981
993842
992039
991744
9436
992743
990520
991508
993000
994310
990149
991912
991874
990712
993593
994458
992135
991933
9464
991406
992007
992132
990986
9831
994205
993343
993876
993813
991877
990229
993539
994151
992438
991932
994806
993658
994083
991630
990758
990736
994535
993753
994395
992949
9289
994730
992629
993495
992168
992531
9475
992781
9135
991909
994044
990138
994413
990012
992443
993151
994857
991652
992076
991123
991355
990893
991028
994967
990189
994252
990157
994301
990393
992628
992449
992221
991342
992907
992344
993231
9755
994706
990822
994677
992118
992029
990370
991009
990288
993904
992989
990300
9325
990950
993927
993344
990170
991296
994831
994513
990650
991838
991366
990576
990751
993356
62
991983
993081
993582
992727
9473
992301
994269
48
9076
993040
990718
990627
994658
992552
9433
991911
9822
992939
9015
994173
993997
9093
992568
993349
9886
991830
991971
994872
992131
991920
993381
990346
993580
992888
994313
994737
991654
991665
9642
9783
994585
9823
990423
992252
991501
9634
9599
9312
52
9178
9261
990596
994664
990302
992028
991345
992294
991056
990018
991144
990976
993222
990665
991072
992537
990119
993063
991946
993775
990436
992768
991613
993805
990685
9514
994796
993385
994436
993097
992271
86
994231
991423
991539
990045
990860
991513
992892
992022
990036
991421
991579
990432
994497
992802
991658
9667
994867
993008
993970
991254
994137
9193
990651
990163
994975
992879
993945
994321
993971
991568
994259
990778
9340
990959
991138
994295
994770
990783
991666
993756
991229
991097
9502
9102
990035
994510
990786
51
992082
9217
9568
991261
994343
991757
991329
992094
994722
992927
992624
992984
994679
994285
9387
991804
994027
991551
992066
991883
992786
992702
9194
992097
991092
994772
991620
991516
994160
990089
994571
992332
9004
993941
991721
990161
991669
992979
993585
9314
993030
993996
9428
990762
991234
991053
992869
990416
990230
993105
990167
9898
9788
994288
994116
9625
9734
993152
990787
9622
991606
993492
992749
990401
995007
993819
994777
990782
992654
991995
991443
9339
9335
993302
990369
994966
992473
992300
994784
994402
994122
9654
9756
990616
992899
993382
992621
994952
991343
994369
994617
992330
990918
994355
992105
991918
994157
992600
994136
991214
991928
9359
994667
990095
993516
990740
9199
9705
993778
9119
992208
990531
9355
993092
991752
9050
993568
992140
990533
993930
992064
990807
9426
994922
994463
9498
993939
992202
992708
53
991795
990273
990186
992230
991512
991537
9416
9587
9070
993131
9072
991975
9344
993149
994319
992502
994863
994931
990752
991634
993052
992909
991981
992813
994690
994138
995002
9435
994533
993832
990775
992635
991593
994108
991246
992059
991879
9003
9377
994955
993269
990500
991275
991455
992963
993680
992551
994946
9727
993482
992555
992815
993288
990734
990091
990474
992133
990808
993318
9772
994836
994097
992970
992141
994328
75
990902
991169
992739
994162
994917
9401
990494
993748
994386
991668
993096
993875
993897
991934
993998
993766
9162
9234
993253
993656
993206
990852
993681
9420
9036
991249
56
994315
992063
990444
994892
9408
994959
990916
991463
994977
990344
993828
990381
990043
990469
991371
990188
993073
9343
991302
992198
10
991633
993048
993292
992829
992993
993826
992284
992020
993379
990802
993251
992755
991704
9090
991997
992194
992482
993443
990855
992459
993908
990015
991456
993386
991121
992310
991255
9100
993737
9233
991834
994124
9390
994989
994052
9452
990114
992116
991930
995005
9140
991468
992867
991899
992356
990725
990065
9238
991875
992497
9116
994913
993125
994894
992087
991216
993465
9539
991029
9353
991157
990034
994240
991298
9668
9696
991213
994540
993541
994229
994768
9728
990940
992556
9486
994198
993520
993488
992968
993133
993789
992645
990590
994511
993972
994028
994066
990191
9476
992770
9760
9130
990764
994065
994274
990438
990929
993909
991189
992843
991458
994071
992876
992167
993767
990038
993328
993330
994337
991759
990463
990422
994425
990888
991120
990106
994213
9381
992396
991770
992769
993287
993731
994566
9681
993246
9700
994279
992326
993160
994012
992765
994073
991857
991094
990382
991043
992796
994884
992127
991263
993211
990051
993162
992409
993640
993893
9685
993738
991368
991660
993403
992128
992848
994630
994998
991743
9088
9039
993080
991107
9826
9320
9520
9147
9785
991384
991410
993620
9713
991910
990378
994242
993457
990609
990726
994509
993933
991982
991718
994765
991414
993733
994152
9480
994592
992943
991380
9818
991199
994788
992719
990354
992900
991702
990996
992196
992640
994906
993089
993662
994210
992472
993883
992948
994990
991103
993324
992283
994112
992447
992945
991864
992470
991747
994537
9061
991938
994298
993090
993843
9139
994871
990078
9621
990854
991746
9160
992521
992402
991416
993024
991738
992574
993825
990402
990282
994421
992870
991730
61
992099
9030
9264
994254
994496
990930
992608
993809
994289
991796
992936
992231
9081
992112
9347
990911
9047
990371
994444
994033
994387
9893
990169
992722
992158
992123
991474
992362
9609
992347
991629
990496
9529
992558
990545
991048
992539
990100
994377
9158
993858
990483
994049
992508
9777
9184
990213
9252
990548
992684
9291
994752
991333
994632
9228
994834
991426
992757
994351
993387
9215
990355
9429
990825
993049
992700
994581
992220
994940
9164
992054
992520
991102
992573
9219
994655
991728
9293
994775
991578
991331
9890
993416
994577
994927
994443
992068
994937
9386
993035
990479
991604
993365
992424
991605
991228
993374
990949
992259
994642
990011
990071
994622
990670
9216
992805
990771
994338
991844
991957
992543
992612
993677
994923
990101
990980
9715
993397
990040
994903
9043
993720
991124
991221
991641
9084
994384
991218
992092
991942
994459
9548
994323
991190
993982
992018
993390
9761
9046
992583
990895
992649
9824
993039
991110
991340
992286
994366
992400
991211
990534
991063
991452
9786
990039
992188
990617
990705
993164
993420
992267
992561
994050
993007
9239
992313
990294
990696
990872
990404
991494
991354
66
993699
992277
992495
993189
994257
991466
990375
991561
990263
992371
990219
993354
994503
994074
994428
993545
990633
990265
9576
992288
991267
992050
992673
991735
990759
994620
9776
991143
9200
9707
991978
993059
994586
994851
992325
991601
991525
993853
992908
993432
994191
994283
993524
993146
991585
9185
994666
990587
9094
990557
993202
992548
992446
9672
9655
993630
991131
9648
991042
993452
993325
994265
992471
990750
991188
992253
994934
9269
993071
992525
994536
994614
990343
994442
993460
991799
990476
990269
994767
993903
992134
9459
990990
992940
991750
9698
994512
993912
990441
992971
994275
992692
993241
993546
992707
992052
991336
9183
992795
993361
9746
994687
990919
993496
993527
994736
991769
994868
994230
994634
993256
994569
993745
990637
993846
992672
994551
991238
990714
9585
990363
9817
993396
990634
992526
993398
990947
992853
9740
991150
990834
993657
992978
993886
990859
991885
990757
994700
993147
992235
994126
991567
991659
992562
994006
993466
991559
993502
991483
9808
9305
994486
994907
990749
990481
9782
991754
9878
9747
990335
993198
993448
990271
993291
990894
990858
992016
992373
991793
9592
991673
994549
990580
994354
992172
9206
990002
9124
994236
9515
990168
993363
990818
992199
992886
994591
992275
993663
994099
991230
992873
992159
993757
994580
994919
994168
993674
991902
993552
990129
993362
991472
992450
994258
994981
994248
994694
990621
993186
991905
991160
992162
990642
994564
992563
992381
991889
991753
992643
992742
990341
994539
992917
991592
9350
992866
992410
994572
991006
9382
991404
993346
9798
994807
994816
994612
993777
993711
994912
992602
992789
9370
990827
993596
993293
992025
994631
990097
994727
993215
991945
993810
993670
9848
991349
994669
993103
992791
992081
991993
994159
993112
9802
992517
992075
992771
992077
990887
994742
990291
992226
991337
993561
991146
993931
994424
9447
991941
991635
991898
991947
991232
990524
994367
994925
9571
992096
992469
994077
990120
991405
991122
991527
992190
993736
990741
993910
994633
990558
990493
992549
994774
994462
993543
994780
993124
994794
990702
991183
990180
994994
990770
993484
993099
993863
991575
992835
991775
993271
992023
994019
9557
993752
992413
994104
990879
992101
993477
9658
9596
9536
992557
990958
992333
9421
994120
993773
992760
9774
992711
9263
990791
990811
992918
993921
990405
990904
9504
990607
994304
994759
994603
990430
992746
993300
994589
993653
9248
992122
990076
990507
992328
990579
993427
992372
990490
995008
991207
9703
994180
991266
992051
991037
991344
991088
993834
992709
992156
994101
992095
994276
994072
994465
990092
990466
993036
991764
990595
994500
991186
991301
991170
991200
990428
992293
990700
9002
990991
993168
990739
994644
990754
9623
993957
994803
9006
991907
992192
992524
9644
994393
990224
992291
991679
994125
991459
993429
993994
994558
994711
994559
993570
991726
990831
992698
993616
992034
990270
992359
993098
9684
9579
87
9034
991849
993234
990068
994309
990967
993480
991242
991786
993227
990965
992249
990400
990661
9646
990835
991304
990366
992954
993136
992636
993444
994022
9131
994407
994408
991960
992841
991739
992445
994018
993422
991511
993463
994930
993006
990433
9659
994264
9351
994103
9611
990711
994153
992893
994676
991179
9115
9114
994915
992285
991543
993425
994218
991476
994941
993943
994543
9150
991622
994326
993166
991686
993310
9357
994600
994345
994702
993314
9241
990647
994776
994738
994096
9528
9567
9693
990122
993178
992854
993840
991391
9332
994250
991482
994828
990504
990473
9652
992821
991819
9330
994102
993389
994942
990690
993069
993134
993244
990622
990293
993437
990955
992245
993611
992203
993722
993874
992952
992960
993664
9478
993749
994378
991518
991939
992387
994133
990364
991531
993636
9601
990721
992309
992394
994534
991352
990062
991806
990612
992351
993327
992044
9013
991740
993567
993245
9256
990140
994671
992297
9402
993922
9317
991428
993020
994003
990574
993521
994627
991075
9419
994764
991692
990193
991716
992713
9174
9167
990565
991325
992072
993139
992322
9474
992758
9550
990898
990890
993885
9590
993159
992987
992720
991477
992005
993804
990555
994445
9525
994628
991104
990000
993651
993250
990491
9122
992705
992161
993770
994438
992823
994372
993791
991465
991968
994000
991297
993665
993850
992434
992318
990514
993121
9374
990850
992584
994244
991989
993999
993320
9073
993478
992405
994095
992195
991274
991787
991984
991714
994219
992972
992053
992884
990373
990528
990031
994750
993123
991130
994113
990227
990279
992345
992327
993535
991378
991540
992483
991577
991424
992032
991134
993029
993132
993439
991016
9484
992150
990070
9883
994890
993695
990664
992085
994686
994996
992938
990689
9800
50
990342
993064
991916
991025
992655
994556
991640
994158
9417
990118
994624
992346
9208
994715
993649
994069
994999
994897
990420
990704
990598
991389
990816
994135
9392
993763
992922
992488
994016
994962
994477
993980
9380
990337
991108
9323
9603
993887
993483
993342
992664
9855
990994
9485
992062
9871
990790
993060
992716
9857
992233
990506
992091
991067
994146
994055
990384
993195
994064
992418
993884
991432
994287
9820
9451
993001
992822
994835
9580
993793
993861
993399
990112
991167
990512
994015
993703
991031
993355
992632
992380
994376
991387
991057
994293
9867
993962
992950
994732
993566
993673
993712
993273
993062
993584
990586
992644
994467
994385
990073
990285
994681
993577
992847
993788
992331
994621
991125
991413
992633
9333
993057
993418
992554
993266
9346
993476
992316
991810
991682
9298
990280
9138
9674
994916
992532
9750
992266
990963
990088
991062
991914
990287
991252
9348
993823
990631
993038
992250
991766
993646
990853
993491
991145
991865
990540
9491
991845
990780
992792
991272
994011
990246
991373
990361
991156
994873
994484
9078
990064
9758
991116
990632
992833
993569
9686
992507
994192
993517
9302
992363
992412
990108
991887
992348
992477
992896
991478
993360
993538
993682
990386
994997
992697
993232
991420
9434
991168
994565
994039
993935
992257
994379
994262
994948
994795
992512
991398
9035
991332
9367
994249
994358
992695
990395
992422
990061
993436
991140
993797
992877
9806
994629
994453
992036
9020
994616
992408
993637
993743
993413
990851
992382
9365
992881
990096
994081
994506
993750
993126
992580
993895
992086
992420
994782
994745
990945
993988
992800
992425
994193
992107
9583
991305
992887
994928
992712
991855
992171
993839
990109
991448
993696
992858
9524
991685
994793
990501
993771
9023
9724
990562
991732
990932
990211
990154
992421
994646
992784
990869
993175
993440
994456
990809
993888
9813
9411
993283
992069
993742
994405
991964
994862
991943
992429
9577
9816
992484
993021
88
9779
991119
9632
991820
9024
994009
991846
994131
994699
9537
994032
990601
993410
990717
994740
9598
994415
993053
993284
9466
9553
9205
992544
993319
994879
992067
993634
991450
9297
991486
992818
990495
991133
993918
993730
990542
994548
994396
990924
994523
991395
992011
990936
990582
994924
992994
992478
993395
992571
992889
993762
992894
993275
994350
993298
9236
993163
991047
994895
9549
9457
991614
993267
994371
991712
990362
9265
991809
9354
992675
9710
994751
992073
992828
9673
993154
991892
990374
993456
9767
993479
993450
993581
991462
991890
994753
991765
991290
992170
993782
991558
991066
994938
992397
990975
994025
993913
992436
990233
993518
9266
993087
994561
992295
994346
992366
74
9511
9113
994004
993594
993719
993542
994688
991201
993937
992273
9393
9442
991226
991277
993034
992914
991780
990668
990131
990298
992974
991353
9220
992435
9287
994171
991557
994090
994521
993421
994448
990772
990951
993786
9744
991197
993790
993571
9853
991175
993578
992186
991805
994951
993388
994815
992503
9438
993485
992627
994707
994555
993964
992605
994237
991055
9493
993120
992152
991969
993219
993587
994656
994026
993475
992389
994392
994238
9606
992710
992392
990569
990715
993108
992701
990399
990185
994557
993676
992706
991926
994932
994177
992121
994348
9352
994195
992925
993890
9562
994850
993860
994127
993161
992603
990066
990415
993041
993607
994673
994657
994161
9887
993010
991377
994145
990502
993629
991900
993870
993218
991639
994167
990033
9494
991362
994504
992511
990732
990391
990407
991515
992234
994045
9578
992280
992501
992393
9400
994089
993671
991236
994092
9143
991444
991142
993528
9453
994040
994545
993803
994439
993056
9118
9126
993732
992465
992547
990197
992704
992519
992218
992911
990296
9460
9307
994317
991181
993953
993707
993239
994829
993806
991166
990777
992729
993153
9737
994437
994373
992430
9074
992232
990181
994899
993066
993174
990538
992228
9166
990385
994893
990826
992721
994084
994800
9388
992977
993700
990615
994357
990032
990683
990338
9543
993783
994724
994719
991990
9582
992961
992533
992980
994451
991374
990763
993499
9565
992040
991469
9363
993183
993759
990234
9173
991127
990283
9833
993560
992414
9763
991073
990999
994953
993574
994861
993180
991923
990278
993196
994817
9431
993900
