990425
993993
991891
993508
994197
994432
9060
992461
993694
992496
990971
992481
993140
994085
991619
994590
991019
9819
992648
994080
994427
992117
992513
990139
994840
991171
993989
994721
994789
991147
9022
993018
991013
992360
9633
992242
991135
992384
994215
990655
994335
994716
994119
992733
991014
992959
990241
994224
990819
994701
9771
992668
9440
991528
9481
993802
990722
992388
992306
993614
71
991351
991808
991084
991951
993563
993307
990900
991811
9784
9552
990056
993263
992926
991779
994411
991636
59
44
992365
992453
992630
991566
992426
993902
9793
992048
993503
992223
992138
993821
991871
991867
991330
990903
9894
990261
994225
994802
993898
993615
994139
994961
994107
994078
994429
991814
992403
990439
992992
9840
993606
993308
992254
994485
26
991038
993632
991580
9594
992946
994024
9211
991300
991497
994290
994212
994187
9437
994758
991433
990152
990873
992622
993171
990127
9040
994822
990585
990529
993507
992957
994820
992951
9096
994005
9497
990055
990446
991581
993881
9835
990654
992215
9531
991361
993445
990164
9851
991040
993597
992314
991587
991270
993188
990889
994748
994166
990194
991360
990923
991316
991827
990443
9019
992717
993237
993336
9712
992659
990892
991742
992601
991491
993627
990821
991358
992660
994587
990426
991906
990115
991584
994314
992102
992611
992276
993176
992079
991586
991161
990254
9558
9613
993114
992181
990499
991262
9482
9720
993755
992570
993181
992367
994021
992173
993917
991492
990202
993474
993985
991542
992582
993435
991873
990125
992354
9294
994174
9254
993954
994668
9290
990583
990489
9099
993409
9300
992427
9329
990874
993951
9721
992031
994943
991422
990987
991295
9869
9688
991318
990297
990146
991005
990447
993648
991915
994858
991711
9303
991163
993016
9629
992514
993613
994929
992015
993122
994091
990625
993118
990899
991081
990638
9804
991963
990326
991535
993714
992038
992904
990511
992370
993744
992916
991856
991510
9080
993949
9149
9218
9641
992595
991415
990941
993019
990117
992017
992657
991684
991895
993358
9638
9107
992139
9198
9108
9827
994735
990814
9501
9403
994530
992812
991893
993668
993236
991517
993459
992832
991851
991247
9860
990085
992798
994364
994475
994754
994573
990173
994524
9589
990049
990513
994305
991090
990733
9535
9731
991445
9775
993142
990953
992522
994440
994593
990465
9741
9443
993350
990727
994649
991059
9757
992588
991717
9349
993776
994117
994031
993643
990984
994430
993044
993054
990915
990914
990394
991095
994228
990662
990353
994132
990087
9397
990868
994869
992229
9630
993015
993509
994720
990328
991473
9722
990329
994553
991986
9456
995006
9132
994281
990779
993798
993278
990673
991314
9608
992803
9691
9739
993322
994729
990480
992852
992868
9492
990747
994008
9260
994574
993315
991118
990372
993415
992905
9155
994567
994542
9714
991794
992737
991449
993058
9899
991244
991281
9051
993411
9830
992593
990352
992448
9129
990030
994708
991105
9058
992662
994876
990997
991533
991198
991100
991689
67
994208
991363
993920
990134
9424
9232
993967
993402
994552
993979
993992
9872
990713
992024
993493
991790
992437
993042
991715
994791
994300
993375
991967
993323
993141
9049
990575
991003
9836
994697
994933
993590
993621
991052
990178
9087
991722
992174
994129
9881
990883
9877
994659
991317
991328
991115
994118
993784
991789
9797
9753
993692
991259
990710
994209
994529
993486
9375
9033
994106
994843
994885
991520
9154
990697
990906
994968
991178
992383
991564
992592
990862
991823
990022
9546
990171
990830
990251
993481
991447
9308
994790
994041
34
994476
9450
993116
991996
992369
990841
9490
990303
994636
990007
990488
991441
992281
994766
992103
990709
994037
991621
990356
993212
9495
994685
992124
9446
992352
9540
992089
990417
990006
993127
9815
994809
994082
994468
994626
991973
990013
994546
990024
994520
991576
994060
990498
994490
991235
991164
991023
992238
990684
993625
992375
990813
990150
990985
994896
991994
993534
993575
994023
994909
990977
990563
991701
993352
990318
991429
990225
991833
990910
992726
9765
994825
992670
992807
990745
994579
990182
994176
995000
9321
993255
990706
992591
992361
9270
990315
991826
994370
990559
9286
9278
994062
991771
994388
991835
994499
992836
990658
991036
994449
9226
991204
991240
9319
991227
9110
993807
9866
990666
9799
991286
994675
990128
992689
990503
992998
990240
9318
991068
990427
994723
990789
992969
990516
9506
991182
993095
994038
9066
991007
992339
9422
994969
9796
994324
9709
991962
9246
9581
994189
9153
990748
992341
993345
991139
9301
992090
991977
993975
992639
993525
994483
9719
994538
993859
994474
9519
9432
9676
994042
992830
991509
992065
990390
994781
993693
991976
991713
992774
9259
990248
994882
994602
9645
991618
993603
994416
994202
992731
990295
994053
992844
9637
9281
991225
991273
9399
992258
992401
994079
993009
991500
994692
9812
993551
991869
9555
992776
991237
9168
994199
9075
990470
83
9103
9551
994076
994381
991002
993741
990104
991708
990728
990177
992598
992262
992269
994156
994957
992576
990210
993430
991612
992851
992840
993333
993675
993857
990724
992586
991719
991980
992528
9237
9657
991782
990165
9510
991987
990110
990881
9518
991815
992205
993173
992658
994576
990730
9341
992155
993220
992207
9892
994974
990884
994888
9201
993075
990788
990459
9313
991818
991534
991099
992290
991707
994121
991681
994874
990183
991791
990471
990926
990351
991590
991239
990659
994739
993086
993047
993530
9862
992423
992825
991841
991563
990766
992890
994640
990449
993447
9082
990865
991671
993261
994333
994434
994982
990623
9505
993158
9244
992462
990857
993706
9554
994995
991338
994263
991710
994779
991699
9137
993067
990454
994347
993286
992298
9656
990589
993235
990691
992546
994311
992012
9121
994105
991256
993338
9614
9063
17
9462
991574
991194
990081
994532
992656
993965
55
993628
990648
990099
993027
993208
65
9283
992046
991383
994652
992930
994454
993769
992315
991603
9384
993950
990970
994296
994563
993107
9619
992037
994134
990645
991206
994181
990810
9560
994954
990132
993023
990840
992964
9079
994441
991224
993532
991832
994595
993260
992390
993078
9626
9735
991241
990222
994855
990934
990172
994515
993550
994464
991411
994845
992913
9726
992651
994854
994272
992810
990156
9768
993467
9677
994756
991755
992797
994447
990475
993351
991824
993608
58
994362
992699
993959
9496
993221
992814
994183
990464
990937
992184
990922
993880
9098
992921
9682
994979
9151
992114
992002
9176
993276
993150
992912
990320
990105
991664
992764
9618
994216
993915
991243
994036
990993
9011
9624
990962
994478
992061
993818
992350
9870
990424
9186
9810
992456
9694
990413
993489
994164
991326
993686
992752
992997
990411
990719
9125
992349
991696
9729
992265
993536
993565
990523
993424
9373
991555
991854
991725
992056
9089
991250
993555
993145
9274
993609
9534
991397
990878
992901
992060
993969
992278
990388
990817
990846
991924
991294
992665
991367
991523
993165
9821
994654
9605
991437
9299
992761
990486
990331
990973
992745
991162
994394
994368
992838
990305
991032
990005
9145
9749
991220
992129
994838
992933
991375
990256
9743
991493
993449
992606
993032
992691
9766
9069
990409
990238
992439
993167
992374
64
993340
993414
9159
994493
992058
992261
992120
991427
9807
992263
990593
993339
992183
993958
993689
990635
991625
991693
992934
992466
990678
992088
994481
994109
9678
994410
994147
990537
993698
994785
994691
9839
992175
992678
9874
9846
990377
990111
991386
990314
9187
994341
992308
993963
992564
9844
9146
992763
60
990368
9255
991417
991039
993851
994902
994154
994637
991529
990098
994635
80
994541
994383
991152
993796
990998
994747
992255
991402
992536
991903
992641
993914
9095
994148
993442
992474
991155
991505
994282
994487
9062
993119
9470
992732
991645
993304
9284
994505
991020
993926
991687
994178
990484
990815
992661
990003
990880
992740
9427
9261
993264
992590
9337
9007
990121
994058
994870
992213
990891
992666
994260
9477
9031
990847
991403
993639
991051
49
9533
993065
993011
990954
9123
994949
9708
992619
993225
990530
9285
991646
993083
9275
994604
9801
994958
990812
994709
990392
993433
993666
990028
994110
9083
993650
991588
991303
9379
9204
992878
990053
9214
992504
994944
992148
990083
992464
990042
994406
994340
994342
990445
991464
994170
990041
992527
994710
990408
991630
990628
9328
993735
9885
991897
994312
991151
992312
9563
994086
993739
994068
992982
9277
991544
992003
993329
9018
994217
994865
994839
993589
9262
992165
994190
990794
9838
994059
991954
993723
990652
993869
991680
991961
993111
9607
9863
993248
992494
990961
992996
993721
992891
991571
990145
990833
991792
992485
993981
991663
9331
993747
9861
991676
9814
994303
992931
9044
991292
990321
993371
991884
993932
9789
9850
9764
991390
993274
992083
992455
992618
993635
9258
994232
994241
990828
992902
993976
9395
991208
994278
994349
994645
993157
993687
992906
993691
992991
993801
994891
993974
990848
991061
993347
9597
993077
993838
9699
994253
9509
9141
994648
992882
992516
993618
993751
991852
991356
993431
994674
994325
992782
9879
991979
991507
994889
990478
990429
990046
990641
9249
993847
990527
9665
9762
991335
992104
994585
993765
991720
992187
993192
994239
991191
990907
991475
991233
992696
992247
993889
69
991554
992687
993272
994575
993864
994056
991807
9371
994703
990604
9692
990259
990796
9247
990237
991863
990126
9615
991931
990908
993558
992119
992775
992872
994613
993871
9570
994412
994087
990437
9338
9412
994639
991079
993866
994608
992625
990239
990693
992736
990275
991657
990942
990913
991723
994417
991502
9595
994247
990245
993822
992624
9468
991773
992728
994972
991495
991195
993515
992499
991598
993702
57
993367
994562
991817
991925
992880
990301
994284
992468
991074
990010
994014
991012
991647
991901
9104
992790
993986
993082
9071
992671
9009
990603
991141
993470
9203
990334
993207
992777
994743
994935
990518
9077
993724
993295
992567
9649
993305
994507
990863
992941
990909
990939
992476
991632
993641
992214
990768
991132
990044
992487
991788
994704
993253
9209
993312
991831
9725
9689
994619
993079
994755
992270
994988
993172
993511
993417
993718
993294
993952
992944
992928
990560
994651
993617
990216
9868
992239
991030
990692
9165
990268
990610
9369
991089
992108
993462
9527
990360
993678
991821
990412
991480
991291
991662
89
990716
991069
993867
994200
991656
990703
990453
994578
990209
9042
993179
994672
990093
9406
992772
990849
994048
990820
992995
991670
990242
990935
991011
990870
990521
9197
991357
993556
9172
9880
992145
81
992834
991703
990072
990398
994115
990738
990630
991691
9170
9825
991034
992353
994842
990856
991549
79
993991
990231
993812
993729
993647
993966
993074
993490
991649
991231
991382
9288
9458
990756
991706
991470
991553
9055
990584
991257
991611
990075
991418
992055
993334
990731
993760
994970
993831
990080
993251
990160
992189
990151
991653
9156
991381
990646
990765
992500
990905
991035
9195
991341
992806
993990
992035
994382
9664
993896
992324
9730
994398
990917
990781
994625
990069
991569
993923
991408
994901
990192
9414
991388
990509
992523
990176
9272
991219
9425
991745
993441
992515
990060
994501
990143
9267
994306
994307
991205
990938
992377
992080
991620
992303
993228
990838
991959
993779
990220
9405
992981
992379
994498
991999
990639
993746
994235
993672
992432
990681
991570
991306
990448
990966
993774
9292
992614
991453
990564
992626
992019
991322
993916
993772
990221
990701
9240
991192
990406
991763
992685
9754
9832
992766
992191
990867
9230
992236
990027
991018
9671
991394
9029
990327
990549
994002
990458
991772
993661
993820
9396
994163
9873
992404
994665
991076
9142
9133
994570
993727
994947
992831
9809
994713
9189
994638
9054
63
990798
991667
991837
991880
991153
991196
992130
992637
992667
9326
990837
993471
991287
992510
9695
9280
991748
990052
993453
9888
991736
992750
994517
990792
993240
994852
994141
992759
990784
992550
994267
993144
993197
9503
994647
994525
992197
9489
991347
994426
9231
993829
994471
993523
991222
991264
992610
992264
82
990207
994973
992411
990330
992260
993576
990450
990656
990535
990578
991498
9610
992498
994029
994610
994987
990964
991545
9345
992204
77
991282
992594
992875
9180
994214
994623
992613
990776
9471
992607
991112
991572
994457
992820
991888
992609
994918
9516
991049
991638
990023
992597
994726
993296
990286
991060
991677
994204
992778
992010
994414
993522
9738
993968
993785
990547
990592
991260
990944
990214
991046
994965
993644
993506
9526
991440
992859
994983
994320
9358
992642
992990
991392
990660
994601
990871
9454
9631
993190
993280
9038
9875
993642
990082
993005
9889
992113
9541
991401
993243
993684
994653
994389
990250
990571
991709
994588
993076
993973
993848
990663
991177
9561
994460
993667
993501
990572
9271
994243
9001
9101
993582
990982
9059
994423
9723
990561
9250
994461
993764
991346
9134
9517
994098
990897
991919
991106
991836
992857
994420
992049
994696
993553
9600
993185
992442
994804
990243
992674
992395
994491
990359
992279
994920
990090
993238
992475
991461
9086
992676
9711
993210
990620
994926
993353
993685
9413
991705
993214
9053
991514
992030
991284
994963
992142
994409
991615
994380
993882
9842
993934
991101
991137
9500
991485
991327
990050
994374
990882
993004
992842
993781
990912
990806
990113
991767
993631
993017
991904
993911
991828
991985
9409
9407
992534
991202
990804
9005
9545
9751
9530
992458
991548
994827
992730
993297
991631
993780
990365
991652
9469
9148
991430
991359
9660
991000
994489
9243
993419
991080
994435
9336
9687
992106
992057
991966
990058
993892
993919
9602
994418
9012
992193
990968
990313
994609
994184
992683
9106
9718
992302
991648
993464
993028
994061
990247
993510
994169
9361
993370
991695
990972
9521
990594
993877
991550
991760
994883
9896
992210
993852
9041
991215
991777
9513
993341
994596
992164
993849
990166
990517
992431
991547
994327
991078
991496
993529
9745
993455
9588
990541
992837
990618
993281
990552
991419
992334
990379
990836
991158
992144
9394
9663
9027
991504
9702
992686
991741
992545
9014
991425
993547
994853
994013
993878
993856
994114
991644
993795
991690
992289
993887
991785
990760
72
992756
992783
994144
994140
993203
993837
993094
994837
994094
994286
990266
992406
990536
992804
994519
994054
990325
994859
990148
990866
994502
9100
992246
994179
992569
991321
991921
9445
990184
991733
994799
992378
9439
991268
990699
994733
990358
990203
9253
994864
990487
990556
994316
993377
990767
992799
991008
993924
994677
992703
991499
991165
993901
992154
990272
9128
994641
991021
991878
993434
992115
990653
990292
994403
994093
992417
993591
993216
991734
991173
9251
993364
990686
992885
991859
991521
994270
993612
993204
992004
9706
993862
990349
9207
992738
993800
993148
990989
990255
992490
990925
994344
994597
9803
993349
9643
991724
992785
9523
9487
9111
990258
993055
994547
993184
9636
993549
991797
993505
991958
9068
991526
990187
991400
992693
994945
993026
991927
991172
993638
991443
993426
994826
994749
993811
993193
994330
994670
991077
990550
994470
992839
992026
992747
993242
991650
993833
994155
991471
9697
992479
994308
9202
993331
990347
990708
9847
990969
994422
991091
9566
994744
991532
994390
990316
995009
990348
991737
9791
992741
9423
9849
992009
992209
990001
993468
992419
993936
994866
993734
991044
993155
9391
992754
991839
991217
994514
992074
992440
993956
994746
993404
9891
9210
9479
992433
991050
992166
990102
993814
994773
994718
993808
9235
9736
994261
994914
991840
9591
9647
9704
993540
992357
992824
991678
994488
9680
9463
9559
990554
990577
995003
993138
9171
9430
992903
992826
991627
991096
994736
994921
993391
9828
992304
993249
84
992929
993412
990927
992364
992762
994771
993316
990226
9067
990267
994043
993061
991661
994252
9769
992125
992715
9635
993003
993659
992920
991113
993262
994469
992093
994833
994760
994297
993374
993317
994683
994598
994196
990515
9837
993368
992180
9025
992200
994830
990141
994201
992724
995001
991212
993907
992895
9616
990773
992985
992385
993472
990581
991324
994993
991940
991174
990755
994684
990832
994271
994544
993110
992962
9304
9865
991484
994763
993230
994030
990669
70
991323
991804
992973
994150
9222
993716
991816
9612
994832
990451
990440
993544
993037
991209
993906
994695
990350
994100
993697
990793
9004
990675
993605
9542
9091
993223
994615
992268
993688
992076
991085
9617
991010
991609
994680
994473
992827
990861
9136
992457
991460
993372
993669
992179
991154
9444
9701
991109
992219
991917
990597
993559
993226
992779
992846
992629
9650
993130
993938
991487
992343
9770
991552
993572
992530
993332
991697
993942
991731
992932
9864
993458
990038
994399
9841
992008
991882
991698
990136
991187
991087
9522
992109
992274
993548
994757
994035
9085
994088
990376
990124
994875
992553
990477
991086
994318
9334
990508
994116
994910
993265
991591
9213
991776
9805
990149
9507
990142
993494
992535
991597
992786
993845
993497
990414
991929
991607
990299
991058
990707
9327
993050
994741
993512
991370
990019
991683
990619
994400
992751
990539
994057
994939
994872
993072
991894
9360
991768
990434
990959
994900
991409
990232
991933
990626
992518
991950
990218
993655
9584
993995
990534
9404
994331
990410
994067
990260
990312
992007
9282
993879
990877
9575
994526
993633
990613
993461
992963
990190
990244
993705
9152
9859
991393
9245
992682
990606
9028
9574
991862
78
990931
991033
993348
994582
992486
9064
9732
990844
994984
991536
994234
992967
990729
992572
993905
990432
994568
993279
990418
990960
993872
991348
990928
993357
992323
991269
992391
990462
992146
991454
990566
9716
993201
991114
992296
994761
992489
991886
993562
990544
9092
991672
993335
993469
990467
993252
991004
994583
993855
994660
992975
992898
993209
991858
994905
9778
993392
994786
993051
9884
992653
9461
992955
991399
992634
992320
993645
993579
992221
991843
992244
993423
993289
994256
990281
9514
990158
991876
994936
991024
9017
9339
992616
993446
9569
992041
992819
9362
993187
990021
992538
993247
993961
992769
994728
992988
990570
994266
990086
992883
9097
990370
992793
992149
990057
990059
993285
991675
992923
992577
990522
992292
990640
994255
990896
993504
993794
991783
9161
992100
9441
990345
993514
993925
991276
991952
992059
994892
991589
993580
990490
992725
993583
993070
993393
991364
990876
994698
993321
9483
994937
991379
992714
994431
991053
990004
991669
9651
9355
990758
994458
991651
9639
992767
993473
991628
990223
992808
991185
992070
9882
991803
9366
992137
76
992355
990431
994787
992098
993205
990616
993619
991229
9257
994611
994017
993928
991881
992849
994322
990500
994280
9593
991546
991479
9120
994877
994294
9117
992078
993513
990457
994251
991861
9755
993654
990769
990974
990253
993899
991457
990520
992335
9829
991932
991637
992897
994329
994494
993369
990532
991583
993978
992045
991866
9690
993761
992773
992340
991041
992227
992788
993013
993960
993008
991847
990978
993955
994894
993841
991407
991506
991781
991829
992638
994495
991442
992248
990380
992617
990119
992575
990687
992243
992723
992319
992140
9858
994693
994934
990215
9415
994401
9093
992311
991853
992028
990208
993842
991372
992480
9372
993533
992047
992443
993326
990435
994142
990357
993408
993093
993554
992559
993031
9268
992160
991744
991729
990519
994857
9324
990744
991253
994007
9193
991928
991022
990753
990981
990026
994455
993799
991148
994206
990952
990336
9229
9669
9175
990153
993022
9295
990737
990452
991026
992965
994959
990751
993380
992329
992251
994391
994221
993451
990195
991617
991596
993894
992956
993129
991280
9897
993873
991027
9620
9273
993844
992801
991350
990074
9032
993217
9227
991365
994980
993191
993526
994482
992237
991354
994291
993573
990843
991431
991189
990396
9296
992451
990921
991345
994650
991366
990456
991991
994956
990107
993085
993137
990205
993182
990025
992942
993564
994522
992033
991642
9667
992272
994302
990249
991097
993830
993109
990472
992949
992983
9387
994992
990204
9279
991953
991149
993224
994599
994001
991992
9823
992256
990845
992596
994194
993758
994353
990198
85
68
992542
992907
992552
990720
992646
9090
9640
990680
990063
9192
992604
993106
992694
993097
993309
9418
993610
990048
9670
993025
990116
993792
993819
994571
9065
993660
994211
994188
991524
9322
9127
991727
992615
992407
993500
9748
9076
990588
9604
992947
990262
993868
993816
992241
9179
993805
990333
994301
993000
991935
9822
993407
992321
991774
991439
991045
991751
991082
994722
991128
991223
992216
992116
990191
990979
994207
994643
992493
990252
993381
992136
9787
993701
993384
9831
994365
993068
990089
990786
990685
992811
990762
993343
993282
993827
9448
991972
991436
990636
990829
990444
992470
991877
994560
993708
9376
991446
994173
992863
994404
990611
990403
994714
993096
993254
992871
994705
992039
990071
9224
990591
990012
990037
990783
992013
994856
9627
994931
992531
990159
9056
994678
993557
994667
992966
991700
992855
994172
992492
9852
993313
993052
9783
990875
9026
994801
994985
991283
991759
991435
992428
990551
9795
992953
993233
993438
993328
991438
993151
991974
992491
991298
990864
990123
991864
9163
990397
991070
990008
994986
990590
994319
992131
992735
9289
993128
991071
990624
990735
994978
992415
9325
992157
991874
993996
991749
9015
992132
994769
991610
990284
991795
993081
992066
991883
991157
994203
992212
990992
994584
990290
992856
9472
990188
86
994492
990029
75
994871
992416
991412
991848
991138
990302
991626
990483
990436
993598
992126
994967
994334
991522
994682
991214
9383
994863
994299
991369
992866
991017
993897
992110
994245
9587
9520
991120
993257
991503
992958
993767
994279
991944
990339
9359
991721
991922
993177
9773
53
992029
992143
990860
991245
9242
993927
994658
990130
992301
990948
994527
990375
9776
990627
992211
993787
992652
993403
991203
991538
992654
991254
995005
991385
9109
991750
9385
993539
990144
994796
992915
9790
992454
993194
991329
994359
9675
991956
991123
992473
994298
9436
991912
990940
992217
9088
9105
991613
994911
990983
992816
994046
990186
9654
991228
990020
991009
9144
9194
992482
9343
991094
991518
993269
990163
992910
993394
9410
992860
993773
9401
993737
993595
991513
992879
990946
9532
993516
992848
990802
994419
9621
990943
994508
994906
990273
991993
990807
990045
62
991948
994151
991423
9628
990091
992781
993835
990743
992338
991988
9572
991410
992874
994706
993680
992813
990423
991955
9781
994618
991126
992899
993359
992169
991258
994737
993876
991054
994034
992635
992271
994975
991537
993160
990608
992780
990217
991822
991216
992326
993946
994233
994337
994020
990264
9191
990764
994946
993945
990157
994112
992168
991072
993030
991654
991911
993843
994535
991384
991946
990300
993040
991608
991343
993930
992118
994369
992574
992555
994083
993014
994413
994310
993105
990553
9112
993290
993939
992568
990893
992628
992021
994777
990950
994991
990599
9475
991184
993002
9340
993754
994594
9893
994503
9390
993658
992188
9433
994097
990289
990018
994198
992612
9276
990920
992252
991406
993690
993048
991643
993361
993875
992194
990438
994679
993971
994395
991541
992989
994436
994592
991458
992869
9727
990736
992449
992551
991936
9780
991658
994497
992362
990976
9052
9452
9312
994952
991474
992649
990916
990068
990759
993804
994778
994277
994113
993152
991743
992337
991981
992999
991251
993620
9008
990650
990229
9199
994162
991056
992727
991784
992438
993492
990596
990929
991898
994836
992402
990138
993858
990179
9886
9238
991339
990775
990106
990808
990393
993753
990752
993904
991604
991467
994033
994027
993231
9314
994663
994138
993200
991665
991674
993997
993585
994355
994788
991516
54
991092
992135
9217
993080
994904
992502
993836
9529
993135
994772
991199
9335
9498
993728
991302
992347
990665
991342
994898
993756
991102
992087
9416
990382
994321
9625
994386
9377
990644
993972
994047
992018
994884
994006
991971
991275
994313
990167
990346
9473
990494
994274
9162
994343
991371
9700
993406
993722
990651
9435
994160
992979
993909
991757
9102
993389
992022
994377
990084
992843
990343
993941
9599
994044
992208
52
991666
990712
990637
992688
992927
990161
992000
991934
9135
990002
990787
9381
990140
992300
994586
992231
994664
9070
994205
992870
990533
990822
9036
990546
994165
992543
990378
991909
991834
9668
9178
992970
9119
994402
991838
994328
9182
991983
994966
994285
991048
992794
9788
992976
992202
51
9320
9130
992014
990493
994784
992386
9316
993131
990531
990474
990015
9622
994157
992771
993385
9037
993318
993568
992702
9717
992802
993222
992645
993482
991210
992287
994496
992768
993344
9576
9309
991213
993825
994101
990469
991995
992867
994338
993211
991568
992459
9000
993162
991355
9564
991028
992876
994917
993356
991296
994120
990381
992734
990749
994617
992094
9139
990986
994511
991539
994950
992299
9233
992948
995007
993100
9661
9515
9794
994486
994387
990990
993813
9221
993382
994137
990043
993778
991875
990430
992526
993775
992829
994903
9596
993390
9728
993520
9818
9539
991975
990782
990629
990855
991879
993998
990485
992672
993593
993063
9158
993092
993206
992344
990725
992743
990355
994012
48
991508
994063
993970
991421
9672
9502
993908
9760
991368
990100
993733
993324
992472
992133
990114
990078
992063
992823
9464
992082
994259
991376
9072
993292
990224
991825
994463
993545
993886
994066
992708
992310
993073
992127
994867
991261
994510
994269
990930
990344
994868
992356
992805
992770
990369
990852
9185
990401
993229
990633
992993
992709
991561
9291
990036
991579
992621
9003
993033
992497
992141
992719
993789
991029
992900
991668
992158
994564
991746
993495
9234
994351
990740
994231
994806
992286
9386
9344
994152
991463
9707
9429
991551
991830
994103
990051
991512
991455
990496
991920
994016
990288
9756
992394
994940
991043
994513
992097
993466
990918
9685
992330
990257
994730
993465
991949
990580
991501
9447
9592
992954
990035
994831
993379
9824
994254
9084
993241
990600
990617
994052
993146
993546
992914
993302
991752
990269
991103
993616
994566
992909
990265
995002
992602
994289
991468
992984
992573
9568
991255
992968
994770
9548
993448
993386
994136
992495
991633
9634
991704
9184
9696
9081
990039
9293
990034
992888
990576
993912
994834
990888
994288
994897
991234
993832
994990
992372
994922
990955
9898
990718
9252
9039
991380
993745
994191
994425
993826
994124
993089
994998
993149
992796
992054
992099
992128
992556
991121
994851
992198
992600
990902
990170
9890
991659
994295
994690
994550
994569
9715
9734
990895
993049
990433
993330
9642
991144
991238
9826
991592
993893
9140
991249
994775
994071
994028
992172
993007
994632
990734
990463
992765
994913
991593
992749
10
9761
992050
992101
992755
9428
990271
990872
991978
990416
9408
992332
992537
9681
992112
994890
991728
990213
992371
994258
992583
994581
994257
991601
991997
994159
991930
993420
993677
992447
991416
992892
9147
991456
9480
87
991634
992277
9353
994540
9269
992815
994655
992795
993766
993139
993994
991131
994589
992400
990455
993133
990263
9609
991738
9043
994537
992230
990827
994213
991605
990996
994265
991730
991107
991472
991735
9264
994768
994687
990168
992707
991899
994989
991150
992105
9347
992253
991466
994512
990825
991957
992020
990771
992167
66
991190
991918
990363
991702
991945
9160
994580
992446
9486
991754
993189
992700
990609
991426
992123
994384
990282
994994
990714
9703
9777
990670
992196
9740
990778
994095
990354
993657
990558
990479
9674
992939
992722
991333
993809
994577
993271
994631
9785
990095
991844
993656
992134
990065
990169
992220
993662
991641
9420
9848
9035
993640
992936
991246
994941
994977
993524
994738
992508
994927
993883
993663
990294
994315
991770
994240
990834
994275
990189
992684
994767
993670
992608
994099
993828
992562
991124
991404
993035
9116
990040
992469
990371
9426
9798
993488
9061
991718
990754
991405
9491
994955
990341
992971
992294
994104
990402
991263
56
9772
992945
991578
990129
9164
61
992259
9705
9094
993365
992284
994074
993748
993853
994444
993681
993396
994065
992092
9713
993541
991942
992539
992483
9239
994923
991168
991331
9648
9131
990422
991414
991424
991221
992917
993090
994122
993186
993300
993397
994533
9571
994765
991796
9215
991938
991747
994229
994559
993757
992918
992789
992640
9585
993246
992791
991982
992162
991511
992199
990507
991629
990476
992886
994210
993125
992068
994666
992064
990506
9746
991910
993429
990705
993071
993443
992563
990366
994551
9655
991232
991104
990879
992235
990947
991063
993711
9855
992291
991941
992739
9047
993738
993502
994428
991169
993178
992643
991218
990949
993846
994230
994536
9782
992548
992267
991301
994442
994108
994912
990180
990545
992673
990911
992424
991337
992192
993630
9459
993777
993982
994443
9006
9216
992283
994242
993288
992558
991186
992517
994669
992285
994283
992288
9476
993863
994421
9402
994073
993416
990859
994776
993720
991857
991567
992940
990504
991660
993653
994168
990757
994366
991336
992561
990441
994408
994407
994509
990101
993059
993039
9241
993933
992359
990230
9504
994125
993552
9808
992520
994354
994424
990335
9820
994462
994591
993291
992052
991006
991885
994794
992471
991775
993543
992001
993903
993980
990400
994642
9046
993496
994759
9611
993036
994622
992908
993731
990634
991679
9878
994534
9050
992195
9817
991769
994916
994925
991332
991230
994634
991606
991907
991211
991146
992757
990097
993325
994236
994752
994049
991188
992584
993227
991753
9350
990428
9206
991122
990011
991575
993452
991525
994276
991378
991494
994620
992293
990858
9646
990854
991799
9200
9219
993121
990770
9030
990364
990384
992313
990481
991787
993398
992381
990291
993561
991452
993699
9073
993202
990835
993362
992521
992943
993287
9248
994612
990726
993387
990587
992190
993164
993354
992396
991267
994603
990548
993432
991108
990967
994500
991905
992409
994727
990890
992821
992692
991110
990557
993636
993840
990092
993437
994702
992450
990579
993256
994774
991682
9658
990293
993427
992742
992525
991143
992075
992275
993596
994807
994248
990219
993250
994050
993363
992987
992095
990622
992249
991739
992077
991531
991585
992978
991543
9183
991902
9525
990062
992016
992760
991947
992122
9857
993931
993346
994694
993484
9330
991483
9802
993457
990270
992325
991960
9228
993136
9382
9747
990466
990894
994981
990595
992413
994345
9786
992091
992853
993570
993527
993921
9557
990524
994919
994077
993103
990991
991297
994323
990980
994126
993770
991459
994803
991577
993024
991088
9115
991170
991200
994293
991673
991183
992873
993674
994102
991340
992380
991635
994644
992053
993006
994367
990108
992159
993198
993422
9601
990750
993320
994711
993752
993460
992835
9684
994000
991037
9013
990919
993910
9652
993355
993962
990112
994019
994459
992524
990700
992233
9698
994907
993480
9317
992322
993215
993166
992698
992023
992893
991849
992245
9478
993943
990120
990279
990076
994326
991352
990850
992085
992841
993132
990904
993463
993999
992952
990887
9124
994600
992445
994780
993521
992800
9351
994558
990739
994633
990661
991140
991740
991344
994676
990565
992532
9474
991726
9305
994018
991207
991476
990227
990818
991242
9550
991325
994180
991349
994003
994630
991559
991716
992203
993147
993168
993957
993399
994072
990405
990958
992096
992327
992854
9002
990647
990514
9034
992081
993098
9421
990689
9644
992373
994287
994539
991391
990741
992720
994250
990070
992705
994627
994715
993834
993029
994930
992972
992333
990404
991252
993327
994465
991527
992107
993763
9150
991786
9528
991477
994572
994022
9263
990711
992938
992328
990361
990702
991622
990495
993425
9693
994764
991432
991160
991968
993861
990598
990898
991640
9333
9758
990528
994742
993275
993124
992713
990664
991304
992062
992922
992032
993244
990420
992960
994614
990631
991179
994358
992072
9346
990811
993566
994264
992644
993112
991989
993245
9297
991042
992412
9485
994309
992025
991145
992758
993567
990000
993099
993797
991428
994304
990031
992156
990491
993884
993478
992346
992382
994158
992051
992847
994700
994393
991266
9659
993749
993123
991025
994153
992309
992348
9579
9174
992005
995008
992711
992557
991939
993810
992250
992226
994828
994942
9370
993664
990287
993159
992746
992477
9800
992318
990574
994915
990642
993577
993517
993649
994628
993069
994445
990696
9167
994218
993234
9138
991845
991819
991865
994938
993314
993020
994996
992387
994467
990088
990831
991793
991398
990109
990809
990612
9298
993218
990965
993038
9302
9392
991686
993665
992316
993874
994081
993791
992675
991764
992351
994750
994549
994671
990607
9078
993310
992822
992363
9208
991540
994146
9536
994372
991130
991889
992044
9883
990280
993477
991810
992422
994543
992633
993483
993885
993673
9323
992034
993444
992405
993273
9434
991075
993888
993450
9357
991420
994385
992345
994219
994624
991016
9332
992434
993793
992549
994015
990790
9590
990342
9380
994135
993736
990064
990473
9524
991116
991167
994064
992716
9632
993646
994686
990285
992695
994069
9113
990373
9256
992877
991057
991916
994556
993839
993823
992161
991066
9603
993850
994133
990122
990096
993293
9367
994376
994055
990816
9122
993001
991714
991067
993057
990994
994948
994477
992418
992150
9567
994681
992632
993712
990193
993535
992420
993266
9287
992544
990118
993788
994249
993651
991305
990690
992636
994999
993053
994523
994795
990512
994793
990337
992410
993195
994484
9374
994997
992488
50
991806
9417
993988
993360
992036
991031
993750
993703
990621
994192
994962
994732
994816
994244
9813
9853
9537
994745
990791
9774
994405
990975
993440
990586
991465
991062
993418
992171
992069
9724
992554
992655
992580
990386
992833
990555
991272
990374
9553
991156
991820
9451
993569
993064
9750
992664
991134
991984
992011
9867
9114
993134
993342
992896
991943
993918
990246
990501
990211
990963
9871
990704
992297
991389
9623
991413
992792
74
994371
994193
994171
9816
992887
993922
992484
991274
992950
993611
994096
9598
9484
991692
994835
9577
993695
993476
9348
993696
991482
991387
993436
993584
993491
993895
9580
993682
992884
9365
9583
993126
994379
994262
993232
992408
993439
990932
991892
994616
992389
990853
991478
992881
993637
992697
9806
993742
991125
994646
990721
994438
992086
990073
990562
992512
992818
993456
992712
994928
991914
9673
993786
990951
991809
993284
991685
990945
994378
9779
992331
994032
994396
994751
991846
990717
994009
992397
990601
994506
991732
993743
992436
991395
993479
994011
993771
9024
992894
993730
993538
994879
992257
992073
993410
994415
994740
9020
990362
994850
993175
990924
993634
991890
9686
9236
992925
992507
992478
990869
990154
9466
9419
993413
994565
991201
993154
993782
993060
990399
991855
994815
994561
994131
992828
990298
994932
9023
9442
990772
993762
992858
993163
994453
993485
993298
992266
992994
994177
994448
994753
9887
993542
991119
994348
9493
994629
994039
992421
994895
993421
991805
994004
88
994699
994782
992234
992435
993319
992784
993062
993578
991614
991448
992425
991486
994621
9562
9578
993388
992366
994456
994862
993913
994025
992889
9266
9411
992571
993034
9126
993161
9511
990936
992429
994090
993935
991765
991766
993087
991373
9354
990395
993860
991290
992067
990777
994350
9606
994237
993518
990542
994548
994089
992295
991712
991558
993021
991047
993732
990668
9265
993594
994688
991969
990066
992503
993475
9457
993587
993581
994873
9710
992170
990540
9744
993890
994924
991462
993219
991450
991887
994238
990715
9205
992974
993790
990780
991133
993395
994673
990826
993783
993719
993108
993120
9549
991277
993528
992392
992704
991175
994161
992186
9220
992280
9352
991515
990632
990233
990296
991353
992706
993267
992501
993283
992603
991964
992465
991142
991780
991926
992232
992121
9393
993937
994045
993571
991557
992519
9438
994707
994167
994555
994026
990582
994392
994504
993964
992710
990407
993870
991639
992152
992701
990851
993803
992605
994951
992627
993629
991197
992911
991900
990061
994092
994656
992729
992273
990569
990197
992511
994317
991226
993676
993056
993700
9166
994346
990732
993806
992547
990415
994195
993707
9143
9307
9767
9400
991236
994145
994545
994521
994127
990391
993607
994040
994657
9494
9737
994439
991055
992430
992218
993671
994829
994437
991444
994557
991362
993499
991377
990185
993174
990131
992393
992228
992721
9118
993041
990385
993153
993953
994373
994899
991181
9388
993010
9453
990502
9582
993239
990683
991166
992980
9074
994800
994893
994357
990338
990033
993183
990181
9543
990032
993759
994084
9565
994719
990283
992533
9460
990615
994724
992961
990763
990538
994451
993066
992040
9363
990234
991990
991374
991127
992977
990999
991469
994953
993196
991073
9763
990278
992414
993560
9833
9173
991923
993574
993900
993180
994861
994817
9431
