9793
992365
991330
992223
992926
992426
993615
9096
9552
990903
993308
993606
991779
993881
991867
992453
994078
992276
993263
993632
994225
994429
993902
991636
991566
992622
993898
990529
991300
992717
992314
994139
994802
9835
991433
990889
992946
993474
990261
991580
993503
992630
990446
991814
992601
990585
991581
9894
994174
993507
992403
992367
9099
991535
9840
994024
994212
994411
991360
26
993917
990923
9851
993821
992660
990056
994290
59
994524
994107
993445
992138
990499
994822
990152
990489
990892
9594
991871
992048
991316
992254
994961
993237
9531
44
990511
993176
991906
994485
991040
993951
9051
993597
9294
9804
990055
992957
991742
9211
993627
994748
991262
9080
9019
992181
991445
9497
990127
992582
994929
992951
991038
994820
991587
992798
993114
991497
990439
990873
990673
991422
992992
9482
993755
992079
993171
9303
994021
990447
990164
991873
9535
9300
994166
992611
992659
994005
991542
993122
993016
994587
990914
990915
994858
991586
994668
9437
990443
990254
994314
992595
9712
991295
991361
991584
9107
994758
993459
991895
993118
993744
9329
993141
990638
992370
992173
994117
992102
993336
990426
992354
9403
9641
993613
991358
991161
990583
991318
992015
994208
990625
991090
993188
990513
991270
9720
991717
992017
9688
990146
990868
991711
990125
990821
9827
991281
991244
9254
993358
991827
992038
992215
990733
994735
990899
990874
991081
993415
990654
9638
991915
992905
994187
990194
992031
994281
993648
9613
990297
992832
9040
9424
991163
993142
9629
993236
9108
9721
993643
990353
990202
993015
991684
993409
991856
992427
993668
9349
990372
994729
991005
9630
993798
994091
993714
993019
993044
34
994943
9869
9860
990085
993590
992514
993054
9226
991564
994530
9232
9722
991963
994542
991178
990049
9608
993954
994574
9589
993509
991576
991520
991689
994720
9501
994228
994593
994037
990394
9731
9456
9155
990941
9397
990326
994843
990134
994364
993692
994781
993278
992904
990328
991986
990115
990087
992229
994475
990662
991105
993322
990997
9260
990173
992916
991247
994876
992139
994305
993323
991851
992522
9645
990713
994968
9308
991517
994430
992812
991473
994649
990984
993992
992588
992448
9741
991118
9049
991415
990465
992657
991794
991833
9872
991510
990841
991059
9836
9218
993315
991491
991893
994626
994031
990488
991100
992352
9129
994809
9290
993058
990251
994791
991701
994132
993435
991328
994933
991967
9446
994567
990178
990814
9321
991314
9198
993350
993979
9132
990779
993212
991492
990329
993375
992024
993481
994754
990830
994553
994845
994546
990747
990030
9558
993920
9246
992174
994529
991286
994708
991317
9450
990883
994209
9278
994041
992089
992570
991835
993127
992361
991115
992375
9058
992852
9443
9149
9753
9899
990862
994685
994697
995006
991449
9691
9739
990697
994053
9375
991052
993402
992998
994825
992103
9714
9797
990788
9154
9540
991790
994476
991235
994176
991722
993411
990709
9830
990710
990007
992868
994370
994106
991198
993486
994388
994790
991227
9110
990390
994969
991095
993949
994552
990480
992662
990352
994896
991003
9318
990117
9087
9775
990953
9757
9301
990356
991363
992437
990318
994440
990417
992576
991259
9815
9881
994766
67
993975
990881
990575
9270
995000
994023
990503
990516
9033
992726
994468
992258
994520
991068
993985
991789
994189
992803
991447
9490
992689
9432
993534
991204
990727
992593
9812
993181
993042
992238
9237
991823
990813
991240
990684
990182
994723
994300
9799
993352
992737
992731
992383
991099
9506
994869
993493
994692
990427
990498
991869
993625
992341
991973
994079
994602
990022
9765
994483
994573
992281
991023
992830
990987
994885
994008
991980
993603
992262
990303
994082
992401
994272
994118
990006
993158
992670
994449
990128
991441
9676
991996
990315
992012
993116
990789
994579
990240
993575
991962
990745
994038
992339
990248
992528
991664
9492
991164
9066
994659
991429
991241
993967
992124
990658
990177
990910
9796
9862
992269
993950
991725
990110
990666
993784
9399
993255
994909
990470
994076
994434
990104
992591
994882
990559
991621
990884
991225
990013
990210
9341
990937
9495
994855
991841
991007
994888
991715
9551
990171
990706
993859
9709
9168
9286
992844
994296
992592
991994
990926
993857
993628
993776
994202
994874
9866
9877
994324
991977
9768
9637
9075
992369
990454
991500
991987
9283
993769
993525
991976
992462
990388
992969
990857
991612
994636
992037
990165
993220
993221
990766
992639
993880
994576
991681
994490
991618
9719
991509
990024
990906
994060
9422
992065
992913
9313
992586
994042
991529
992423
990563
9145
992290
993286
9656
9555
992851
992807
991224
990724
9244
991771
991534
992205
991590
991237
990183
992046
993965
993551
991273
993260
994263
991708
992546
992090
990225
9259
991818
993621
993075
994974
993741
9017
993706
993333
993608
990081
990475
993345
9281
9892
993351
9125
9384
991713
994129
993447
991671
994347
994311
993095
992776
991194
992002
993430
994499
992658
9063
993693
994640
993261
993086
992836
83
990962
994854
994957
991563
993047
994474
993107
990934
992774
994675
991256
994739
9657
990459
990623
993675
990589
992651
9319
993009
991815
992745
9581
992315
992155
991824
990659
990728
9519
992699
992656
991707
9554
990132
993027
993915
993565
990691
991603
994121
992061
994199
991182
990810
993338
992298
992921
9614
992825
9103
9153
990351
992890
9546
993959
991206
994156
9743
994779
991437
991719
993818
990865
994538
9619
994652
992840
9462
9505
992678
990471
9098
990156
9510
992901
9496
9082
994333
993914
993235
9137
994362
994381
17
994416
992752
9373
992797
9201
994216
993173
993467
992207
993032
994447
993550
991574
990105
58
994062
994464
992810
994183
990005
992390
9031
992930
994982
993078
994109
990368
9121
991699
991220
64
994181
993065
991782
994105
994134
990748
993340
991696
994036
991002
994595
990314
990730
992964
9870
990305
994368
993532
994756
992129
994441
9518
992504
994454
9735
993976
994532
991239
993145
9534
9810
990977
991755
990840
993536
9379
9626
9726
994478
991294
990099
992912
992349
990891
991832
993119
994995
993150
992088
991533
992838
9677
991032
992598
994515
990846
993689
990295
9708
991645
9187
990993
990411
994563
993449
990922
9186
9214
991250
993698
993023
9618
994541
992183
992350
65
991505
993969
991039
991383
991693
9176
992265
994838
990331
992456
991687
9069
990028
990449
991338
9682
994954
994148
993609
9089
990719
991411
992934
9062
990648
993067
990678
9560
990593
990878
991036
993111
9204
994170
993208
992056
991397
992814
994341
994410
991710
992764
9011
991625
993433
990464
992665
993869
992464
994086
9563
991954
992732
9274
993555
990998
9729
9749
992374
991523
992213
993304
993530
990628
994110
994654
9427
990377
990537
991243
991903
990484
992455
9624
990222
990408
990817
993723
993276
9846
992003
991139
992564
990321
9079
993414
993686
993981
80
994406
991162
994164
993424
9678
990111
990239
992466
994785
991427
992114
994190
994383
991152
992439
9789
990486
992761
991417
990604
992261
992536
9766
992263
994417
990121
9694
992882
990172
990150
993963
990970
990256
55
991291
993739
992119
992691
9299
994709
993274
990409
9083
9607
9885
992058
9863
990954
994747
994691
60
9839
992661
990847
993639
991791
990392
992060
9275
990424
9018
993167
994349
990523
9255
990238
991924
992278
993958
991588
992590
992891
9665
990429
992476
9807
991555
990645
993489
994056
991155
994059
994635
9570
992933
994487
994902
994674
9007
994253
993329
991326
992878
991322
9159
993165
9151
991897
993851
991386
9879
991680
990320
991233
9838
994710
990042
9371
9533
993721
9123
992255
994278
990973
991493
994949
994068
991647
994154
9844
993515
990041
993083
990301
9692
9146
991831
991303
994394
994637
9470
993926
9605
990413
991375
9615
49
990053
992666
9764
991012
993889
991863
9369
992175
992184
991571
9814
994260
994839
994232
994241
9762
990939
994058
994608
993339
993687
992982
9331
9509
992763
990098
990652
990478
993801
993666
992468
994970
9261
991554
992931
990796
991367
993272
994972
994282
994340
992991
992996
993932
993650
994178
994147
990334
994342
994979
992474
9285
992104
992270
993796
992527
993264
993248
993765
994505
992687
993735
993253
994578
9597
993589
993558
9801
994865
992494
9141
9077
992782
81
992619
991720
994870
991020
994312
992308
991544
991356
993371
9874
994703
990812
994412
992165
991792
990083
9338
990275
990880
9328
990828
991931
994648
994014
992120
9821
990245
993871
993838
991480
991357
9649
993691
994604
990961
994613
994247
990856
994575
991611
991884
9262
9170
993294
9889
990060
994935
9009
990003
992148
990530
992997
990145
994481
993347
990935
992740
991662
992641
993847
991061
991464
993812
993431
991570
993079
993157
993751
9258
9850
9412
9284
991852
994651
994493
994755
991549
990985
991051
994958
991653
993822
990437
990815
990820
9477
991569
994303
9203
992247
9395
992035
990692
991691
991925
991502
990010
9104
9197
990765
990259
991132
991208
89
992083
993225
69
991630
991390
992055
990703
990942
994327
990046
992777
994087
9861
993172
9095
9156
990848
992606
991723
992625
991018
990126
994672
993952
992324
991257
991961
993470
9880
9249
990681
990849
990237
990610
990701
991074
994267
991706
993974
993077
9406
9337
9071
994585
991817
9044
992189
992567
9699
993772
9405
9209
992432
991507
992775
991495
990527
992941
993511
992516
990584
991030
990716
990072
990143
991195
992214
993082
990833
991408
991553
992696
991901
990913
993312
993295
992379
991773
991079
994645
994284
992353
990445
991736
993641
991703
990044
992736
993011
993305
991151
992880
993678
991649
991402
992902
991475
994115
9468
994507
990518
990603
9165
992487
991663
990359
994944
991403
991453
9277
992614
9825
990768
993207
994200
993867
992683
990231
9689
992834
994562
993417
993916
992806
990535
991011
992728
994382
993074
990412
990905
990693
993556
993866
991620
990639
993190
991049
990052
9723
992981
990863
994501
9414
990776
990209
9272
992404
994704
991676
991745
991292
992485
9054
993647
9664
990798
993864
993724
991999
991807
990781
994570
994743
992303
994517
990398
993702
990641
990458
991287
991646
9725
9730
991069
9250
994163
990327
990549
57
992618
994217
994639
79
993754
990453
994239
993197
994852
990964
992510
991137
990738
994889
993747
990027
992239
991089
9503
992685
990080
991959
990560
991035
991192
992498
994141
993367
992236
993729
9671
990938
993618
994842
9288
9595
990794
992790
993896
993685
991191
993635
992499
993718
992766
991854
994987
992671
990756
993005
992515
990242
990630
994048
990160
990731
9413
990069
993923
992164
993471
993251
991346
992523
993661
9292
993934
992750
990909
994988
993774
994713
9530
990113
993644
9059
994098
994665
992637
992500
990330
993334
990151
990176
990075
994306
994307
991231
993831
991382
9195
991837
994625
992831
992642
9489
994891
993441
9832
9247
990908
991470
993442
990216
9189
992944
994596
9754
993829
994601
990082
991705
991657
993501
991821
991667
992312
991341
9029
994609
990660
993990
994471
993820
993727
994947
991888
77
992872
992377
993214
9868
993760
993911
993576
994901
991196
990221
990966
992928
991788
9280
991106
9458
9527
9809
990406
990093
993210
992990
994826
992624
994235
991392
994726
991381
9055
994461
9230
992130
991656
990618
992759
993240
993185
993228
993672
994380
990572
994638
993462
990571
993807
9600
991306
993144
994623
994945
990448
990784
991979
991177
994460
991670
992594
991772
991222
992145
994013
993892
992187
990917
992610
990090
994804
9134
990944
991046
991748
994414
992030
9240
990870
9695
994498
990365
9133
991418
9358
990837
993968
992260
992108
993966
993004
990521
990192
992820
993061
992609
992995
991034
993667
992049
994423
992395
991419
9545
993785
992378
990360
994963
9610
993617
992197
993800
990656
992906
990635
992626
992191
991284
992613
993523
991828
991904
9042
991205
991394
992667
993419
990220
992676
993779
9888
991548
994374
994489
992080
990982
992442
993192
993506
991638
994325
990148
992607
994983
990663
992674
9243
993973
9873
992778
993296
992772
990450
990517
992857
9001
991359
990578
990897
9101
9454
990561
9053
991677
9148
993631
994457
992859
9631
991076
991215
993522
992826
9500
991785
992010
990166
9142
991734
991632
990184
9038
991550
991880
993991
9541
991219
994920
994647
991388
9711
993582
990509
994525
992106
9326
991631
990023
9521
9267
991763
9516
991141
991080
992113
994169
992019
992875
990804
9086
992142
993490
9005
9561
992246
9702
990620
993684
9409
990592
990547
992804
9471
992597
990972
9842
990556
9271
993553
9751
9875
993764
994965
993426
993642
992411
994619
992406
992885
990250
993453
990268
9180
991648
993795
994420
990699
992204
994398
990867
993780
991327
990907
992302
993856
991598
990247
9407
994214
994837
990577
991695
9469
992545
994409
990989
990838
991021
990552
992741
994653
991496
993238
993281
991499
9012
992756
994610
993179
991836
991264
994320
993148
992534
9526
991737
994243
990912
993280
994114
992210
994470
993510
994926
9027
992842
991985
991000
993878
994308
9172
9425
994094
992550
991260
993076
993746
990243
63
994002
994426
9207
990760
994179
994677
993341
990564
991521
991652
9687
9706
992747
992475
991485
991572
994418
990214
994670
994491
994696
992431
993434
991004
990058
992779
994859
991202
993529
993849
992569
992440
991425
991060
9361
993540
991401
9396
991461
994883
990515
990792
994316
992783
994204
990594
993877
991733
993353
990686
990653
994389
991826
9231
993184
9336
9513
994435
993848
994184
9718
993216
991862
994864
993833
994029
9745
990286
994403
991400
993464
991282
994155
994866
990541
991526
9891
9588
991440
991545
992264
991709
993924
991644
990871
992289
9738
992057
82
991487
993026
990487
993862
9697
991661
991615
993547
991008
994150
992785
994588
991504
991101
991112
993591
992754
990550
991741
84
992279
991514
9345
992837
991321
993612
994799
994286
994641
994773
9100
993003
993468
994061
994100
992686
993986
990968
991430
9680
993249
993372
9106
9517
994733
990348
990187
992730
9487
993669
994140
990959
9602
991217
991777
991919
992703
9479
991460
992009
993901
992144
994914
990325
994771
9643
70
9617
990267
990050
9251
991917
993331
990255
993204
990207
994054
992304
994270
991690
9091
993193
990866
994502
991153
991927
994918
990379
990708
993404
9041
992125
993505
990882
991471
72
993242
990508
994683
9660
992419
991347
991958
994390
993734
9253
994473
995009
9523
992200
990358
993781
993370
9171
993837
994615
9849
992929
993138
990960
990861
991627
9128
991158
9444
990927
992693
990299
993852
994519
994598
992074
994297
994827
991760
9828
992490
990349
991839
991087
9847
9837
991698
991697
990669
993461
993364
9235
991050
990215
993017
9865
993887
991650
992799
994749
9014
991335
993906
993512
992004
9591
992109
9896
990203
991443
992920
9067
993297
9423
9202
992458
993808
990554
993638
993919
990536
9463
992209
993956
994746
994144
993458
993659
9791
991532
993377
991173
994043
990102
994744
990767
991886
9111
9650
993936
9864
993705
994067
990925
992334
993455
991409
994597
993335
992193
991552
990836
994035
992762
994030
994830
9616
993391
990539
994875
9514
991212
990832
992738
991268
994093
994057
995003
993055
994833
993814
991921
992433
992343
992221
993544
994116
991683
993472
9004
9769
993203
990057
991882
993155
994736
9636
993226
990266
993907
993697
993028
9210
994271
994422
991966
990226
994718
992530
992846
990292
994261
992975
9803
993882
9805
994680
990258
994973
994832
992041
9704
992895
990570
991840
994921
993928
993368
990646
992364
9404
991323
993094
991651
9566
991767
993605
9584
992751
9068
990457
990451
9222
991547
9152
990350
9136
992985
991096
993942
992357
992180
993072
991894
991348
990534
9025
992839
994763
990272
994993
990313
993645
990806
991591
990619
9858
991086
991078
994344
994761
990729
9736
992824
994939
994526
9647
994568
992115
994853
991370
992786
993879
990136
990793
992988
994547
992967
992026
993357
991165
992093
991878
994330
993130
990218
9663
990260
991109
994611
991172
991454
9327
991010
993230
993037
9507
992553
991609
991044
991276
993423
990626
992274
9245
991085
9175
990675
992769
992028
994488
994660
993514
993349
991091
990707
993559
994514
993412
990755
992616
994318
993321
9439
994234
993655
991077
9732
9391
992179
993549
991858
992296
992715
990124
991607
991209
990931
9229
9366
992827
993374
994391
995001
993265
992932
992045
991797
992292
9394
993845
993961
991187
991154
9304
992973
992007
994196
992617
991379
990418
993497
990345
991596
9268
9559
9859
990877
991536
992008
990347
990410
991776
991859
993716
9362
990190
990142
990253
992725
990086
991113
991484
993580
993348
993938
993811
990566
9273
994331
78
9770
994757
993262
992457
991399
9213
9612
992244
994760
992479
9028
993513
993332
990232
993469
991498
993408
991597
991324
991114
994910
990969
994877
993279
994458
992320
990440
992059
990431
992535
990158
993579
9117
993995
993583
994469
990414
993688
990544
991024
992903
992955
992486
993494
991053
991950
992268
992724
9841
991642
990316
992634
994937
990462
991829
990001
994583
990522
9701
990444
991185
994544
990396
993013
994786
994900
992149
991724
990019
992788
993317
991479
992898
990974
994329
993654
9355
991546
991033
993050
990038
9092
991393
993252
9639
993008
991804
990600
994678
991628
994201
991583
9120
994319
992849
9085
992319
992154
994431
992146
991672
990773
993562
993110
9295
9430
991731
993794
990434
9716
991876
991678
992323
992489
990021
990978
9669
994872
992883
993187
994728
9569
991768
991022
991940
991269
994992
993022
992963
992518
991781
992819
992137
9015
990758
991354
9064
991866
993978
9522
994698
994741
991816
993285
990435
990720
993633
994252
991929
991933
9787
990640
990762
9635
991438
990467
994956
994400
992385
994894
991675
993205
990928
994684
992166
994291
992428
992793
9542
992391
992039
992219
993619
994582
994495
992047
990153
990597
993446
991783
990532
994206
993392
990737
991721
991589
992076
992572
993031
991229
993855
994705
993925
991148
993872
991847
991058
994007
990680
991953
994280
993554
993223
992682
9575
992559
992311
990141
993960
994203
9032
9748
993548
994001
992962
9884
990119
991027
994322
992136
991435
85
992923
992451
991774
993761
9640
990116
991366
990606
994266
994353
993201
993000
991881
992714
9461
990687
990844
9324
993996
994365
991280
994221
990376
991988
991932
993955
990370
990004
994188
994251
993309
994857
992480
9257
990477
993224
993841
9289
991669
994455
991253
993085
992575
990059
993233
992942
9651
992251
53
990845
991045
994905
990380
991372
9882
991251
994482
992248
991365
993572
994984
994599
990613
9778
993504
993873
993316
990223
991751
993326
991431
992417
993191
9620
992897
9360
991729
990876
990769
994017
994401
991506
992531
992638
991174
993533
991952
990685
992335
993799
991803
9897
9339
990026
9574
992808
991637
991082
994967
990107
991026
9242
9441
994695
990843
992337
994959
990244
992949
990357
990198
990037
993289
990590
992947
993254
994088
990159
992100
991955
992070
991843
9161
993393
9472
9192
994399
990875
9282
993070
991423
992871
991071
992470
990208
992983
990581
992340
993816
992653
994256
990744
990025
9179
993787
993097
991407
991991
990483
994142
993257
993369
991928
990992
992958
9093
992615
994571
992773
991369
9387
992646
992272
9415
9829
994194
990252
994787
993313
9670
9690
9097
991345
991054
994693
994936
990432
993269
993209
990312
993243
991385
990952
992577
992140
992629
993905
990063
993610
9076
9312
992604
9385
990302
992355
993842
9090
9448
9436
993030
992329
990262
993109
990336
991350
993758
991298
991138
9052
990205
993660
994980
991626
994863
9593
991442
991157
990519
9822
990896
992767
9773
993407
990191
992965
9390
991329
992126
993014
991094
991149
992855
9276
990045
991364
993182
9795
993473
9401
994301
9056
991864
994650
992811
990204
993564
990860
992407
991457
992915
993093
993792
992256
9322
9852
991617
994302
992443
990249
990490
993805
991446
990029
990624
990074
994931
990089
992131
993282
991017
991214
990281
9227
9127
994173
993894
994294
993876
9296
991700
993573
994911
9445
994892
992907
992321
9654
993403
9831
993830
994985
991009
992491
9532
990551
992652
993930
994298
991861
990920
990753
993247
990786
9572
994584
991128
994255
994245
991223
9343
993217
992227
992694
992879
994198
76
991410
991513
9065
994494
75
994522
991283
992001
994404
991883
992066
990940
990436
993080
992538
991744
990012
993927
993557
992078
990144
9520
993384
991822
992801
993897
994978
990186
990163
993500
990743
994871
9334
992866
994027
993137
990188
9372
990048
990950
991874
991245
993343
991610
990611
993128
9781
992157
992110
994279
994334
9410
990290
993081
990018
990981
994934
994856
990157
994904
992612
992454
990123
9604
991898
991384
9163
9452
993151
993106
991524
68
991727
994560
991759
9418
994898
994211
990339
990591
993946
990500
990616
991458
992217
994618
991041
991541
991518
991070
992029
990008
993328
992211
994643
991613
991750
993835
992555
993129
992013
993899
994299
992989
992966
991516
994207
992116
991439
992816
991412
990195
992542
994722
991795
994906
993451
994046
990802
991944
994369
991538
9383
990071
994233
9193
9182
992781
991993
9224
9498
9279
990608
992493
991946
991120
992021
9790
994594
990775
992688
991956
993598
990553
990822
9755
990217
993819
62
9675
994527
993105
990948
990333
992160
991123
994592
990976
994535
9105
991935
992876
992735
994769
993177
993194
992212
993708
994975
991654
992415
990106
9483
990375
994952
993160
991749
990596
991254
993827
994986
990179
993620
990983
992416
9191
991258
994801
990636
9158
991848
992492
990020
991216
990397
992869
993858
990284
994097
992237
9109
991056
990751
993381
990783
992338
993380
992551
995005
991912
990472
993359
992472
993658
994386
991972
994714
993868
990452
993068
992252
992216
993545
992723
9627
992856
994991
992194
992243
992910
991203
9529
991674
991275
994044
993438
993701
992654
993595
9893
990736
990979
992874
990264
991948
993002
992860
992169
9783
991302
993389
991072
994778
990403
992208
9199
9008
992768
993844
994083
54
990149
994172
990829
9886
993222
992271
993939
990091
991097
991421
993394
992168
9377
9340
991934
991743
990946
994706
991838
991189
994277
994321
994395
992301
992596
990289
9667
993972
991436
993971
990943
992033
9475
993200
9386
994419
9316
991665
993836
991877
990807
993767
992552
993526
9026
992635
993728
992118
992143
994903
994034
991974
993211
990759
994162
990986
990627
994151
9823
9325
9217
994463
993025
990546
991503
991911
994113
990043
993051
993290
994663
9144
992098
992813
992956
990520
994658
994359
994586
991995
992000
994313
994796
992502
990599
991468
9776
990929
994946
993131
992241
9628
990764
993344
9376
992287
9140
86
993722
992848
992927
992780
990629
992438
991936
992473
994777
990438
9112
992362
994508
990651
990130
994160
993385
992132
991971
991467
990712
994503
9728
991368
991474
994020
9102
993753
991213
993970
990588
993100
991992
994112
993585
9320
992543
9622
991784
9564
991406
991210
990494
991537
994667
994413
990474
990864
991228
9119
994511
9178
991339
992082
992018
52
993040
994492
991342
992628
992574
991922
993390
992482
993516
994868
992649
994328
994274
991981
9130
991879
990456
993539
992899
9700
992459
9037
991522
993756
990068
9625
994338
991184
9088
990735
994772
991608
992863
994737
994205
993520
994496
9473
990167
992326
990344
994682
990916
990637
991666
991728
9668
991643
990378
994836
993361
992568
992843
994138
9070
993568
993492
994679
990650
992310
9135
992202
992829
994152
990138
992909
991668
993162
991757
991834
990808
992645
994231
993680
993135
994285
991102
990893
992133
990346
990918
992286
9335
990393
993908
992300
990990
990752
991754
992953
993775
992802
51
990665
994387
9139
9502
9621
9818
993466
994377
993482
991092
994950
993073
9599
992537
992014
994355
991048
991909
993324
994165
992867
992823
990921
993318
990749
992976
991512
994006
990036
992087
990257
991126
9238
991028
992022
990644
993813
994966
990273
992727
990078
9381
9000
993804
991604
993048
9252
992999
994436
9344
991144
992449
992371
990355
9634
994884
9433
990531
9081
990433
992702
9359
993052
990855
9898
9794
990100
993092
992684
993206
992158
991983
9185
990114
994788
9788
993773
993825
991296
993330
992970
9353
993152
9515
991234
9429
991376
994867
994289
992954
9798
992749
990787
9464
992734
991658
991746
990382
991704
990401
9426
993945
990369
990996
992709
993546
991601
992347
990485
994497
994617
992600
9416
993737
994402
991199
990872
994157
9314
992888
993843
9717
993733
9780
993875
992805
9447
9760
993292
994259
992356
9576
994122
993690
992621
9435
990423
992948
992979
994101
991949
992708
9707
990617
994566
992198
990288
994632
9162
993886
992063
994033
9194
990725
990269
992099
992097
994254
9233
994806
992743
992299
992765
994917
993941
990930
992344
9293
9084
992497
993063
9003
992914
48
990825
994337
9587
992134
991568
992993
991029
991343
993229
993007
992128
994052
994257
990734
992127
993677
991752
993356
994269
994103
992220
994569
991825
994384
9269
9672
991875
994120
994510
993904
994730
990170
990576
994940
9824
991043
992770
9661
990015
991261
991579
993139
990229
992188
993448
990633
993883
993125
991561
992469
995007
992984
991539
993893
992771
990469
9696
992672
990718
994564
990888
993657
990002
9539
994581
992526
993406
994137
991593
992700
991830
992112
993241
993681
992372
992402
992094
990051
993909
992101
993382
994550
991371
9221
990039
994512
9309
10
9756
994990
994664
994770
991238
991249
994784
993379
9727
9761
992719
993231
991150
9785
9239
9820
993396
994012
990714
993853
991920
991463
994066
990381
991641
9480
993593
992231
992277
994288
990479
993789
990782
991770
992332
994631
993997
993778
992394
9408
992794
994136
994690
993096
993495
992508
9685
992900
991633
992386
995002
990852
994047
992602
994913
990140
990095
992870
9264
991131
993089
993640
990771
994941
9592
994425
9642
994922
990493
990580
993616
991747
994834
9826
990265
992673
994265
990224
990416
992520
993832
9061
993033
992968
994063
994768
991551
992135
992573
990533
990740
994955
991592
9402
994513
992330
9147
9596
994275
9734
992495
993998
994295
990213
991472
994851
992795
991355
992123
991190
990084
991975
994775
9039
990034
992945
994923
992556
990548
9609
9234
992936
994767
9772
990902
994897
993828
993809
9655
991718
994831
990430
990161
9347
9715
991957
994738
993420
990035
993748
9072
9568
994016
9043
991416
991634
994655
990364
993488
992294
991501
992172
56
994537
9681
991221
992640
9548
991605
9160
9890
9486
993653
992253
992483
991455
991978
990455
9184
991735
993049
9131
994577
992939
61
993912
993227
991331
992020
994421
993189
993302
992400
990371
992446
994486
990300
991063
994229
994989
991103
9491
992064
990496
991942
991380
992539
990895
994428
992050
990463
994071
992583
990341
993711
9287
990294
992558
993846
992105
993766
993465
991107
991168
9035
992791
991333
990363
993720
994210
991730
991426
992608
991508
991104
994213
994687
993994
993757
991124
992821
994065
993365
992092
991918
993443
993300
9740
991121
991414
992517
994159
990705
992235
990778
992284
994977
992722
990271
990065
9428
991660
9585
993059
991930
994927
993146
990168
992742
994258
994073
990955
994580
992447
9036
9855
9116
992141
993362
994191
994807
9782
992288
994124
992739
994998
994315
9050
993670
994776
9571
994591
990949
994551
9047
992796
993090
994028
992259
993271
991404
990609
990507
992943
993386
993035
994095
991910
992196
9746
991753
990911
9206
991405
87
9611
993524
994242
990422
991301
994240
9705
9777
9808
993745
994925
990879
990384
991006
992230
993186
993363
992917
990263
991659
9216
991775
994533
993541
9164
991899
992285
992918
992195
9291
992643
994912
994540
66
990670
9648
993738
994099
9786
990827
991511
990834
991567
990754
993133
992054
991122
991857
991246
990504
991424
990366
991606
994108
994283
993416
991494
9200
990097
9674
994669
991799
994462
993980
990169
991188
993432
990400
993663
991186
990558
994248
991679
992267
992424
9006
992192
994236
991466
993288
9350
994994
994351
992757
9420
991232
993496
992068
993039
993484
990726
990858
990227
991702
992075
9646
992562
991169
994125
9228
993397
9215
994642
9848
994916
992561
991267
993325
992199
991982
994168
991218
991263
993674
992755
9817
9504
990545
994759
994230
994634
993656
991332
993543
993933
992886
993699
991211
991456
990189
990402
993826
990757
990282
991941
992789
990634
994442
994354
991844
993006
993437
990428
990354
991452
992698
992978
993287
993777
991769
992471
992381
994774
993256
992162
994559
994622
992293
9330
993552
990859
991945
993570
993202
994612
994727
990040
991578
990180
992971
994981
990980
993957
991585
992409
992450
993561
990476
992707
9073
990835
9703
994694
994765
993630
993982
991902
993121
994180
9525
993903
994366
991230
992322
991673
994536
993147
991738
992095
993422
991143
992313
993178
990343
9857
994077
993427
993320
990854
993662
992283
993429
991344
991853
9248
990622
994050
994620
993124
994424
991960
994102
994408
994407
990293
9713
992052
992249
990101
994293
992016
992892
990219
990557
990947
993398
991110
9241
990579
993731
991352
993098
992532
993149
992692
9459
993840
991525
991459
992023
992938
993863
994310
992359
994794
993112
9476
992908
994444
991255
994074
993770
992062
994711
990696
992521
991483
990967
994589
990230
990129
994250
990506
992584
992548
990890
994326
991635
992053
993036
990335
991242
991170
991200
994500
991849
9094
9030
9652
992815
991739
994534
993291
994644
993103
993910
9046
990441
994345
992987
992325
9693
993387
9550
993921
992081
991796
990689
990514
992525
992413
9698
990587
991629
994459
992952
993502
991997
992563
991726
993136
994676
992705
991304
9802
9601
9658
990481
993527
990108
9474
992873
992760
991575
9878
991543
993244
992940
993024
991336
990595
992291
9317
9034
991786
990405
993355
991337
993215
9579
990850
991042
9478
994603
992380
993071
993477
994443
992853
993452
994780
991266
991740
991391
991787
993425
991947
991682
991037
990565
993346
994907
994930
994539
9219
991938
990279
994666
9115
992245
992893
994600
991531
993399
993596
9644
993636
994393
992190
991622
990894
994003
992159
9183
992005
991907
9333
993168
992122
992203
992077
991577
994276
994287
991207
993460
9557
992233
994715
9382
994628
993649
990092
991297
991146
992250
9351
992711
990647
990904
994126
994509
993463
991340
991477
991108
991905
994049
994702
991088
994549
990700
994633
994019
992720
993245
994158
994558
990524
991968
993752
993931
992275
992854
9263
990598
990991
993999
992524
992096
992085
993567
994358
990818
990887
990120
994104
993943
990112
992373
993480
9758
991378
992972
994323
990011
991252
990702
991160
991325
990919
992800
994919
992346
993962
993166
990070
990528
990661
994890
992167
993577
992318
992072
990811
994752
992841
993246
993132
992960
991989
994700
992746
990000
990495
991349
994018
990270
9124
994614
992644
990750
992309
993457
990790
992633
990361
990466
994942
992328
9174
993517
9684
9138
991432
992713
991016
990420
992025
9013
993861
994627
991025
993159
992333
990711
990088
992032
990958
992316
992396
994022
992348
994072
990291
994543
993293
992822
993198
994742
993354
993029
994630
992034
993749
991819
993327
994146
990031
993099
993250
990770
992091
992758
9747
993797
991179
991885
992051
9434
991183
9305
9346
9485
992107
993275
990404
992445
991810
9800
993450
9370
991640
994367
993664
990965
993314
990062
993164
991540
990739
992549
9380
992412
993020
992387
9167
990122
992422
990491
9297
993884
994219
992922
995008
993218
994343
990109
9421
9392
992434
990631
990809
994996
993839
991398
991428
991889
990898
990741
991057
993444
994096
991716
990612
993038
992835
993651
9256
993763
994000
994803
991476
994828
992544
990118
994218
990963
991559
992557
990664
9122
9002
993810
993483
994135
9417
992161
994445
9150
994465
994264
993874
992716
992171
991167
993611
990076
991686
992847
9208
991420
994556
993001
994732
74
9853
994376
991075
994064
991793
9078
9323
991066
990945
991764
992327
9302
990473
994624
991806
9659
992382
991145
992351
993057
990642
990287
992011
9623
993310
992363
993123
993665
9374
990280
993736
9528
990791
991527
994572
993834
994304
9632
991130
994133
994764
992044
992655
990337
994372
990512
991984
991865
990501
994962
994309
992695
9567
994069
990555
991845
993440
9113
991820
990285
990816
993069
993646
992632
990831
991031
991067
9883
990064
993053
994385
993521
993360
994750
993885
9357
994371
991116
994081
994745
994686
993788
993703
994153
993273
9536
9524
9298
993988
992345
992226
994477
994915
993850
9871
9537
994055
994171
994997
992405
993793
993418
990607
994244
9813
991062
994015
993566
993823
993682
994999
9332
993569
991134
990386
993673
994484
993195
993888
993476
992636
992036
992410
991413
9367
992887
9484
991714
992675
993064
994816
990690
990193
9114
993535
992950
994405
992664
990574
992418
993922
992156
994938
994681
994948
994793
994379
994262
990621
9590
9774
992420
992297
993742
990342
991465
993134
992833
992477
994671
991692
994467
991272
991482
990374
993750
992896
9673
990975
9365
994523
994249
992792
992884
990211
994835
993918
993771
993584
991939
991140
993730
991156
9553
990373
992150
993712
991943
9598
50
993695
994192
993491
9451
992331
991389
992266
9816
991274
993791
994815
993456
9348
993060
993284
9020
991305
993439
992488
992408
990073
991685
990951
992484
993342
9779
9724
990721
993478
992554
994646
9577
990704
994193
993743
990853
994396
990601
990362
990096
993266
992818
990246
993126
991846
993895
9024
9750
991892
994025
991914
9493
992421
990154
994565
991916
993634
994378
990994
992069
993234
992257
990932
992478
994616
994177
990586
994850
9236
994039
9583
991478
992697
992425
9419
994932
992712
992580
994795
992894
993637
994879
990924
991890
88
992881
993436
9511
994453
993232
990562
994448
994928
992436
993410
993479
994090
991732
993062
994131
991201
993175
9023
991809
9806
991125
992073
994506
991119
992086
992877
992994
993413
993154
9442
990869
991387
992389
994751
994032
9867
993485
992512
9887
994438
990777
991969
993762
994629
990772
992507
992397
9411
994350
991486
9466
992234
994862
994621
993421
9603
992858
991558
994011
994548
9562
991395
991855
994009
990298
9580
994753
993860
993163
992067
991373
990936
993732
992889
994561
990826
990542
991766
990668
9686
990399
994699
9578
993528
993298
992828
994238
993388
990540
994348
993782
992784
993913
990780
991765
993578
990296
992435
9354
990717
991887
994415
991047
994237
993538
994740
9457
994089
9220
994456
992571
993319
990395
994782
993219
993542
9710
993581
993719
991805
993161
993890
993790
993786
994895
992974
991290
990066
9265
9606
9266
991462
992503
992392
992186
993696
992925
993594
991614
993571
994004
993283
993518
992710
992603
992706
993935
9126
9744
991133
994688
992295
994673
992429
993034
991450
993021
991926
993803
991142
993587
991277
990715
990632
992605
990061
992366
993629
992170
991712
991353
9549
991448
994161
993267
994504
991557
992465
993475
994555
994873
993783
990233
991515
9393
991964
991780
993707
9438
993087
992152
994026
991175
994092
992511
991900
992911
994521
990582
993395
992627
994657
994167
993964
994924
990851
9143
992280
992729
9205
992519
992121
992701
9307
990391
994392
9388
9352
993806
992501
991639
993056
991055
994040
993870
990569
993120
994656
990197
9166
994346
990407
994195
993607
994951
991236
992393
993676
993700
994317
994439
994557
993937
992273
992430
9494
990502
9400
991197
994045
994127
992547
9767
994545
993671
991377
9737
992704
990185
993174
993499
990385
993041
992218
993010
991226
991444
990732
990415
994373
990181
994707
994829
994893
992228
992232
993953
994899
992721
993108
993153
990615
994437
990033
990338
9582
993759
991181
990131
9118
993183
992980
9565
9453
994145
991362
994084
994357
991166
994724
993239
9074
9460
990283
994451
990032
992533
991374
9543
994719
992040
990763
990683
992961
992977
993066
990538
994800
9363
991990
990999
9763
990234
994953
993196
991127
992414
990278
991469
993560
991073
9833
994861
9173
994817
993574
993900
993180
991923
9431
