991005
9019
990779
993047
990439
991445
993435
991095
992688
990873
991967
994476
9260
9497
991316
9049
991742
993114
992588
994430
991534
9804
991338
994758
990194
991542
9594
991574
9211
994281
9630
994587
992593
991873
991081
990727
990511
992017
992048
992015
992514
991262
992427
990471
994166
993627
991422
991318
992181
9308
991361
993237
990899
992570
994820
992448
9437
991827
992229
990125
993142
993116
990710
992595
993171
990164
9040
9501
993358
991358
9712
992254
994364
994935
990254
9424
993054
993122
9303
9638
992183
44
9300
993643
992102
991587
9176
991794
990498
990883
990914
990915
993951
9080
992916
990146
993597
990874
9714
994187
994021
992090
993575
9531
991493
993744
990638
990868
993714
9827
990709
993118
993755
9294
9349
993336
990134
991906
990055
992611
994961
991363
990178
992215
9108
990713
991986
994314
991689
990202
994825
991497
994530
993481
991826
9329
993015
990127
994858
992957
991584
9482
991621
992951
993019
9107
992298
9155
991040
993016
990024
993409
992038
992992
993415
994748
994475
9753
58
9869
993954
990625
990110
991161
991270
9397
992659
991105
991586
994347
994091
992173
992370
993176
993188
992361
9641
993668
990426
993058
990248
994720
992591
990673
990209
991841
990465
990085
9860
993613
9720
994485
991711
990104
990443
993236
990087
990328
994929
9129
9254
990394
992079
990814
9721
991722
993769
9757
992905
991178
991491
9629
9232
994685
991163
990984
990697
994542
994754
990662
991059
990297
994005
992354
992139
991492
991510
990372
991100
991871
991893
992812
994117
990910
994968
991517
990747
992522
993315
9186
993920
9535
991295
990117
994729
9722
991856
993323
991915
991833
990645
991090
991717
994659
9836
990583
992901
993220
991576
990388
9278
990251
994943
9506
9589
992904
991240
9058
991429
991155
993322
992390
990173
990356
994082
994790
994129
992174
994869
993459
9422
9237
994305
994573
992281
993333
992369
990326
993221
990881
9403
993212
990733
990475
9450
990575
991851
994735
992891
990447
990115
992031
994370
992464
992657
991823
991473
9198
994766
990049
994668
9608
993776
992375
991052
994278
994791
994031
991383
992586
9518
993692
9731
992262
9799
991068
993145
991002
991509
9614
991835
992238
9899
9796
992439
990941
990417
994176
994546
990730
9051
991235
993150
991118
9301
991520
9132
991247
991895
990830
993141
993509
9270
9218
993350
993534
993741
990821
993127
992798
992662
9768
9110
991023
9505
990564
993625
990171
9613
994843
990007
9688
9775
994053
991564
9739
9691
994553
993992
992832
990926
9558
990691
9187
992352
990997
9456
993278
993411
9551
994876
9862
994593
9261
9103
990862
994038
9033
994885
991852
990329
994440
992592
67
994058
993798
994208
9290
993550
993023
990766
991038
990128
9399
990788
9281
992797
991684
990813
994520
993430
991415
993648
9153
991789
991447
9877
991612
993590
990022
994008
9872
991500
992838
994697
992065
992582
991250
991281
991244
990352
9087
994156
991687
992661
9765
9866
991204
9149
9797
9741
9735
994574
990654
990314
993402
990623
991790
9637
992836
990318
9821
990165
9657
9283
9446
994933
992852
992024
992437
994626
993255
990810
991237
994272
993044
994076
990724
993493
993447
992339
991259
992124
994499
990559
9689
990315
992383
9881
994121
994576
992576
990684
993859
994106
990977
9201
9815
990480
991007
9154
992731
994529
9803
992803
993375
992844
991099
9358
9830
994228
991638
991220
993352
993486
990812
991701
994141
992639
995006
992868
991449
994896
992678
993979
994490
994781
993693
990513
993158
991198
990666
9246
994105
9490
9850
994023
9172
993666
994079
992840
990303
9519
994483
992207
994170
993857
9375
990516
990183
994300
992670
993965
992807
992103
992341
990796
991791
9259
990987
994132
991294
9318
9709
994189
9443
990390
990210
990111
991523
994567
9554
994041
994636
991227
9560
9018
994575
992089
993952
9885
991328
991382
990177
992969
990013
9432
993950
994809
9492
994296
991286
991963
993009
994209
994118
994009
994969
9373
993083
9170
990006
991973
991603
9313
993345
994602
992315
34
991987
991364
9062
991962
991003
994649
991977
993181
991162
990745
9151
994909
993260
992290
994037
992061
993351
9879
991771
994608
990838
993532
994042
994723
9204
9812
993675
992247
993042
993967
993784
994060
991618
9676
993949
994538
9226
992401
994181
991427
9656
9197
992003
990030
992037
993086
992726
991976
994838
992699
993261
991715
994183
992814
990470
994449
992998
994957
991869
9230
992466
991206
990728
9321
993818
991164
992890
994648
990953
994692
990970
994311
9017
990841
990884
994202
9286
994388
9719
991996
993880
990182
9870
9066
992737
9626
9546
993286
991314
990906
991563
991182
992851
992810
992830
993107
9384
55
9244
990240
990353
992689
991152
994936
994974
993608
990934
991708
992515
9082
991533
994855
991544
992213
990993
993551
994478
994854
9341
991681
991792
992012
994263
991980
994110
992651
991645
993075
993633
991713
994216
992913
990658
991966
9540
9708
993065
994333
994062
993338
991590
994889
991707
993525
994468
9159
992164
993208
991390
990427
991499
990486
9462
992269
990706
994595
994579
994654
992825
994505
991367
991994
991441
991818
992456
992656
994888
993603
990256
994675
991051
992258
994270
994324
9137
9766
994708
991030
990503
993985
992462
993078
993969
9726
994785
990865
991317
990132
49
992205
990222
990648
990484
990320
992188
992155
992658
993027
991437
995000
991625
990776
994739
9083
991079
9075
990563
990454
991903
9125
992912
991832
990331
9063
990060
993449
9098
994474
991725
990239
994874
994036
9406
991241
992761
9645
994972
992046
994882
9470
990225
991693
990245
994640
994464
991239
83
990878
990351
990488
993095
9495
991815
992665
992546
990840
991322
9743
990156
993706
994381
992349
9275
994552
992626
992485
994109
991243
993926
993433
9789
990846
994709
9892
9145
992687
994029
993253
990748
993340
992782
9510
9371
994979
991397
992982
993467
990789
991924
991303
993807
991151
991671
993555
994014
993252
993530
994412
9729
994383
993635
994068
9262
993976
9077
994563
992921
992114
990105
990857
9764
992745
993975
990604
9619
993424
991782
993341
990589
990093
9863
993687
9121
990126
9555
992374
993686
9749
994199
990719
990659
993167
994779
993915
992239
994532
990954
994982
990081
990922
17
991078
990962
993609
991710
993621
9839
991195
64
991532
80
9168
9255
992423
991032
993442
990937
993689
9337
992528
990833
994902
992764
991194
992214
993981
993119
990863
993157
993959
992641
991555
992930
994441
990449
993067
990547
990592
9069
9011
994416
990409
992474
990973
990321
991115
993276
993914
990042
992990
990295
994625
990459
994362
990377
991824
9618
9319
990083
991326
994447
990817
990150
992002
992088
991755
991529
992826
990099
994190
994327
994410
992774
994756
994342
993214
991139
992129
992618
991884
60
990584
993414
991256
994949
991699
993304
993866
992265
991745
992625
994134
992964
990560
993536
991411
992379
991664
994217
994341
990678
992104
990172
992776
991222
9682
991386
9007
993515
9379
992350
993639
991630
994515
992527
990464
991706
992278
991931
991035
990368
994368
990041
994493
991106
991224
994585
993628
992997
65
994541
993650
992882
9274
992598
990408
9496
990578
9517
994340
992933
9807
992564
990121
992404
994481
994954
991225
993240
992736
9095
991696
990942
990413
993235
992189
993565
992165
990075
9873
992752
994635
9031
994349
9810
991925
993698
990961
990794
990847
9649
991020
990891
9801
993723
990145
990305
991011
994995
993312
9413
994454
992056
9134
990005
991132
9677
9146
994691
992184
9533
993691
993173
9730
9195
992523
991291
993851
992996
994394
994086
993005
9624
994163
991571
993111
9123
994260
990593
9503
992934
991611
9009
994652
9600
993489
991888
992590
994988
9814
9089
991257
9874
993889
991854
990242
993754
993864
992125
992058
991954
991077
992353
9427
993847
994148
992902
993172
9338
9861
993878
9699
991357
992255
992487
9079
994672
991273
9171
990098
992060
991502
992357
994651
993724
993190
9267
990939
990143
9100
992516
993739
993678
991698
993264
993618
993958
9101
992236
9889
993248
991569
993831
993795
994147
991588
994866
994059
991831
993540
994845
991417
994609
9331
991498
9133
990913
990804
992567
990392
9284
990424
994241
994232
9570
9762
992455
994507
993772
992775
994382
9597
990966
9299
993685
993558
993932
991408
994613
990880
992609
992928
990530
993453
991897
994755
994048
992666
991061
991012
9327
9678
992763
991734
993144
993812
992261
993274
994639
990848
994839
991039
9277
994865
990938
991080
993684
992878
993901
993371
9071
992049
992790
9723
994056
994154
990216
991036
991216
992614
9844
993329
990610
9615
9285
9156
990652
9838
991554
991191
992991
9395
990220
992494
993148
993617
994115
991475
992499
991570
994958
77
9864
991033
994253
990849
993661
991464
993079
994200
993867
993808
993721
990998
991287
992872
9595
991644
9292
9288
991837
9345
990275
9545
992777
993576
993727
994434
992619
992270
992476
993281
9012
993305
994164
991691
994098
994178
992804
992981
992308
993032
993765
991453
994463
991480
991034
994417
992120
990411
9203
990044
991505
993838
992057
9477
993251
994489
994114
990985
991141
994525
994487
991381
990641
990828
994842
990781
990693
992498
992475
993801
991620
991719
993589
994140
994206
990639
991074
991018
990010
994406
81
992740
993963
994747
991723
991402
992728
9213
993974
994267
994282
994674
994703
990756
9214
993556
994704
990618
992083
994303
990556
991646
990905
991680
992312
991804
993991
992676
994501
992696
994637
993735
991549
990412
990237
994169
990765
992263
991545
993077
991217
991863
993729
992686
990046
9692
991233
9175
9605
9694
993272
992274
994307
994306
994804
992691
990815
990509
9509
990458
990238
990406
990050
992931
991650
991999
991647
994647
990069
991553
994087
992831
991720
993796
991961
9607
990429
991208
991657
994710
993165
992246
990478
993591
990527
991440
9414
990603
991470
9846
9541
9240
992759
990628
994344
9444
992667
990160
990286
69
994266
991292
990159
993751
990003
9809
9369
993470
993074
9142
9247
994619
992577
993644
990521
993353
990871
992880
991705
992732
990176
991817
990798
993871
993785
992187
992941
993631
991495
993000
993869
991177
991656
990437
994987
992613
991375
993417
991514
994870
993641
991904
991356
994883
9516
990917
991663
991192
994918
994604
993990
994665
994680
990630
991392
990681
993334
992175
991773
994409
992772
993347
990448
9055
992432
994519
990052
9258
994116
992536
992504
990360
9038
992642
991807
9412
990453
990113
992119
991394
990330
9832
991880
990594
992671
993339
994926
994498
9665
9029
9209
992377
9104
9697
57
991662
990334
990620
990549
9534
993877
9044
992834
990635
990445
994623
991959
992674
993746
992606
991082
991649
993718
992806
994284
992303
990701
9781
994035
991202
994638
994570
993774
993892
994970
990398
990349
990523
993511
9059
994826
990327
991901
993004
990912
991653
9695
991736
994247
9458
9409
990431
991403
990731
993238
990738
991670
990867
993510
994963
992842
990090
990537
9042
990365
9271
991979
991677
994944
993082
993207
990908
994653
9272
9468
991821
994601
991137
990535
992142
991460
992191
9249
990870
991741
993875
990259
991862
993228
9842
992411
993377
991341
991089
990082
991049
993201
993711
992750
9875
993822
993716
990151
9141
992550
9754
9660
994713
9680
993905
990028
9868
993210
9189
993916
994596
9880
990755
993647
9086
992859
992431
992510
993923
990192
990646
992897
994696
992637
9235
9561
993028
992137
992741
991828
991069
990053
993130
9563
993081
993462
9704
994461
990166
992610
992468
994698
9489
9471
994920
9336
990231
994597
9054
994460
993294
991388
994414
9454
993011
993349
991000
992607
990572
994562
991667
993471
991598
994398
991418
994308
992783
994255
994239
991046
992108
990080
9671
993431
993367
991401
991572
9391
991306
990716
991260
992055
994749
9616
991958
9067
991153
990267
992115
992080
991648
990148
991438
990561
994491
994054
993582
993642
992624
994859
990518
993986
9523
992906
994420
993419
993764
9896
990656
993295
991205
9787
990686
994832
991521
993523
994391
990250
993702
9404
990571
9711
990882
992995
994374
994853
993780
993529
993192
994914
994910
990935
991836
991507
994471
992204
994214
9041
9250
994891
990856
991419
9640
9111
9165
9527
994312
9725
992106
993553
991282
9396
991173
993747
991772
990214
990692
991596
9751
992019
993468
991076
991231
993348
991703
9433
990396
993296
991690
991676
990837
994002
990359
994457
994947
994641
992594
994965
992264
994743
9295
992180
992531
89
991526
79
991788
990737
994234
990158
990972
991327
994582
993896
992685
9542
994610
992260
992395
992837
994900
991882
9825
993760
992197
82
990515
991425
9610
990255
994645
990221
994827
991485
991748
994578
994235
992145
992875
993955
993966
994155
9738
990450
994726
993829
9328
991487
990968
992018
990207
993076
994431
9805
9469
990703
9243
992113
992559
994973
990907
993513
994204
993243
991859
990299
993331
9631
992944
995009
993995
990640
990959
992033
9581
991335
990784
993856
9718
9280
994013
993934
991024
993197
993728
993506
992785
991021
993961
991839
991777
9210
992747
994526
9064
992378
991215
990897
994837
9148
990660
993184
993855
990760
994389
9407
990184
9500
990552
992500
992820
992098
994094
994670
994435
993849
990301
993061
991347
992302
9180
993779
994517
9253
992035
9032
992458
992885
991548
991430
993547
994901
990909
994983
993242
990820
992762
990037
993441
994380
991834
9687
9584
990203
9068
991471
990792
993906
991496
992041
993734
992093
994418
9888
993225
990982
992004
990124
992766
990793
991550
994771
9117
9405
991950
992756
993204
991783
992028
9430
63
991461
990313
991652
992010
992059
992074
991054
9092
993968
991591
992221
991284
993317
990436
993185
990541
991697
991348
992335
994875
992440
72
992778
991919
9221
9182
990187
991985
993827
990072
993094
991661
991955
9530
990004
991346
993374
990861
9053
70
991276
993522
993193
9001
993833
994761
992569
9423
994061
992572
992457
990925
994787
991154
992406
991101
990836
991324
990432
994243
9663
990948
990699
993848
993472
991060
992076
992703
992895
993514
993297
992109
992545
990058
992030
990866
991196
991008
990550
9136
993811
990964
9526
990325
994179
994367
990653
993504
990596
992490
9326
994588
993179
991709
994334
993638
991323
993919
992131
993907
993820
993017
992130
991917
990247
9479
994299
991829
991627
992824
993630
990023
994404
994757
9008
991209
994088
991785
993773
9865
992793
993085
9065
993659
994252
993455
992730
993924
994403
990960
994945
990989
992144
993501
991359
993426
991737
991840
990767
994769
990832
990266
991695
990089
9675
991631
993972
994852
992967
9425
991172
992534
993612
990577
993497
993705
994256
993003
991264
991050
9588
9732
990944
990027
993672
991185
990434
991547
993458
991552
993781
994864
993372
990663
994316
990927
993394
993973
991768
990566
992193
994093
992045
9736
994423
991112
9276
993573
991165
9740
994353
9521
9513
992857
9229
992334
9097
992304
9207
994568
993583
994599
990347
990292
992988
992973
990218
993262
992597
991504
991733
990581
992754
990348
991506
991058
994330
991763
992415
994799
990554
991927
993873
992324
994150
994196
9522
9119
993852
992210
993936
994495
994297
994280
993544
992683
992296
994233
994001
9224
990358
78
993549
993138
9320
9005
993438
994426
990226
9664
994320
992932
993434
995003
991678
992779
9361
990102
992903
992008
993688
992168
993879
993938
993872
9222
993280
990467
995001
994144
9161
993026
994286
992489
9085
9849
991091
992451
993956
994746
990720
992200
994547
993313
9602
9052
994043
993464
990487
993357
992323
9559
9178
993408
993882
9202
992907
991864
994184
993216
991393
994473
993326
993490
9828
991431
993328
993385
990457
990707
990462
9091
991329
993037
994544
991435
990302
990268
992949
9028
991929
992616
990600
990243
994736
992419
991952
992417
992009
992786
991187
993845
9355
994470
991022
990232
9643
9690
991878
994934
991592
991940
992026
993837
993249
993667
9487
9312
990380
990472
992070
992279
991407
9273
9884
990669
992975
990534
992428
992552
992738
990119
991365
9106
993049
992535
991568
991615
991096
992148
990544
992920
991632
994355
990517
9231
994261
9507
990008
992442
9234
994833
9304
993155
994598
9847
993758
994684
994390
992480
991847
992799
9251
994615
992518
9745
992385
994911
991607
992179
991776
991803
993814
992154
993309
990606
994801
993862
9859
992714
991537
994458
990570
9639
993423
9128
991894
990708
9027
993494
9791
993469
993223
992985
994617
990019
990599
992272
9636
991010
994693
992219
9448
990680
991597
994325
993404
993226
994894
993391
993370
994502
994100
993654
991724
992021
990675
9463
9339
53
9343
992289
991774
991138
994728
992751
990272
992715
992209
991484
993203
994939
992149
991843
993050
991045
993364
991212
61
993835
9701
991219
992694
993564
991729
990059
994683
993619
993962
994921
993279
992391
9591
992860
991439
993841
991866
991443
990086
993230
9707
993068
993151
992486
992693
993800
990877
990539
992879
990969
992856
993559
992268
990142
84
993393
994679
990981
991536
990188
994271
991642
991760
990806
991767
992801
9362
990215
991044
990136
994201
9520
990860
990350
9377
994057
992530
991886
9127
993412
991454
9439
991518
990440
993799
991457
992794
990758
994162
992319
990376
993928
9818
9574
992617
991114
994744
993289
9670
990345
991654
993505
994773
993446
991672
993265
992553
990773
992355
994660
991087
992212
990281
994718
991350
994318
994856
9289
994400
993072
991881
991858
9144
9569
992855
9891
991354
990144
991674
992256
994245
9360
990038
9852
9268
992942
991109
994251
991370
990619
9706
990316
991816
990141
9647
994763
990410
9837
994030
990026
990864
992337
993247
991479
993321
990418
992433
993070
990624
993022
993978
85
994514
993110
992929
993316
991128
993055
991442
990591
993787
991721
990876
9622
992808
9897
990204
9014
991589
993008
991876
991409
990626
993152
990490
993512
9702
9416
990931
991229
991113
993579
9394
9575
994157
9755
992575
990829
993925
992211
992251
9650
990687
994872
992329
9858
993014
991368
991253
990451
992364
9025
993605
991268
993285
990253
990597
993738
990312
990021
9436
991280
9410
994786
994007
9441
990379
9296
992953
9532
992538
991203
994677
992551
991993
994571
76
9162
990190
992846
992311
991467
992725
990613
9566
993761
991269
992542
993381
992277
992769
994067
9882
991004
990015
994733
994522
994836
9748
992285
990921
990992
990048
992136
9401
9593
990029
992848
9728
990223
994985
9841
991400
994302
992871
991399
993182
994583
993051
990522
990508
994905
994992
990106
9015
991727
993697
993842
992965
993332
991503
990229
992634
990636
991953
993562
9445
990768
994591
994741
992479
991379
993894
990536
992646
990802
9514
993561
990974
990650
994986
990002
9282
994313
993461
992849
994288
990107
990001
991797
991538
990435
991626
993792
994937
991516
990262
9072
992157
993595
990736
994331
990043
990477
991474
994959
993344
9217
994198
992788
993403
994172
9366
990198
992344
9120
992013
994365
994714
9314
994857
994298
993335
994877
992827
993187
993526
9525
992292
991345
9769
990769
992615
992735
992237
991321
991158
992169
992638
991223
9651
992955
993655
992963
991372
990195
993663
992966
992719
991921
992244
993209
75
9426
992241
990163
991609
9572
991053
993205
991199
992227
991731
9245
994830
992347
992923
992898
991861
992682
994772
992962
990928
993996
991369
991446
991932
991799
992217
990153
991920
991524
994535
991026
994618
992128
992947
993368
991027
990260
992166
992216
991628
9716
994611
990875
994695
991781
994993
991911
993369
990208
994956
993554
993610
994020
994488
992767
990339
992629
993580
9592
994706
9783
992047
991675
991874
993177
993794
994594
990978
991436
990786
991683
990952
994931
991749
990896
993384
992007
992140
993805
994967
992252
991700
994294
994650
993343
993191
990551
994667
990252
990689
991751
990063
990950
990920
993887
9004
992672
991928
991174
991366
993960
994329
990743
990532
991120
993392
992248
992078
992135
994322
992470
993030
994584
991056
9192
993598
994295
991546
990494
992649
994142
993680
990553
992724
990205
9822
994682
995005
992652
991086
992773
9788
990414
992146
994455
9778
994231
990074
990627
9831
990186
991759
9109
990370
994540
992867
990783
994916
992438
990762
994017
9152
993269
990258
9050
993971
9056
992039
990444
9093
993128
994678
994422
9242
991651
993816
992604
9163
995007
993093
991853
9392
990946
992321
9179
9770
991838
990844
9461
991617
993897
990071
990289
9612
992993
992543
9617
990433
994892
992816
994482
51
994436
990217
991148
992340
994469
991070
994722
993194
990269
994337
990474
991384
994419
994151
991210
992839
993767
993945
994904
994291
990167
992843
994784
994413
991097
9325
68
992320
990651
9620
990057
9037
990822
994399
994194
992443
992105
991041
991795
9390
992918
9829
994494
992133
992099
9823
990244
991275
990333
9227
994136
992118
990634
9147
993645
991405
993031
991258
9279
992473
993097
993013
994778
994980
62
994310
991017
992101
990729
991933
993233
990357
990091
993548
990845
991946
991541
994760
990452
993063
991583
991385
991423
992386
991245
991186
990500
992172
992330
993660
993930
993106
992723
9635
991669
990843
9135
994831
992407
9257
991342
991637
992989
994028
993942
993669
990012
992823
994401
993407
994952
993002
991228
9472
994264
994006
9293
990123
993970
990983
86
994046
990264
991822
990149
991123
994319
9418
993899
994984
9672
9322
992001
990397
990807
990224
993572
991149
993211
9076
991513
994527
994369
993482
991085
990257
990519
9385
994510
991261
994497
990616
993998
990130
992493
990986
991948
990590
992866
992635
994560
990979
990685
990588
991743
9654
993593
994259
9627
990872
994221
990138
994207
993080
990611
993025
993129
9483
9808
991251
991972
994211
991750
994643
990401
991302
993844
993473
990778
992899
994113
994377
9776
994796
9316
993359
993745
991935
990249
994203
992492
993217
993830
991238
992110
994083
991848
992874
9587
993105
992883
992243
992482
992910
990712
992294
994730
991283
992819
990336
994359
990403
9668
9088
9372
993109
994301
9334
992143
993690
994978
990020
992202
993257
991909
994550
994229
992781
992416
991009
9383
991071
992915
990068
992956
993557
994395
990375
993770
992343
992132
993904
994321
990273
990191
991956
993137
990456
990112
991744
993941
991992
991988
994188
993533
993927
993701
993451
990084
992454
990753
9026
992491
9794
990943
993545
994511
990483
993819
993224
990622
9756
994863
994906
991753
993539
994592
992796
990929
990665
990265
992702
9795
9669
990811
992757
992654
994122
9035
991610
992064
993139
9090
9324
992271
992979
993858
992502
990355
993282
9335
992574
993100
993946
993708
993387
992684
991184
991298
994512
992640
993868
9130
992066
991883
992094
994173
992029
991254
993662
991463
994871
994991
9464
9715
9498
993406
992160
9112
990335
991168
993836
991974
992208
992100
990290
993390
992983
52
992976
993125
990608
990644
990157
994551
990045
993756
994120
991339
991412
994537
990749
994104
9898
9760
991995
993910
48
992780
992612
990423
993909
994923
991997
990751
9475
993753
992097
990393
9429
991757
992653
994095
990179
993048
994612
9081
993939
993318
9886
994566
990744
994279
990916
994884
993766
994496
9773
991944
994328
992472
992235
993200
994016
990888
990344
990725
990520
992253
992332
991875
54
993361
992958
992194
990025
992909
9634
992231
992734
991234
993229
991593
9700
990735
994138
994097
994034
993380
994103
993832
993495
991458
9782
993500
990116
994269
994586
993231
994205
992970
990161
992791
993254
9621
9486
991421
9233
991157
992338
991898
991094
9667
993389
991333
990284
993492
990782
993330
992286
992555
992829
994277
994165
992742
991406
991912
993775
992813
990990
993290
991879
9340
991971
992116
994027
990531
992300
993520
993658
993585
992936
990887
993131
9309
991601
993135
990438
994898
994492
990485
9191
993073
992768
993997
992126
992596
994922
9452
993354
990506
991668
994503
991522
994950
9604
994663
994658
990955
9199
991150
9539
994941
990034
991643
992811
991784
9790
990775
993911
991512
992805
994775
992873
991214
990764
991029
9387
992900
990078
993846
993620
991189
990629
991877
994946
994386
991410
994966
994917
992888
9215
994705
994788
990364
992539
992022
991728
9193
992063
992299
992770
992749
992495
992508
9568
994101
990018
994727
993160
994044
994867
991048
993640
992497
993876
993737
993007
9376
993033
9625
9780
991613
994738
992326
992449
990263
992700
990827
990493
994486
991561
992158
994975
991296
991043
9502
9717
991975
992628
992943
993222
993146
993040
990835
990455
9576
994508
994940
992927
990759
993382
994152
993853
990108
994767
993908
9043
993325
994063
9070
990346
9105
994124
993448
994402
991991
990402
994276
992583
991344
994210
991028
993397
994274
990808
992362
993039
993356
991416
994903
993616
993488
990036
992984
991604
993024
9893
994242
991658
9415
990369
9140
9084
994338
991102
994265
992301
9596
993912
9185
990381
994664
992870
993427
990852
990168
991126
992345
992220
993324
990170
9102
990940
992356
9848
991551
990576
992087
990787
991246
9685
992134
991934
9628
993089
990051
990271
992483
991376
990976
992082
991718
990040
994387
9039
993227
991332
990343
992771
992968
990382
990893
990495
9158
991107
993843
992707
991665
990854
992999
990300
990282
9515
9480
990100
9820
9564
992284
994354
990337
993825
9381
994257
991213
992141
991608
9491
9529
992743
993804
994868
994777
994160
9003
991343
9826
994632
992673
990902
992402
992645
9705
990740
992000
991190
994669
992371
991606
992287
993653
994990
9824
993090
9435
9798
9000
990879
992795
990416
9386
993893
991666
992600
993568
9347
990700
990858
991501
994066
991922
991066
994275
9252
994112
9772
991468
994445
991455
990661
9291
992869
991122
990294
66
992459
9674
994425
992876
991936
991981
991404
992954
991072
994285
991747
991121
9359
993886
9599
991704
993677
9184
990637
994994
990363
990580
992621
990405
993502
993379
993466
992739
9890
994421
994047
994564
994666
992708
993543
994627
992526
9006
9206
9073
9727
992310
992727
991006
990479
990065
990714
992602
990546
9408
994099
991124
992446
993828
992709
992556
994955
992722
992945
992196
9785
994428
9402
992014
990918
992469
994050
990114
9353
994191
990422
9696
991042
9238
993162
990752
991752
991539
992755
993206
994071
9344
9655
991472
991739
9036
9160
990579
9194
993302
993432
9061
990496
994108
9642
9164
994513
993465
991786
994897
994851
991232
994834
991426
993980
993096
994137
990930
990481
994533
9786
993241
993516
994033
992821
993396
993092
992573
991579
9287
994806
990230
992633
991659
990428
992050
993722
994655
9857
990504
990705
993071
993103
992199
994254
991738
9139
992568
993789
994770
994236
9264
991092
991957
9239
992802
56
991730
9611
994913
9420
990097
993457
993422
9476
9333
993443
9138
991825
990288
992112
993189
990771
993748
994315
992948
993813
991452
990341
991144
991942
990035
992939
992249
992765
992123
992372
990469
995002
991230
990859
991221
993346
990378
992359
994289
992562
991633
9703
9473
990476
991103
991508
991380
992908
991543
990754
991983
994459
990911
994065
9228
994073
990088
9113
991634
9681
9094
991483
993365
993292
994737
994581
990996
991263
990895
9459
994989
992917
991770
993450
993363
991830
9777
9047
992698
991746
993577
993052
9269
9317
990617
991063
994102
992760
994343
991787
992643
992940
991949
994126
993681
994977
991605
992450
993733
994912
994768
990670
9131
993570
993809
990140
993982
994622
994052
992052
993036
993778
994213
991249
991466
991918
994998
993957
991660
991978
9297
992520
993546
993994
994443
992198
991930
994687
991371
992259
990533
990696
990227
994569
991297
992886
9734
990633
9350
990609
994927
9174
991211
994765
990545
9216
990219
9219
990726
9548
993186
992020
994384
994711
994559
992245
991255
993121
994351
991635
9382
994534
992195
991622
992960
990213
994780
990548
992380
994631
992053
993271
992525
991104
994018
992092
994907
993398
990947
994686
991844
992062
990734
994776
991968
9713
9046
994250
992267
992978
9447
993895
992644
991146
992822
994077
991169
991355
991110
990558
993246
994603
993699
990354
991735
9302
992863
990949
9601
993826
993730
9504
992424
993541
9853
992400
9646
9122
994690
991511
992283
992162
990441
994442
990366
993731
9661
991567
993420
990400
992608
991793
992382
991945
991726
991899
992789
990542
992447
992016
993670
993149
991585
990890
990718
994644
990601
992815
9421
990825
991984
994807
990039
993355
9346
9183
9557
992471
992203
994630
992293
9648
990524
991242
993883
990463
994326
992032
991702
992025
993399
990189
991414
993933
995008
992692
9855
993649
993757
993552
9571
994248
993524
991629
992230
994180
990991
990101
993035
994890
9774
991769
991188
994794
994462
994424
992394
990129
993943
991037
991131
9585
993496
993517
994536
990371
994133
993291
9802
991673
993656
994500
993112
990958
992558
992346
993300
994925
993863
992233
992054
994019
992705
990064
992914
990587
993059
992075
992532
993006
994549
993133
993674
992325
992096
993256
9428
992127
992005
994774
993166
992841
9380
993636
993463
991754
994168
994012
991578
991304
994408
994407
992363
991331
994634
992333
990598
994240
991889
990120
9115
994671
990980
993087
990757
991775
991456
992072
9030
992288
993921
9330
10
994159
992420
992517
991218
9116
990770
992167
991682
990384
9761
994092
9698
992971
993029
991810
992291
990919
990642
992892
9370
9658
991910
991494
990169
993168
993320
991156
991428
992853
994258
9652
994580
993136
991025
991941
992068
993293
991477
994230
990404
994759
993664
990834
990095
992800
990180
991740
993521
994444
994981
993999
993903
994003
992192
991902
9323
993416
992412
993287
9200
990904
993749
991337
991905
9150
991075
990818
993840
994694
992322
991183
990557
993250
991982
991325
990076
990855
992972
991641
992409
990894
992044
994039
991938
991525
993215
994125
990293
994742
9013
993362
992758
9644
990430
993132
9817
993452
991252
991640
994366
990562
992190
991819
992893
991349
994702
993810
992023
9623
994942
992159
994589
992833
992561
991679
990070
991796
992512
991160
9305
993931
993178
992381
87
9419
990291
993147
990501
993720
993763
994919
994072
993657
993777
991352
994218
994539
993386
991378
993425
990298
994764
9034
992938
993202
990850
991088
990270
990750
991857
9365
991340
993429
994828
993596
991527
991575
990361
991301
9263
992396
992095
990092
994642
9878
992887
993918
9746
992275
991885
994283
992994
994345
992746
994577
994358
992548
991108
994676
994873
992445
992521
993275
992085
993527
991179
994732
993861
990512
991486
993665
990565
9550
993460
993098
994628
993437
9758
992313
9078
990967
9478
993611
993484
991391
994509
992316
991143
9536
9248
992675
992584
992318
992537
992711
992987
991267
992327
991432
9474
990000
992952
993288
991420
994158
991207
994323
993057
991947
993797
992720
994620
993124
992524
993284
990279
992077
993099
993198
9256
994558
9871
990528
994465
992257
990739
990507
990193
994999
990285
994915
9693
992122
994803
991531
9659
991716
9537
994548
991476
993232
9351
992544
990062
9673
990647
993874
992297
991167
992563
9485
991943
994700
992847
991170
991200
993752
990011
994049
994879
994948
994074
992418
990951
991960
992171
990280
990287
992713
994022
994293
9002
9208
990466
993360
990711
9747
994096
991459
9579
992413
990246
9528
991336
993123
993480
9124
994715
9750
9114
990975
993020
993569
992348
994795
991145
9813
990791
992422
990031
9806
992854
990595
993266
994572
991197
994600
994405
993164
991806
992792
994850
992387
993712
9298
9684
994025
991266
994376
993327
994171
991062
991989
990491
994616
994249
991140
994477
990664
992373
993651
993750
992328
990420
993922
9632
994448
991125
992081
990994
993788
994393
9357
994996
9800
993839
991016
990607
991849
993062
9577
9167
993159
991907
991577
994793
990809
991865
990122
991119
990374
991134
994752
994633
994287
992922
994372
991272
990898
992410
9883
9484
993444
990631
992434
992051
992896
9867
992034
991559
991116
992716
9241
992655
994962
9367
994467
992549
993342
994219
993440
993884
994309
992309
991540
990831
993319
993885
991057
991845
9332
993069
992484
992557
9590
993053
994543
993134
992477
992389
992877
993736
9524
9023
991820
994192
993567
990936
990965
992695
993913
993244
9374
993703
994135
991424
990816
992226
992835
993001
9434
9417
994484
990702
990932
992351
994523
993634
994385
992632
993483
991389
993673
994614
991305
994146
993310
991939
994000
993314
990473
9493
991398
991764
993245
993478
993823
994928
992250
991686
993646
990963
993682
990721
9126
994055
993834
991130
9220
991914
990741
991969
994015
993637
992488
992266
993234
990869
994304
990118
74
990109
992554
994244
992091
992331
994681
993038
994371
993581
9580
990514
9354
990154
992036
993888
990612
993475
9553
993491
994750
994438
993477
991614
993418
990211
9567
993273
990924
993890
9236
991692
991482
990690
993410
994506
994064
993476
992884
991274
993732
991413
992011
990096
992881
994153
9578
991465
994081
994782
992712
992150
990073
993566
990362
994556
992704
993850
990945
993218
990386
993578
994835
991067
991478
9609
990555
993283
992950
991714
992636
992507
992161
992156
993485
994745
994193
994938
993782
992664
993584
994930
991395
993629
9348
993439
991047
993988
992911
991732
994646
990338
993175
992405
991031
994004
994069
9816
994453
993388
992069
9024
991809
992818
990853
993535
994816
993793
990373
990790
992580
993696
993538
994565
993060
992858
990780
993743
992421
50
88
9779
990342
993195
992828
993064
993937
994621
990704
990826
993719
9598
990621
992974
993154
993456
993790
994815
994624
994862
992425
994177
993742
9442
993298
9020
990668
992889
994089
993542
9457
9724
991685
994997
994379
994262
994561
9710
992295
992894
9451
993518
991887
993783
993762
993528
990574
993594
9265
994396
991892
991855
9583
992784
993267
994032
993571
992706
991846
992073
994699
994932
991712
990399
991133
994011
993791
993860
994378
994090
994629
991515
992408
992697
992465
993786
992186
990717
992234
993126
991462
990540
990632
993771
992547
9582
990395
992478
991387
991558
994131
993695
993163
992107
994753
994740
993161
991926
9603
993479
990586
9737
992086
990851
991766
991373
990777
991290
991201
9511
993034
992603
991805
994555
9686
992397
994415
9411
991900
990066
994040
991450
991890
992925
9606
9266
990772
993413
993041
993395
994751
991175
992366
9744
994350
992519
994504
991277
9307
994899
993021
9549
994456
992729
9393
992571
994167
992429
994688
992067
991765
991448
9205
993436
994195
994348
990407
993700
9466
990502
990296
990715
992152
993421
991353
9887
990181
992436
991639
992503
990233
990683
992228
9562
990999
9166
994521
991916
994237
993803
993870
994161
993964
994673
992710
992605
990385
992511
993607
9143
992170
994924
992121
994557
992430
992392
993174
992501
994238
993935
990197
991557
994657
9438
992627
994373
994437
993707
991964
990732
994724
992435
992393
990391
993120
991142
994707
994895
994026
993010
993056
990415
993587
993676
992280
990569
992232
9543
991236
993219
990763
9767
9388
994392
993108
9118
991469
991055
993806
992701
9074
991226
991377
994317
994829
991181
9494
993499
994545
994127
994951
9400
992721
993953
993671
993759
994045
990615
993066
9352
992961
990061
9363
994656
990582
994346
994357
991444
992273
991166
991780
990234
993153
994145
993239
990131
990538
9565
994893
990185
994439
991362
994719
993183
992977
990033
992218
992980
9460
9453
990032
994084
991127
993560
991374
994800
992040
991990
994451
992533
993900
991073
990283
990278
992414
9763
994861
9833
993574
993196
994953
9173
991923
993180
9431
994817
