990146
993951
992916
991587
990883
9294
994961
990868
994858
991493
990915
990914
993714
991689
990134
992215
9753
9329
992361
994187
993118
994314
9129
992090
994021
990024
990498
991363
992659
9714
9349
990178
992173
9176
993058
990713
9531
990709
990673
994825
990055
993755
992957
994117
9108
993015
992951
9482
994530
991270
990874
9080
992611
9155
993597
991584
993016
993668
990443
990465
9836
990625
991986
990248
991621
994929
991722
990297
993336
9397
991893
990104
991040
993575
994729
994475
993019
990638
993954
994748
991161
990110
991090
9232
992354
993236
991178
992905
990426
993220
993415
992992
994091
990697
9237
993769
991100
9869
990910
990388
993315
994720
993744
9107
990087
9720
990115
991429
991576
993481
9641
9614
991105
993323
992139
994790
991833
991059
991871
990202
992174
991491
990394
992079
992370
991841
991711
993188
9629
990788
9186
9757
9051
992522
994685
990209
990575
991163
993176
991895
991826
993613
990830
990747
990645
994485
993920
9721
993409
992464
991497
992591
992390
990662
994659
9535
990583
9613
991510
992038
991240
992891
994735
991851
994305
993141
9688
991118
994968
994754
991520
990251
992298
9301
990085
9860
991835
992798
994593
992904
994668
9827
990127
990372
58
994843
990814
992238
991002
992281
991517
9261
993776
991915
994869
993333
993322
990821
990941
994573
991295
994347
992586
9796
991068
994082
993221
991906
9506
991856
990117
991794
9450
994005
992031
9254
990733
994542
994370
992901
9422
992657
990173
994943
993212
991492
992369
994129
994553
990447
990328
994031
993145
990171
990984
990881
9518
993625
994053
993648
990730
991717
9608
993692
992262
9768
993044
993509
994574
990326
994278
994440
991586
9731
9110
992812
991509
991235
991852
9589
9775
994208
993350
990977
9722
994791
993411
9033
991823
990049
9403
994058
991564
990997
9278
994809
992439
9187
990691
9899
992852
991415
994176
993447
994546
990417
9581
9558
9270
992662
991052
992024
993741
994933
9551
993278
992375
9132
990128
990766
994781
994697
991328
994156
990475
991204
9799
991473
990007
992352
992797
990862
991790
991250
9058
994766
990314
992639
9872
992592
9456
994272
990480
992838
991963
991155
994885
992998
990513
993127
994076
993534
992339
994038
991244
991281
991237
991038
67
992576
993798
990356
991447
9877
993402
9815
9153
990926
990564
990329
994008
993181
9741
9283
994876
993486
991687
9246
991789
993430
991701
990813
993260
992582
991023
992383
993459
993083
994490
9154
992731
992803
9689
991294
990315
9259
993255
9866
990654
994520
993857
990390
992868
9103
9399
9885
9446
9803
990796
994626
9087
993351
991980
9443
993590
9691
9739
991227
9432
991220
991684
992844
992832
9505
991383
994576
991523
991259
9709
990810
993992
994854
993493
9281
991099
993352
993375
9373
9018
9226
9765
9735
992807
994896
991612
9290
992089
994567
993150
991247
991638
991962
9797
991449
990165
9490
990318
9218
993784
9170
994529
990516
994311
34
994132
990022
993949
994079
9862
994608
994037
9358
994170
990684
992437
9560
992290
994483
992061
9881
990303
991869
990559
994141
991364
994889
993818
993158
9197
994882
9879
994228
990352
991500
994538
9201
9149
994296
995006
994602
994060
991973
9062
9850
992969
993042
9657
991206
994636
992689
994041
990210
992207
9198
991286
991791
992103
993086
990503
9821
994723
994969
993009
992678
991563
993023
9375
990183
990353
992670
994189
994118
9313
993979
992466
990177
992341
992003
992037
991198
994575
990013
994388
990724
9318
994023
9637
993965
990006
994042
9519
991987
992661
991771
994183
990906
992124
990812
992836
991003
994202
990934
994105
990953
991603
994121
993967
994648
9870
994838
993345
994333
994499
991007
993286
9082
992401
993532
9384
992699
994110
991681
994324
991715
992840
991314
992830
994649
993693
9321
9812
9626
992012
992065
993675
992825
991162
9540
9151
993608
990030
9204
990838
990623
993952
993666
992737
994181
994579
994300
991241
990666
9066
9159
991977
992315
993950
992213
9656
9462
993859
991544
991317
994209
994957
990987
994062
9145
992515
9719
990841
991976
994468
992269
990427
991382
992890
993065
990706
994106
991427
993603
994972
990111
9830
990331
991533
992851
55
992726
9554
993807
990470
990488
9172
990648
994692
991590
9230
990256
991725
9766
990295
993880
994855
992456
991164
990993
991832
994909
9244
990745
992485
993976
990182
992164
994449
993078
990857
9708
993208
993525
993261
992247
995000
9726
9017
990658
992810
991322
990060
991499
992651
9839
992155
992658
992814
993706
994936
992214
993107
991707
9645
49
993338
990789
994974
994708
991051
992913
9546
992462
991618
994675
9492
991996
993985
990728
990962
9749
990132
994563
9083
994505
991529
990884
991713
991152
994263
9495
991115
992921
994595
992528
991710
993027
991708
994474
991903
990970
991824
990878
992349
991645
990563
991441
991693
991815
990351
991966
990486
83
990225
992258
993621
992527
990222
9863
991397
990484
9075
991303
990240
994874
9319
991437
992239
991994
992656
994640
9555
992205
993253
994552
994036
994416
991367
9371
991390
994785
992626
993628
990320
9168
9077
990156
993969
993075
990454
990589
990245
9125
991079
9406
993689
990321
993915
9676
991182
994009
993551
990081
9098
994412
994199
994888
9275
990604
990776
992912
990105
994014
9764
992046
991818
994515
994383
991625
990865
994979
992546
990817
993866
990846
991630
992002
994739
992114
990937
993981
993442
990833
994029
9286
990409
9619
991924
9496
990954
991782
9743
994478
993424
9063
993119
990922
990042
991243
990748
990863
993975
993609
991706
992882
991030
994068
991151
992687
993449
992761
9470
994995
990678
994541
991532
990093
991664
80
992774
993959
990239
992374
994585
990719
990459
992782
992776
992088
994216
992474
9069
65
994362
993173
990584
994654
9121
991239
993687
993095
993926
993639
9341
994464
994845
993633
992826
9011
991326
993167
993635
991411
993111
992990
993190
9262
992982
994481
9379
993304
990840
993914
993235
993340
64
994109
991792
991755
994902
992598
990126
993686
9729
993530
993341
994394
990939
990973
992625
9892
992618
994709
994341
994635
991931
991195
994441
9618
993650
992567
992997
990942
993795
991032
992423
991699
991734
994327
9137
9789
994410
992964
994368
992665
993723
993433
991225
994342
994147
992745
60
992641
990938
994625
992125
993618
992129
992278
991698
994270
991357
990041
991745
993240
994381
993536
991555
993698
994652
991012
9031
993958
992590
992255
992404
990238
994779
993565
993878
990145
994954
9095
990659
9007
992379
993067
990411
992455
9274
991671
992523
990408
993157
17
991696
993276
994507
993414
992928
992564
993467
992188
994949
992189
992487
991139
9255
993172
990464
994613
990449
9510
994691
9503
994134
991224
9171
992056
992353
9874
991386
992752
990368
994217
992184
990804
991954
993963
990847
993851
991256
9089
992104
9682
990592
990547
992165
991925
993889
990099
9801
994756
990121
993312
994493
992357
990413
991417
992619
994340
993248
9517
994434
9810
992350
990172
991222
990305
994190
9624
990083
992764
990961
991035
9195
992736
992933
993214
994163
991571
990150
9533
991402
991257
994115
990377
993678
992261
994417
994988
9413
992902
990891
990075
991011
994206
993555
991569
9597
991020
994454
991291
994048
994866
9730
993724
990010
9123
990593
992775
9277
991691
991078
9079
992120
994169
990849
994672
993617
9146
9267
9861
993453
9337
992058
993032
9814
991194
994086
993489
991588
992577
991961
9677
993685
994307
994306
991831
993864
990578
994349
994260
993684
991888
994609
990143
993772
9299
990794
990913
9009
991132
994680
990828
991408
993144
9665
994525
994489
992476
991611
993739
9807
9156
9012
993932
992246
992996
992057
994755
990701
991080
77
9649
9175
9846
9284
993847
993727
9427
993515
993274
9600
9134
991475
990530
994651
991498
991723
994447
992060
991191
992981
992991
990242
994842
994382
992614
990998
994241
994232
994982
993591
990005
991039
992930
991647
9100
992872
993754
993005
994865
990798
991287
992049
994532
994639
992676
991273
993371
993540
990781
993576
9692
9331
990639
994178
990237
993079
992265
994148
992790
994098
9101
994267
9395
9694
991074
992236
992175
991036
991884
991863
994087
990560
990216
990429
993589
990392
9288
991208
994970
994154
993974
9864
994870
993251
992609
9292
992878
9699
994164
992691
991644
991106
994059
992740
992732
993901
994487
991656
992494
993252
992934
9214
991505
990275
993353
993148
990458
992308
990478
990603
994282
992613
57
993165
993329
9209
991033
9762
990966
993264
993631
990641
993661
991141
991720
990220
992516
991217
991719
991897
993812
990098
994253
992696
992667
993558
991680
990556
992498
991553
9723
993272
81
994140
9873
994703
992499
9338
994406
9809
994114
993838
992468
993765
9615
993000
9832
990848
993990
993796
991453
991837
9071
992187
993735
9844
993305
9889
994883
991440
9203
990003
994344
991650
991620
994839
991216
990044
994637
9607
993751
990424
9444
9595
994747
9345
991356
993871
990523
991077
993808
992804
994116
9605
991646
993801
9285
990176
9838
991502
990628
991854
990618
991999
9240
991381
990815
990069
991570
992263
994647
992312
992504
991514
9516
9678
993831
991705
9213
990052
991292
992119
991817
992274
994056
991233
992191
993785
990046
992432
991034
9458
993470
9247
9272
994200
993867
994284
990681
993417
990652
994409
990028
992270
9059
991392
991464
990437
990731
992536
990327
990610
9327
9570
9541
990630
991554
991018
991192
994498
9412
991598
990527
991327
9509
994303
992880
991690
992686
990365
992806
990521
994704
993339
990620
9142
9468
994674
990765
9042
990871
991341
991000
993077
9258
993721
991545
990985
9545
994501
9029
993281
994963
994926
992083
993347
992610
993729
990160
993764
990412
994619
992777
991901
990050
992728
9104
994804
991662
990286
991375
993716
990571
990448
990113
992055
991657
991061
990870
991394
990905
993869
9751
992674
991880
990509
992906
992411
991177
992671
991069
992475
991807
9680
992995
993556
991495
994944
9697
993641
990360
990431
992772
990330
990334
990756
990537
9534
9477
994665
993718
69
993774
990406
993238
994859
993334
991663
990445
993192
994312
993081
992831
990912
990453
991676
9563
992642
991419
9038
990159
992859
994987
991549
9754
990594
9133
9055
993644
991736
991862
993780
994958
993294
993074
990935
993082
990090
993822
990693
994604
994891
994601
990535
992607
990716
991418
994461
993228
991202
991904
993647
994710
992763
9141
994460
9044
992377
993892
991089
991082
9561
992624
990184
9616
991460
994247
992204
993582
991137
993642
993462
991403
991470
992431
993875
990082
990053
994826
994578
9695
994638
991480
992303
991772
990255
991804
993691
990635
993905
994519
994463
993510
994918
991773
990917
994234
990518
991649
994266
993028
9454
990231
990738
994597
9271
9660
993367
993130
992264
994645
993011
993711
990646
991521
994308
992004
992115
993746
991667
994623
991703
991306
9787
993295
993210
992137
9189
992750
992260
9328
990755
993377
990349
993877
9221
992834
993991
9704
9711
993061
991653
9469
992180
9067
992897
9391
992637
990880
994570
992931
992221
992106
9671
9369
992941
993471
991821
9409
9880
9805
9165
9842
9781
990259
994562
990325
991260
9896
990882
994582
9471
9295
990549
993419
9875
990192
994391
990856
991049
993923
991741
993966
993702
990703
9414
994471
9523
89
993523
992510
994457
994713
993349
991496
990972
994726
993296
994900
994653
993511
990837
993995
993201
992108
992080
990151
993004
9527
990784
994947
9396
994420
994920
991648
9243
993779
990037
994965
991231
991507
990989
991282
990221
994641
992018
991670
9086
9336
994398
991839
992113
990359
992606
991438
991173
993076
990187
993856
994491
991979
994239
990214
994002
993760
991388
992142
991401
992685
992500
991958
990572
9825
990692
993207
990908
993431
994973
9249
993225
9250
994901
993968
991596
990398
994374
990867
990267
992875
990653
991788
994150
994698
991959
993184
992741
990207
9631
992033
991046
9182
993529
990158
993348
994596
9148
991828
992093
9064
991572
994696
991777
991335
993372
991882
993934
9640
994061
994414
9041
990313
991836
992395
991526
993896
990897
994771
994610
991955
993513
994852
991054
992820
991112
992458
991196
990640
994255
994404
990656
9513
9404
990907
993331
992842
991461
994749
991859
993916
990660
990004
9868
993197
991008
993849
9725
992778
992550
994832
994035
992766
992572
993911
994435
992098
990737
994910
994853
990515
992059
994837
992145
9425
9111
991697
994389
994914
990686
9489
992569
993986
990299
990166
993747
9521
990925
991347
70
991024
994093
990396
9407
994054
990250
990080
9610
992756
9065
992785
9687
994588
990023
990450
9888
991677
990959
993919
991021
994670
9253
993242
995009
993829
993906
9210
9054
992559
991323
992019
990982
9405
992490
991487
991276
993553
994743
993961
993522
992837
9423
79
990793
994235
994204
992440
993638
82
993820
991709
994155
993855
992041
9542
992074
992857
9207
991425
993955
993468
993550
990948
990124
991154
993827
991060
63
992783
993357
992944
9738
992010
992193
990554
990436
991768
993204
991215
990058
9584
994431
992534
9718
992035
994094
993514
994526
9663
990541
994316
993972
992703
993003
990301
993924
993243
993506
9032
991430
990968
993441
990909
990027
993408
9280
990964
993426
992759
993185
991834
9180
993094
9847
991076
992747
992895
9526
993734
990148
9097
9001
991058
991547
992335
993374
992028
992076
991864
991985
990570
9276
990792
992531
993501
993833
9530
992391
992131
991919
9433
992144
994252
990699
992885
991591
991284
994827
992683
993497
993085
991733
9085
9479
992597
992457
990203
9361
990226
993547
991627
9588
9053
994769
994320
990820
991748
991652
992109
991359
990072
990243
990760
994403
991678
9732
991346
993472
994367
994214
993936
994761
993193
992045
9068
991101
993612
990836
993773
991661
992130
990566
9430
991471
9091
990707
992210
993490
991329
9235
991185
9664
990960
992594
991324
994418
9117
992762
993179
993672
992378
994088
991829
991927
992324
990552
9500
990861
993070
990561
994184
991783
993758
9520
993781
993630
994280
993848
993573
993297
993973
991950
994426
991785
994380
992168
991393
994517
993544
994334
990358
991348
9865
992730
993882
993385
991550
993852
990866
993138
994599
9136
991050
991695
994934
990089
992200
991506
990268
993583
991209
992903
9092
991153
994736
993728
993659
992415
992988
993458
993434
991615
992030
992754
994243
990577
994286
991548
9643
994757
993811
993317
994256
990348
9320
990472
993394
992296
991091
992302
990832
994799
991840
994864
994787
991858
992738
72
9161
992279
993564
991917
992406
9119
9178
994544
990432
992385
994353
991365
990581
990119
992779
992932
993017
9304
9487
991763
991847
992289
990347
994030
992793
991435
991886
993845
990266
992304
9106
993203
992334
993155
992975
993667
991485
994718
993907
991219
991457
992907
990457
992148
992442
9222
9675
992786
991212
992026
994233
991552
990767
991504
994875
990380
992856
993370
995001
990292
993438
990663
994677
992535
993328
9326
990596
990550
994299
994911
993837
992009
990708
991205
991894
993037
993026
992973
990232
994423
991568
992552
991264
990462
994833
994179
993956
994746
990215
990927
990316
992451
993313
992428
991484
994894
994043
992949
993455
992714
994196
993262
991631
994945
9224
993464
993800
991929
993226
994568
990102
994355
990944
992545
9522
993309
992967
990434
9355
990669
993872
990467
994872
990680
9884
993326
9791
9507
994983
990208
994013
994458
994598
991843
991087
993494
994939
993654
9202
992323
991407
990487
991022
993381
9410
992417
992824
991776
993469
9273
991109
9602
9229
991138
990345
994514
993265
993280
990107
9591
990272
993873
990720
993938
991479
9818
992860
9027
995003
994693
9574
990490
994297
992489
993321
9234
991878
992518
992920
991737
991172
991354
991940
990086
992070
9690
991165
991774
994330
9268
993605
993619
992154
9008
994325
990038
993705
993216
9436
992008
994495
993404
9701
9636
84
9312
994728
9052
9532
9837
991866
9343
990379
994261
9755
991952
993761
992879
990410
993423
990418
993049
992179
994001
992136
992799
992272
993249
993050
990534
9231
990619
994201
992694
992479
9639
991096
994390
990188
9005
992617
990860
994318
990600
990802
994470
992419
990019
9852
991431
9707
993799
991721
992855
993364
992801
9439
992751
991350
990015
992616
992575
994801
990144
991114
9858
991642
991654
993814
992364
991760
9251
9849
990981
993928
992480
9740
9296
991439
993504
9736
994057
992212
9377
9028
992268
993230
993879
992355
992197
9859
990302
992149
61
994251
990544
991045
992693
990136
994473
9559
990218
991010
9339
993688
994660
991592
994547
991268
9748
9651
991321
992715
9448
994617
994502
993978
994921
9128
992486
993022
991803
993316
53
990001
994744
993505
9282
992794
994100
991816
991799
990806
994144
991597
993925
993223
992985
9360
994773
994763
990247
991187
990599
991253
991409
991729
990876
992551
994679
9127
990142
992942
993068
993549
993579
992277
993151
9828
991672
993279
9394
990921
993014
78
990675
991158
994937
992285
991767
990624
9575
994683
994157
990008
990435
994733
992725
993835
991632
991518
991727
994067
994684
991537
9702
990204
993289
9152
9891
993393
991400
992538
990376
991876
992929
9025
991454
993072
992021
990141
85
994830
990059
993247
990517
9566
9622
9362
993663
9882
993446
994959
992329
990253
992848
990591
992955
990281
992846
992530
990974
990829
992553
994594
993391
991467
990539
9745
994007
994857
991607
993862
993512
991881
990153
994992
9401
9463
991724
991683
994271
990613
9569
994162
9445
993368
991269
76
994786
9593
992047
9162
990440
991538
990606
992209
991932
992634
990736
993887
991280
992128
992629
992808
994856
990969
990978
991113
9650
993110
992219
992735
9366
993738
9647
993412
993055
9670
9441
992871
991474
991921
9897
993332
991874
992311
991399
990029
994522
990312
994905
990048
992169
994836
990768
994288
994591
990758
991503
993182
992962
991053
994310
9514
992211
993285
990195
9144
990636
991203
994302
992337
9014
9390
992965
994245
990551
994313
991749
991379
990106
992252
9426
990508
990229
993787
991933
994985
991443
992963
991026
991674
991368
990350
994400
993335
9056
993526
990451
994329
992827
992251
990057
994583
990773
9706
990877
992256
990626
992319
993152
993013
991436
992849
991199
9592
990687
993610
991370
990223
993562
992321
992433
990650
994741
991086
993461
990522
993187
9245
991861
991128
994993
993996
990762
991516
992078
9120
9004
992543
990217
992166
9192
992344
992769
992816
992407
993369
992767
994615
990190
990931
993561
9050
993093
993051
993960
992157
994399
993205
990843
991953
993842
993580
992217
992839
990339
994295
993384
9109
991751
993559
992672
9769
994571
994892
994722
991229
993655
9416
990414
990920
991617
994298
991442
75
994020
992227
992320
991541
991027
992241
990260
991993
9728
992347
993008
994877
990002
992216
992013
9525
990269
990983
994650
990992
991372
991651
990026
991044
992719
991369
992646
991004
991797
991536
993344
9314
990021
9716
990532
992638
991731
992118
991853
990258
990500
993209
991345
991366
991446
991626
994142
9227
994730
9612
992237
991223
992953
994618
990597
993697
991589
991911
990477
990634
991423
994046
992867
992923
990252
991700
991123
990433
993403
990063
992788
993598
990163
993177
993572
68
992652
993669
9015
992966
991928
992993
994365
991920
991210
992244
992007
994331
993841
9072
990875
994172
990616
993680
994006
993533
9372
992649
992682
993962
993792
991228
990786
994931
994916
993359
991174
9654
990091
993105
993945
991245
991781
994695
991675
993392
994956
994667
994535
993805
994678
990198
994291
994469
994967
993554
993767
9163
62
9776
990289
9841
994322
990167
994488
992133
9783
991148
994772
990627
992172
994198
993030
990333
990043
993894
990536
992135
993645
992470
993998
994584
9217
995005
992947
9572
994611
993794
991628
994369
992666
992248
992773
990444
992105
991524
994540
990769
9037
9392
990807
9617
991070
993269
993927
9620
990553
990864
994980
991283
990494
994831
990224
992542
991795
992910
990262
9242
9788
990743
990952
993128
994151
992843
990950
990844
993194
992909
991120
992956
991753
992883
9770
991251
9831
993343
992039
993063
994221
993233
992140
990783
993897
992343
990729
993106
9279
994923
990123
993191
991097
990071
990186
994682
994188
9316
991972
992635
994510
994337
990735
991017
994194
992604
992915
990778
991946
990474
990130
990611
990370
994986
991546
994714
994760
993595
994017
990590
993407
994706
992146
990257
991513
994527
993031
990205
993002
991750
994419
990712
992898
993025
991056
991838
990608
992781
992202
993520
9093
990986
992001
992491
992416
994904
992340
991342
993942
994436
991186
992866
9472
993830
994422
9829
991609
993660
993930
9147
994207
994482
992132
993080
9778
992101
990520
992029
992243
991298
994095
990928
990452
992989
990896
992918
994203
9385
990519
990651
990946
992294
992724
994136
991988
994871
992768
9257
994413
9325
990588
994377
990357
994560
995007
993770
991405
994277
994301
994122
9322
993858
991009
9794
991848
992473
990375
993482
993211
990423
990335
9672
992615
991583
992653
992292
991258
992330
9334
9822
994494
9756
993097
990273
9090
992386
993701
994016
992874
993662
993139
992110
990116
9669
991071
992723
991637
994863
992482
994259
993816
993899
991041
992099
9026
9635
994229
993971
992438
990249
992443
990845
9179
990244
990401
993217
990068
992780
994784
993766
51
994138
990157
991149
9418
994984
991463
990397
992454
994294
991613
992684
994269
994566
991385
994952
990012
992823
990916
992976
994550
990020
990483
991822
993819
990744
993745
990506
991593
9081
990290
993129
994643
990665
992208
9483
993756
9773
994319
994279
993131
991094
991898
994359
992271
9135
994211
993970
993380
993473
990685
990822
993100
991085
994264
990084
990979
994612
993593
991744
9823
994028
992493
991333
994231
991743
991759
993500
993548
990775
994083
991412
9324
994401
993257
991909
992702
991384
993844
991261
992502
9191
992612
991935
992757
992654
990265
990456
994991
992796
990336
990403
994586
993946
991184
992899
990888
9309
990689
990161
991601
994551
991421
994632
993620
9668
993753
992143
991339
993451
9383
992811
9293
994511
992066
991883
990112
993557
992492
990393
990149
991410
9808
992640
9335
991974
990284
990179
9112
992983
991275
992555
990753
9376
990955
9621
9461
993224
992742
993939
993109
990138
993254
993390
9898
992819
993775
993904
86
993495
991997
991610
992097
9076
990074
994884
9795
992734
9464
992791
994778
9452
994906
993200
9782
990764
990264
992231
991029
992160
990344
993229
9886
993387
9088
993868
992332
992958
994941
9667
990438
992064
9035
991302
991189
990644
9130
992970
990036
992574
994922
990872
994113
994321
9715
990045
993330
994034
990629
990025
991234
991992
9486
994592
9498
9760
990887
992870
993406
991168
991956
994120
9700
991157
992979
994917
992888
994978
990191
991522
994664
9568
994104
991669
991512
993941
991944
993545
991238
9199
992326
992220
993539
994796
992813
993354
9625
993616
993910
9587
993222
993073
9233
990943
54
992873
993135
9576
991991
990355
993137
993048
994898
9340
992472
993708
993737
991214
992116
994386
990018
990749
9539
993361
993836
9634
992158
990725
993492
994497
992829
993125
994537
992673
991784
990990
994788
993846
993389
992100
9184
992700
9596
990811
992063
9502
994705
993282
994946
992936
994663
9215
9185
994738
990622
992286
991995
993033
993658
994097
993832
994275
993356
9604
994395
993231
994486
993382
991102
992984
992900
993909
993007
991757
992722
990402
994103
993653
994152
992495
992583
994834
9790
994903
991912
994328
994775
994242
992126
9158
994975
994950
994727
994044
991643
991975
993318
991728
992235
994496
9820
990940
992508
990114
994966
993448
992770
990493
990546
990369
993160
9387
994063
990034
9386
994027
9140
993039
990381
52
9798
9043
994512
991296
994210
9415
992497
992539
990929
990263
991879
991416
994508
994455
993466
9070
990346
990108
990078
993379
994503
991043
994402
994274
993843
9252
992094
992194
994867
993096
990531
992805
992795
990100
994205
993090
9105
994940
991406
9491
992943
991658
993488
993585
993146
991752
990835
994165
993912
990902
9353
990282
991150
990782
992999
994160
990485
990976
992253
991668
991877
994777
990455
994173
48
991971
991028
991343
993397
991875
9893
994492
992299
9381
993024
994767
994265
9564
991604
992628
994285
993290
9475
994276
9599
9039
991665
9515
991551
991608
993227
9347
992338
9084
990696
992284
9102
993324
992134
991048
9073
991066
993543
990787
992300
992362
991072
9193
992596
9627
993825
990364
994338
991948
9429
993640
991190
9628
993427
992022
990751
992568
9848
9717
990170
991458
990854
9239
993997
990168
991107
992356
992082
994354
990576
994868
993089
993908
991468
992739
992000
992141
993789
991747
990759
990858
992449
994994
990416
992301
991126
991344
991455
992927
990382
992371
9000
993982
994124
9359
9476
994425
9480
992310
991121
994066
9685
994033
994101
9772
994384
9705
992402
990422
990300
992869
990740
9435
994564
990827
990852
992573
991144
9824
992749
992123
990363
992345
992771
9642
991332
993876
990405
992707
994289
993568
9291
9674
994112
991825
992287
990343
992755
990337
9826
991122
991942
993396
990051
993325
992954
992621
990495
990496
9696
990230
991543
994955
9727
992050
990700
990637
991213
9890
66
990930
993980
993162
992483
990294
9036
990996
990879
990040
992600
991124
992526
990580
994913
994428
992876
9350
991426
992968
993502
991472
992821
990579
994669
990661
993346
9238
992727
991539
9139
9206
994047
993206
9655
991738
9264
992469
994658
991922
994655
992459
993828
993302
993040
992709
992945
992645
991936
993465
9529
990378
9780
9611
994990
993443
991232
991254
990714
993886
993363
994421
992643
9061
992556
993241
991718
990808
991666
990140
994050
994315
993516
992372
9160
9216
991501
990213
991704
9297
990718
994445
9857
991404
990533
993893
991949
993103
991746
994897
991230
993432
9344
991918
993457
991739
991606
993071
9006
991633
990088
993422
994569
990752
993189
991092
992939
9138
990065
993809
990479
991981
991452
990754
993365
990271
994099
994737
991830
991169
992087
992199
991249
9402
992446
992863
994071
990911
994666
994191
991978
992743
993804
991242
994236
994077
991263
992698
994927
994768
994627
994581
56
994806
991968
990035
9228
992196
9786
990227
992450
993957
992822
9681
9646
993292
992802
990469
991561
992198
993813
990463
991246
991934
994257
991221
9333
993052
990288
992789
990859
992447
991042
993778
994533
994631
9473
993681
994065
9131
990504
991930
990918
992052
993748
993450
994137
991726
9408
9164
994687
994108
990825
9785
993699
9317
990617
992062
993541
991984
990481
993722
990097
992765
994442
992633
994254
992162
9289
993670
994126
9003
992092
995002
9194
990366
9269
992259
992380
990705
991063
990734
9703
994851
994770
990219
990609
990428
994102
994690
992359
9459
992908
993420
994559
991702
992960
992053
993677
991567
991424
991730
994459
994133
993121
10
991371
990895
994977
994513
994073
992267
992014
990771
993733
991579
991899
993092
990558
991770
992917
990400
991006
994644
9777
990341
993570
9302
994780
991635
991380
990545
990064
9219
990670
9287
991255
994343
9094
992708
993546
994890
991844
994989
9774
993883
9382
9113
992948
993649
991355
994443
992249
9174
992602
993994
993656
990548
994912
992886
994603
994907
994424
9648
991634
991466
994998
9447
992424
994250
992020
994213
991945
993186
993730
991483
990371
992940
9855
994326
992400
9734
994765
990601
993943
991508
9421
991605
992517
990129
991304
9046
991629
992112
9661
991659
992532
993271
993398
991660
992195
991131
994052
9420
991211
993577
992283
992562
992025
992978
990476
990524
990726
992072
993246
991037
994018
9548
990441
991297
991983
990947
993300
991786
991110
9601
991957
992705
992644
993757
994807
990893
990293
9116
992520
9713
991376
9122
993895
993112
992760
993731
990354
992525
991331
993399
993036
993355
993863
991682
995008
990039
991622
991585
993517
9504
991787
992558
994019
992409
991414
990180
993035
993006
991146
9557
991578
992245
992167
992853
990958
994776
990404
993496
993287
9609
991428
992075
9047
991104
993674
992692
992325
990890
990633
994686
993256
990095
991218
992815
992203
9761
990189
9853
992230
992346
990991
994622
992363
993921
9571
992016
990270
991494
992381
993933
9802
993636
993749
993429
994180
994794
994240
991769
992288
992127
9346
993178
992914
991889
9034
992159
993166
991156
992608
9370
993826
994168
992293
994925
993720
993362
990101
991183
9330
9644
991910
994634
993664
994407
994408
993059
990120
991679
993149
994919
994351
992096
994577
9183
990557
993524
990980
994774
990949
992971
994630
991325
994711
994003
992382
994159
991673
990770
990919
9428
991188
991456
992023
991378
9698
992561
9419
991796
992420
993853
994258
993552
990587
991938
992005
9200
994580
991432
992394
994125
9623
992800
991775
992758
991477
994873
9658
990757
991735
993763
993690
991740
991902
992054
992233
9323
994012
994462
993999
993215
992032
991905
993810
9746
990542
992471
991754
993521
991511
994283
993840
990430
991857
994981
994039
994500
993132
993386
9652
993133
992068
992333
991349
991941
990904
990894
992833
991301
992892
991641
992044
993484
993293
990384
992720
9150
991640
9380
9030
994732
993168
992841
991103
87
991793
992746
993029
994534
993903
994620
9115
991947
990642
993275
992893
9817
990507
992938
990070
992537
994049
993087
993596
992095
993250
994072
994828
994248
993425
991075
990092
9585
992972
990598
993320
994642
991810
994218
991025
994366
992275
9871
994549
994539
992190
9256
994074
992322
991340
991160
993099
990855
991179
993416
994671
9878
994345
992887
992445
991420
993291
990562
993124
994293
993931
991982
994942
990818
992521
991252
9013
994230
993861
993918
990076
991352
994694
991108
9537
9305
9550
990565
9263
993460
992847
993202
992077
993147
991088
994742
994628
990834
992512
992291
9474
993657
993665
9351
991960
993777
991525
993611
992544
990501
994536
992994
992122
994387
992085
9536
994676
992563
990850
992524
990361
9758
991819
990291
992327
992396
993452
990528
990647
9365
9579
993098
994764
993136
994589
992711
990000
992192
990739
991575
990285
992675
991143
9124
992257
9478
990193
991527
993463
994158
994372
993232
993797
993527
992952
992584
994509
994879
990169
994323
992316
993288
990280
990750
992412
994096
990298
991577
994543
991531
992987
994444
992318
994465
993752
991885
990791
990062
9485
991989
9248
991337
993874
9167
990967
994702
9747
990711
993839
991459
990031
992418
994948
992313
992713
990512
990279
991116
9693
990011
9298
9800
994715
991486
991267
994700
993020
990975
991336
993164
994915
991716
993057
9078
992328
994376
992051
992348
994600
993480
993437
9673
990466
994022
9528
994219
992081
994759
991391
991266
994803
992373
9002
993360
994633
990951
9357
9241
994092
991865
994405
993444
992387
994558
990607
994999
992297
993123
9632
994962
992171
990491
993703
994996
993922
994287
990374
9114
994795
993651
994358
9208
9332
991119
9813
990936
991907
992854
994793
990595
994385
992792
992034
9684
993569
990898
992309
994467
991943
991170
991200
991207
9806
993634
993712
993198
991167
992413
992477
992484
990246
991845
992351
991016
993266
991849
991806
991540
990287
992655
990994
992896
9493
992266
994850
992922
994477
992410
992632
993310
9659
993159
9750
990963
991476
992877
994572
994192
991398
990721
991559
992548
994249
990965
994548
9367
994135
994393
992107
993646
994309
993736
9126
993069
993053
993682
991057
993284
993788
993342
993001
994614
994025
994015
994816
9023
990831
9220
9577
990809
991134
993319
994171
990514
992226
994448
992695
991140
9590
991145
991125
990612
992250
990420
993273
994616
991764
993913
9524
992422
991820
991686
993673
991272
994523
9867
9374
992331
994146
9484
994752
993327
993884
991197
993134
990122
990631
992488
993314
993478
993567
990702
994371
990690
992554
993483
992434
992557
994556
993440
994928
992549
994930
992389
994055
9417
990664
990555
994681
991062
990869
991914
990154
9236
992036
990118
991130
991305
9434
993418
993038
993477
990473
993566
990109
990945
992716
994244
991389
990741
9567
994064
993885
993476
994000
992507
990932
993890
993491
9883
994153
992818
994304
993834
991465
993750
991413
991482
994506
9580
994484
993485
992704
992091
991939
992835
993218
990073
993245
990211
992712
994750
993175
994835
993475
993062
994193
993581
993584
993244
9354
994379
994262
993850
990816
992884
991969
990780
993629
992881
992011
993410
993234
990853
993823
993888
990342
991614
994815
990924
990790
994782
993060
993793
994069
991031
74
992911
993578
993732
993637
994938
992636
992156
88
991732
994565
9348
994646
991714
992580
990362
991047
993439
9578
990826
994081
994862
994011
992664
992405
992161
9553
992150
993388
993283
994745
993782
9816
992858
992784
993195
990096
991395
992828
991478
9020
994453
993126
992697
990621
990373
994378
993790
994438
9024
50
992950
993937
994699
990704
992069
993538
993154
994004
9724
994624
990386
991809
993528
993064
993719
991692
993456
991274
9442
990338
9451
9710
992894
992073
993783
992425
991067
992974
990540
993542
992295
9779
993743
991133
994131
994997
991855
992421
994177
994561
993535
993267
993742
9598
992889
990668
991887
9265
991515
991892
993696
9457
993988
9582
993163
994032
993791
992706
9466
990717
994090
994396
994089
991462
993594
9603
993518
992086
994621
992186
993571
990586
993762
991805
993860
993298
990399
992408
991387
9583
991846
992465
992234
990574
991926
994753
991712
991558
990632
990851
994040
991175
993161
993479
9511
994629
992603
9411
991766
993695
993034
992397
994740
991685
992547
9266
993771
990395
990407
991890
994237
993413
993021
993421
991201
9686
992478
990502
994350
993395
994555
991450
9205
9887
994456
991765
990066
991373
993786
991277
994504
993041
994348
991290
992366
993700
992519
992571
991900
990772
994415
992925
992067
991916
9393
991448
990777
992429
994751
9562
994932
990181
990715
991353
990296
9737
9549
993436
994673
993803
993964
990233
9307
994167
992436
994195
991639
992121
994895
992430
990683
992729
992511
992228
9744
990999
9606
9438
994899
994521
991557
9166
994238
992152
990391
993607
991142
991964
993870
992232
993707
992503
993587
994688
990385
994026
991469
992710
992501
994924
992392
993120
993935
994373
994437
992170
9143
992605
993010
990732
990763
992280
994724
990415
9118
994707
993174
992627
993056
994657
993676
990197
9388
991236
994392
992393
991226
9767
994951
990582
990569
994557
9494
992435
993108
994161
991377
994045
9400
993499
990061
992701
9352
994545
994317
994127
991181
993219
9074
992721
994656
991055
992961
991166
993066
994346
990615
994357
991780
994893
993759
993671
994829
993806
9363
990185
994439
990131
9565
990033
991444
9543
993953
991362
993153
992273
9453
993239
990538
994145
994719
991127
992977
994084
9460
993183
992218
990234
990032
993560
992980
994800
991374
993900
994451
992533
990278
991990
990283
992040
9763
9833
994861
992414
994953
993574
993196
991073
9173
991923
993180
9431
994817
