993481
992038
991871
990209
993188
990984
990328
994735
993322
992370
9613
991118
993409
991002
9450
9506
990372
9757
990814
992586
990910
993141
994005
990881
993648
9261
991895
990730
992901
991717
994053
994305
991826
9722
991852
992838
991823
994546
990173
990115
993278
993333
9688
9581
993776
991915
994208
9589
993350
58
994668
992262
993447
993459
992238
993315
992439
9278
9551
990417
991509
993411
994943
992281
9775
994869
994278
992812
991586
994031
992852
991099
994082
9731
991794
993692
991204
994176
9033
9270
9301
990475
994781
9058
992031
993798
990862
991492
994038
9899
993044
993741
9518
9815
991235
9132
992339
991250
991237
993534
991473
9872
9187
992582
990997
991281
991244
994608
990733
9558
992024
994809
9403
993550
990356
991790
9087
994791
994876
9877
9153
994156
990049
992998
990513
990977
9739
9691
990813
993509
990691
994933
9154
67
990314
9821
993486
9689
993255
9110
990480
9218
991023
993992
993402
994567
991294
993127
994885
992352
991052
991038
993784
991687
991789
994324
9422
990623
990766
992797
9657
994272
991220
992662
991206
993430
994076
992639
991612
992844
994766
994490
990810
992731
991449
990821
9283
990516
992803
991447
993857
991155
991791
994697
990329
994037
9797
991684
994626
9456
994079
9799
9018
9432
993590
993150
991227
9803
990318
993158
993375
991259
994896
990796
9226
991247
9866
990315
9373
994969
991980
992689
990165
992807
993949
990022
991415
993352
9735
993493
9103
9281
991963
9862
992832
991973
9399
991638
990724
993351
991364
9197
992089
990352
9885
990684
994576
991328
9765
992678
994023
992592
990926
994189
992383
34
992868
994889
992969
9375
990559
992661
994483
994520
9290
994854
994538
9741
991007
994121
994141
9443
993675
990390
990007
990128
9709
992061
994882
9446
991198
9321
992825
9313
991523
991003
991500
9062
9505
9637
995006
993979
9462
990177
9201
991383
994228
993042
993818
990210
992065
994105
992840
9259
990564
994723
9490
991771
994838
993181
993286
990812
994118
9318
9384
991701
991286
994648
993009
992401
9879
9172
993965
994041
992466
994170
992012
994008
994300
990303
992207
993086
993083
9149
994181
994602
992437
990183
9554
9246
994106
993950
990503
993666
990934
991869
9881
994110
994183
991314
991563
994202
994311
9850
992699
9170
992830
992003
9560
9145
994529
994388
991241
994296
992341
9812
994649
992124
993023
991322
991962
993859
990006
9082
990987
991725
994263
993532
993693
9656
9151
992670
990706
993603
991441
990841
993608
991317
993967
9540
990666
992726
990013
992851
994972
994499
993065
990648
993525
991243
991681
994636
992485
993261
9159
991715
991164
990970
990030
990906
9204
991977
994957
993952
991976
992315
9358
993338
992037
9519
992269
992528
993880
994575
992890
992737
994563
9626
990470
9066
992258
992810
991590
9749
991544
993345
994468
990427
992213
991603
994552
993078
991367
990993
994060
9244
991987
990953
9719
9083
990256
994909
991499
994855
992290
9830
990353
992814
993208
9726
990111
991533
990745
992155
994708
991529
994042
990182
990484
9708
990838
994474
992515
992103
994974
990486
992836
992456
993976
992651
990962
992239
992214
9839
991832
990132
990239
9492
991818
991824
991152
993253
991708
990331
991707
990658
994505
993621
990351
991713
990748
991162
9645
992247
990857
991966
991645
994888
991625
994640
993449
993807
992913
9137
991030
9863
9286
990240
994595
994579
9555
9017
993111
990320
83
9495
991903
991710
992164
994845
990789
9371
9766
9406
9075
994692
991382
992462
994785
9341
992349
990060
994062
994675
9198
9275
994416
990604
9870
991427
990222
991671
991390
993075
995000
993969
994449
994109
9125
992912
993981
993706
990884
994209
994383
992997
992658
9619
993027
49
993107
991051
993628
994739
991618
990245
9168
990454
993551
992527
55
991996
9892
990156
990863
994515
993424
991792
990878
994029
992626
991994
994333
990776
990042
990295
9230
994464
992687
990488
990589
994036
994068
993689
991924
992761
990939
9789
993866
994979
991303
991115
991693
993433
9743
991151
993687
993119
992656
992255
990563
993985
9764
992665
994199
990719
992046
9618
9676
9729
993167
80
9470
990093
993190
990081
9077
992002
994585
992114
991782
993633
9546
992982
990409
992774
990225
991182
992546
993975
994412
992205
993795
17
991079
991698
994866
9011
994478
994362
991664
991411
993555
990459
9098
990937
990922
993915
993686
992921
994936
994481
992474
991630
991106
990954
993442
994381
991706
993173
994902
990449
991532
990973
992782
9255
992882
9319
994874
993095
993635
990728
992598
9379
994635
990126
992776
990678
992125
990817
991222
991239
991437
994541
990942
9121
993618
990121
991397
991815
990865
991734
992357
992625
994434
9089
992088
990321
994341
993914
993565
990846
993341
994014
994995
994394
993304
993926
992590
992374
990547
990592
992990
993609
994613
991745
990584
991224
993878
990847
9095
990368
991555
991032
993240
9063
990041
9007
993414
990833
994115
65
993276
992745
60
991925
993723
992278
993467
9262
993959
994217
991931
9496
994756
990377
990593
992056
992641
994949
993698
992964
990145
994691
9503
992184
992736
9801
993067
990411
990891
993851
9337
9510
991225
993340
991195
994954
992567
9274
994009
991755
993963
993536
994216
992523
64
991691
990408
991291
993678
992618
991035
994190
992120
992104
992423
991357
994654
994493
993650
9682
990075
9413
992487
993172
992350
9517
994327
993889
9597
9195
993005
992930
992775
993639
994086
991386
994206
991696
993157
992165
994507
991699
992764
994340
990938
994441
991571
993685
992265
9807
994147
993214
994652
993144
994672
994532
991326
993235
9175
9533
990413
990172
9069
9624
990464
9171
9874
9861
991954
991012
993530
993312
992353
9031
991831
9123
9649
991569
992379
991256
9810
992752
994342
994169
990578
990005
993489
993727
994134
991611
994454
990083
992476
991588
994709
990238
990961
994609
990913
9730
992129
994307
994306
992928
992933
990840
994970
994755
992564
994842
993032
994988
993248
990305
991011
991194
990659
992057
994865
9814
993591
991132
993958
9762
992996
991884
991191
991408
992058
991402
990560
992826
9331
993847
994382
9889
9079
990098
994349
992872
993264
993617
990849
990794
993540
990530
993453
990781
993684
994417
991257
990099
993252
992516
991417
994048
991080
994368
990458
991961
9134
992740
994267
9846
9292
9427
9101
994779
992991
994410
9012
994651
992049
9156
994406
9009
992189
993932
991502
992261
994870
993754
994148
990701
994163
994260
994639
993371
990242
993576
990150
991074
993739
990998
9864
990105
9288
990641
990216
994059
991287
991505
994489
992981
993515
992246
992878
9395
990424
994625
990220
991888
992696
992831
991036
993724
991078
993838
992676
993974
990603
992691
992494
994447
9146
992614
991020
9214
993148
990392
991720
991598
993661
991475
992404
992119
994232
994241
993867
994200
994270
994056
9723
991453
993251
994303
991647
990681
77
992187
991233
993772
992577
990966
990478
992763
992175
994409
993901
992455
991514
993735
990429
990069
992498
990010
990275
992902
994140
991719
993864
994114
9203
9605
993831
994982
994525
991033
9299
9100
992609
993765
991999
990050
57
993812
994680
990815
993274
990828
991646
991039
993785
9677
9570
993589
9071
994164
991216
994501
991440
990143
992188
991897
992236
9277
9692
991139
992666
991620
991217
993721
994178
992308
993305
994087
992619
992728
993801
994344
9412
994487
992777
993329
9844
992613
993990
9285
9699
991723
994883
991656
991208
991553
992667
991570
990618
990639
993808
991680
992671
9338
994963
992411
9516
9477
992790
9600
994098
81
992263
9754
994282
994284
993751
990871
993764
990003
990237
9369
992772
9607
990412
992475
993556
992499
9458
992804
991018
994747
991381
992536
993000
9694
990160
990798
991644
9832
990176
991862
990756
993079
993272
990848
993631
994859
9209
994703
991192
991141
990620
9240
9327
993353
991554
992060
9142
9267
993077
992191
991549
992504
991082
991077
993281
993796
991662
992624
9247
990537
990044
993729
991545
991464
994674
990159
990905
990527
992732
9873
991375
993641
991690
993558
994665
9534
990594
992880
992274
990523
992686
994804
994839
994704
991705
991495
9391
991273
991863
9345
994619
9213
993470
9059
994253
993082
993339
9809
990334
991341
993028
990628
990556
994958
990365
9595
990090
991034
990630
9615
991177
994637
991137
9444
994116
991854
990765
990437
993074
992468
993347
9029
990571
992674
992432
993746
994498
9468
990610
990052
990286
991817
991657
991000
994926
991327
994944
991292
991498
994987
992312
991663
9665
992859
992431
994570
991419
9258
991061
9697
9038
990406
991901
992055
994460
991069
994710
993718
994647
990731
990521
993691
994266
990360
994154
991837
991418
994601
991736
992934
993871
993716
992607
992806
993165
9044
994461
991392
9104
994638
993417
990330
9271
990327
993061
994312
990448
993510
9616
990259
994247
991650
991880
990716
993081
990028
991772
9751
9838
993238
990431
9541
994645
9545
990255
9272
994604
992750
9055
990349
991904
992303
9414
9678
69
992221
991202
992637
991470
990184
994891
990046
993991
9781
990882
991959
9509
990549
992610
992115
994578
990398
993295
993780
993201
991394
992377
990755
992180
991480
994597
990509
992759
9787
993822
991821
990870
992204
994826
993905
991089
990082
991667
991804
990972
993702
991403
990635
993869
993642
992108
990214
990572
990231
9133
994623
9284
993130
993875
991521
990912
990985
994308
993462
9680
993923
990867
990453
992033
993296
990738
992931
9454
994562
991460
992264
993210
994391
991649
990693
9527
9042
992458
992106
993966
991807
990053
991773
9868
992906
993419
9631
990989
993877
990518
993892
9561
991839
991231
993471
9067
993004
993334
991401
9409
992834
9704
994491
994398
9141
990445
991828
993294
9469
994234
994918
990151
990692
9711
993207
993192
993511
993367
993774
9896
9880
991282
994519
991507
990917
993644
993372
994471
994965
994910
991260
992260
992500
9471
994713
993011
993349
991676
994726
994435
9563
990653
994641
9671
9660
992995
994900
992270
993228
991703
994374
990856
990880
991653
990837
992550
9695
992019
991670
990784
994420
992685
991958
991388
990359
993856
994696
990187
9086
992080
992897
991356
991955
990804
9243
9523
990646
992606
992113
994463
993331
993184
992004
992820
994582
990656
991677
990396
993377
992741
992098
994255
994457
992510
9148
993995
990325
992875
9165
9640
9189
991979
990935
991196
990166
9513
991076
991049
9064
9725
992137
993513
9328
994596
990909
992093
994920
990515
993197
990535
990192
994749
991777
994914
994771
992197
993523
991008
994431
9610
990267
9805
990570
991648
994002
995009
994653
994389
994853
990313
991882
993582
993348
992941
990640
991461
992059
993711
994403
992142
990960
993911
89
991526
994973
994610
9336
993647
990221
9032
991836
991741
991024
993225
9249
991306
990299
994901
991697
994035
992035
994670
994204
990124
992083
991215
994526
990660
70
991596
993522
991661
990250
992783
9687
9407
994787
991788
994837
994061
9842
991430
993779
9888
990080
992531
990207
9825
990686
993553
990908
993431
992145
994947
9221
9250
994414
993961
9210
991335
9405
992193
9875
990037
993076
992837
993849
990541
991346
990450
992642
993426
992572
990925
994832
991347
990004
993820
994150
991021
9396
993968
990203
991276
993506
9111
992842
993916
993317
9054
992885
992703
993906
993242
994380
994698
991173
9041
993955
991046
82
992766
992130
991425
9235
990982
992857
992144
994588
994235
992756
992559
991487
991859
992988
993026
992534
993934
991547
994093
991768
993760
992895
993829
79
991153
994852
993919
9521
9097
992778
990027
990897
990301
991324
991209
992074
994239
991678
994094
994054
990964
994736
9425
990158
993896
993827
993374
990907
9718
9584
992076
991834
991985
9180
9253
991548
992018
990023
991329
991919
992967
9182
991323
991054
9404
990820
990968
992324
991112
990707
993924
990552
993455
994875
992785
9423
992109
990072
9588
990703
990737
994827
993204
993529
993811
992490
991550
993734
992683
991438
990554
993408
990436
994743
993243
993848
991050
993468
9847
994418
991748
993017
992457
994179
992168
992395
992569
9065
993564
992302
991627
993441
991496
990226
63
9207
990561
991471
993855
993547
990113
991060
9280
9526
992944
990699
992041
990148
991652
9542
993514
992440
992028
994769
993003
994544
9530
990792
990927
992793
9085
993972
9136
991348
991695
991709
994184
993501
992200
993085
993986
993973
993833
993297
992335
991733
993630
991359
991154
992010
992747
993458
9068
994252
990760
991591
992026
994404
9361
991886
993497
991058
990581
992597
993638
991829
990793
993667
993226
994155
9500
9489
9479
994911
993094
994864
990058
994299
991568
992131
994761
9117
993882
991506
9738
9520
993385
990434
9052
9001
990959
990472
990432
9865
9091
994196
992856
992210
993070
990550
993193
990861
9664
994799
993612
991101
992545
990358
990948
992617
993185
9053
993672
991917
990462
992378
994334
991840
993179
992442
994599
993936
9295
990089
993978
993326
992975
993494
9884
991785
994423
990663
9276
9178
991185
992415
991615
990566
990268
993357
993837
992148
993544
992030
991365
990119
9732
991431
992907
994833
993845
993583
994458
990832
994286
994757
991484
992391
992406
994320
993472
991864
990102
993873
993138
992730
72
994316
993659
994243
994718
9224
993394
990243
994367
994568
993203
993573
992279
994043
992045
991843
992552
994330
994934
9433
991138
991631
993249
9161
993758
993049
990348
990836
991172
991847
991393
9231
990292
992786
992754
993037
992903
992973
990767
990596
990487
993434
993370
992385
9636
994983
993928
993619
992949
992932
991212
9320
990266
992535
992855
992824
994088
991435
991284
991572
993852
992920
990599
994256
991950
991552
993872
9791
991927
991858
991894
994030
9663
9430
992594
993549
992296
992762
993313
992860
9119
994233
990669
9736
9106
9202
994945
993781
991783
990215
9343
9487
991504
994517
9092
9745
9602
993423
9028
993814
994495
994201
994514
991264
993728
9229
992289
992714
995001
991457
9852
991737
991776
991485
993705
994355
993262
991803
991929
990577
990379
993773
990720
9234
991642
992008
990232
990380
9008
990944
990435
994013
992738
992334
993469
990544
991774
994353
9643
9027
990708
990144
991091
994470
990467
993464
992779
992799
992272
9522
992694
991654
9273
9507
993280
992715
993907
991096
9128
992480
994677
9268
9858
994426
993504
993800
990680
992551
990866
994297
990316
992879
993155
9675
992801
994598
994057
990534
994251
994733
990517
994684
990490
9436
991022
992070
992489
991763
991205
994801
991940
994261
992518
990345
992417
991407
994280
990038
993799
78
990350
990019
991158
9707
993438
9410
9591
994100
994245
994746
993956
991350
994162
993490
992364
9859
994318
991045
9740
994939
991165
994660
9439
991479
993309
992268
990001
992009
993688
991219
992304
991087
994744
991010
993404
994773
9312
991721
990876
9702
992136
990302
990768
992616
993068
993605
994693
994473
9251
9326
9818
9304
991878
990086
9222
994921
990136
9559
990410
9532
9377
993862
993364
990591
992575
994894
9701
993072
9574
992323
993328
992277
990508
990347
992212
993289
990802
9355
994325
991767
993381
9394
993925
992219
993841
993879
993938
991952
9849
991632
991799
991607
993014
994271
991109
993412
990272
991760
994390
84
993279
994144
993050
994502
992808
991729
994679
990736
992751
990457
995003
994872
991866
993391
992693
994617
990208
991727
991816
990978
993332
992419
990418
991439
993761
994959
991128
992486
990600
990107
990619
9837
992451
993247
990218
991518
992955
990204
994615
9566
991724
994728
992479
993223
990860
991321
990247
9569
9144
993265
990877
992985
990606
993663
990829
991503
992319
992179
992285
9296
9362
990974
9882
9891
991187
993055
9005
991538
9360
9828
994214
9575
992929
994313
994594
994786
992329
992735
9127
9622
994001
993321
992848
994067
9897
990281
990773
992827
992725
993368
994400
990981
991683
993230
992256
9445
53
992211
990624
61
990806
9448
9651
9282
992794
990626
993526
990188
991536
991354
9162
991467
990008
993022
992538
994007
994310
992530
992553
993654
992634
993285
9401
990636
992769
992251
990376
994857
992942
992846
993446
994571
992311
992355
990229
991253
993216
992007
991268
993316
991269
993610
994905
990762
9463
990440
992209
991379
991592
993461
990758
991229
991280
994985
990021
9289
991454
993512
992169
9025
992638
9152
990613
85
991114
993187
990153
991004
994856
993182
992344
9706
994992
9390
991881
991203
9593
993393
993579
9366
991874
994302
994937
9647
994722
991053
990141
994763
991672
991474
990597
994522
990969
994583
994329
993835
993335
992241
991921
992252
990195
994830
9441
990687
993738
990477
992433
993580
992149
991113
992337
992407
990551
993152
994591
993505
991953
9339
993110
994547
990217
990539
990048
9755
993151
9748
9056
990269
990253
992128
991026
992021
993384
990992
991516
990370
992767
992963
992217
992962
991372
993747
994157
994295
990650
992993
991044
990536
991086
992166
990015
993561
991651
991861
990026
991932
992629
991876
990190
9014
990252
994298
993559
990339
993960
993680
994695
9514
990920
993013
992157
993996
76
994836
991751
991446
994618
993697
990029
993344
994877
990532
991443
991345
990875
993930
992542
991731
991370
68
9670
993787
990198
992244
994993
991933
993887
993194
990059
9728
991674
992646
9426
991409
9788
994741
990590
991617
993030
991537
994611
9690
993562
992047
991368
992867
994198
991589
994683
993008
993205
992871
994291
992953
992965
990553
993191
990952
994682
75
9612
990142
991223
994956
994288
993209
993655
993051
9592
992947
991749
994831
991700
993128
9227
991541
992237
992816
990783
991920
990312
991797
9650
994322
993669
992347
992078
990433
993595
992839
991027
994419
9620
9072
990522
992672
994020
992898
994369
994667
9314
991399
991928
994584
9716
991400
992682
990844
994046
992883
992923
990675
993369
994365
990106
990223
993392
9109
991436
990258
994678
9120
992320
9004
994331
9831
990451
991838
9316
991199
990260
991120
994488
992788
990921
9192
992719
991123
990043
990864
990335
992653
992849
993842
993269
992133
9572
990627
993403
991070
992543
990807
994916
992013
990896
9841
990130
992118
991781
995005
991795
994892
990729
992773
994650
990983
9015
991628
9769
991366
990167
990002
991626
993942
994730
990769
9525
993767
994172
992216
992652
990843
991210
994494
9416
990091
993177
991442
991853
992909
993129
990931
993794
994714
990786
992154
993662
990950
993598
994006
992604
992321
993894
990634
993816
993097
992135
994923
991283
9639
992343
9217
991609
992292
994221
992172
992132
9372
995007
993805
992649
993002
993645
994986
990333
994136
990500
992915
993106
992294
994151
991993
992843
993554
9037
992386
991972
993998
990262
994540
991675
990063
994967
994436
994772
990163
991056
990289
993093
994931
9829
9654
9778
991546
993233
990986
992470
993520
991524
991369
991186
9773
991669
994469
993063
994863
992635
994455
994017
992684
994510
993359
990928
992202
994194
994535
991148
992330
9242
990123
990743
990224
994980
9245
991342
990616
994422
994482
994122
994337
9279
992029
993482
993660
990071
991071
991750
991174
993830
991333
993897
991911
994706
993080
9392
990057
993962
992866
990483
990608
990946
9322
990414
62
993927
992989
992966
992227
994301
993858
992910
992416
9617
992101
990474
990186
993593
993211
991753
993343
993572
992248
992918
9050
994203
9093
992819
990401
9334
994359
9783
990979
994279
9335
993945
992039
994632
993792
992473
991946
991423
994207
993819
994784
990205
993971
994188
991298
993105
9472
9163
991041
990423
991988
991009
992140
991759
990611
994760
992143
990652
990888
9669
992146
994034
991258
993451
993844
990753
994738
992874
990012
994991
990822
994550
991822
993031
991637
992781
9385
990444
991412
992574
991597
990438
992780
992615
991085
992742
994083
992438
991245
990290
991898
991149
990506
994319
994527
9418
990357
9257
990116
990651
9794
9026
9325
991251
994229
9776
992976
990519
991593
991463
9635
990916
994399
990735
992724
993756
994413
9672
993753
990249
992654
9668
993473
991405
994984
992491
990689
9483
9886
994294
9770
992271
993701
990778
994377
990244
992768
9823
991583
991097
990068
993770
994277
994095
993048
990520
993407
994551
993380
991017
991513
991385
990494
9383
993533
994264
992958
9135
992612
993222
9822
993500
9076
993548
992097
990020
9498
992823
992757
992100
991228
992243
991275
9179
993970
991935
990157
9461
990149
994269
990375
991384
991610
993131
993025
994259
994978
990665
991992
993745
994871
990397
994586
992099
994592
994643
9090
993616
994401
990138
9293
993137
9191
994113
991302
993904
9324
990161
991601
992873
991168
993868
990025
9464
992482
991956
992811
994906
991184
9756
991189
993224
991261
990257
994386
993899
992791
990452
992231
992702
992105
51
993545
990045
994497
990179
993200
992723
990084
993217
993139
990264
990845
991757
994884
994028
994788
992770
9898
994904
991848
994952
992001
990403
993766
993109
993495
993389
9147
990265
994063
991997
9233
994152
990191
990744
9309
9112
993257
993775
993100
994560
992340
994834
992956
9130
992110
992796
993390
9539
9621
991971
991784
990393
993708
994211
990112
991613
9486
990749
993690
992493
9627
993846
992454
990764
992899
994922
990273
990872
990588
9667
9568
993939
994104
993946
993229
992999
991410
992472
992094
994566
990629
994511
992116
9795
993910
9782
992555
9715
992160
993125
994898
992870
994231
992734
993406
86
991421
994796
992208
992338
993135
994138
9081
992984
990456
993330
992640
991974
994486
992443
994612
990712
992813
992492
993941
992502
990644
992066
991883
990725
990685
990990
9760
991234
9088
991512
991909
991029
992332
994016
991744
52
993557
993231
993007
9808
992970
9105
993836
9576
994097
991975
991743
9798
994275
9700
992805
994917
991522
993620
993318
990018
993282
991728
994663
994103
992673
992943
992539
990493
991458
992495
992253
994537
9185
992220
994205
9199
54
992508
993466
9717
990284
991944
9491
990887
991339
992235
991150
990344
990036
991643
993146
994321
994387
992900
991102
994508
9790
993539
990531
994395
9625
991157
9184
994503
9035
991043
9452
991126
990074
993033
994242
992829
990282
992158
991094
990782
990622
993653
990336
993658
992888
9529
994868
992300
991604
994664
991912
994975
993585
990355
991072
993361
993492
992286
993073
994941
993832
993427
993039
9193
993909
992936
993089
990381
994044
990835
9596
990811
994173
994903
9634
991238
994775
994210
992983
9252
992082
994027
991665
990078
991344
990546
992126
994120
990929
994512
9475
990775
992326
993160
992700
990402
9502
992497
9043
990346
990955
994727
990034
990485
990263
9084
993379
991214
992869
993387
991875
991991
991877
9587
991296
994777
992428
9070
994950
992064
9215
991406
990114
994966
994496
992771
993397
992194
993254
993737
9386
992402
991121
9376
994160
990108
994338
9353
993876
993356
9820
994940
994265
9140
9674
991066
992284
993090
991416
992141
994276
993825
992063
990943
994705
994767
993290
993382
994658
991190
992526
991718
993040
991468
993354
994274
9515
993843
991028
991922
990363
992134
992299
9476
991254
993908
990369
994328
992583
994867
9039
993543
9387
9340
991658
990976
994564
993789
993997
990879
992000
991934
994946
990337
992301
994066
9415
994402
992596
990168
992707
9564
990858
992356
990996
990170
991936
991948
9239
990364
993324
991752
992287
994165
9429
990100
992722
991608
990051
48
992749
991455
993488
990416
992755
994285
990751
991122
992573
994428
9604
994778
9655
993448
990422
993828
9158
990040
993722
991343
992945
992979
994124
991995
994990
9216
992449
992022
994492
990808
9291
9848
992087
9772
991543
9611
992628
992876
992050
9628
992795
993227
991426
994137
9824
990940
992739
993325
991472
9350
993465
9402
993980
994112
993912
992123
991825
990580
9359
9435
991048
994913
993568
994354
993982
990455
990300
993640
990230
991551
992371
990902
992310
991879
994655
993502
990759
992362
992483
9685
9000
993396
991246
991501
9333
990714
991332
9705
992968
992345
992198
992643
994315
9890
990700
991561
66
992568
991704
992600
9238
990787
991747
9347
990533
994073
9780
9206
991539
990294
990740
992556
994191
9036
9480
994425
990637
9696
991144
9599
994955
992621
990576
991107
993096
993024
991263
990661
993162
990382
993893
992927
993206
993302
9073
991124
994533
990579
994513
9826
994897
993541
994994
993546
9642
994421
994569
992459
991739
991668
993189
994289
994257
993443
990405
9164
9006
992954
991738
991633
9264
994666
990479
990893
990930
993363
993804
990496
9893
992196
992469
9003
991452
993457
9139
990854
993813
990852
991949
991169
990065
993778
992633
9857
994806
9381
992062
9228
991242
991746
992112
991371
9287
991221
991930
994033
994236
993422
9061
991483
9160
990718
992802
9344
992525
994384
992645
9138
990088
991726
993092
993365
993071
994050
994644
9408
994071
992822
991957
9102
994459
993886
990271
993677
993292
994627
990911
991981
991092
9131
993103
994077
991304
994998
994977
994065
993853
993052
990097
994213
991830
994851
991232
990495
991983
990705
992602
992052
991213
992743
991942
994669
990827
994126
993957
994099
994927
991042
993450
992359
991606
991945
990609
991579
990734
9727
991063
994770
993346
990378
994102
990469
992939
990696
990035
990366
994101
9219
994443
9681
994768
992372
992020
991255
56
993516
9194
9459
9116
993681
991634
992199
9646
10
994442
990825
990504
990064
994047
992195
990918
992908
991666
992447
992446
990341
990227
991702
992698
990428
992727
990213
990980
990545
993432
990617
994989
993577
9297
990771
995002
991230
991918
992380
9734
994631
9174
991978
992948
992072
992708
992249
990859
992450
992760
990754
992014
990752
9269
991297
9786
9447
993121
9703
990343
993994
994737
990288
994765
994133
993241
992267
992886
990895
994142
9785
994581
994890
992053
991404
9473
991380
991984
994907
990548
994254
991968
990726
991578
991605
9094
991218
992705
992765
992821
992863
991211
993699
9548
994622
993883
994108
994687
9661
993215
993570
990481
990404
994807
993733
9648
992424
991146
993420
992092
991635
991249
991466
991355
990371
990400
993809
990558
994424
9774
992558
991899
994686
992917
994052
9122
993398
990219
993670
993186
991770
9317
9113
994445
991622
992789
990670
993355
992259
993748
991006
992960
992517
994603
994912
990476
990140
993271
993649
993895
990601
9046
991629
993246
991376
993863
992409
994780
992230
9802
9853
994559
990354
991428
991110
992644
990441
991682
991414
990890
994690
993399
992025
9609
991567
993656
991786
9420
994250
993006
992940
993757
9777
991037
992162
993943
992075
991787
991131
991424
991477
9855
993112
994534
990947
993731
992853
995008
992363
991735
994536
994794
993636
990129
992005
991679
992532
992325
991730
992400
992709
991104
9504
9421
9428
990189
994326
993036
991659
992471
992032
993059
993730
993921
994019
992381
993166
990958
991103
992346
994634
992233
990039
993256
992245
990384
9698
991660
990095
990120
990524
993552
991508
992608
992016
9330
9658
993287
990463
991740
992978
994159
990904
991889
9382
9623
993674
9713
993496
993720
994774
992914
993362
992562
9571
990633
992692
9183
992520
992167
990598
994240
994125
991796
994074
993826
993035
993933
994711
9030
993763
9601
993664
993517
990949
9346
9302
9200
991494
9761
991331
9644
992283
87
991585
994577
991188
990855
991156
990270
992203
992394
991325
990757
994925
992293
994776
994018
992023
993300
990070
994180
994258
994919
993178
990101
993521
991793
993291
993524
990770
993168
991769
993840
994168
990557
994408
994407
994012
993425
991982
993657
994981
990818
991432
993903
993429
991511
992291
992971
994343
992096
993596
992044
993133
990293
992382
992815
9817
991938
990180
991640
992833
994462
991378
993087
991352
992288
994589
990991
993029
991754
9536
992841
991673
992333
994694
993293
990587
993320
9370
992561
992127
993386
994642
991902
990092
992068
991641
993416
992322
994732
993999
992054
992095
994509
991025
993250
992275
990430
994620
9419
991844
990298
991810
994549
990507
991456
9323
990501
994366
994873
992537
993931
991160
991910
994500
994942
9758
9550
991179
9652
992746
992159
9474
990076
994742
992800
993918
994879
993861
991947
994358
991252
994671
993463
994630
991960
990361
993484
9115
991075
991525
992190
990919
993275
994539
990562
994039
992420
9380
990542
992445
993460
993147
994293
994543
992758
994072
991349
9557
991905
993124
992192
991420
992887
992711
992892
992412
990000
993057
990565
992544
994230
994003
993149
993752
991340
992584
992085
993749
994351
990246
992972
993797
993132
9013
9034
994283
991267
991301
9746
993777
991108
993202
990647
994323
991941
994248
9150
990834
993099
9579
990285
9124
9305
992327
994345
993611
994049
993232
991819
992524
994218
994676
990528
992720
994828
9263
990739
994372
993527
994444
990791
991088
991183
991143
991336
9585
992675
992077
993437
992316
992987
992994
994465
9747
992847
990850
993810
9365
992521
992257
992952
9256
9878
990750
994096
993665
990279
994795
990374
991989
992938
990894
992893
994580
993452
990607
9537
990642
994158
991857
992122
992512
9002
990193
990291
992396
991943
992318
994999
991527
991775
994600
994764
993198
994759
994996
990711
9167
991337
992297
993136
991531
992713
994803
990169
992563
990062
990280
994702
9813
990809
992051
9485
990011
991459
9478
991575
992328
991885
993164
993874
992854
9332
991170
991200
992418
993123
991486
993288
994219
993360
990831
990967
994793
990031
992548
991391
9806
990975
9800
9357
994850
991476
9298
992373
990936
992387
9659
9114
993480
991207
994628
991865
992081
991820
9248
991577
994405
994700
990721
994171
990287
993444
992313
990491
993682
994022
993651
992792
991716
994962
992309
994548
992171
994385
994915
994393
993569
990965
992034
9673
9241
992877
992348
993266
991119
9590
9632
994092
9528
991167
991116
991125
991016
9351
990512
990951
991806
992477
9684
994715
994025
993922
991266
990595
991559
992250
994376
993478
993839
9693
993342
992107
9750
992422
994467
9078
9126
992413
992410
993098
991845
991849
992896
994135
991540
991907
9208
994287
994558
994948
991145
993567
9367
992655
992922
990898
993884
993673
994249
993712
994816
993327
993134
992389
990466
990932
993634
992554
993736
994681
992632
992484
992351
993020
994633
993284
994523
992266
993038
994572
993913
994614
990555
992695
991305
993750
990664
994928
993788
993477
994309
9577
993319
994192
991764
994616
992507
993159
991398
990869
990154
993646
990963
994146
993053
993069
992716
991914
9524
992488
993314
994448
990420
991062
994930
9867
991686
991272
990122
991057
991413
994015
994477
9493
990612
993273
990514
994153
994000
992557
993885
992580
993703
993001
992226
991465
994506
990994
9047
990109
993310
9220
990816
9374
994556
993440
992036
990631
993485
991389
992091
994064
992549
9236
993418
992161
990924
9354
993483
994371
991482
992818
9484
993060
993629
993581
993732
993244
990853
993584
993410
993476
9417
991134
993823
993175
992331
991130
991140
993566
990362
990690
994244
9434
992704
993834
993850
992835
9023
994484
990473
994752
9580
992712
9567
990741
992011
993475
993154
993491
993578
990211
992884
993245
994835
990073
992405
993793
993637
992858
994193
994750
994438
990702
993890
992069
994815
990945
993888
993234
9883
9724
992156
74
992434
990386
990780
994938
991031
992911
994055
994304
993218
993719
992881
994745
990790
993388
990096
994699
991939
9553
992950
991969
994782
991047
9578
991732
993790
993062
9348
992636
994862
991067
990118
994081
993439
88
994069
992425
994624
993782
993528
991478
993195
992150
990540
991197
994004
991614
991692
994379
994262
994646
991809
991395
994565
993283
992784
993456
992421
9816
993743
992664
990373
991714
992697
9871
992828
9024
992974
992295
993538
9451
990338
9020
990342
993064
9442
990704
993937
50
991274
994090
994453
994177
993126
993542
993791
991805
991462
992073
993518
991855
990826
994396
992086
993783
990621
991558
994378
991926
994621
992706
992894
994997
993267
990668
990632
992186
991133
991887
992889
991515
991387
993742
9598
993988
9603
992465
9582
991766
992408
993594
993571
994753
9411
994561
991892
990851
990717
9265
994011
990399
994089
993762
993298
993860
9710
994629
9779
990586
993163
9583
991712
991846
993479
992547
993535
9457
994131
994032
993696
991685
993041
993161
994740
990066
991450
994555
990502
993771
994040
992397
994350
993695
993034
991900
993786
991373
994348
991290
993395
991890
992429
992603
991765
9887
991277
994237
9266
991175
990395
9466
992925
991201
992478
993436
994504
994751
9511
992571
993421
992067
990777
992234
9205
990407
991448
9393
993700
990574
992519
9307
990772
990296
993021
994456
991353
990233
991916
9686
994167
991639
993803
994415
990715
994673
994195
9549
993413
992436
994895
990385
992152
9744
993964
990999
9737
992710
990683
992511
9438
992366
992503
994688
992228
990391
991964
992430
991557
990181
993707
994724
992170
994026
9562
994238
994932
993056
992435
992121
993935
992729
9166
992605
9606
991142
992280
994521
994707
994657
994924
991236
993870
994373
990732
992393
993607
991226
991469
992392
993587
994899
993174
993010
993676
9118
990197
994557
992627
992232
993120
990763
991377
9143
990569
990582
990615
992501
994951
994437
990415
994545
9767
991181
994161
992701
993499
994045
994317
9494
994392
991055
992961
9388
993219
993108
993759
9400
994439
994127
993671
992721
9543
9074
993806
991166
994656
990185
9363
993066
994357
994829
990061
994893
9352
991780
993239
994346
991444
990131
993183
992273
993153
990033
990538
9460
9565
990234
994084
993953
994145
993560
992218
992977
991127
990032
994719
991362
992980
994800
991374
9453
993900
991990
992533
992040
994451
990278
991073
9763
992414
990283
9833
994861
994953
993574
993196
9173
991923
9431
993180
994817
