9422
990516
994885
9877
991227
990513
34
993158
990049
990691
994766
992639
990480
9799
992998
991023
990314
990977
67
9657
9218
992797
9739
9691
9087
991328
990796
993402
991364
993255
994037
991294
992969
994882
991052
993150
994490
992803
994567
9154
990022
991638
994079
9821
991220
992844
994876
992678
993375
993430
994076
993352
993181
991963
991789
990766
9153
991973
994156
991612
990007
990810
994791
993127
993784
9103
991980
9637
993992
990934
990315
994324
9281
994576
994520
990813
992089
991449
9862
991687
991155
9373
991791
992061
990128
994889
992807
9689
994121
991447
994697
9741
9866
990926
9226
990329
993590
991415
993949
990821
992731
991259
990318
991701
991790
992383
990352
9505
9879
9456
994228
994538
994272
994106
9797
991206
993509
994969
991198
993351
991247
994933
992662
993286
992124
9283
993486
9490
990812
994170
9881
9803
993675
9375
991164
992868
990390
994311
994854
993086
991038
9197
991317
992592
9246
9384
990177
991003
990559
992825
991383
992689
991314
991322
990724
994110
992661
990165
9018
9318
994648
992832
994296
993493
993979
9399
9290
991684
994181
9172
990503
990987
994300
9765
9110
9446
994183
990210
9082
993950
994141
992037
993042
993965
990684
991976
990006
993009
991286
993532
994105
991529
992012
9443
991241
9709
9540
994575
993857
992466
992670
993603
992352
990564
990666
991771
994483
9062
9321
991962
990706
990303
994023
993338
9735
994909
993023
991007
9626
9850
993083
994202
992290
992065
994626
994602
993065
994888
992830
9149
9885
992269
9151
992401
992890
994838
991563
994505
994388
9313
9462
9432
994972
992207
9676
990962
993666
994118
993608
992485
994263
991544
992699
9201
993261
993859
9519
990953
994723
9170
990331
992437
9719
9017
994855
9749
994209
9812
991499
992726
9656
992840
992164
992258
991681
993967
990841
990470
992528
994474
993525
992737
9083
991441
991152
9259
994499
992836
994649
994008
992315
991818
991977
9358
991708
990256
9125
994957
995006
991987
991715
990993
991523
993345
994041
9145
991590
990648
991162
993818
994692
992341
994062
9066
991994
9554
993807
992214
9492
991382
990484
990748
991707
993111
990353
990351
991869
9159
9560
992103
991603
990111
990884
993253
9204
994636
9870
991533
994449
991030
990789
990183
994529
990030
993976
994468
993880
990182
9645
991367
992456
9839
992239
992814
9830
991710
9708
990658
994974
992810
990604
992913
990295
993075
9244
990013
992626
994563
990320
991824
994675
990906
993621
990745
990970
991500
994579
992851
9077
991832
992462
991390
993693
994060
991051
991725
990937
990454
9379
990427
994845
9275
992213
9406
994042
990132
992515
993078
991645
9726
9137
994036
993119
994739
994585
992155
991303
994515
993449
990486
993208
991115
994552
991182
994708
9168
993952
83
9789
9198
992761
992247
9341
991903
994109
992003
990878
9555
9863
990589
990459
994199
9286
990060
992205
990838
991243
994478
993173
9319
992651
49
994416
991782
991625
9495
9764
992527
990488
994640
993985
993628
994896
994654
992745
993969
993981
992658
992912
994068
994412
992826
990939
994995
991079
992002
994785
993915
990156
9546
9230
991713
9618
993689
990222
992997
994541
991924
990093
990623
9766
991966
992982
994874
993107
993555
993551
991792
990857
991427
991671
994029
9075
992656
991532
80
994189
991698
991996
990719
991151
9743
993027
993633
990728
9063
992349
992423
990954
993706
991239
991706
992046
992374
994383
990593
990942
994014
990678
9729
17
990865
993686
991815
990042
991106
994936
993442
994595
990863
994866
991664
993424
994979
9619
990245
991630
992350
991693
991411
995000
993975
993878
994902
994394
993240
991931
992120
990409
994341
990240
992598
55
992782
994613
992474
994333
990584
994381
993341
992114
990563
992255
990121
64
992921
993889
991569
992665
60
993635
991195
9371
993795
993565
9337
991222
990321
990225
994216
992357
991555
993926
990449
991745
991386
9098
993172
990846
993167
994434
994190
992964
993609
990126
994115
994635
9195
65
990377
990041
993414
993687
991012
993639
993866
9095
994779
993489
991225
9517
9255
990145
993276
991618
993467
992764
994327
992641
990840
991080
992546
993312
993190
992088
992125
990413
993515
9470
992618
994362
994217
9089
9011
993067
990592
990547
9503
990938
994481
994949
994493
991224
993214
991925
993095
9069
991734
994709
994410
9533
993235
992265
9427
991691
990075
990776
994464
992752
9510
993157
992104
991326
994954
9801
9682
994441
992882
994691
991611
993618
990408
993433
993650
990081
994340
991402
9413
9649
9175
991032
9171
9861
991588
993698
994625
994870
994970
992353
990833
991035
993005
9496
994009
990305
994525
990105
994756
994982
990010
990891
990973
992687
992625
9007
992775
991397
991256
993723
992763
994507
990922
993678
993453
993914
992184
990083
992404
992930
993851
993958
991357
993727
992057
992590
991408
9079
990239
992165
994609
992878
992487
991291
9121
992740
992476
990847
990411
993684
9677
992736
992567
993685
992990
990849
990641
9146
993144
990913
994349
993340
993963
9274
994652
994306
994307
994651
9031
990817
992564
991036
993772
992609
994134
991437
994267
991194
994163
990098
9600
992129
993032
9395
990368
992776
994406
993831
994672
991831
991011
9730
992278
993754
992872
992676
992058
993530
9892
994260
991954
994241
994232
994148
990603
993371
992691
994114
9012
993617
9101
994489
990464
994270
994988
994303
991897
990172
991699
993739
994842
9156
992991
9762
994342
992996
992523
994532
991216
9846
990578
993248
990659
991514
991502
990150
991505
991723
9288
990794
992379
993959
9624
994447
992667
992494
992175
990828
994147
994417
991961
991191
990005
9262
994206
993251
993847
992577
990701
991696
991287
993721
992119
992933
994169
990216
994154
991571
991884
992049
9292
990458
993724
993576
9807
991257
990237
993540
992928
991217
990781
993591
991620
992188
991020
990998
990242
9267
990961
990046
77
992468
9597
993765
992236
991598
9873
993661
991139
993735
993536
9889
992804
992187
9100
993148
994178
994865
9864
994368
9699
990639
991141
9723
9214
991554
993838
994680
991417
990143
993264
992831
992498
994140
991690
994048
9754
990815
9134
991440
9814
990681
9123
994639
991720
993812
991078
993764
992666
994059
994883
991863
993589
993074
992614
991888
9570
994604
992411
993864
992981
994086
990159
992619
994704
9605
9810
990756
994755
993304
9299
991755
991719
992189
991999
991662
991475
990392
993796
9874
992934
990560
992246
990050
993079
990275
991074
990044
991644
993252
994804
9477
9412
993785
9345
992774
994839
993808
994409
994859
990966
994703
993305
9832
9009
992790
990220
992777
993272
992191
992475
994382
990238
994344
994619
9338
990652
994282
990798
990160
992696
990716
990069
990530
991464
992274
991549
993631
9595
994747
9327
994454
991570
990871
993974
992772
993077
991854
81
993990
990478
993558
990523
991646
992312
9071
994501
57
990437
990176
992270
992613
993347
992455
9277
991381
990620
990406
993801
9258
991061
992671
992516
990099
9694
991545
993751
993556
991656
991453
991375
991039
9285
991069
994116
991018
9369
990429
993871
992728
9209
993510
9607
994164
9516
991077
9665
991177
992308
991192
993867
994200
990880
991862
9240
990628
992263
991033
991292
9781
992499
990765
990905
993417
994570
990003
992607
994963
991553
993746
993691
990848
993000
994645
993905
991000
990537
992880
994710
9247
993081
991392
992431
990985
9029
990424
991082
990571
994958
993718
990610
993932
990028
994087
9678
993470
993353
993004
991470
990184
993274
991356
9044
9468
993281
9458
9838
990330
994098
992056
992204
993642
991137
990448
990052
991202
991647
991680
993329
992624
9059
994578
994987
9133
994647
990912
994461
992221
9469
990286
9284
991837
991233
992060
990660
990255
990360
993339
991495
993238
991880
991901
990692
992510
993294
9444
992180
994312
992432
9042
9545
991657
990412
994944
991394
993641
993780
993061
991419
9751
994638
994308
990870
993471
991034
993367
990334
992859
994056
991341
9271
992261
993702
994826
993892
990917
9104
994498
992055
991273
990594
993511
993901
990453
992931
990882
9615
991663
991705
991282
991418
994623
991132
994665
991650
9272
992750
993165
991979
9844
990618
990630
992115
9787
992674
990349
990509
991208
993295
994891
9509
990646
9086
993991
9692
9391
991498
9563
992108
991649
993644
9631
991667
991327
990327
992759
992377
991904
9055
990731
993523
991804
990693
994247
994374
991807
993716
990755
991736
990090
994696
990187
991388
994266
990527
992806
994253
992303
994284
990635
994487
992504
990960
993729
9414
992610
9038
990738
991231
994926
991677
990989
990214
990231
991670
9842
990867
9809
990535
9142
992550
69
993513
994637
994601
9527
994918
994674
991401
990365
992902
991521
994965
992834
992536
992995
9561
993877
993207
990837
993334
990556
9243
990082
994596
9616
990804
9697
990151
9711
9331
992906
991260
992142
993201
994398
990549
993875
992004
991046
991821
994713
993896
992642
992732
9221
992897
993082
994641
990166
992686
992637
993966
9189
990259
993822
9541
993192
993011
992113
992137
9640
991817
993210
991403
992741
994920
991703
990515
993130
994653
993372
9660
89
991959
990396
990572
993228
991215
993419
9203
994519
994002
992500
994670
9250
79
993923
994471
994698
990521
994853
994491
9165
990192
994457
992106
994973
991697
994420
9489
9880
991828
991460
990972
991024
9680
990445
991526
992941
9687
9404
9695
991430
9213
991306
991480
992260
994150
994435
9182
993911
992093
9409
994726
994035
992747
994414
994562
993955
992019
994610
992130
9141
992197
991859
992098
990053
993296
990518
9425
990221
991958
992842
992531
993553
990856
9064
994787
994901
993462
990325
994597
992820
994771
9725
990359
993774
9825
991839
993242
991076
9148
993869
993349
9805
990398
993197
991836
992458
990313
993377
9704
991089
994743
993711
994391
993426
9896
9875
991507
992035
9041
992059
991049
994431
9671
990909
994234
994749
994914
991335
994526
9097
994389
993916
991648
9521
9328
991772
995009
993455
9868
990431
990148
9610
994255
9067
993827
994380
990004
991196
991653
994054
9584
991955
993385
994204
992264
9847
994837
990570
993995
990554
992685
993856
993647
9396
9888
994900
991661
993849
9423
991487
9513
993028
990656
9054
991153
9336
992683
993582
990037
9111
994910
990072
994582
990158
990250
990908
992875
990113
9032
993408
994094
992534
992766
994947
992109
992783
993348
70
993225
990299
993972
991748
991788
992988
993919
9407
994403
992010
990982
991329
993547
990968
990436
993085
992572
992785
993017
994832
991834
990226
9210
9471
9276
994852
993760
992569
994463
993431
992597
990207
991021
9523
991773
992895
991461
993612
990784
990541
992193
991154
990640
993961
9718
991882
9405
992041
992145
9235
991347
994736
9865
993204
993779
994155
991276
993243
9588
993734
992083
992490
991112
990566
992837
991324
991008
993374
991284
990203
990820
993564
9542
994093
993441
9085
991985
990907
991550
992457
993522
9180
990434
994864
991768
9280
990897
991615
992324
990686
991346
993855
992756
994544
992778
994945
994030
993037
992885
9001
992967
991591
992200
991652
993468
992033
992074
992144
992703
991054
990552
991919
993638
991803
991709
990267
990058
9053
990450
991695
990027
991678
992395
993968
990935
991548
994761
992606
994426
993494
993811
9526
994875
9295
992289
992028
990577
994184
991785
990472
991050
994179
993848
992080
9520
992076
994827
994599
994460
992302
993906
9065
9249
993184
990432
993094
992168
991950
993630
991485
994718
993986
991737
9738
992857
990760
994299
991484
9224
991596
994588
990959
994334
992552
994320
992975
993185
993179
994316
992545
991101
9732
992440
993583
991471
994769
990707
990215
992428
990663
9454
994061
993138
9117
990948
990119
994256
990102
993434
993049
993672
9207
991173
992793
991858
994196
991425
990301
993458
990550
992786
993800
991393
9675
993820
993423
993003
82
992415
992559
991359
993829
992131
991864
992907
993226
991917
9500
994235
992949
990832
992762
993934
993497
990089
991741
993973
991777
992148
993331
993549
990737
994367
991060
9161
993873
990358
9636
991631
72
63
991676
991365
993317
9361
9052
993193
992030
993076
990490
991431
991438
992594
991091
994423
993501
993845
991568
990767
994243
992903
990792
993529
990023
994214
990596
992335
991138
9487
990124
990266
993833
994458
991165
9663
990925
9068
991886
992378
992730
993514
990348
993544
994239
9736
993070
990653
993357
991323
9136
993781
992391
993667
990243
990544
990793
990561
9253
994934
994983
991733
991829
994286
990836
992296
992617
990581
994757
9507
992442
994660
990292
994418
991496
990380
991847
9664
9320
992008
993506
994911
9091
994568
991783
992754
9092
9701
9530
991172
993852
992738
991843
990669
993619
993936
991552
992210
990517
992334
991627
9858
9479
992824
9433
990347
9028
993464
994473
992714
9430
990703
993155
992406
993924
994233
993313
9326
990866
993472
9436
992694
993938
994833
992944
994598
993758
990487
993872
992779
9119
9602
991205
992518
993490
9128
994201
9852
992026
992860
991321
9027
991158
9884
992932
990001
991929
992018
990699
991348
993469
993203
992973
994251
994043
993438
990964
994684
993837
994355
9707
994013
991185
994470
990927
991350
9740
994617
994517
991109
993394
994746
993956
9273
994677
993412
9859
990268
992856
990232
994280
992715
991894
991506
993814
9268
992489
9522
9355
990462
990350
991763
9559
990379
995001
9643
993328
994057
991632
990345
994261
993370
994921
992879
994404
994693
991212
991058
991504
994390
994773
992149
993326
992535
9178
994297
990599
991010
990680
991457
9343
993297
993773
991547
9008
994144
992616
992451
992920
9828
991096
993728
991045
993262
994733
9312
992009
993882
991840
990802
992268
991264
991878
9222
9791
991952
991940
993249
990316
993216
992136
9690
993573
994353
990247
992480
991435
993072
992285
994744
994799
993014
993928
9304
993605
9005
9882
992693
994162
992417
994400
992277
9202
994495
992486
991219
991799
994801
993504
991927
990457
990944
993280
992479
993862
992272
990218
990144
991654
991114
994514
994088
991607
9439
993996
991407
992045
990410
993068
990768
995003
993654
993332
9410
992385
9234
991592
991479
993309
992279
994894
991774
990829
9127
991253
990860
990136
993391
991721
993659
994615
993026
78
990302
9251
991022
990204
990806
990467
993705
991439
994245
992212
991642
990534
992323
992304
9152
993230
990876
993879
990086
991727
9144
9755
993151
993663
991572
994310
994683
992634
992751
990606
9745
9282
991209
993978
992575
991767
991518
9702
990877
9445
9390
991004
991454
9106
990720
993050
992848
9574
994959
9360
993279
990080
993055
9837
994939
991724
990624
990636
991760
9651
994330
992070
992929
994679
9362
993526
993841
993404
993247
992021
990038
990142
992801
991087
992364
993321
9575
990861
990600
991128
992319
991538
990272
9394
993223
990195
990281
990508
991597
994857
992538
84
993364
992219
990059
9748
991044
992337
9289
993446
990370
994318
990440
990978
991503
992827
991516
993925
990029
990736
993835
9622
991729
994302
990376
990418
994271
9650
990107
992551
9818
994007
994325
990435
992799
994157
990931
993368
990708
992808
992209
992419
992344
991776
990048
992794
990773
991370
991536
9532
85
992169
993738
991399
9591
9296
991409
991672
993907
992256
994786
76
9448
992179
990188
991674
991280
993289
992942
992530
994329
994198
994502
990551
990253
991345
990008
992433
9377
992735
994547
992251
992355
990451
991443
993381
990190
991953
9231
992985
993022
992638
993655
993316
994100
993562
990974
994571
994830
994985
991876
990269
991379
990758
993285
991467
992719
991932
992965
994172
990920
993384
993787
994594
992672
9014
993265
990141
992725
993761
53
990981
991203
991269
992311
990223
992855
994728
990021
990477
994067
994730
993013
994313
990762
990875
990729
991113
991921
993393
992553
990262
994298
990019
994295
990026
68
9366
992769
991881
992241
994993
990950
994856
992953
990969
9426
992542
993335
993030
991187
991053
992955
991474
9245
993110
990597
993561
994872
994722
990198
994836
992871
990619
993152
994695
9569
61
992993
994488
992128
992629
991683
993505
990539
9217
994992
990208
990015
992846
992252
993559
991369
990687
9056
9566
994252
993697
991442
991229
9025
993887
993669
992407
990536
994142
992166
990043
9639
9592
9514
9401
993680
991617
990613
990952
991993
993008
993209
994937
992217
990229
994905
9706
990591
993182
992047
991853
992788
994763
992767
9612
990626
992816
993688
994522
9525
991866
991589
991541
992347
992682
993610
994591
992963
991795
994583
991651
994322
9593
993369
9716
990864
993747
993205
993187
992211
992646
994001
992962
990106
994956
992154
994365
991026
75
9229
993512
991861
994494
994892
991027
9441
990500
993344
9339
991751
993645
992013
9015
990616
994877
992635
992470
991928
993792
991781
991816
990650
9416
990992
991933
991372
991446
990522
9620
994831
990433
992898
9534
990260
992118
993930
991223
993945
992157
991368
991400
9162
994020
995005
990163
993842
991669
992248
9109
991199
992653
993177
991354
994422
994714
9769
993106
991056
9647
991920
993080
9463
992216
990590
990786
991675
993128
990258
990153
990844
993129
991123
993794
991537
991436
9392
992773
990335
9841
994419
990289
992843
991086
990357
990769
992244
990167
992007
993461
992947
994618
994611
993554
991268
991120
994678
993960
990312
993805
993269
992604
992910
993598
994967
994706
9314
991342
990532
993580
993051
994682
991546
994288
994931
990921
9728
991251
990783
991874
993942
9227
992321
990807
993894
991628
991749
992202
992133
993002
992294
991911
992146
993579
994369
994863
993359
994540
990896
994650
9093
991174
991797
990979
9897
9004
994741
994331
990252
991366
993998
994527
992343
993392
992839
994923
993063
9670
992416
990608
9385
993407
990553
993191
9783
994535
9316
993093
9788
990928
994986
991759
993595
991168
990339
9472
994772
993660
9831
992649
992866
990257
994413
990494
992078
9829
9242
9773
9654
991524
993816
9335
994760
994632
992101
9179
994584
993520
990063
991302
9279
993770
990685
9372
990712
992386
992989
992243
990946
993343
990986
993799
994510
992966
993830
994122
991700
992654
994386
993858
993533
992923
9776
992724
992099
992652
994738
994221
993767
993482
992320
990519
994904
990071
994194
9120
990651
992132
9050
994436
9770
994980
992976
992915
992684
994643
994667
990675
993962
990130
990217
993233
990191
995007
992849
992292
993194
991085
9072
992918
990002
991071
993899
990205
991626
994455
992958
994083
991838
990375
994136
991405
990843
993897
9322
990743
994279
9192
990186
991333
991298
994017
9617
992473
994188
990244
991513
992781
9483
993211
992140
991637
991988
992867
990224
990138
994319
991848
994006
991261
993939
994151
990401
994401
991283
992780
51
991186
994046
9849
992237
992615
992543
990057
990452
991593
991041
991583
991946
991753
991750
990634
9147
990689
990333
9778
994203
991822
990520
991609
990778
993775
990012
992443
993403
993137
990983
9794
990483
991258
994482
991148
994264
993844
993031
991385
994978
9669
994359
993097
990264
992768
992227
993662
992757
990627
994259
9037
993946
992883
993910
992271
990091
9635
993217
991601
992438
9257
990749
993766
990611
994612
994095
992491
992330
993451
990403
991972
990018
994550
991009
9163
993380
990273
9572
992029
991731
993025
990474
990123
9822
9668
993701
9135
990045
990438
993753
993548
993389
990888
992909
992110
991228
994916
9309
994551
991029
993868
992702
990753
991974
992874
990397
991184
990149
994034
994113
994277
994784
994103
991149
991017
990423
9334
993100
9026
993745
993473
991412
992482
992612
993105
993970
993927
994301
990025
990116
994337
991935
9418
9898
994377
991613
993257
990735
9383
992329
990916
62
992673
994796
9823
990179
992819
993048
9672
993572
991275
994229
994294
9293
990531
993139
990074
9090
990084
993131
990249
994207
993708
9782
994778
990506
990112
993224
993971
992143
990290
993109
993690
991784
994291
991339
9461
990336
991245
994469
993593
992813
991757
993756
994497
994952
990845
86
993406
991070
9185
9627
994788
990665
994211
990414
992811
991909
9539
994269
993545
992064
993125
990929
993620
994566
994884
992231
994898
990744
990157
9081
991097
991898
991992
994152
993466
992105
993495
992742
993200
9325
9324
991744
9621
9715
992791
994511
992574
994395
991956
990344
9233
993819
994016
991210
991458
993500
990265
994028
991423
9486
992943
9700
9886
993073
992796
990644
992899
994275
9191
992220
9112
991214
9464
990161
994946
994242
994922
990887
990020
990068
991875
994834
992172
992493
991944
9529
990955
994104
994984
9756
991189
990822
990284
992160
992039
993557
990588
991995
994044
993222
9376
9193
990355
991643
992332
992583
993390
990444
991468
992472
991094
9491
993616
994231
52
991157
992492
992497
991912
994871
992508
992888
9088
994560
994097
990036
992999
992097
991463
992135
9184
992970
9587
992555
990764
991384
990493
990078
991610
994399
9429
9790
9625
992539
991604
993282
990629
993904
9568
9415
994512
9634
993846
992502
994991
9667
993427
9035
993090
994950
990990
991043
993836
9808
993040
992094
992805
992300
994138
9353
992700
990872
9576
994205
994727
990725
993089
993007
994941
994063
994903
994966
992734
991150
992001
991879
992956
993941
993318
991971
993135
992495
54
994537
991410
992936
994767
993254
992770
992870
993585
991728
992873
9795
993653
9604
990402
990456
991102
992454
9039
994868
993387
994328
994777
990622
992338
991877
991668
993397
992723
993354
991997
994663
9387
992134
990381
992640
990811
9199
994387
991238
993448
990546
992829
990943
992286
991975
9076
991421
991512
9340
991254
990282
993033
992984
994867
991658
991743
990782
991344
994664
9760
994027
992573
993361
993658
994285
990775
991066
9798
993229
991296
991072
994586
9105
994658
993980
994276
9564
994160
991416
990835
992141
992082
992983
990363
992900
992158
992596
9599
9130
994906
992301
9158
993146
990168
992194
992600
990940
993492
990485
992340
991608
991665
990100
992235
990879
990034
993832
993997
9502
994402
993330
9252
993546
993737
9515
994496
9084
990751
991406
993912
992100
992116
994120
990996
993160
993876
993982
992795
992823
994124
994321
9452
991991
993227
994508
9596
994101
991121
992483
994975
992722
48
992526
990393
992253
990346
994274
9780
990114
993722
993908
994564
991883
992066
9070
991190
991936
992326
993290
990170
992284
992063
994592
993488
993356
990108
991522
994940
992000
994265
993789
991122
992362
994503
993379
991934
992299
993039
991543
990051
991126
9498
990759
990382
992356
992749
990930
993568
992755
993543
992927
9350
992979
990263
993231
990976
990088
991981
991551
991234
9674
994066
994112
991752
991922
9291
9717
990637
994338
990369
9043
9475
991825
994384
992869
990808
994705
993640
9435
990300
990533
993825
9848
994257
991343
9824
994955
993843
992628
994354
990700
993096
9727
991028
994486
993909
9611
993382
994917
991332
990294
994492
993465
994990
9215
9705
991704
992568
9386
992402
991246
990364
9333
994655
993206
9857
9006
992208
992876
9264
994428
9476
9036
990893
991455
990661
993502
994513
990230
992126
9628
990854
993302
991666
9238
991169
992707
9000
994421
992345
990858
992087
990416
9287
9820
992643
9116
991048
993541
9131
993189
994137
992371
990337
994173
9239
990580
991561
991107
992945
9408
994533
991978
994425
9655
993677
990422
992287
994108
9102
9893
991124
994165
993324
994581
9402
993893
993241
993024
993828
992062
993325
994254
992968
992822
991501
990696
994099
991633
9140
9164
990455
991948
990227
992050
991739
994210
9480
9061
992771
992449
991452
993539
991426
993162
992556
992198
994065
992022
991483
990040
994033
56
992739
991221
992743
991930
993365
990576
994897
9216
9359
993363
9073
991718
992446
993577
994669
994994
9228
994627
9890
994913
994770
994289
9826
994077
9206
993432
994851
9772
992199
990271
992123
991213
9194
991472
994666
994071
993813
991232
990827
994644
993422
992727
990405
994690
993943
994569
992939
992469
991304
991539
994775
992602
991942
992708
990787
991144
991949
994442
994050
9381
990343
991371
994315
991747
994047
993804
991579
992948
993681
994191
991983
994443
9473
9685
990495
994236
991063
992633
993443
994687
9347
993853
992645
992802
991242
992372
993886
990341
990097
991726
991918
990740
990617
990609
991957
993457
994890
9174
994768
9447
990852
994102
990479
995002
993071
990366
993103
993396
993346
990035
992698
991263
991567
993994
990918
992760
994806
990428
991578
991255
994631
991249
992621
990579
990213
10
9138
9734
991424
993570
993809
994977
992525
992052
990718
9094
993733
992450
993516
992821
994073
991702
994052
991746
992196
9642
993699
991355
990754
993186
990504
9646
990140
9459
9777
990288
990545
994133
990911
992765
990670
992863
990714
990895
991230
992908
991404
991092
993517
990558
991606
994424
990825
9785
994459
990476
991622
992267
9160
993121
9802
992471
993420
994927
991380
9344
9696
993748
9504
994780
990378
992014
66
991634
993957
994603
990064
9891
990065
991682
990859
9122
993450
993636
9713
992112
991738
992020
991659
992359
992917
9774
990726
990752
9609
990354
9548
9661
990496
992032
991830
992447
993670
993292
992960
9297
9046
994180
993674
991605
9681
994250
990400
991984
991730
991006
990980
992886
9269
994794
991635
994989
991103
992249
990469
990219
994213
994737
993921
990095
994536
994445
991042
992709
993730
992346
994907
990734
993355
991769
992195
990548
992325
991968
993398
992562
992259
9786
993052
992016
994622
991211
993399
993215
994912
993271
990771
992092
9139
993895
990705
992363
9346
991104
991629
990404
994807
9428
993092
9703
994998
990633
993059
991331
9003
992517
991899
993649
993656
991110
994534
993246
994126
9420
991466
9047
992459
991786
9623
993883
992072
991428
992424
990947
991131
993552
9183
9382
991297
992230
990524
993006
991432
992381
990189
990481
991770
992053
994018
991508
992245
991945
993731
993036
990441
993035
9855
991477
994686
992233
995008
993763
993166
994711
990890
9219
990180
992380
994577
9317
991156
992162
992692
993757
991146
991494
993496
990463
994326
990384
992283
990587
991889
992409
992940
992608
991188
992203
992005
990598
994074
9113
991787
990371
992644
9698
993826
994343
992167
9302
992978
991660
993778
9658
9571
994258
991376
991218
991796
994559
990129
991740
994159
993933
990757
992532
993863
994019
994634
993362
993664
993178
992789
994732
993256
993918
990120
992558
993112
9853
993087
992971
991585
991844
991735
991037
990904
992914
993287
994774
990270
992954
9421
9330
990601
994765
9648
990770
990557
9030
87
991673
9550
990430
990991
9761
994012
991414
9419
991938
994500
990101
994240
992815
994981
993320
992520
993291
994919
993386
992705
990958
993596
990855
993749
9601
991640
994293
993521
991641
993903
991754
993147
9200
994039
993416
991910
991456
992275
994509
992853
9652
9380
9370
993168
990039
991679
994549
992068
994539
992192
9557
993425
991160
992400
992096
992333
994642
992537
993300
993720
991025
992159
9579
994620
992420
992095
993999
992394
992382
992127
993460
992075
992561
992023
991179
990298
993810
990501
993931
994676
993029
992524
994543
994671
993463
9585
990949
991420
993524
991902
993133
991793
994366
991905
993840
993293
992293
994351
993149
994218
994776
994462
990919
991325
994230
992445
9536
991252
9115
992746
992720
993057
9817
990293
994168
991810
9474
992288
994248
994049
994828
992800
990507
990246
991088
991525
992841
991349
992887
990818
993250
991982
993124
990361
992833
990000
993132
994630
991947
990076
993657
9263
9365
993202
994925
992322
994407
994408
992025
990092
993861
992972
994694
990542
990902
9013
9644
992938
991941
994589
993437
991819
993429
994580
992758
991511
994125
992892
9305
994372
991267
992327
9758
991960
992711
992987
991075
992257
992190
990285
994942
990279
990291
992563
993874
994283
993098
990647
992291
994879
9878
993484
994742
994072
9746
991336
992316
994873
991378
991989
9150
994465
993232
993611
991183
994345
992521
990070
992893
990850
990169
994358
990951
994795
992994
9256
991143
990791
993360
992544
992085
9485
991301
992054
9871
993275
993452
991352
994702
991775
9537
992077
991527
994999
9747
992412
9323
9673
9034
993099
991340
991577
994003
994219
992584
990374
993665
992952
991337
991266
992044
992675
9298
993797
992548
993752
994759
990831
991857
990894
990565
9813
992328
9124
994444
990750
991531
994850
990607
991119
994323
992512
9478
9332
991391
990834
993164
990512
990642
992310
9078
994996
990011
994764
991459
9002
991108
9806
994715
9167
994158
994558
994793
993527
990967
991943
993288
994405
990528
992713
992318
993480
993136
992477
994600
992792
991167
992396
991540
992847
993123
992413
9248
991170
991200
991057
992171
9351
9800
993444
994096
994467
994171
990975
990491
994393
992313
994548
992051
994700
991207
993569
993750
993777
993198
990936
990562
9867
991907
994022
994192
992373
991575
992107
991820
992484
992034
990965
993922
993673
993567
991885
9659
991486
9750
992297
991116
991865
991305
992422
991716
991016
993478
9684
992877
9357
990595
994962
994287
990193
993069
994092
992655
990280
993682
991125
994477
994803
994523
9693
990062
992418
991559
993712
994000
9590
993020
993038
994376
994135
990739
992410
993634
992122
990711
991062
992695
990963
991849
9241
992632
991806
993342
9367
994249
994633
9126
993159
993266
991145
9114
990466
992387
990932
993651
990809
9528
992922
994915
992854
993327
992389
993053
990721
994752
992309
994025
994616
991476
994556
994015
993244
991764
992488
9484
994385
9524
993736
9577
993319
993834
990287
992716
993134
993788
993314
993477
993913
991413
994948
992896
991845
990898
994681
990420
993284
9374
994371
9208
992557
993062
992091
991140
991398
992081
9354
990702
994628
993703
994448
994153
994816
994309
992348
992554
994815
993273
994614
990664
9220
994064
990690
990118
993884
990869
993839
992351
993823
990211
990122
993629
992250
992818
993885
9434
9632
993475
992549
9493
990031
9580
994930
990109
990514
993001
994146
990631
991482
992704
992580
993491
994484
992884
9567
992434
994572
993732
992331
994928
993584
991134
993418
994055
993175
991969
991465
992507
992226
990741
9883
990612
991389
993440
992835
991130
990853
991914
991732
992156
994835
990994
992266
993483
993793
992712
9724
993234
993485
990816
9236
993719
994438
992069
993528
993637
991272
990362
994506
993245
990154
991939
994379
994262
993850
993060
990096
74
994304
991686
993195
993476
990473
993566
992950
993410
993310
9417
993581
992011
993646
990373
990342
993578
992405
9553
994177
994699
993388
994244
990386
994862
993439
990780
994782
992161
992150
9442
993126
993538
994069
991067
990073
993283
993782
992911
994193
994624
992636
990945
994378
991047
994938
993890
990790
990826
994750
9348
991614
991714
993456
994745
991478
993790
9023
993696
993218
992974
50
994004
993888
991395
994081
991197
994646
992706
992894
9816
990924
992295
992784
993743
991274
992421
991926
990704
994090
994011
990540
994453
993542
992697
9024
992858
992073
991855
992036
992881
990338
991805
990668
990621
991558
88
9578
993064
9779
992186
9582
994565
992465
994396
991692
993937
992664
991892
992828
991809
994997
991031
991462
992425
993154
993988
9020
993163
993535
9710
993791
9265
991887
992889
993267
993594
992086
990851
993518
994753
990632
991685
991387
9511
991515
994561
994621
9598
992408
9603
992547
9451
9457
991133
993762
991846
993742
991201
992925
993783
993860
9583
991766
993034
991712
990555
993700
993041
994629
990586
990399
990502
993298
994032
990717
994555
992397
991290
992603
990772
992571
991450
990066
994350
994348
994089
994040
9466
9411
993786
9205
992478
9887
991175
990407
993771
9266
991765
990395
991277
990574
991373
9686
994237
990777
993571
994751
993695
994504
993479
990233
992429
991639
993021
993421
993161
994673
992436
994740
9393
994688
991890
990296
994415
994456
993395
991353
991916
993436
9549
9606
991557
991448
992067
994724
9737
992234
991964
990181
990999
9307
992152
994195
993803
992605
992435
994238
9744
993413
992511
992121
990715
992729
994924
994932
992710
994895
993964
994131
993056
994026
994167
992366
990683
992430
992228
9438
990385
992280
990391
992519
993707
994373
994899
993935
9562
992170
991900
990732
9143
992503
991142
993607
993587
994045
990197
992392
994521
991226
992393
993174
990763
9166
993676
990582
993870
991469
994657
994545
9388
9118
994557
993120
992701
992501
994707
992232
993759
994161
991377
990615
994951
991236
9543
9767
990415
991181
9494
9400
992961
993010
991166
990569
9352
993066
994127
993108
993499
992627
994437
9074
991055
990131
9363
993219
991780
994439
990061
993806
994317
994893
993671
992721
994357
994392
990234
994829
9565
994656
993183
992273
994719
993239
990538
993153
994145
991127
994346
990032
992977
992218
993953
990185
9460
991362
991444
990033
993560
992980
993900
9453
994084
994800
991374
992533
990278
992414
994451
9763
992040
991073
990283
991990
9833
993574
994953
994861
993196
9173
994817
9431
991923
993180
