991038
990390
9375
992661
994854
992832
990006
992592
9803
990684
990812
9197
9172
9018
991003
993042
992352
990165
9246
992868
990987
993675
9110
991962
9885
990724
991684
992207
9290
994300
990564
990210
9318
991771
9735
993086
994575
994141
9082
9881
994483
992012
991241
992689
991286
9384
994296
992670
9540
994170
994110
992269
991164
990559
9490
994181
9017
992825
993979
9850
994838
990962
991563
990666
994648
991523
9151
993857
993493
993965
994626
993083
991499
9399
991314
991383
990906
994023
990503
990331
994972
992836
9446
994909
992065
992699
9554
9709
990303
994602
993859
990841
994118
992401
9149
992528
9765
993532
9170
993666
992485
992341
993023
990706
990177
993950
994529
994311
994723
994041
9358
992840
994888
994183
993525
9313
9201
992214
993807
9812
991317
9432
994499
993818
994692
992164
993608
994008
991382
994202
9719
992290
993967
991544
994388
992737
991976
9062
992103
991603
9519
991162
992890
993261
990256
9259
9626
9870
9708
993603
993345
990970
990351
9145
992258
991987
991030
992830
994062
990353
992466
9159
994855
991708
990604
992205
990884
990470
9560
9656
990030
9726
994042
991977
990484
993111
9125
991152
994449
992315
991322
9645
994957
991869
994412
992239
992726
9083
9379
990993
9676
991707
990745
994474
994105
992851
990013
9066
994468
990658
990320
9198
9077
993009
990648
991529
9492
9244
994060
9406
992037
9749
994974
993065
83
991533
995006
992456
990789
992814
992155
994649
990953
9462
994263
991590
991710
992437
994209
993985
994505
990111
994636
990748
993208
9204
991303
993628
992515
992003
990454
994552
9321
991645
991243
991182
993880
990589
9275
993253
993952
993706
994333
991994
993976
994189
991390
994595
991715
990182
994563
991713
9546
992462
992921
49
9075
990240
991824
994675
991115
994979
993551
9286
991051
993173
992349
993693
990937
990222
990838
992527
992374
992912
993981
991698
990132
990486
993078
993107
991367
990857
994014
9789
990183
991532
993689
991671
990321
990156
993975
990728
994036
9764
995000
991815
993075
990863
994995
993621
9341
990295
990878
9495
991664
990488
993449
994874
991832
993433
9555
992982
990593
992810
992913
991706
9830
991818
992658
9863
991239
991427
991996
994785
9470
9801
992213
994199
993119
991903
992656
993633
990245
991625
991681
9137
992546
994515
994109
991782
9839
991693
993338
991441
994579
991966
994691
990427
994708
991500
994845
991725
994068
994654
990093
993915
55
991618
992651
992782
990865
992598
994896
990042
994394
992665
9618
994585
994029
9729
64
992761
992002
9443
990954
992247
991792
994936
991931
9063
992997
9766
993686
993795
994216
992745
9168
994115
992626
992046
994640
994478
9319
991745
991007
994866
991079
993172
991224
990939
993341
992114
9098
994383
993424
994434
994381
993969
990563
993878
993609
994902
990942
994481
992265
994709
990678
993167
9337
991437
9095
993555
17
992120
991630
994507
990225
993442
992826
993723
990719
991924
993414
990377
994779
991225
990840
9517
993958
9496
991555
992618
993565
9371
992350
992255
990121
9069
9011
994739
993635
993371
9230
990623
990459
990060
9255
994362
991691
991734
990081
9743
992687
991291
992088
990817
9533
993866
990408
991151
994464
993687
990847
992423
60
993467
993214
993678
990238
993515
993095
992990
994217
991402
994327
992104
993276
993698
990305
992964
9682
990409
991032
992184
994341
994613
993312
990547
990592
994870
990150
991386
990922
993067
65
990584
991569
992564
993926
80
991925
993340
993027
992641
9175
994489
992476
994340
990833
991411
992057
992353
991326
992764
990846
990938
9619
994954
994410
994134
993851
990145
994609
992165
991954
991961
990041
993591
993005
994541
993530
990105
992567
993489
993235
994532
993157
991397
991012
994190
990776
992736
993536
9146
992590
990126
991106
994260
994982
993963
991036
990075
993032
992474
9195
9007
990172
993889
994493
991080
990239
993453
993618
990973
992357
993639
993190
990005
992129
991696
994635
9510
990368
991588
990464
991195
9846
993764
9649
992379
991256
991699
994625
992246
991191
993727
993650
994416
990413
994949
992752
992691
992930
994525
990659
992278
9677
990411
9171
992619
993144
993248
994970
992775
992058
9413
994406
994303
991408
991571
9292
992577
994651
9031
991194
993914
991216
994270
993724
991020
991611
991357
9089
994086
991141
990099
9600
994755
9810
9503
994009
9121
990098
994241
994232
991897
993765
992928
9214
990083
991039
9274
992125
9597
991078
991505
992991
992882
9101
991884
993831
994147
990913
991139
992404
992774
990578
992763
992487
9814
991222
992933
9012
993304
9892
994342
992878
994154
992609
991598
991417
9427
990641
991035
9730
993785
990961
9079
994447
994639
9262
9267
994368
990010
990216
994148
993754
992189
992455
991011
993685
990449
993272
994349
994441
991620
994988
994098
992667
9807
992625
993661
991719
9889
9288
9477
991502
994652
992175
990849
991257
9156
9299
992996
993576
9624
991217
994048
991755
990998
992740
9134
990560
994116
994140
994756
991723
994114
990458
9861
9247
991514
9762
9395
77
991000
992676
994307
994306
993684
992498
994672
9123
990237
993959
993617
993240
993847
993772
990046
992804
9754
992119
993252
993721
993739
9723
994883
993251
9864
994267
991074
990828
990242
994163
990050
993589
990798
57
992523
990603
991831
992516
992776
991888
991440
992872
993864
994059
993808
994704
993540
991863
994206
993801
990530
993274
991662
9694
9285
992312
993735
993812
992411
990628
993838
993892
992981
991644
994282
990681
994087
994703
993871
991287
994169
993165
990044
992934
994839
994842
992188
992696
992666
994865
991656
994454
9009
9100
990781
992728
993061
9338
990966
994501
9345
994178
990143
992191
993148
994382
993081
991854
992772
993796
9327
994604
991498
992674
993558
993990
994958
991554
9516
9277
992614
990756
993556
990429
9699
9873
990159
990652
992236
993264
994344
9838
9874
994417
9412
990639
991545
992049
993470
991475
990392
992831
992270
9029
992777
991375
994747
994804
992475
990985
9570
993751
991077
993305
993631
9832
990478
991192
993079
991033
990160
991862
9605
990523
993932
994409
9284
991646
991208
993000
991381
991327
9534
992468
990275
990716
994164
9209
992790
991132
990406
991553
994859
81
991061
991419
990537
993901
993691
992431
992613
990176
990220
9071
9044
993077
990912
993329
993974
994487
992494
9458
990794
990360
990891
990069
990334
994578
992308
9133
992671
990028
992432
991464
990330
9369
9665
992187
990871
9844
993367
993702
992060
992056
994461
991356
993339
990003
992499
991999
992261
994710
994665
990765
990880
993353
992880
991069
9271
991273
994619
990905
9678
9509
9697
993281
9607
993201
990327
992180
991837
993905
991392
991570
994253
990448
991018
994200
993867
992303
990412
9692
990630
9258
994680
994645
991233
9809
994826
990286
991804
992055
991690
993004
992624
990804
993716
991177
992750
990620
9104
994637
994918
990701
993510
990692
993644
993417
994601
990618
990090
9781
990594
992263
991453
990610
69
992115
992510
991470
991292
991680
991549
993718
994647
991202
991034
992931
990424
994056
992610
9545
9527
993074
990509
992732
9595
9038
990437
9272
994247
994638
992221
992642
993822
990848
991650
9563
990052
994266
994308
992274
991667
990867
994519
993294
9615
991705
993347
990755
991904
994150
991647
993511
990556
990325
991901
990731
990259
990635
993471
992806
991137
9240
991657
990184
9042
994498
990646
991670
992607
991772
993729
993641
993334
9213
990571
993462
993869
991418
994570
990349
994284
994312
9086
992377
991403
990815
9444
990960
992759
990535
991260
990693
990453
993746
993991
990738
9221
993295
990660
994696
9468
9142
991703
991807
992995
994623
994901
9165
994987
991649
994944
9695
993210
991231
993711
991677
992142
9391
991394
990187
994963
9521
994471
992536
993238
993642
993011
994596
992897
991959
993523
991817
993419
993296
9631
990909
994597
990365
990527
9751
990917
9561
990053
89
991880
991388
992504
992902
992941
9055
991282
990515
994653
990151
990989
993911
9059
9825
994674
994491
992834
991828
991521
990972
994926
9725
993877
9182
993207
990431
990856
993372
991049
994713
991821
991082
994420
991460
994698
993780
9141
9842
994891
9331
990231
992130
9660
9409
991089
990445
992204
993228
990549
992741
9414
992686
994002
994965
994610
994743
992197
993197
992035
992550
994670
991046
991979
991024
991341
990166
994054
9671
991507
990192
994973
994398
991335
994035
9616
994374
990082
994562
990521
9250
9711
993827
991653
992637
990398
992113
9541
9880
990313
994641
992859
994435
9469
991430
990037
992906
993875
992500
993513
992264
991836
994787
992145
993923
9404
992106
990214
9704
9189
993896
993082
992137
990255
9032
991736
992606
991678
994726
9640
990572
9610
992260
9041
9896
994900
993225
993192
9067
9203
991480
991663
990396
79
9489
994771
993955
995009
994414
990882
994947
991834
9243
9405
993130
990982
994837
993377
992080
990113
990299
9584
993647
994920
994391
993582
9680
990072
991661
992059
9868
993760
990837
990450
991021
993242
992820
992683
994832
993085
992747
994582
993431
9210
991958
991526
993849
990221
992395
992778
994526
991955
9523
993966
993968
993961
993349
991154
9513
9097
993995
990203
990148
992019
991777
991461
991487
994463
990870
992098
993426
9276
994255
991401
9805
9336
994094
993779
990250
992766
993919
993820
994380
992572
992004
994914
9396
992837
993916
994403
9787
993408
990518
992093
992083
9064
992703
990907
992756
9235
9423
994155
9865
9111
993553
993972
990004
990968
994457
993734
990158
992783
991720
994234
991697
994204
990215
9687
991548
9280
993204
992875
994389
991329
9328
990207
9588
991839
992534
993094
9407
9875
994853
994749
994431
9888
992144
994544
992108
992569
992857
9664
991768
990959
9249
991550
991076
991695
992302
993028
990897
9180
993547
9425
993856
992895
992967
992010
992109
992531
991050
991346
9520
994827
993017
9052
991919
9738
990935
992200
9054
990554
991101
994875
992018
991495
9148
991112
993529
991733
993638
993583
993468
992391
990226
993612
993848
994426
993185
990267
991215
991648
991773
993385
992975
992785
994423
993374
990707
992793
9530
991306
994179
9053
991054
993441
9001
9471
992378
992028
9847
991859
994599
991950
994769
993070
991748
993243
991438
990561
993184
992842
990359
990472
991347
990784
990570
993986
990640
994718
993564
9718
991676
991471
992545
992597
992944
9207
991864
990436
993179
994286
994761
992885
70
990760
9065
992074
994945
990301
993455
991882
994299
992131
993800
990686
991276
63
990908
991709
993494
993497
994910
990793
994864
993155
993630
994320
994588
990948
991058
994852
990550
990577
993049
992457
994239
993928
9085
991652
993138
9295
991858
991615
993855
992907
994093
994367
991737
992041
991741
993348
9542
82
992490
991788
9161
993934
993434
994911
9675
992334
993811
992324
990552
991631
993973
9526
9117
9507
990027
993833
990102
992903
9454
992458
991568
9433
991485
992730
993490
993037
991196
991359
992193
992685
991060
990058
991091
993544
994316
991886
990358
992335
994243
9663
992296
991158
993924
994256
990703
992786
990268
990434
994460
992949
72
991785
990792
990462
990767
993076
994757
992168
990541
992148
992030
992033
992988
991284
991596
994473
993438
992824
9253
991172
993549
9224
994404
991627
990566
990653
994030
993852
9500
991496
991153
994418
993472
994470
990432
993003
9732
994677
9092
993317
993829
991917
994355
990820
991393
993873
992415
992617
991324
992076
993667
993394
994214
992406
994061
994568
992762
994334
991365
993423
992428
990380
9304
993203
991484
994235
992440
992559
9028
993313
990023
994184
990487
993506
993774
9636
993458
991591
993906
991894
991425
991847
991435
991173
991829
994934
993072
993936
990836
994196
9027
9643
993672
991185
993370
993514
991763
994598
991212
993522
991348
990925
993297
9106
9602
9128
991878
992552
993501
990243
994233
991929
994280
993837
993331
991985
9736
9326
992779
990348
990802
990316
9745
992932
9559
992535
991843
990596
9487
992289
990737
994043
992860
991138
994736
993469
992738
990663
992518
993882
991205
990266
994684
993328
991506
993938
993381
9355
990232
991165
990927
993781
990490
993773
992594
992715
990086
990124
9791
993216
993249
993262
990832
994251
9312
993412
991840
994458
994297
993879
991803
992451
994514
9234
992008
993872
990699
991552
991572
990218
992210
9522
9202
9273
9343
993654
992045
990292
991350
9859
9268
991479
994088
992268
992442
992754
9091
995001
991219
993814
994495
994744
9136
992149
993193
78
990350
992879
991504
994801
9119
992973
9852
9702
991727
991431
991323
994144
992489
994261
9828
994617
994013
993956
994746
993862
9068
994390
990517
990680
994894
992486
9008
994983
9574
994799
993845
992304
990038
992279
991767
990581
994325
992417
990806
993357
993068
994162
992385
995003
990347
9251
991209
9178
994921
992136
993758
991632
991010
990944
992575
994660
9231
994833
990768
993391
994517
992285
991321
990204
9320
9152
991547
993659
990860
994693
991774
990964
992693
993326
994318
9479
9884
990119
990089
9858
992714
9755
9436
993605
991776
994733
992920
992694
9222
994100
992272
991799
991592
9690
991264
993907
990736
992323
990866
992856
994400
993705
994615
9282
990669
994683
992855
9390
993464
9740
991114
9650
9005
993230
991518
991045
993663
994201
9377
9394
991407
9707
992009
993332
9289
991940
990606
990624
990379
992929
990467
991783
992799
991439
993996
991087
9439
991607
994353
991008
994271
992419
992026
9445
992616
991952
990302
9622
992801
994679
990534
990281
9701
990247
993738
992551
990059
993446
990599
990544
992021
991654
993761
991597
9532
993014
990080
9575
991345
994057
990457
992047
993247
992219
991187
991457
991253
993925
993151
992337
990708
993364
993265
991760
993404
992277
990600
990656
991409
993026
9818
9362
992212
990107
9360
994198
991642
993573
990144
990440
9410
991128
990029
990142
992479
992070
991866
990931
992480
994310
994830
990376
9837
9430
994773
993368
84
992319
76
992794
993280
992179
992433
990876
993728
993619
991454
991724
992725
992769
993050
993285
992963
992848
9748
991044
991516
994330
991399
994959
990001
9566
993279
991096
990008
990418
992634
990345
990208
990636
992751
9127
990026
994939
990773
992638
993835
992993
993055
994728
993655
9144
992128
991022
993505
991721
994547
992965
994302
990720
990877
993223
994872
990551
993841
992871
991269
993384
990136
992347
993504
994502
991053
991617
990829
992530
9569
9514
993182
992364
990410
9882
990758
993747
9426
994007
992985
991503
990370
991674
991672
994594
991536
990451
990591
993393
9706
992788
992407
991370
990435
993978
991379
993226
993688
990272
990229
990981
992209
990188
994992
991203
9229
993562
993697
990613
994067
993152
992251
990021
9025
9448
991876
994001
992542
994252
991280
994329
990619
990141
9056
9591
993526
992344
990978
992166
993787
990195
990198
993512
992355
994298
992311
993030
991881
992553
993309
990536
990969
994763
61
9014
994488
994583
992244
992846
994245
9463
992947
991683
992154
992808
990223
990262
991751
990626
68
9647
990729
9651
991354
991932
992955
991004
993289
990433
992682
991927
9401
9361
993022
991372
85
990500
992211
994331
990597
991113
9227
992735
993316
993205
993533
992241
993794
9245
9339
992538
992256
991861
990950
992767
992719
9525
993669
992629
991921
992646
994172
991993
990539
993887
991729
994956
994905
9217
990952
993110
990920
994369
994455
992898
992942
994993
9416
991953
990258
991086
991538
9296
990616
990019
994682
992216
991442
993561
993792
990687
991874
994857
992923
991467
990861
993013
992133
990048
994142
994422
994313
990106
990992
993269
993344
991268
991027
993461
994722
993209
994836
992252
990190
994020
992962
9314
994611
990974
991400
9612
994695
994494
990921
994985
992157
991537
991436
994786
75
991933
991199
991026
992773
994714
994937
990532
991797
994571
993177
9366
993680
9769
992470
9385
990844
993187
992953
991524
991174
991546
990553
992217
992966
994419
9592
991675
991443
990477
993051
9639
993610
990335
993369
991369
994295
9773
991056
994157
993129
990260
991229
993554
992169
53
990875
994522
9162
993008
993559
993930
993595
991109
990312
993645
993805
990769
993335
992013
991759
9441
9192
993894
990015
994904
990357
993960
992248
992604
990783
9620
992672
991446
990522
990167
9050
993598
994856
990043
994322
9716
991669
993942
990269
994772
9778
990807
991853
994831
993128
994877
9593
992294
992343
992635
9829
9670
992910
993660
991628
992078
993392
992140
990896
991651
992007
994678
990651
9179
991589
994741
992839
990786
991474
9015
991626
991920
993080
994706
994980
992866
990627
993191
990289
991251
991911
994760
993233
9120
991541
990650
9831
9891
991816
994650
994221
993842
990253
993897
994618
991120
994413
9897
9783
991223
993321
993343
9841
992849
992958
990864
9109
994535
993482
991342
9728
990339
992827
995005
991749
994365
991368
993899
994288
994386
994527
993093
990506
994986
992321
994469
9316
990252
994892
991148
993962
992292
992976
9279
994667
9372
990071
990002
9617
993816
992724
51
990689
994319
991123
991513
990735
993031
994006
992132
994207
994584
9242
992320
9392
990675
990257
991302
992843
993407
990928
994194
990712
9309
994510
991366
993580
991928
991583
992101
990519
991405
994591
9572
993830
992386
991041
993520
993770
991781
994540
990634
991228
993217
9770
990205
9004
9072
994967
992099
992543
992989
992615
991298
993106
992652
992243
992867
993063
994122
990057
9147
990191
990375
994931
994863
990290
994136
9822
991261
992883
993799
990401
994436
994923
990063
994046
993593
9886
992227
991795
9335
994279
990452
990778
994399
993097
992653
990979
991838
994203
991609
992473
990149
990946
9418
993579
990749
991848
991822
991946
992649
9163
992416
991637
991186
991385
993002
9322
994978
993137
992146
992110
992781
992118
992915
993971
990986
992918
991750
991731
992654
990012
993572
990179
990843
991085
9035
993211
994632
992202
993403
993451
990130
990244
992684
990494
992029
994643
993500
993844
990762
990045
990397
990474
994151
9849
9898
995007
993946
994277
992702
994612
9472
9461
993662
994550
992329
994259
994229
990163
990611
9483
993945
990483
9135
990186
990074
994034
993025
994551
991423
991009
9037
994337
991333
992443
990224
991258
991071
990217
990265
990333
993970
994211
991988
9794
993548
993194
993767
992491
993359
994095
993109
990520
991412
991784
991283
990916
9654
992612
993858
9324
990531
994294
9093
991753
994301
9776
994482
994017
992482
992768
991468
993224
991972
990336
994796
990153
991974
991184
990685
991245
994738
994784
993131
992172
992143
994291
993701
991070
993868
992780
990665
990438
990414
993222
9668
990743
990344
990887
62
9325
993939
990444
993753
994871
991094
990264
993105
993389
993927
86
993100
994264
991700
990112
993766
992330
993257
992816
994359
994113
993380
993756
991458
9635
9376
992757
992438
9672
9334
994916
991017
994401
993473
990744
993775
990822
992943
9627
991097
992064
994152
994511
993620
993819
991029
990020
994395
992454
9788
992105
9782
9529
9823
993139
993200
991956
990068
991935
990273
993125
990929
993557
994566
9090
994231
990138
990091
991992
992673
993998
990423
991168
990249
992237
9756
9669
991275
992909
9715
994984
992796
993406
990622
990608
990644
994560
994269
9081
990588
994044
990845
991463
992001
993390
990157
9790
993387
9383
990955
994028
991339
993745
991601
991944
992039
993466
9293
52
992493
991149
992899
991610
992640
990018
992135
991744
992813
994664
991613
994946
993910
991344
992574
992874
991995
994788
992286
993282
994898
990123
994497
994097
993616
992231
992497
9486
9539
991384
993545
992888
991997
9257
993007
992332
991214
993229
9587
992492
994906
990355
994952
991593
994328
9415
9386
993048
994083
993904
991410
991238
990546
992791
990888
992094
992208
994884
990940
994027
993495
991189
990036
990456
994941
990629
992805
994063
9233
994922
990282
992873
992956
994276
9353
992970
992338
990590
991210
994950
994867
993941
993708
9808
993737
991604
9634
994537
9667
9088
9158
992983
9795
990753
994777
994016
994205
994767
991912
992819
994138
992700
9026
991416
994778
991757
9199
991157
992097
9621
990084
9112
992823
9191
993040
991879
9568
990943
9185
9700
990983
993160
994512
9604
994377
994586
54
994188
9798
990764
991909
992220
994966
994104
990403
992539
992770
992082
993658
993846
992301
992583
992900
990025
991668
992742
993254
992300
991658
993090
9491
9452
992596
992722
991875
994120
994658
992734
992555
994663
990493
994975
991743
991512
990811
993073
993980
990782
993427
994160
9084
991971
994103
991421
993492
992158
993146
991665
990990
992472
990381
993876
9193
992999
992723
9515
993653
994868
992066
991883
9625
992795
993354
993690
990116
993843
993290
993089
994991
9760
991066
993379
990725
990872
992326
993033
994834
992811
993330
992141
9039
994496
990161
993908
993318
992927
9184
9564
990078
993836
990100
992600
9717
992495
994275
994274
994101
991877
991991
9498
993585
991254
993135
992508
993722
9350
990485
993789
994903
992936
994508
993448
9076
990168
993397
994727
992628
991234
992160
992362
9340
994384
9464
992100
991728
990996
992829
9387
992979
991643
992134
9070
991934
991406
9780
993227
994940
990034
992526
991898
990284
992000
994705
993356
992271
992116
990976
9130
991028
992870
9628
990346
993568
992299
990402
993361
990363
992235
991296
991102
9475
994387
990879
991975
993382
990696
991936
9238
992984
991121
994173
991608
992063
991043
9105
993039
991343
992340
993231
992869
9599
993640
9674
991072
990751
991169
990393
993465
993909
994285
993997
9576
991522
994338
994242
990775
9291
993546
990369
48
9252
993096
9140
994066
990533
994257
992194
991126
9848
991426
994492
993832
9502
990787
992356
994513
991543
9429
993206
990114
991981
9596
993488
9116
994124
990759
993912
991150
994265
990700
994503
9043
990364
994592
992502
994917
991948
991048
993302
990808
990051
992483
992749
994402
990637
994655
994210
990835
991747
991666
994112
994421
9287
9359
9435
990382
991332
992062
993543
9215
994321
991455
9102
990337
993677
994191
990930
9239
990088
993825
991978
992126
9655
993982
993024
9727
990902
990416
994564
992573
991752
990300
990294
990661
992876
991107
992284
991501
9000
991949
994533
9206
9402
993324
992968
992287
992821
990343
990854
9036
9820
991551
992371
9264
991122
991922
993162
9006
9824
990455
992568
991633
993516
993670
991825
990108
991704
992253
992743
994486
990230
994851
994581
992755
994254
992087
991092
992739
994990
990576
9705
991539
990893
9344
993828
993893
991472
990040
994955
991124
993539
990580
990263
9893
992469
992643
9611
9194
9228
9164
992050
9408
990852
994033
991739
992621
9131
9476
992449
990405
990097
990422
994428
991246
9480
993189
994569
992822
990579
992402
993346
991190
992948
992802
994627
991561
990170
993443
990495
10
9473
991718
994099
990714
994315
993994
992022
994236
993804
990827
992633
995002
992199
9447
993363
994770
994065
991144
9857
992645
991738
993325
994913
992727
991221
994775
990617
992771
990858
993813
9685
994077
993241
990718
993052
993886
990035
994687
990479
994730
993853
992450
990271
994354
994890
990558
993502
990469
9061
993432
994425
9139
994071
56
992310
990508
9381
9772
993071
9216
991930
991942
992556
66
991918
991622
9696
9890
990476
992196
9802
992345
990754
993292
994669
992698
994052
9297
993943
990378
992707
991063
991606
990548
9073
992945
9459
992760
991371
994897
990366
991746
990496
991634
991230
991213
994442
991830
9046
9713
992863
991726
9269
9333
993422
994644
991263
993103
990609
994047
9347
9661
992708
994690
991232
994977
990752
9734
994459
994137
993186
991355
994631
993365
993681
991304
992459
990705
990341
9777
991483
9826
992525
992765
990918
992939
990734
994050
991578
9160
990633
993457
993809
9642
990354
993570
993541
991380
990227
994165
9504
994989
993730
994289
991006
994180
9681
993396
991957
992092
992267
990859
991452
993883
991730
992446
992359
990140
992198
993450
993957
990219
993699
991983
991249
994250
9138
991466
9174
991682
994998
991567
992195
992259
992917
992372
994806
993895
993748
992709
992447
991579
991786
993733
990911
994445
992052
993674
994102
991103
994213
994603
992960
992032
9548
9094
993399
994443
994424
9785
994126
994326
9855
991255
990895
991659
991702
990947
993271
990064
992249
990825
991242
9646
991424
991968
993420
992471
994907
992940
994994
991769
994666
990428
993636
9428
992602
990065
994768
992644
9003
993731
9774
990400
993215
992014
993656
993355
993059
9122
994534
991945
992053
994737
9183
994108
990598
992886
993092
993577
991428
994794
990288
990463
992562
993178
992020
9346
9609
993517
994807
991404
992325
990771
9420
992346
991146
991376
992424
991899
991629
9302
992233
990726
993112
993398
990384
994780
990670
9786
990904
990855
992016
991104
994133
991037
993649
990129
994559
9658
9113
993757
991042
990504
991414
995008
994927
993778
991218
991984
9317
990371
992400
992409
991844
991796
992167
993121
992705
992608
9421
992363
990481
991635
992203
990441
991110
9571
990189
993921
990890
994073
990404
992380
994711
990213
993552
991188
990770
994634
9648
994258
993362
991331
991754
993903
992908
993246
9047
9703
9623
994536
991494
994765
992914
992381
9382
991770
992245
993918
991156
992517
994343
994912
992692
9550
993320
994919
991605
992112
991508
993763
992283
992005
991787
993087
993006
990991
993657
990180
991641
994019
991349
9601
993386
994018
994159
9219
993166
991585
992978
991673
990740
990958
993826
9330
992192
994351
991740
993035
992954
991938
87
992072
9419
990095
993147
9698
992558
993496
992230
992561
990601
993287
991679
992520
993524
993036
992420
991889
990587
9761
993749
993300
994500
993256
991297
992815
992537
9200
990557
994686
994074
993863
993933
990757
992382
992853
993149
994774
992892
991025
994168
992789
990919
994577
994776
990524
992075
991810
994622
991660
992971
993463
991252
992720
9557
992275
991160
991432
991735
993664
993416
994049
993291
994240
994981
992800
990039
9579
993133
990507
990270
994549
993293
992293
993720
991075
992288
9370
992025
993521
991902
991456
991477
994732
991131
993057
994539
9474
993250
990298
994012
991211
990076
991511
991910
994372
994642
994509
9115
9652
9853
994039
992322
992127
994293
992095
991941
994230
993168
994125
994630
993596
993202
992162
994543
994925
991267
991640
994462
991819
992068
992023
9585
993098
994248
990949
992054
993132
992445
9380
993999
991325
994620
992938
994345
993810
992833
992394
992563
992333
990430
994580
994366
992841
994694
990120
994676
9263
994671
992257
9305
993840
994828
992532
992327
993425
991947
9030
9746
992096
992994
990246
992893
990501
994003
990285
994219
9644
990951
993437
991420
993029
994407
994408
991525
994942
992291
993124
9034
991989
992758
991775
991301
990361
991337
9150
990169
990092
992544
993874
990279
994873
990894
993452
993275
991179
994283
992190
9256
991793
990101
9758
9536
993752
991905
992972
990293
9878
992887
9365
9817
993611
994589
991143
994072
990980
993484
994850
992524
994795
993861
992584
994218
994465
994358
993099
990642
9013
992412
990291
990070
992746
990850
990000
993360
994702
990542
9537
993429
990834
9871
991943
992477
994323
991459
992521
9485
990565
994764
992987
992328
994742
992085
991340
992512
993460
993931
993164
992675
994287
994999
9241
993665
993444
991266
991183
990647
994759
992316
991982
993797
991108
9747
9673
993777
992159
991088
990750
990965
992711
9813
994879
991336
991531
9248
991391
992107
992396
993136
994558
991170
991200
992373
992077
993288
994158
991577
990562
991857
994444
993569
994700
991119
993527
9002
993198
991352
992713
990528
990607
993480
990818
9478
990791
991486
993567
992044
991527
994467
9357
994715
991167
992413
9323
994996
994405
992318
991057
991378
991885
990062
994393
990512
9124
991540
992418
994096
992171
992847
991575
9167
993232
991960
992422
9351
9800
991305
994793
990595
992952
990374
991716
993123
993478
9078
990193
992297
990967
994600
992123
991559
990466
992034
9693
992655
992351
991016
994135
992922
990936
993159
9750
9867
993736
992122
991865
990011
991116
993673
992548
994930
994192
993327
990975
992632
9126
990739
993634
994523
993651
990711
992410
991907
994915
993750
994385
992387
994556
994962
992081
991140
990932
990491
992313
994628
9659
992051
9332
993922
991125
994548
9493
9298
992309
992792
991806
9590
9114
990831
992348
993001
990280
991849
993712
993266
9524
993788
993342
9806
994803
991764
990702
994633
994249
993913
9367
9528
991476
991207
992488
993477
992716
9208
991820
990963
992896
990287
993682
9577
991845
992389
993069
994376
994948
994022
993834
994171
990721
991062
992484
990031
993020
992854
993839
990898
993284
993319
993244
994146
991145
990514
993038
994025
994000
994616
992549
993884
992877
990109
993314
994448
992554
993273
991130
993062
994752
993703
994681
994614
993629
993885
994371
990690
990869
991389
993418
9374
991969
992434
992226
9632
992835
994092
994572
990612
992250
991134
990122
9684
992091
992557
991398
990994
990664
993134
990545
990118
993823
994309
994815
990154
993475
993485
990420
994262
994379
992266
9354
994064
993175
991686
993584
993245
992580
990631
990945
993483
991413
993491
9567
993793
993440
9484
994015
994506
991914
9580
992069
994153
990362
992695
993566
991272
993053
992156
994835
993732
993637
994193
9434
994928
993850
990386
990853
994477
9883
992704
993310
994304
993646
994816
992507
994438
992884
994055
994624
992331
990073
992818
990790
992161
990473
9220
990555
990211
992011
994244
9442
9417
990741
994081
990096
994782
993476
992950
993719
990780
994699
994069
74
993060
992073
9348
990621
992911
991939
994750
994484
991465
991855
990373
990826
993578
9724
991732
993439
991067
993888
993581
993782
50
993234
992697
990816
992405
993283
992712
994565
994177
9553
993388
9023
991614
994862
991047
993218
994004
993528
993890
993538
994011
991482
992636
990809
992421
992150
9816
994745
992036
9236
990704
991515
991478
990338
993743
993195
993126
993696
9779
993790
991558
993988
993410
993456
991274
994938
991809
993542
994646
992706
992894
9020
9582
994453
992664
9024
992974
992186
990668
991197
991692
992295
992881
993064
9451
991892
994378
992425
992465
994396
993535
993154
9578
993518
992889
990924
992784
990540
993937
993860
993594
992858
991387
88
994753
992086
991031
994090
990342
991714
993163
991805
991395
993783
9598
991133
9265
991685
9710
9457
9583
992828
991846
994561
9511
994997
993762
992408
994621
992547
992478
993267
991462
9603
993791
992397
991926
991887
994032
994504
990851
994740
9411
993742
990066
991450
993700
992925
994629
994089
990399
991766
990586
993041
991712
993161
990632
993298
9466
993571
993786
9266
994348
994040
991373
993034
990717
990777
991201
992429
9887
991277
992571
993479
990574
993695
993395
994350
994555
993771
990502
9393
992234
994131
993421
991290
994415
994237
990772
9205
992436
992519
993413
993436
994751
9744
9549
990395
994688
991890
993021
991765
992067
993803
994895
994932
991916
991964
992152
990407
992511
991557
992366
993056
994724
9686
990233
990999
992435
994026
991639
994924
992710
990715
992605
994673
9606
9737
990683
991448
990385
992121
994899
990181
990296
994456
991353
993964
992228
993935
9307
994167
990732
994195
993707
992729
9438
994238
991900
9388
992170
994521
992503
992280
992603
990391
9143
993607
991142
990582
9166
993120
993587
990197
991175
994373
992392
991469
994707
993174
992701
994557
9767
993676
993870
9562
994161
992430
992393
993759
994045
991377
992232
990763
9363
990615
994545
990415
994951
992501
994437
991236
991226
9118
992961
994657
990569
993066
992627
9074
994392
993219
9543
991055
993010
993806
9400
990061
994317
990131
993499
994439
991166
994893
990185
991181
9494
993108
9565
991780
992721
994357
994127
993671
9352
990234
992273
993183
994656
994829
994719
990538
993153
994346
992980
993953
991444
991127
993239
990033
992977
990032
991362
993560
9460
992218
994145
9453
994084
992533
991374
994800
993900
994451
9763
992040
990278
991073
990283
992414
991990
993574
994861
9833
994953
993196
9173
991923
993180
994817
9431
