9645
993111
991322
993603
994855
990953
992830
9708
992466
9519
994412
993952
993345
994468
9083
991529
990484
991977
9870
992037
993976
992890
991115
9379
991007
990013
990030
991693
9145
9726
9125
991818
990748
991869
993880
991824
990884
992315
9159
990970
990320
993261
993628
990351
993065
991987
9259
994105
992239
991708
992205
9321
990993
9492
9495
990658
991030
990256
994649
991710
994062
9560
991707
991441
9749
990937
993253
992437
993338
994957
994189
993621
990789
994449
990182
993693
990604
9676
991427
991533
9406
991152
993009
994474
9764
991966
992658
994636
994263
994974
995006
994515
992810
49
994042
992921
992155
9198
994209
992003
9656
9462
991715
992247
990111
994845
994739
990470
9077
9863
991994
994505
991832
9066
992814
990454
992726
994333
992456
990060
9275
992462
990593
993119
9766
994541
990878
9244
993208
993609
994029
990132
990745
992258
991698
995000
991590
994579
992626
994394
991162
992527
994199
991500
993706
992598
992913
991303
993433
990954
9789
993551
990939
991625
9839
9443
994434
992213
993075
993689
990321
991815
991725
990353
993633
994708
993981
994481
990183
9286
992997
991051
9341
990857
991996
994874
994109
992349
991390
990942
994563
992982
990863
991618
994675
991079
991671
993686
992912
994995
990093
990240
990295
993985
992761
992515
994060
994866
991367
991239
991713
993866
9801
991532
993078
9555
991903
993107
9319
992374
994014
994896
993565
9175
992120
994416
991691
9830
994902
83
994115
991402
9204
990589
990222
991182
994979
994785
990678
994478
993678
991931
991630
990459
993173
994552
991645
990427
994870
992184
990377
9063
993975
990486
9546
9618
992656
993214
990042
993795
991681
9137
990938
993449
992745
992350
994654
993424
990865
994585
994595
992775
9075
994970
993555
994640
993969
993635
993958
992423
993442
992476
992826
991792
990156
9095
990245
992851
992687
992357
9168
994216
992665
991012
9098
9255
55
993067
992618
990719
992782
990584
994954
80
994936
991706
991224
9743
990648
991243
991924
990847
994068
991411
9729
993723
993172
65
990238
993639
990305
60
992546
993926
992265
64
990728
990838
994625
992046
994341
990776
991745
993889
9517
994381
992002
994691
994383
9626
991437
9470
991032
994507
992114
992964
991734
994709
990411
17
994779
992104
991106
993467
993687
993251
992564
990488
9533
9230
993005
9619
992255
993685
994036
992691
9496
992651
991831
991555
990563
990817
990840
990409
993515
993190
994362
994190
991782
991291
992878
9337
990833
990623
994340
992990
994417
990547
990592
993157
994949
9510
990225
992567
993240
990121
992487
993536
9011
993878
990126
994464
990081
994493
993312
991664
994217
993618
990105
991588
9007
991326
9195
9171
991225
993591
994982
9677
990010
991925
991036
990237
992175
994532
992165
994009
992057
994270
9156
991386
991571
990239
990408
990891
991397
990681
994489
991080
990922
992882
990145
990075
991151
994609
990603
993489
992129
994525
992379
994327
990464
993276
992752
993915
994651
994307
994306
990973
990172
9274
992474
992736
994410
9371
993414
991078
993235
990846
993167
993772
9292
994613
992590
991961
993095
991195
991287
992930
993650
994635
994406
993764
9413
994883
990560
994756
994382
992764
9762
990005
994260
994086
990961
991502
990150
991611
993371
992088
990098
9600
9730
994842
993754
9146
994988
991257
9754
9427
992246
992641
993252
9012
991620
77
992125
994140
994114
991141
994349
9477
992119
9864
992740
993698
992619
993304
992455
992933
993000
991357
994147
991569
990413
990849
991884
9395
991498
991862
993340
991514
991954
991598
993341
992577
9807
994501
9682
994447
994134
992353
993027
994163
991723
993702
9814
992058
994755
9214
9089
991901
992996
993739
993851
994282
991897
993631
9288
993530
991216
992191
993032
993061
992667
991035
9649
9277
992189
990028
994704
994169
994342
9031
990798
9723
990578
990083
992614
993272
991256
994441
993617
991194
9101
9694
993963
992831
993847
993785
992776
9503
992666
991011
9100
993765
990099
991408
992774
991696
992928
992763
990046
993990
992609
990458
991020
993727
993144
9299
993959
994652
991699
990828
993165
993831
990041
9605
991217
992236
993148
991419
991139
9861
994232
994241
993661
9846
992468
990478
990216
991222
991505
991570
990143
993812
9624
992790
994368
9069
994839
994639
992676
9134
994865
994703
9665
994409
992404
994672
993540
993838
9874
9121
991000
9889
991475
992728
994098
990242
990659
991074
993081
992312
990701
992991
992981
990628
994048
9209
9262
991863
991662
994303
994116
9597
993248
9810
990449
992498
994578
9123
990641
993684
990050
990003
993576
993914
992625
991039
991854
993264
9534
990716
994206
990530
992308
9345
993735
9751
990392
991719
990406
991327
9009
993796
992872
991888
991440
993932
992278
994178
993556
993453
9285
992696
990275
992624
990429
990523
992188
991656
994454
991999
9699
9267
9838
991356
994059
9892
990160
991033
992523
991191
9832
992261
991690
991381
991554
990781
993274
9079
991837
990334
9327
992270
993801
990794
990998
993808
991470
994148
994267
993892
993871
992180
9258
993780
9071
9247
990848
991061
994804
990368
990756
9516
991417
991755
994637
990044
990360
992187
992055
990871
992934
992674
992411
992049
994164
991192
994461
994918
992777
994680
994344
81
993558
992671
991647
992516
9692
991720
9607
993724
992494
994604
992475
992060
990692
993864
993901
990905
990535
994312
994266
9338
993905
994670
993305
993589
991208
9369
9038
991069
9133
993079
993281
992804
993372
990176
992772
994056
991545
9697
9444
990912
991292
993691
993974
991233
990330
991817
994087
994958
9563
991018
990594
9029
991177
990069
991703
993716
994747
992504
994487
993074
994570
990537
990220
990556
993329
991646
994710
9873
991644
994859
9412
992056
991375
9570
992995
9240
992610
990960
994601
990639
990184
993721
9615
991549
993510
990652
992880
990424
991677
990620
990327
991392
994619
992607
991388
9469
991804
990448
994645
992303
993746
992221
993718
990515
993353
993470
990453
9468
9221
994498
991553
990159
994308
990082
992431
994200
993867
990966
993644
990804
990880
992613
990286
990437
993367
991880
993642
9182
992510
991394
993641
993417
9059
990765
994150
993077
990618
9391
992106
990053
994154
991202
993201
992759
9678
992732
990693
990972
9271
992750
993869
994826
991657
990151
992642
994696
992499
990815
991680
991341
990646
992902
990755
9509
992931
9086
992115
990412
992377
9458
991464
992859
9284
991418
994963
9055
991521
990325
991034
990610
9044
993729
994665
992059
990867
991403
991821
991955
990635
993991
994284
991667
991132
993462
9809
991273
9825
990985
9660
991807
992274
990630
990731
69
992137
990527
994035
993347
994638
993207
994374
9272
991077
990571
994891
994647
994623
990090
990989
994247
991705
9695
994674
990365
993294
991650
993238
993751
991904
9527
993511
993822
992197
991453
991137
993827
990359
991231
990909
992432
994926
991495
993130
992637
990113
994435
993911
992806
993295
994743
993875
9584
991697
992204
9595
89
993210
990521
993004
9189
992686
994965
990882
991046
992130
991024
994900
991959
990445
992142
992536
990431
990349
993011
9781
991282
992200
991979
994944
994253
990166
9545
9142
9844
9243
9842
991828
994002
992897
993085
991460
991260
9409
992264
992820
9671
9104
992941
9711
992263
992834
9561
9880
994597
990509
991736
991049
990917
991670
991678
992004
991082
994471
990707
990052
9331
991112
993228
9847
994391
994853
990518
994398
992550
992683
993923
993711
994457
994713
990214
993647
991777
991772
990738
990187
991834
994491
994414
9640
993377
9213
994431
9787
993334
990255
9041
9541
993820
994054
993419
994519
992500
9610
9067
993225
9680
991596
994641
990231
993995
993877
9520
9165
9414
9521
990398
994920
992145
993800
993471
991335
991430
992260
990660
9805
991480
990549
994653
994987
992083
991507
9687
990004
993916
994771
9616
990572
9489
992019
992741
994726
993296
992080
9404
990072
990313
994698
994596
9032
9425
994837
991663
994380
991958
9250
993523
992035
9203
994973
993197
79
9097
991836
9526
992113
991054
990968
990259
990221
994420
991089
9704
994234
992747
991839
990554
992766
993339
992842
9725
991661
9336
993349
993849
9042
991859
70
994389
993856
991401
993082
990299
991653
9141
990640
994914
994463
992098
990837
993242
9423
9664
990207
990148
990450
994299
990037
992606
992093
991438
991649
994787
990192
993426
992109
992324
993374
991733
990907
994526
992028
993955
992857
991882
9054
990301
9631
990982
994610
993966
991076
991919
9407
991788
990577
994155
994736
992685
993961
990856
990870
991748
992534
990396
992458
994947
993003
993760
991154
992531
9523
9180
990215
991306
993049
993553
994403
9001
990935
991329
9111
993919
9405
990570
993494
9513
992906
992597
992041
992785
993848
990784
990820
993638
994094
991196
991886
9052
991550
992395
993896
9280
991568
9542
994832
993582
993192
9896
993431
992786
992778
992193
991215
991347
9235
991648
993612
993037
9738
994204
991773
992617
993973
992144
994562
993408
990158
994852
9865
991487
993564
9276
992756
990226
9148
992302
993094
994544
994460
9875
994910
994582
990566
991471
994316
994599
992783
993513
9064
990948
990203
9210
991548
990316
991768
991709
990656
994901
994718
993017
991461
9530
9295
991858
993490
993243
993583
992895
993185
993774
990436
993385
992108
992391
994030
9249
992572
993357
993028
994875
993547
990552
993544
992457
993070
992703
991158
992793
994945
992131
990541
995009
994184
991021
991346
63
9888
993468
993630
991615
990472
9588
993348
994864
994588
990434
990653
993506
994255
994179
992168
992975
992988
993654
993313
994827
9396
9718
990686
993455
993734
992545
992944
990959
9868
991091
990550
9328
991393
9471
993441
991785
992033
994426
993529
992569
992762
991864
991652
993972
992148
990462
991359
991803
9161
993934
9304
991485
994286
992552
991496
990793
991526
991631
990908
994769
994061
9065
994660
992010
990027
993138
991695
992334
993873
994355
990703
990243
9636
994749
991153
991050
991004
994367
993155
993833
992885
9454
993076
993855
994235
9207
993458
994320
993297
990663
990267
990089
991060
993936
992837
992875
993184
993924
9500
992030
991917
992967
991737
990925
991894
991985
9355
990792
993226
991741
9253
9068
9433
9085
993381
993501
992824
9053
992451
993072
82
992730
993968
994761
993667
9224
994473
990760
993781
992018
990023
993179
9128
993811
994243
990680
992879
9732
992715
992949
991676
9027
990836
992335
991101
993497
992378
992490
994423
994458
991138
991950
990250
994214
990561
992559
993249
991431
9507
9643
990767
994757
992779
993928
991843
991847
990102
9268
993204
990487
72
993986
994677
990457
991173
994239
993331
991552
990358
993438
9663
990490
990379
990927
993328
991284
991321
9675
990806
9559
994911
990581
991172
991165
993514
994233
990380
993779
9136
990432
990508
992289
9479
990596
994514
991627
9178
991058
9690
992074
994353
9487
993872
991435
9326
991185
991591
993472
990832
991348
990347
994280
993852
994334
9736
990737
9091
992903
994325
991774
991632
990534
9028
9312
9740
991506
993423
992594
994733
993549
994568
9320
992415
991324
991109
992907
78
994418
993434
991439
991276
991547
992045
9745
991323
9092
994093
993469
9202
9818
9008
993522
9852
993845
993309
994934
994297
990218
990802
992754
990124
995001
992428
993837
991365
991479
993906
990232
990897
9410
992076
992296
992714
990517
994744
991425
9222
991829
992518
993193
994400
992442
994983
990944
991878
9602
9117
990208
9426
992440
9152
993412
993773
990058
991457
992855
994256
994470
993262
9390
993925
991407
991008
994196
995003
994251
993814
9231
9343
991114
9234
992769
994043
992932
9273
993394
991484
991840
992417
992963
992575
9251
993938
990348
993672
990029
9445
991209
992856
990624
991767
994330
990768
994162
991592
992693
993216
992285
993317
9574
9436
991799
992304
993573
992860
9005
994746
993956
992210
990876
994921
994088
9522
992166
991045
993203
994617
991205
991929
993605
994261
994404
993619
991642
991212
993996
9119
990001
991350
994013
993829
991654
991504
993882
990119
993464
992008
990292
993663
990860
991721
990086
990866
9701
994728
9791
994517
990268
994201
992433
993391
991264
994495
992136
994693
991727
994763
993026
9702
990736
993068
991776
9828
994833
990708
990266
9289
992489
992277
991940
994252
994598
993280
9650
991866
993738
994144
994894
992406
992993
990636
990964
990247
990699
993368
993879
993862
990350
993705
992920
9360
9127
992279
993659
990059
9532
994773
990026
992929
990302
991409
994245
992480
9439
991096
9362
994992
9707
9430
992738
994100
991010
992634
9884
990038
994329
991253
993370
9229
991952
990440
994679
992347
990204
992344
990281
990606
993758
990599
994799
992323
993504
993247
992551
992070
994683
993526
992694
990142
9282
993841
994057
994198
994615
991128
991516
994857
990544
991087
994801
991607
990136
993907
992973
994390
991345
9748
9514
990345
991763
992149
992535
992616
994271
991783
991044
992751
993669
994730
993332
994939
990877
992486
992799
9339
993461
993728
9859
992385
992272
990773
990669
992212
9706
9361
9144
991538
992364
990198
9394
9448
990188
9575
991474
990272
990978
992955
990021
84
990144
991572
990931
992319
993887
993326
9056
9106
991113
992871
992026
993014
991022
9858
990370
992479
991053
992848
990467
990435
991187
993050
993152
992407
990269
994684
9622
9569
993404
991536
992846
994937
990080
990758
990433
992021
994310
992419
992009
994172
991760
993279
990619
992672
990195
992542
992252
991379
57
993022
85
992337
992219
992251
994318
990913
9296
994313
991518
994502
992209
993505
992985
991724
9377
993289
991672
991597
991683
9593
990418
990253
994298
991203
9566
994722
992794
992179
994905
993055
991729
991269
991280
993316
9651
994547
993285
990600
9591
993030
9401
991861
990451
991503
993230
991617
993533
990626
991086
991354
990410
994594
991876
992808
990597
994295
993680
994611
993335
9647
990262
994959
990720
9755
990223
9592
993364
993978
76
993393
994302
993747
990229
990477
991874
992530
992241
994571
992355
993265
991927
9769
993562
9882
992169
994830
990952
990551
990536
992682
990950
994993
990008
991993
75
993080
9227
992947
990729
993835
991921
994863
993446
994331
992629
991251
993697
994872
994067
990591
994831
990500
992311
992801
992211
61
991674
993008
992942
993512
992553
992128
991933
992216
9014
9392
993645
992118
993688
991467
991219
994455
992965
994856
991454
993384
991881
992638
990613
992725
990048
990506
993761
990015
994786
9525
992646
990981
992268
993561
993792
991370
994877
9612
991932
993787
991123
994836
993151
990616
9162
992244
991853
993520
993205
9372
994985
992133
9639
994682
994488
990735
993554
992604
994157
992013
992217
992788
990553
994136
991229
990019
991537
992140
992767
992898
991399
994369
990141
990522
991443
994741
992976
993344
9716
992256
993013
991546
994695
9416
990675
990043
994001
992773
9773
993321
990376
990687
994494
992343
992923
994967
990107
994923
990539
9385
994956
990289
990335
991442
992321
993842
991816
990921
991795
990861
9245
991797
990843
990689
991268
9441
991436
992962
992735
993187
993223
993930
991751
991669
994422
992157
9670
990106
9314
993559
992320
990257
992243
994591
993182
992047
990992
992719
9617
9635
993595
994522
993051
9309
990519
993269
991953
991759
992543
9004
990191
9728
9025
994279
994007
9620
992146
993805
994365
9463
990650
991026
991928
994980
994678
53
992101
994632
993660
990844
990786
990712
990896
9841
992538
991199
993369
9316
994413
992958
993794
990974
994419
992007
991366
994714
994122
994618
992154
9891
990969
990627
9217
994583
993655
994288
9776
993960
994322
992470
994277
9783
990783
9050
992839
993209
993110
993129
990190
9335
993580
992989
994020
995005
9120
991056
992684
9242
9109
993998
990217
992866
991372
990807
993128
994319
993610
991541
994650
992816
990769
994892
994142
992724
990357
9778
991071
993894
992292
991342
990979
991446
993191
992099
9829
991589
990063
991911
992953
994194
9822
68
993063
994584
990205
994986
993392
993002
992294
993799
994386
9770
990252
993579
990520
992883
991524
990864
993500
993897
994772
991368
992649
9831
993598
993177
9279
994527
992078
992843
9015
990685
9897
994482
992227
991626
992635
991298
991405
990375
990438
991400
991302
9366
991174
993770
992867
993495
990822
990339
991781
991333
994706
990012
990778
991468
992966
991593
990260
990244
990928
991628
990401
990474
992248
993343
990167
994535
991423
9037
992237
994667
990483
994229
991675
9072
993217
992654
994738
993031
994904
990002
993593
990494
992615
994017
9461
992827
993942
991148
991583
990138
990258
991731
994469
993380
993662
990749
990651
992473
9794
991027
993093
992029
992202
990163
994006
992673
991613
9163
991651
994151
992653
990452
9179
993545
992918
990179
991186
991749
994152
993106
9654
62
991920
992702
991369
991085
992612
991223
9627
990946
994264
991753
9192
993927
990829
994931
992757
994643
994259
992849
990091
994978
993775
991041
993745
991992
990149
991120
9668
994231
994612
9672
993403
993105
990224
993211
990532
993109
990045
991848
994760
991700
994207
990273
990290
992482
993473
991513
990665
990916
993097
992416
9898
991898
993962
994922
992915
991750
991637
9322
994275
991168
991385
990071
994401
991822
990333
993945
990018
994095
994497
990762
990153
993233
51
993970
990634
994540
9572
993971
994291
9324
993756
991261
86
994399
990112
993753
994113
992781
990312
993910
992132
991149
994510
993222
992039
9483
993194
993359
9849
993548
990130
990764
990336
991029
991946
990845
991974
994211
994046
991410
993427
993946
994294
992943
9472
991757
991838
993048
994203
990068
993125
991956
994560
992172
9185
994221
992819
994028
994950
993868
991412
9823
992768
9325
991609
993137
990644
993389
9418
991228
992652
992873
992110
990414
9669
992491
993224
993139
9782
9715
994664
991601
991458
9529
992874
990397
994377
994511
992909
9093
992443
993766
993819
993816
991097
9386
992286
991009
990057
993407
9376
9491
990955
993844
994916
9147
994952
9135
990929
994436
990531
994796
990590
992742
994104
992823
9293
993100
990887
9088
993451
990186
9350
991384
991210
990264
994337
991070
990986
993939
994188
992791
994242
994359
992936
991275
994395
993830
994034
9886
992574
991157
993257
992780
990608
993899
9026
994778
990084
9334
995007
991784
990157
993390
990025
991066
992105
994784
991988
9257
9756
994097
993025
54
993767
9383
993482
990546
9486
994550
994946
990249
991339
994269
993282
9788
9798
990074
990116
994016
991995
9193
992910
991972
992813
993557
994138
992386
992143
9539
9035
9184
993701
994205
994788
990743
994387
992999
994566
993904
993040
994301
990493
9090
991017
994984
994906
993616
993653
993620
990036
990355
992329
992970
992330
990629
994551
993858
992220
993361
991283
992640
994120
992583
991875
992526
991463
994328
994044
9199
992770
9808
992454
993200
990078
993330
990888
994884
993843
993466
990444
990020
993229
992001
994276
991991
990611
994537
9587
990344
990382
991604
9452
992899
990744
992438
52
990381
991344
993379
990284
9340
990872
993089
993941
9252
992796
992870
992231
992208
994871
9790
993090
992064
990588
992795
990423
991258
991879
994663
991245
992805
9667
993708
992332
994966
9700
991184
992097
993387
990403
991935
992734
994867
9158
991094
990123
994991
9387
990725
992082
9634
9081
990940
992141
994027
9191
993131
991668
993658
992135
990983
992160
991214
9604
992000
990990
990811
992338
991028
9233
9116
994658
991909
994508
9353
993980
990456
990265
994512
994083
990161
993290
9674
991189
9628
993846
992573
9415
993572
991254
9464
993722
990996
9498
992493
993406
993318
991643
990622
993227
990775
994063
991944
9625
993354
990282
993982
994941
991912
993160
992158
9611
992927
992811
992956
993836
9084
992900
993585
992983
992066
991883
992722
992497
990753
993254
991406
991936
993825
992492
993909
994975
992749
994868
992822
991234
992299
990402
993135
9599
992472
993690
992062
9795
9130
990168
990751
992134
994767
992116
994586
992600
993007
993876
990114
991072
992326
990485
991296
993397
994101
9515
994834
992300
992508
991343
991043
9717
994285
994777
994903
994338
993024
994581
990943
9039
994103
991658
991169
9502
9564
990879
994655
9105
991744
991997
992495
992235
992555
991421
993073
9568
992094
994402
9621
992869
991512
990364
9112
9070
992502
9475
990108
9076
9760
993543
992539
990100
9239
992100
990533
993231
9291
993908
992340
994955
992984
991934
993033
9287
994727
991121
992888
993096
994496
991416
992356
991877
993502
994160
994384
991608
990393
9238
991975
993146
994898
993546
48
994851
993832
991728
993448
992568
991238
9036
991543
992301
994112
994503
991122
990696
990227
991501
993039
993516
992596
993997
994492
994124
991455
991472
992707
992700
991981
993492
994173
9596
9780
994592
993382
991332
990782
994077
9705
9576
994274
990337
992621
991665
9206
9820
991150
993640
992829
992271
992371
994033
992821
990759
994066
992469
990700
990034
991971
993737
993488
992194
991048
9264
990369
9848
9347
993568
9435
9429
990637
991743
9837
992628
994257
9727
990787
9402
994486
991978
991551
10
990902
993912
9473
992063
994917
991825
990580
993302
994990
994265
994191
991666
994254
991426
991610
993324
992979
992362
990300
990714
9140
992633
9344
993828
994428
9857
994705
9043
993206
991718
9131
9824
990661
990346
993670
993325
991561
9359
994513
9655
9893
990422
992402
993356
992723
994354
990263
990827
991190
991930
993465
992126
990893
991102
990930
993189
991633
992743
990808
991738
990294
993789
990858
9476
993893
990088
992284
9194
994321
993994
991144
991107
990718
990051
992253
994315
990734
993886
994210
992643
990976
9006
992310
994890
990854
991355
9102
990579
994099
991747
991092
991522
990455
9802
993365
993677
992483
990835
9216
991567
993804
994533
994644
990617
990852
990920
991124
993457
993363
991371
990140
993943
9447
990476
992755
995002
991752
994940
992771
9480
992198
991263
992968
992199
992372
994569
994770
991304
990469
9297
994065
991126
9772
991948
991221
991622
991949
990343
990366
991246
991918
992450
991942
992645
9408
990558
992708
993396
991213
991922
994133
990271
990576
990479
992052
991830
993674
9685
9139
994425
991232
994137
9000
993103
991682
993346
994102
994775
993071
991230
990363
990504
9215
994994
991786
994289
993681
994669
9696
991063
993292
992739
992525
990416
993539
9381
994603
991452
994165
9777
994071
994442
992727
9061
992602
9164
9073
993422
994236
990548
9228
990405
993730
994690
992050
9459
990481
9003
9504
990918
993895
991739
990230
991539
991957
9826
992195
993813
993241
9138
991606
993577
993432
994052
9713
993112
991242
994627
992022
994443
994564
993517
993853
991578
990609
990911
992945
992802
990495
990040
994737
993649
994913
991769
56
992562
991726
991483
993778
990859
992345
991255
994631
9160
990754
992032
994977
9269
991380
992346
992447
992948
992287
994073
992381
9855
990378
990740
992087
992876
990035
990180
993570
994421
9046
993215
990670
992863
993699
990097
992014
992698
990875
994897
992556
994250
990752
994806
992424
991156
994180
991659
994108
993166
9681
9785
991103
992449
9661
993246
9174
992939
992359
992471
9302
991702
991704
9890
990428
9420
991404
991477
991006
992446
993355
992765
993636
990598
994050
993443
990400
994989
9333
994998
990219
992760
994687
9734
993957
994213
993450
990771
991983
990170
990354
990213
992709
991968
994126
992644
992532
993748
990496
991679
994534
994907
990633
990441
994768
9550
994459
9642
994794
992537
991730
9094
66
990890
991746
991899
992917
992960
992016
991466
992409
991104
993052
993186
9774
992196
991634
994780
991428
992908
990065
9183
991146
992259
992459
993883
993420
993162
990947
994424
994018
993731
992162
990545
993809
993921
9428
9122
992123
994047
994774
990895
993092
993059
992072
990705
9703
992053
9609
990341
992249
9219
992517
9346
990557
991585
994927
993733
9623
994711
992020
991770
992971
992283
994666
992886
994543
990288
994912
9698
993006
991249
990384
9646
991641
993933
994536
9317
992245
993398
992325
991945
994919
991579
991376
993541
990958
992558
993757
992267
991424
991037
991042
992940
9658
993552
9786
994326
990524
993918
9113
992954
990095
991331
991754
991110
990298
9648
992978
992608
991211
993656
994577
993256
994258
990757
991810
994293
9382
993271
992075
991984
990601
992112
994807
992520
87
990904
991432
991735
9047
993087
991414
992233
9200
992203
991297
9419
992400
991629
993362
993463
991218
995008
994500
990825
991660
991349
9421
990501
993386
994559
992380
992167
993399
993484
990855
993121
9579
992914
994019
992092
992789
993250
9548
993826
993903
990430
9601
993287
992363
991787
993133
994732
992420
991605
991188
993521
992692
991844
993147
993720
990726
993036
992230
9571
9537
993132
992705
993320
993178
9853
994159
993300
994039
990463
992972
990371
990991
9585
991938
991902
993291
993657
990507
990064
990293
994765
991889
994634
992068
993275
993168
992025
991796
990270
991673
994012
991740
993749
993863
990129
991910
992720
990770
991337
992394
991635
991025
990587
993999
9474
990980
992005
990120
990076
994509
9330
992853
991494
991508
993437
990285
993293
991179
994622
994981
994676
994219
991160
993496
9115
994580
992800
994351
9370
992892
994828
993029
9030
990404
993763
994873
992275
992815
992544
991325
9536
993425
992192
991525
993524
994795
994549
991252
991511
990039
994343
992333
9746
993840
991267
990949
993416
991131
992938
990361
994776
993202
991819
990246
991075
992841
992382
994462
990542
990647
993057
990919
993098
991989
994074
9557
994248
992521
992127
9652
993124
994168
993149
9380
9365
990951
9761
992512
994925
991119
992561
994630
992322
994702
992054
991947
993460
991793
994003
9747
9034
994686
993035
994407
994408
992085
994539
994620
994694
994642
994742
991420
994125
9256
992524
994372
993664
994879
9013
994049
993360
991941
994942
994345
990512
994230
991456
992316
990850
994366
992563
991266
992833
9871
992893
993797
992952
992190
993288
992711
990291
990279
991640
992445
993810
994072
991088
993665
9813
991336
994671
992327
992758
992412
991982
994850
993752
992257
9758
993596
993527
992675
992159
992922
9644
9150
990894
993874
990169
990092
993777
991301
993444
990791
990101
9248
992994
992746
994096
994240
994218
991775
993611
994589
994444
990818
992584
992096
993099
992418
991943
990070
994358
994465
992288
992887
992293
991378
991170
991200
992171
9478
990189
991960
991391
991885
991459
990936
992023
991143
990000
9485
994700
992044
990595
994759
9263
994715
991340
994999
990565
9878
991857
994158
9817
991540
991531
991575
9693
991527
993198
994283
992847
994793
992107
9167
993232
991207
994287
992387
992318
992396
992413
991905
992548
992987
992328
992896
990967
994467
990642
992291
990062
991057
990932
992095
994171
990562
992351
991559
993136
990528
994764
993651
994323
9493
990834
9124
994558
993861
992716
994523
9323
9750
9659
991108
9806
991305
993429
9800
993569
994393
992477
994376
9351
993480
9298
991167
993038
990374
993839
990975
990750
993001
994930
990011
991577
992422
9114
992792
994405
991116
994548
990965
992373
9002
992389
994385
994477
994135
992077
993673
9078
991849
993703
991183
990963
991352
9632
992877
993477
993567
991486
992632
993931
9305
991865
9590
992051
9332
993913
991016
993164
9528
992309
993069
994752
994996
994614
991820
994445
992266
993682
991476
990831
992410
993478
994556
993736
9208
992713
991125
993634
993750
992655
9357
994600
993123
990607
9126
992297
993452
993159
990122
990466
993327
9673
990154
993062
991062
990491
993266
993314
992549
994448
994000
9577
992348
994633
994309
991140
992122
991398
994915
990702
991764
990193
994249
9867
992818
992081
994816
993884
9220
990287
990031
993712
992034
992854
9241
994572
991845
9524
990711
992313
991806
991716
994371
990739
993273
9367
990690
993440
990362
994962
993629
992580
991969
993922
991413
993418
9484
994022
992434
990898
992226
993060
992835
994803
992488
993245
990280
994948
994616
993244
994928
992557
991145
990118
993284
992156
990514
9354
990109
992250
991907
992695
993319
992554
993475
992484
990869
994081
994628
994815
990721
993483
991130
993788
74
9374
993053
993485
994681
993823
9684
993566
994064
990555
990664
990612
990945
990211
992911
994146
993020
993410
993491
990780
993310
994192
993175
994699
994092
991134
994025
990741
990631
992950
994484
994379
994262
993719
9724
992704
993885
990373
993646
994438
9434
993342
993834
994015
993528
9883
991389
9417
990809
992073
994193
991686
994011
994304
993578
992161
994862
990386
9567
990853
994055
992069
993637
994244
994153
990790
991515
990994
993581
991914
990826
993696
994624
991272
9553
990420
992331
994835
993732
9023
9348
993283
993538
992091
993134
992011
50
993439
9442
993793
994782
990073
990621
994378
990473
992636
993790
9236
993850
993234
990816
993126
991855
993476
991732
991067
993888
994745
994565
991939
993388
990704
992974
9580
992405
991465
993584
990096
994177
994396
993535
994004
992712
991558
993218
994069
992421
994506
993064
991047
992150
991197
990338
9582
992884
992507
993743
992706
991274
993154
991482
992425
992664
991692
993988
991478
993890
990924
992295
991714
992697
9578
9024
991614
992036
993782
994090
9710
9020
990668
992881
9451
9598
992186
9779
991809
994938
991805
991892
994453
993937
990586
991685
9583
9511
990342
993700
992889
991462
993742
993456
993163
993542
994646
993195
994032
9816
993791
994997
992784
993783
991031
992086
992894
992925
993594
991395
994089
994753
9466
9603
991926
994750
992465
991201
992397
990540
9265
992408
994740
993298
993762
88
991387
993571
991133
994561
9457
993771
990632
994350
992429
992858
990066
9411
992478
990717
994348
993034
993518
990574
991450
990772
993786
991557
991290
994504
990502
994621
994237
994131
994555
991887
993860
994040
991964
993041
992571
991277
993161
992436
992547
990296
990777
9266
992067
992828
991712
993436
994629
992234
991766
992710
9686
991846
990851
9205
993479
993421
9887
994724
990399
9737
994415
9393
992519
992511
9606
994238
991373
993395
993267
994899
993803
990395
990181
994924
994688
994932
991765
991916
992435
994456
993695
990999
992603
992729
9549
994673
991448
994751
991890
990407
992605
990197
990233
991142
993413
994521
990385
9744
992152
990683
9562
991353
994026
994895
993707
993964
992366
993935
994195
990582
9388
990391
991900
9438
991639
993021
990715
992228
992392
994373
9307
992503
994167
992232
991469
991175
993056
9143
9166
993759
992170
994557
993010
992280
992701
993174
990732
994045
990763
992121
990061
993607
990615
992961
9118
9363
993120
9767
992393
993587
994161
993870
991377
992430
993499
993676
991226
994657
994707
994392
9400
994951
994437
992627
990415
9543
992501
993108
990185
993671
9352
991236
990131
9074
993219
993066
993239
990234
993806
994357
992721
994545
991181
990569
9494
991166
994829
992273
994127
993953
991055
994439
992980
991780
994719
994346
994656
994893
993183
993153
9565
991444
994317
990033
991362
9453
991127
990538
9460
992218
993900
992533
994145
993560
994084
990032
992977
991374
990278
9763
994800
992414
992040
990283
991073
994451
991990
9833
994861
993574
994953
993196
9173
994817
991923
993180
9431
