993689
17
994625
990042
992567
994489
993252
994217
990838
9533
9517
994896
993687
992651
992691
991411
9496
991555
991326
992665
993449
991225
994009
993235
992687
991664
994779
993424
993240
992175
990833
992104
993772
9618
992656
990584
9510
992745
9204
992752
994613
9171
993467
993555
990010
994982
990408
9195
990150
994954
990840
990563
991106
990865
992487
9031
993591
994306
994307
994349
993515
991078
993067
991291
993157
990225
994883
991080
992782
994842
992119
9079
9371
990817
991924
992468
990121
993685
994190
9600
992165
990081
993144
993764
992933
991191
993851
992930
60
994410
993489
9665
992964
993340
991681
990409
993005
991588
990719
992740
990776
994340
990681
992057
991141
991386
993341
991620
993618
992619
990961
993032
9146
9503
993698
990041
990973
992474
993000
992404
993442
990172
992667
992990
990623
9619
990413
990098
990849
994525
993276
9089
990922
990145
991925
991696
9682
994270
994163
992736
991032
990798
9677
991782
992882
992188
994114
991194
990126
993167
994532
993414
991000
994368
992125
990237
991897
991745
990028
994342
992353
993272
994362
9011
9754
990075
57
994651
991257
991662
994383
994635
9605
993251
991862
992928
991571
9427
993530
991901
9156
992641
991020
9274
991011
9277
991498
990458
993702
992129
992246
9814
9337
9730
991397
994609
991356
993914
992764
991611
990913
9864
990464
9624
9292
994672
990592
990547
993727
991195
994147
992455
994578
991139
994406
993312
993536
992614
992058
993847
994303
990891
990478
993963
993540
9007
992189
994086
990846
990701
9534
994756
991723
994988
994140
991954
9121
9134
992774
993061
994652
991699
9069
990641
990046
9101
993754
990005
994116
991327
993650
992379
991570
9262
990560
992088
992763
994704
994447
9751
991408
992996
994755
994048
9395
991036
991216
9012
994282
991440
992498
992609
993631
990847
991035
990628
994703
991256
991069
9288
9413
990960
991287
992624
994232
994241
9723
9477
991502
990368
993165
993095
993765
992590
993739
994260
994148
990099
991514
9214
991854
994134
993081
992191
994639
990184
9807
994382
990603
991598
991884
994327
77
9838
993735
994267
990523
9345
991419
9597
9762
991151
81
9267
990143
9100
990578
9649
991061
993576
993796
993264
993617
992790
991217
993371
991357
994865
991074
990449
991417
990216
990794
994169
993304
991719
9810
994150
990044
994178
993785
990985
992523
991690
990083
993864
9694
990406
992831
990871
990239
992312
990535
993661
991656
993274
990781
992666
992180
993959
994266
993027
990334
992696
993367
992236
993281
990909
994344
993901
994206
9209
992187
994441
994839
993990
993892
9889
992049
9832
992674
993684
992981
993248
994604
992060
992607
9299
992991
992934
992308
9874
993871
991863
991033
990242
991222
990160
991039
993148
991554
991381
991804
990392
990069
992516
9563
990828
9247
993905
9444
993780
994409
990003
992475
9029
991646
9391
992411
9123
991720
992613
993831
990716
994804
993838
991388
993305
9285
9258
9009
9272
994859
993716
9516
992728
993812
990692
990053
9240
991817
992872
992777
9570
991888
990159
994637
993691
991553
990639
89
991177
994501
990756
992625
9892
994710
990360
991208
993801
9678
994087
994461
993558
9861
993372
993077
9059
994098
9338
991505
9468
990905
994958
994747
991667
991282
9221
993974
992270
9042
990275
994680
991392
993808
992494
992278
994253
990659
990220
994312
990325
9660
9692
991678
9071
993079
990652
990998
993470
991999
990050
9412
990448
992804
993453
991837
990151
9327
991341
992510
9699
994200
993867
9809
991677
991077
990286
9086
993294
990646
990989
992776
994487
994454
994308
990912
992106
993589
994247
994601
992931
992671
991192
993827
992056
991644
991132
994059
992204
992059
992431
9133
994645
994498
993556
992274
990327
993347
993644
991464
9182
994696
9369
990618
990424
991703
9595
993751
990804
9896
994056
990635
9038
990848
991755
9842
994647
991292
991233
992303
990556
991545
991549
9243
9697
991821
992642
991470
994926
991112
9846
990917
990765
990166
991955
990037
992261
992676
992880
9847
993417
991260
990527
993353
991834
990537
990693
9781
994619
993462
990090
994853
9469
990731
993822
993642
9615
990880
991475
990255
992536
994435
993295
991418
990707
992759
9271
9044
9509
994670
992772
992499
9825
990594
993869
990429
993011
992732
9695
9055
993511
990530
994918
992263
991403
992995
992683
991904
9520
993721
992130
990330
991018
9104
993800
993718
990571
9404
992610
990176
9607
994164
991034
9425
9409
990412
9526
9640
991480
990453
993210
9521
990867
991137
991375
991394
994457
991680
990509
993729
994826
991880
993911
993074
993329
993004
993201
992902
992820
993207
994597
991697
993238
991335
994665
991807
994987
990349
994002
994698
9165
992806
992941
994284
993991
9284
990610
994570
994154
990437
9561
994035
9844
990966
9584
9527
9458
992083
990259
991024
990882
994638
992834
994963
991596
992004
990630
990004
991273
992324
992055
991082
991650
993724
992142
992221
990359
992750
994726
993225
991231
9873
993334
990521
991670
990660
991460
994771
992637
990113
992260
69
990620
991828
993070
993820
994398
990221
992115
990187
990549
993711
991979
992897
994743
9041
990214
992377
991959
992504
990837
992500
993513
9711
994965
994431
991202
994900
993932
990515
990815
990082
9523
9631
991046
990572
993228
994713
994653
993419
990215
993377
990755
990968
79
992432
9541
992137
9414
993471
992041
994641
992859
990365
9141
993242
991430
70
9687
991049
993085
991705
993510
993641
992606
993385
993130
991859
9189
9671
994623
9142
994389
994891
994374
994674
9213
990445
990396
994944
994414
992686
990554
992093
991521
991649
992531
994544
9067
990820
993746
994519
990570
991657
990450
992200
993564
994901
9880
9331
991647
991495
991329
994491
991089
9295
9616
993339
993197
990856
9097
992906
993094
994596
993408
991306
991054
994054
994380
992842
992197
991653
991663
990052
994463
990738
991858
990313
993494
9610
994599
990226
993647
992028
990431
9725
993916
994420
993523
992552
991453
990301
991652
991526
991196
991768
993995
990316
994610
994299
991882
9250
992113
9052
991661
994471
9489
990640
990398
993779
993638
992458
993192
994562
992264
992747
991836
992019
993049
992395
991777
9148
9328
9203
993875
991507
9054
991785
993529
993955
992785
990972
993873
990870
992080
994316
993082
994787
992597
993431
991487
9745
9423
991736
992685
9111
994155
9704
990935
992145
9680
990299
991886
990959
994526
991615
990577
993877
994030
993155
990158
990231
991154
993003
992975
994837
994920
9405
9542
9001
991803
990207
9224
991076
992109
993426
9032
991438
993760
991733
992193
994914
991401
992572
994973
992895
990072
9805
991215
993296
993349
992569
990148
993961
992035
992010
993612
991550
990518
9304
992756
992837
991788
991471
994184
9407
991958
990566
994588
995009
9500
992559
9396
994234
992967
992766
994582
990267
9276
991496
992879
9180
994945
993204
991091
990982
9210
9235
993630
9390
992550
991919
990490
993544
991709
992783
9865
993973
9888
993856
991158
992786
992857
9027
994403
9787
991485
993184
991772
990948
991060
994391
992144
63
9268
991058
992617
993185
9513
994947
991347
990250
991004
993966
994911
993923
994426
991548
993374
991894
993848
993582
994179
990541
994367
993348
993583
992545
994255
994286
991695
9875
993968
993501
9738
990793
992457
992875
9280
993553
994718
992033
991839
9085
990203
994061
990784
991985
993986
9454
993072
992108
994355
991568
990802
993919
993849
992098
991393
9207
992778
9064
993497
991631
9664
990358
993896
994353
991648
990436
994875
992168
9507
993037
9479
992741
994864
9092
9355
993381
994677
993924
993547
990472
994239
990792
994094
994827
9152
9718
992944
994852
992703
992793
993028
992018
991321
990027
9868
993138
9636
990379
991461
991552
990192
990561
990218
9053
990897
992428
990737
991773
992131
994458
9117
993017
990653
991748
992490
992030
990680
993972
990907
9675
990029
9161
993468
992302
993076
9663
992730
993490
9433
990508
993243
993313
993455
994310
9487
992442
994660
990432
991950
992907
993925
990767
990686
993654
9136
9588
992296
992534
993357
993734
990023
994243
991284
9471
990656
994204
990908
9732
991346
991359
9530
9740
9320
991847
9065
993934
992391
991435
9068
9736
993438
990927
991101
994736
9707
9336
9858
994460
991021
993837
993328
991479
990347
990434
72
991591
994423
993179
993882
992378
991050
993811
994418
9127
990380
993441
994473
993872
994297
993781
992988
990596
993249
992451
991917
993663
994235
990208
994749
993906
992912
991592
991741
9326
993855
993774
992289
990760
990663
991864
9312
994329
990836
9178
9426
990736
9028
994983
990243
994761
991654
994744
994773
994256
991929
992334
993226
993472
9119
991878
994769
992594
9574
9249
993434
991843
992855
991185
992714
994093
82
990550
992824
991109
9545
990806
991219
9222
992026
993412
992856
993605
993423
992779
992074
994934
993845
992949
994910
991484
993549
994730
995003
9253
994832
990552
994733
992136
994334
993773
9643
991114
9410
994325
991153
990925
993506
993833
994517
992415
992963
993331
990708
991627
994757
992417
990266
990086
993370
9748
994495
993394
993667
990232
993936
991350
994330
994728
993514
9859
994470
991737
9702
994233
991323
991324
993852
991348
990619
990624
9282
995001
991431
991799
991767
992575
9436
994404
993879
9559
9532
993469
9430
993193
9852
994514
992932
991632
993619
990517
993522
994214
994144
992762
994320
9362
990866
993203
994201
994598
993928
992148
994088
990058
993216
990089
991345
994196
9522
993262
9005
9128
9818
994617
990768
991425
991866
993738
9091
992021
992715
992407
990599
990544
992285
994684
990699
991172
992304
994679
991547
992616
9602
994615
994251
990440
992694
990703
992045
990606
993814
992489
991506
991045
991927
990487
9701
992440
990462
991212
9202
990124
992738
991276
9361
990500
991642
990102
992769
9231
992885
990944
994162
9791
994043
993938
992076
991138
994894
994799
991676
994198
993247
992385
991173
9106
990457
994693
993862
9650
993391
992335
992903
991439
990581
991053
991829
994261
9828
990860
992634
990467
993458
994801
993669
9377
991940
991010
992754
991518
990534
991474
992518
993887
990832
9008
992210
990877
993404
994271
993368
993520
991952
990268
990038
993317
992008
993309
9289
992268
990616
991187
993956
994746
993829
9360
991840
992535
993761
991008
994252
994568
993758
994992
990335
994057
9056
990026
994939
9343
990669
9884
991617
9014
993297
990433
76
9690
993068
994280
992479
992070
991365
993464
993526
991607
990198
9755
992277
991205
991774
992166
990247
993461
992406
9234
991727
994013
992480
9569
990876
994959
9445
993841
991776
991087
990059
990978
993573
990080
993672
990773
990281
991407
992344
992993
9394
990292
991760
992860
994594
9591
990253
994547
9251
9651
993705
993026
991516
992009
991536
991721
994833
990142
990636
9837
990348
992551
990829
992693
991165
992364
993280
991457
994318
991086
991409
994763
990001
993030
994172
993316
993728
993996
991128
991674
990204
993393
993680
9273
990021
990141
990350
991044
9439
994937
84
992929
990136
993230
993384
990931
993321
992149
991597
993080
990735
994683
61
990008
9392
990418
992799
78
994100
9566
991724
992808
991853
991022
992871
991503
990729
992955
990964
990262
994302
992047
993688
992530
993055
991504
993014
994923
992179
991763
994921
991264
994390
993645
992347
993335
991113
991669
992419
990758
992279
994295
991209
992169
9612
993279
994122
990269
990195
993151
993332
994872
990591
994857
991572
9514
991096
991729
992337
990553
9448
992252
9647
9639
992319
993562
990952
991683
992629
994502
992638
993835
994313
991538
994400
990950
992209
992486
990188
991203
993505
990597
993659
993285
9144
990370
990302
992154
990410
992542
990119
992433
9882
992947
993907
991911
993205
994157
992013
9025
992244
993504
991751
991454
992976
991546
994836
9416
991379
9575
9227
993697
990477
994001
993265
9773
992767
990144
992272
992343
992846
990536
992920
991783
994830
991881
991921
992118
992133
990435
994618
992898
9617
994905
991861
9622
994786
992751
992735
991537
991399
990272
992646
994067
9229
993747
993152
992965
994722
991874
990257
990786
9245
993512
992323
992355
9309
9525
990626
993008
993022
9716
994831
991672
991253
993182
992604
9050
994892
991370
993050
991400
991354
991932
994322
994298
990720
990520
990843
990551
9316
992219
990687
990613
993446
990689
9593
9339
994245
991229
992241
992212
9314
9296
992320
990048
991468
993187
9463
991993
9401
992553
9162
991268
9109
9706
994522
990015
994455
9829
992128
991876
85
994494
993792
992217
991443
994591
993930
990223
990822
993364
991280
992839
993013
990651
993978
992973
991026
9441
993787
991269
992684
990807
9004
990376
991436
993209
9776
75
990981
994993
990921
994007
9620
990345
994422
990258
994369
992923
993842
993561
991174
994980
994772
992725
994956
9217
991797
994863
990539
991251
992773
994571
995005
9120
9822
990861
994682
994279
994488
993894
992157
992788
990106
992243
993998
992848
992794
994632
993344
992958
994020
990260
993191
992321
992942
990844
992672
992251
9670
992682
990217
990019
992985
993106
992538
993559
990979
990783
992216
9769
991342
990992
9279
990896
993610
993655
994413
991368
994695
990778
992615
991071
994142
9385
994985
994741
990229
9592
990191
992140
994331
990375
992801
991123
993051
9778
991953
991199
994229
990920
68
991731
990043
990289
994136
991626
991816
994738
993110
990107
991589
9185
993223
992719
991928
992866
990532
9770
993369
991442
994650
990438
990506
993392
990205
994986
990634
991898
991041
992470
992211
993960
993093
990002
990451
994188
9672
992653
993942
991467
990339
9090
993580
994612
991385
9366
994419
990179
991423
994760
990769
993177
9372
992543
991759
993326
994967
994527
994386
991613
9635
994365
994877
994194
994856
993128
992227
51
990163
992099
992078
994611
991223
994028
992101
9831
992612
993533
990167
994319
992966
990969
991675
9035
991651
993500
994017
992962
9841
994706
993289
9192
994095
990522
994277
990864
9015
994714
9093
990190
994584
993554
992816
9242
9335
994104
993002
991120
9783
990357
990762
9891
991056
990012
990712
992146
992007
992989
993805
991405
993794
990650
990627
993897
992132
991366
990665
993129
993770
992256
993343
991372
992202
990946
9163
994678
9350
991601
990519
991524
991513
990675
990875
994904
992654
993662
990685
991628
993269
990928
990224
990494
994469
992724
992867
991168
991795
992482
994288
993105
992953
993233
993380
990974
990273
993595
990149
9728
9418
994664
993775
991583
993482
53
990600
991541
993816
992029
990063
992635
992311
991085
9897
993598
990091
993653
992248
992843
994978
991593
992757
990252
991302
990483
993971
991974
991609
991753
992827
990916
992673
9184
993194
992702
9072
991933
990986
992883
991017
990312
9529
991298
990845
992918
990112
993427
991946
993097
994436
993970
994931
993211
993660
9334
9668
993616
994643
9376
9667
993359
991822
993830
993766
991148
992473
991784
9715
9849
993927
993962
994264
990244
993217
990743
994401
991027
994510
990068
991186
9627
992943
994535
9756
9794
9669
9179
994152
9483
993403
992652
990452
993579
994540
993799
991446
994583
993222
993745
992742
994259
994482
994151
990074
990045
991848
993495
991369
9491
9386
991029
991410
993868
9782
992416
993063
994207
990290
993109
991700
990749
991749
990414
994203
9486
992796
990955
9461
991097
9886
990474
990138
992237
994884
9158
993224
994046
994269
993858
9654
993946
992873
994667
992105
992849
9898
994497
992064
993100
990887
990186
994551
990333
991228
991275
992294
992583
9322
993899
991009
993473
992172
990590
990057
990546
990940
991956
994242
990153
993389
994566
990753
991066
990611
993229
990929
991750
991333
993620
993945
994294
991781
991995
990355
86
994395
992292
991637
993282
991344
993548
992491
993257
9572
992649
993545
991283
9193
992443
994221
990764
994511
9081
9026
992781
992110
991261
994922
990493
990025
993137
992386
992899
994399
62
993843
992915
990336
991384
993139
990744
993131
992819
990888
994796
991992
991214
990036
9324
992910
992231
994784
991412
990264
991245
994113
990531
993939
994906
990608
993451
9539
9116
994044
993031
52
994016
993980
990403
990249
991920
9808
994778
9383
993406
9587
994231
54
991643
9823
991149
992438
9387
9325
9798
992780
993756
994006
990644
994560
991879
992909
994097
991339
991875
992791
990996
994550
992495
994337
994950
991757
994120
993361
992286
991463
994946
9088
992143
9135
990401
992936
993753
992811
991458
992497
990116
990725
994301
992330
993910
993819
993593
993767
991169
994387
993290
991935
990265
992574
990381
990344
991668
9628
994027
991157
994916
994328
992874
994275
9037
9353
990456
993048
990130
994205
992220
992970
993040
992734
992956
991210
994291
990588
991975
9257
993844
994034
994359
992768
993407
992823
9039
992299
990157
992568
991838
992454
991070
992300
991909
990018
994663
992493
992329
990622
991028
992062
990084
994941
992141
993379
992555
992573
993089
9293
993825
992332
993387
990168
993090
991997
993722
991944
992000
992870
994966
991972
9147
993318
990423
990811
992082
991912
990696
994063
9415
990397
992492
995007
994991
9700
994083
993846
992795
993125
9604
991102
994160
990284
994512
993941
994537
9634
991189
990282
994276
994508
991604
990943
994767
993904
991936
991254
992472
993227
9105
993701
993557
9625
990100
9239
9472
994867
992338
992983
9252
990071
992208
990444
9475
990108
992116
993096
9760
9788
992001
994871
991343
991991
9340
9498
992600
990990
994868
992999
990123
994338
991184
993543
993568
994211
994851
994658
994377
9199
992700
992640
991094
9596
9452
9674
993390
993708
9076
990227
993007
990629
9820
990402
991934
991988
992134
990364
992813
9790
992326
994727
990161
992722
992749
991728
994581
993585
994788
994984
994898
9599
9621
991122
992160
992526
994103
992063
9191
993982
990485
9402
992927
993254
990114
992100
9287
9464
48
994101
990902
9564
9795
993466
990346
993206
993492
992235
993354
990533
991238
993516
994384
994834
9611
994952
9233
992301
992097
9084
990879
992805
992135
9576
9130
991543
991304
990020
991234
9264
991296
993200
990078
994492
9140
9131
992900
991406
9727
992621
9036
990775
991416
993024
990751
993160
991981
991043
993876
990363
9502
990034
992821
992822
990088
994274
994138
993908
993330
991421
9070
992508
991883
992066
993025
992643
992039
9515
994975
993789
994191
990422
993690
994496
992158
9893
9112
990983
992628
990343
990393
991551
991512
992539
991608
993231
993302
994533
992094
991332
9802
990300
992829
991825
9568
994777
992271
994917
992450
993397
9705
993572
994586
990637
994503
994486
993135
990759
993670
990263
993828
994124
994655
994033
993737
9194
9857
994285
993912
991877
990976
992310
994402
993640
9435
991948
991665
9216
990294
992707
993465
9174
9359
994903
9347
992126
993488
994112
992770
991561
991121
994066
994257
990271
991633
9102
9855
991213
992356
994513
993836
991190
993909
992362
994705
990835
10
993073
994990
993448
9655
992371
994955
991752
990930
992755
990858
991971
9206
9291
993546
993039
990579
990382
991426
993382
991744
990872
994428
990700
991072
9043
993997
991747
994354
991978
992469
994077
992863
994421
990714
994737
990734
9480
990369
990097
992645
994603
993189
992876
9772
993033
9824
991622
992869
993832
990040
991718
990479
994890
993292
9381
9447
991942
9139
9473
990827
992723
991658
990476
991455
992502
991150
993457
991922
990558
994669
991830
994173
993517
990808
9238
993943
990580
992743
9717
992968
990893
990337
990661
991501
991048
991666
993658
9061
994592
993324
991258
993356
994065
990495
991126
9000
990852
994687
991472
991232
993325
9073
9164
992771
994770
993674
9138
991918
9408
992708
993577
991371
993146
993677
992287
993886
994254
992194
990051
993502
993103
991743
990455
991107
994543
990213
991522
992602
991567
9550
991726
994315
994265
991786
994099
992402
992984
992050
991769
990378
994102
991682
990782
990752
993813
992979
991739
991539
990617
9429
992483
992596
994180
9504
9122
991246
991738
992014
991606
991355
994050
992199
993994
991144
992198
994442
991968
9848
992633
990854
991704
991092
993804
994133
992760
994631
991124
990787
993346
9681
990754
992346
994569
993541
992727
9459
991659
9006
993636
991263
992948
993778
994073
993241
993570
992525
993539
992459
990609
992471
9228
992372
9046
993699
992381
992032
9713
994137
994425
9661
992052
9215
990576
993853
992888
990504
991957
993215
993071
993363
992802
995002
993052
993893
990035
994794
992765
993681
991156
9344
991746
992022
990670
9774
994052
991483
992446
990416
993166
990140
9777
9696
9003
990469
9780
994250
994644
993432
994424
991249
993730
994940
991610
991452
993809
992253
9685
994577
993112
993895
9826
993656
990496
991221
9269
994780
990366
992556
990548
994443
992340
994236
994998
992267
994071
994210
9646
9420
9346
994897
993271
994627
993186
990298
992698
993059
993422
994775
9183
992562
993649
9890
994977
994989
991255
994994
994690
992087
9297
9333
991634
991983
56
990859
991404
994807
992053
992345
990705
991242
992409
993355
990354
990890
991104
992447
991006
990718
994768
992123
991063
991730
990911
993484
991230
990771
9160
994907
990400
9476
66
994326
994165
990918
991380
993246
990441
994913
992537
993757
993396
990598
992283
992259
992917
9047
992284
990428
993162
991424
993365
994321
9548
991477
994536
990288
990895
992739
990170
993921
9428
994765
990481
992945
993006
9734
992644
9094
994213
992424
991103
993521
994289
994047
990740
990230
991641
9623
993748
993733
992245
991218
994039
991702
990825
994534
9786
9537
993087
991735
991376
992167
9571
994445
994806
9609
992195
992939
990371
992162
992016
993552
992960
991578
9785
990557
992940
991984
991679
994927
994711
991042
993463
990405
992072
990341
990855
990633
994108
994459
993731
990904
994774
993883
994049
992203
991037
991754
994126
992233
992359
994219
991585
991810
9658
991432
990095
992978
9302
990507
992020
994564
994912
990180
990064
992363
993147
994293
992517
991414
992709
991949
992325
991146
993398
9536
994258
993957
994620
990524
993450
992112
994351
990270
993092
993362
9382
9370
993933
995008
991428
991466
992420
990219
991899
992692
9601
9317
990065
993826
992400
9219
991660
9698
990246
994509
994159
994500
9579
993386
994732
992908
9200
994666
993918
9648
992196
990726
990601
991349
991945
9030
990384
992449
9557
9419
991938
9703
993749
993133
992249
993763
9642
9421
990991
994559
992914
990189
993149
9113
990293
993399
992789
991297
993275
993300
990980
991796
993443
992532
991902
990958
992938
992608
994018
992520
991787
991131
87
993256
990076
990129
990463
993863
991110
990770
993291
994168
992275
9115
994634
992720
992563
992971
994776
990757
991331
991910
994873
991673
993168
9871
990947
992075
991770
990285
991252
992380
991605
993420
993999
9034
993460
994580
992705
991420
9652
992886
993250
992054
990951
991160
993124
994795
992382
991267
991635
992092
991179
993810
991025
993496
990949
991989
990545
991494
990430
994676
994919
994407
994408
9380
991337
993036
993057
9474
990120
993132
990361
993098
991508
992005
992068
992327
991325
992394
994240
992333
9330
991456
991575
993320
993029
991579
994074
9256
990501
992561
992230
9365
993903
994981
993178
991947
992445
9013
993840
993035
992892
9263
994003
993202
990647
992171
991075
991844
991629
992558
994366
990404
992127
991819
993437
991511
991740
992025
991525
990039
992815
9761
9747
994828
992544
992192
993288
994019
990279
991088
993657
990169
993444
992954
994287
993664
992159
994462
994694
992288
992322
992023
991119
993720
992257
993293
992521
994218
993121
994702
992972
991301
990936
993287
994622
990512
993752
994742
990587
993416
994372
991889
9485
9305
992412
993360
990850
993874
992675
990070
992847
9746
994230
992800
991266
990528
9298
9878
994850
991982
992833
991857
9323
994125
993596
992893
9478
990894
992841
993777
992758
991336
992952
993524
9853
991305
990542
991188
9150
992096
9644
994996
993425
991486
994630
994925
992293
994171
994467
994942
990963
991378
990291
994345
994879
991640
992987
992413
992746
991793
9758
9813
991885
994671
992373
994248
991905
992853
994642
993480
992548
990919
992328
992584
991941
994393
994793
994477
991540
991340
992044
994539
9528
994385
992922
994465
994715
9800
991143
991352
994999
991170
991200
994283
992418
994096
990062
992190
992095
9351
993665
990562
994343
9248
9693
9585
990791
9078
990818
990834
990565
993797
990092
991930
992389
992512
993527
994444
991207
991476
992524
991108
992713
990932
992877
992711
991960
993099
994686
992085
994358
993198
9493
9167
9817
994523
993611
993861
992994
993164
991211
993629
9126
994752
991775
993038
991016
994135
993062
994700
991531
994158
990595
9750
993232
994759
991183
990975
9114
993569
993001
994012
991716
991459
992107
992316
992351
994614
994930
993477
992051
991559
992716
991125
992896
991167
993136
992580
994072
992549
9806
990642
9357
994548
994558
991943
992396
994323
994549
991391
990374
994600
993682
991062
991577
994628
991527
991865
990831
9124
990965
992266
9659
993478
991057
9524
992291
994948
990514
992387
992477
990000
993750
993703
992410
993159
993712
992318
991398
992792
993566
990122
992309
994764
993418
992077
990011
9332
991140
992122
994633
993069
992655
993266
993839
992313
990154
991116
993673
991969
994249
993314
990193
993245
9241
990967
992835
994000
9632
992422
9577
990690
993175
990118
9590
9434
991845
994803
992297
9354
992348
992818
74
993913
991907
994589
9002
994371
994405
990287
993429
992434
993452
992887
992632
993327
990739
990898
993736
990607
990790
993651
992557
994681
992250
992034
994448
994092
993567
993884
990780
992554
9567
994962
993060
993931
9484
992226
990109
993020
991849
990702
994064
9580
994309
991764
990101
990211
994915
991130
992488
993342
990631
990750
9374
994572
994699
993823
993634
990362
993273
990466
994556
9220
993123
993284
991806
993646
992081
991820
9673
993491
990555
994816
992704
992484
994616
993410
994379
994262
990945
9208
994022
990280
993310
994835
993485
994376
993788
994081
994782
990386
991389
991134
994624
990664
992695
992950
9724
9023
990711
992161
994025
990031
990869
9684
990621
993244
993475
994015
993528
993319
992854
994862
994815
994146
992156
993834
994438
992331
990741
9442
991145
994928
994153
9883
994193
9417
9348
991686
992706
994177
992011
9553
994055
993439
9710
993483
990721
990994
991558
993578
990826
990073
994484
994244
994304
9236
50
991515
993053
991272
9367
992911
994192
993234
993696
991413
993637
994032
990373
992069
993538
9867
993218
993440
992091
993850
992073
992150
990491
993581
993388
992636
991855
991614
992712
993922
991914
991274
994378
993885
993743
992697
992405
993584
990420
993283
993719
990853
994745
990473
991067
992421
993732
990704
994069
990612
994011
994004
991892
993790
992664
994396
993134
9020
9024
993700
993988
993782
994565
993937
992186
991732
993535
994646
990816
992894
993793
990096
991692
990338
990668
9582
9816
993476
991197
993154
992974
993888
991939
993064
994453
991031
990809
991809
991047
9583
994938
9457
990342
9603
992507
992889
992884
993890
993456
992425
994753
990924
992828
88
9451
9779
993163
991465
991462
992086
990586
992397
990066
994997
992036
992295
991685
992408
9466
992478
994090
993860
991805
9511
990296
993594
994506
993542
9265
992858
991557
990632
992465
993783
9598
9578
994740
994504
993786
9266
992925
991714
993126
991387
994089
993034
994237
993195
990502
994621
993571
992784
994131
990574
993762
991201
990540
993436
991482
990777
992234
994348
991766
991133
993518
991450
992571
993791
992429
990395
993742
991926
991964
993771
9737
992547
991290
990717
993161
993803
9393
994924
992881
990772
993056
9411
991478
994350
9686
994238
991395
9887
994555
994629
992067
990399
994724
991277
993041
994561
993298
992511
992519
994040
991712
993421
991469
994673
992603
992605
992710
993707
994932
991887
991916
993479
994750
993413
990407
991846
9388
991142
992366
992152
994899
990181
9744
990999
991765
993267
990683
994895
994688
9549
9438
990197
992436
993021
994415
993695
9205
994751
992729
990582
9606
992435
993935
990732
994521
9143
993010
990385
990851
990715
991890
992228
993395
992232
990061
994026
990615
991353
993759
991448
994195
990391
9307
993607
990763
993964
991900
991175
9166
9767
992392
994373
990233
992503
994456
991639
993174
992961
991377
994557
994045
9562
992280
994161
993676
994167
992430
9118
9074
9352
992701
992170
9363
991373
994392
992121
994437
991166
9543
990131
994657
992393
993499
992273
991236
993587
993120
994951
990185
992501
993108
993066
994545
9400
993870
993239
994127
990415
994707
991226
991780
991181
992627
993806
993219
994719
992980
993671
990234
9494
9565
994439
991055
993953
990569
994357
993153
994893
992721
994346
991444
993183
9453
994656
991362
992218
993900
993560
994317
994829
991127
9460
990033
990538
992533
990278
9763
994084
994145
991374
992977
990032
994800
992414
994861
990283
992040
991073
9833
994451
991990
993574
994953
993196
9173
994817
993180
9431
991923
