990716
9182
992246
9221
992995
990184
991690
991397
9534
991955
990325
992683
994312
993165
990515
994501
990334
990560
992059
990113
990909
993800
992324
990215
991804
993905
990359
991112
992614
990794
9847
990989
991615
990804
990429
9649
993754
990781
994382
9838
9123
994409
994645
990392
994755
994327
994680
990639
9563
991888
991341
990053
993148
993963
993990
991388
993264
994431
992607
9425
993274
993070
994206
991755
9468
991647
9101
993248
992613
993661
9029
994652
994637
993470
990848
9521
994308
993304
992494
990731
994253
990313
993871
9209
991858
992004
992981
993225
992536
994454
992411
992934
993494
991554
994804
991657
992510
992671
993462
991644
9121
993932
993281
991656
990652
990449
9338
9295
994710
993801
990327
991273
992056
991039
990255
990239
991677
9861
993869
994087
992642
991999
991035
990159
992625
991392
994148
990707
991720
991817
992261
9692
992872
990069
9697
9660
9412
992221
9044
992278
991521
993079
991553
992504
990437
990905
991697
992610
9809
9699
990360
991329
992431
9520
9846
9469
994696
990917
992270
993367
994059
994665
9526
9240
991667
992728
994461
991292
990837
992820
994619
9276
993644
992732
993385
990082
9874
991680
991222
9267
9071
990537
990424
991440
994958
990972
9607
992777
994457
9842
991233
992204
990448
993074
993589
992790
994487
994698
9272
990815
9527
9640
991132
992055
993974
990660
990037
77
990453
994247
991282
992772
991821
9284
993691
994670
993329
993242
9678
991018
993130
9369
993558
9615
990693
993408
991260
993808
990880
991208
990556
9133
991646
990166
994853
990530
993294
990221
990275
993864
991202
990912
993724
991306
9509
990509
994154
70
993305
993827
9104
993556
990571
992041
993453
9458
994604
9695
990349
992200
994736
994965
994601
994426
991403
990630
992606
990959
990242
994374
9781
994002
9595
9664
991807
9825
990214
994498
993820
992804
994918
991158
994647
991418
991054
991678
991460
990220
994747
993511
9444
992263
991549
990316
990490
990756
994674
9009
992941
9052
9409
993210
994284
991650
990090
993973
990882
991470
993718
990151
993085
991568
990208
992637
990820
994435
9405
9038
993812
992028
993011
9312
992897
9584
992475
991217
9426
994519
9873
994056
992842
992931
991417
993991
994030
991545
991082
994389
992569
9304
991904
990867
994463
993642
994570
992499
991077
993911
991375
991880
990044
994367
9097
992391
993654
993746
990618
992617
991785
992303
990659
993867
994200
991859
992806
994035
990765
993513
992552
990412
993751
9055
992750
993295
993004
993564
991231
9189
991033
990802
9423
993729
992902
992083
994380
994891
994597
993721
9844
9805
9896
991828
993082
993822
993238
990566
991046
994544
991649
991335
994963
991464
993711
991430
990755
993471
994610
993207
992572
992759
991480
993630
991979
992859
991438
991024
992975
9561
991663
993417
990738
992880
993760
992559
992686
992115
994726
992093
990572
993347
993094
9725
994826
991049
992130
994987
992834
990620
9041
9671
9165
994316
993779
993353
990594
992377
992432
993716
990968
992142
9213
991089
990966
991653
990187
992137
990445
9680
993377
992458
992264
994713
9271
994588
9224
9152
994771
993374
990635
69
994638
993072
994398
9414
991834
9745
991321
9404
993961
993201
993077
991495
993197
992113
994900
9141
994353
990072
9085
990158
9390
9328
990570
993916
990176
992857
990527
990023
9148
994286
990554
991705
9711
994599
994299
993419
994920
9636
9610
990192
992260
9117
994234
991836
994677
994743
990856
991670
994944
9210
991347
991894
993529
992500
994329
990004
993647
991958
9616
991196
9054
993028
993357
991439
990226
990365
992166
9001
9880
994155
990398
9631
994901
991109
992080
993334
993426
9740
9523
9787
990549
991435
9142
993955
994653
992395
991652
994973
993523
9355
9738
990396
994355
992597
990518
991886
994730
991394
991959
993583
990431
993510
994641
991004
9687
990457
992197
992685
9702
991864
990450
991648
994852
991772
994491
990243
990148
9410
991401
990870
991034
990577
991788
993848
990207
9396
9250
990521
991526
991768
990806
9530
993968
990640
990948
994733
990299
994526
991091
9336
9331
63
9542
994660
990436
79
991661
994623
991137
992766
992756
991733
992490
994926
994184
994837
992106
994910
991736
9433
990680
991114
992193
993049
993381
9207
994391
991803
991552
991485
990052
9111
9064
990735
993875
992019
993037
9027
992428
992534
992855
992010
994914
993641
993638
9067
992785
991507
994310
990029
993431
993612
994460
993553
994947
990250
9487
991461
9865
993734
992145
990793
993896
994911
990358
994562
993667
991215
994420
9500
994325
9541
994094
993296
991919
994255
994061
993986
991496
990792
993582
992895
9489
993228
9032
992098
990508
992035
9053
991453
9704
9748
990203
994122
990026
9180
992778
992168
990925
994471
990259
993313
9161
991058
991596
990907
992347
993845
993490
993547
993544
9888
990935
993995
993873
991471
991154
990198
990982
993936
9407
991393
991882
990267
994054
9268
991487
9092
993368
992786
990218
9574
9868
992108
993619
992550
994458
991631
993179
993003
990301
993781
992594
994718
992875
991847
990653
992148
992747
992144
993184
990737
991021
994728
992026
993468
993934
992783
990736
993497
994233
993138
992906
991839
991076
993348
994945
993243
994582
990472
9436
991359
993204
9203
9875
994334
990656
992575
994514
993573
9280
994596
992944
990027
995009
991773
994403
9513
992912
9320
992302
990944
994179
992334
992963
991777
993877
994297
9588
990908
991741
994235
992837
992703
992967
993833
9639
990001
994617
990768
994864
993774
994414
994088
993849
993919
995001
992451
991538
990541
991799
990347
992879
994983
992672
991592
990500
9128
992762
990636
990231
991550
991767
992793
993192
991548
990708
990462
993076
9362
990432
991185
991284
994875
991060
991219
993331
991878
991346
993155
990767
990552
990729
9701
9454
992531
994827
990379
992210
993339
992856
990616
993669
9663
990663
992131
9065
991053
993923
991695
993924
992457
991431
992030
993856
9718
994243
995003
993316
991627
991212
990596
991829
9249
990927
991737
993249
9736
993026
992378
994773
993501
9361
991927
990266
994239
991479
993837
993533
990550
9507
991591
993972
993811
993728
992415
992442
991484
9471
992769
991345
992285
992109
994787
993738
992289
992907
993855
992304
993328
990335
991748
993017
991101
994517
991050
9202
992296
991709
991985
993185
990699
994934
994320
993906
9690
994386
994330
993370
993925
994256
990517
991917
991113
992480
990866
994763
82
992136
990686
994744
993441
994057
993605
9675
993455
9178
990380
990253
991632
990440
992988
993966
991172
9818
991547
994832
9028
9273
992279
992694
993297
991187
993469
990059
993472
9479
992344
992741
993852
9791
993434
991843
9532
9056
991929
992545
991425
993672
994939
992629
993882
993520
994251
994757
9005
991676
992018
9445
990433
9235
994280
991504
991866
994470
990089
990829
993423
994473
993461
994495
992518
991950
993438
990703
990836
9430
993663
994214
993506
9377
992714
9545
990102
990268
9136
991323
992824
990247
993862
992417
994769
994992
991251
9732
990281
990599
992133
993404
994204
994749
994799
990669
993887
992634
993412
994594
991045
9008
9091
994261
9282
990619
994937
994423
990876
990086
994722
9326
994894
72
993458
991087
993226
9253
9296
9106
990257
990784
990860
993938
992407
992779
993309
9109
992033
9650
9859
994598
993247
990434
994198
993773
994857
9222
994201
992885
9309
9858
990561
994801
994093
991350
994418
994684
994162
990624
992021
9127
9251
990292
992045
991205
994157
992955
994679
994761
9707
990553
992616
990877
991933
990760
990606
9828
991776
992715
78
9651
990124
992076
993055
994568
991010
994693
990136
991276
992440
991468
993080
76
994313
992730
990418
992277
993216
993758
992754
990195
9360
991853
61
990232
9068
993203
991774
994188
992693
994172
991952
993230
990807
993841
993526
991409
991518
992419
9522
993262
991601
991727
9350
992808
991138
993505
991436
991654
994833
994043
9289
992738
9773
993193
992252
990410
990978
9602
992355
994245
993956
994746
993384
993747
993280
9014
994144
9617
990487
990015
990897
993265
994196
993680
992118
9559
990038
994404
991642
993688
991506
994830
9227
990348
9119
9755
991044
992479
991474
9769
990544
991607
992860
992385
991365
9234
991940
993014
992903
993391
9514
992335
992929
991861
992217
9231
992216
991209
991348
992993
990058
9822
994318
993996
992169
994013
991153
993879
994863
992323
992337
9569
993068
993522
991407
992343
9643
994959
9004
991096
991173
993814
990964
993645
994100
993514
991264
990262
993872
992551
991763
990534
994683
9392
993761
992965
993332
992535
993978
990350
990832
993928
990269
990080
992406
9525
992070
990204
9162
991840
992433
990272
991674
990119
9185
992268
994275
994295
993504
991516
992009
994615
994104
992871
993285
992486
992047
9852
994923
991617
9591
990843
994872
992008
993317
993446
991729
992074
991026
990581
991086
990339
993930
993829
992767
992604
990931
991165
992949
9416
993464
991457
9622
990142
991546
992932
9385
9339
993151
992154
993335
991672
9566
990375
990921
991128
993500
9706
992843
992751
993549
994252
991203
991022
990950
994369
991921
994390
990021
991874
9837
992958
993394
991597
990786
990467
992846
992212
993705
991269
991399
9439
9394
990520
993907
992615
993697
992542
990435
990188
994400
992973
993279
9647
994591
994455
9612
990591
994921
992898
992157
993792
9593
991268
993659
991669
990376
992920
991454
991876
991123
992013
993182
994067
9884
992489
991721
994302
991400
991503
9620
9776
9229
993321
991760
992209
994980
992219
992725
991816
990762
9050
993512
991008
75
991229
9716
9654
993152
990675
994399
993205
992638
993787
991537
990217
990764
994993
993008
994877
990992
9343
994322
991683
9316
991324
992243
991881
990048
993998
994547
994612
993013
992985
993655
990952
992848
990536
9575
991572
990438
994892
9441
993380
9401
991724
992719
992947
994664
992241
991443
993369
994836
9592
992319
992773
990758
992816
9120
990979
993554
990685
993562
990720
9882
993110
991253
990506
992543
991174
994522
993187
9386
990861
9116
992211
991280
994152
990651
993561
994950
994502
991911
990043
990191
990551
9192
85
990626
991626
994298
9245
9794
990613
992029
992553
992320
992612
993766
992866
993393
994695
991169
9529
992684
994831
993050
990753
993616
991168
993962
9670
993842
991753
990844
991932
994650
994905
992149
9372
84
991379
993364
990477
990008
992682
991613
992839
9635
994738
994786
994028
994017
993805
991536
991354
994611
990981
993610
994020
993843
992244
992942
994331
991898
991928
992654
990223
993427
9448
990778
990302
9728
68
994618
990522
992799
994001
992962
994856
992272
991029
994682
992128
9242
990696
990665
992530
992966
9463
991797
990689
992883
994904
994365
992794
990532
991223
9090
9217
993770
992007
993835
990345
9366
994136
994741
993960
990141
991589
992256
991783
993579
994271
992321
993105
990627
991385
990773
993662
994985
9279
992923
990112
993598
993344
991593
990229
992702
991700
9841
993894
994095
993946
9335
990590
993209
9015
992538
990822
993559
991370
991199
994931
993379
993580
993945
993775
992976
992101
993030
992482
992735
993745
9770
991120
994714
991369
991298
992179
992470
9314
994584
9778
9184
990539
992788
991410
994760
992078
993927
990769
993653
991405
994264
9756
991423
992646
53
991993
992867
992132
992653
990063
991953
990687
994511
991302
9669
9353
990928
990969
990018
994632
993022
9035
993002
992742
993799
990451
991442
990019
51
991041
990179
994207
993495
992568
990996
9897
991643
992251
994419
990244
990167
994422
990940
992909
991675
993051
9491
992573
994678
994967
994277
991149
990357
990002
9783
993223
991368
990783
9715
992248
993326
994413
994319
992227
993229
990370
990712
991071
991751
991366
990600
994142
9667
990153
990074
993660
990091
991056
991102
991795
993794
991749
992801
990312
991228
991186
994016
990106
9831
990205
994571
992146
10
9158
993359
993392
9376
990483
990597
994706
9672
990494
990149
992526
990144
994288
9486
993753
991628
992724
994469
994007
990946
990138
991467
9322
992292
994221
991731
991651
991085
993269
9093
994229
990290
992294
994194
994884
994527
993093
990845
995005
990864
993868
994643
994151
9898
994497
994401
9829
990634
991027
991759
992311
9483
993211
990273
994986
993701
993191
992237
993343
993595
993096
992749
991524
992673
993620
994279
991333
993830
992649
993349
993482
991017
991583
992768
992873
993177
993289
990493
992140
993194
990252
990546
992757
994294
992910
990260
994922
993971
991157
992473
992652
991974
993897
992364
992583
990474
994482
993970
992099
9163
994991
992822
991372
9418
991097
994494
992821
994488
991637
992105
62
993128
994772
992849
992110
992989
993106
993387
993473
9179
991848
994436
994956
991995
992202
990036
992386
993389
990107
990012
993097
990986
9596
9081
9144
990224
992143
992286
990743
994077
990916
990955
992116
990258
992819
991412
9674
9193
992781
9340
9387
993224
991261
993816
993403
990610
992970
994566
993545
992999
994242
990284
993819
993063
990025
991992
990381
992172
991446
994667
992491
993910
994291
992874
991342
991609
993217
990265
992495
992795
992574
994231
9539
992918
993131
9587
991956
994276
990249
992062
992827
990974
990264
990452
990423
990920
994044
993048
993129
991513
992796
991946
991275
991784
9037
991384
993767
9891
9324
994337
994387
990190
994395
991879
990902
9072
54
994203
993024
990744
993233
992443
992039
990401
993451
9849
990414
9257
9572
990068
990896
992953
994550
991009
994581
992438
991541
9808
990519
991344
991245
9668
993139
991148
990403
993593
993980
994978
994868
994796
9088
994551
991668
994540
992330
992621
990057
993257
990336
990289
992299
992943
9135
994906
9252
994063
994259
990116
993109
990397
993982
991066
992416
991214
9334
9628
9383
991838
994871
993031
990444
994946
991028
994778
990725
52
990168
991936
994916
990749
990100
992064
993942
994583
990588
994508
991750
993548
990811
9627
991072
990163
992497
990355
992000
9604
994124
990650
9415
993585
994205
991781
992141
993406
9823
990364
994377
993846
993200
994301
994851
993222
991822
993290
993007
991458
990045
994560
992899
994097
993756
993227
994535
993941
991757
991339
994384
990875
993557
9621
991355
991658
991189
992332
992220
990282
993361
994784
992635
991283
993318
993407
992823
993137
9039
992326
990611
991920
990157
990608
994727
990186
994034
994543
993089
994941
9026
991463
992956
994120
994006
992600
992770
994113
990533
993492
992927
992454
9131
990333
9293
994890
991988
990084
993100
992813
994328
992231
992780
993160
993909
993939
993899
993025
992734
990456
990622
992329
993572
990071
991975
994975
9239
9634
992472
992722
991944
992555
993282
994359
991213
991909
993125
9886
991875
991296
991070
990180
991935
9700
994101
992811
994027
992915
993543
9325
9287
994510
990123
9475
993040
990644
991254
994512
992508
992134
992450
9472
991210
992001
9564
990227
993330
9452
993904
994492
991343
990751
990382
991728
9782
991991
994952
992805
9848
993844
9790
9502
9076
990114
9820
990990
86
994955
994737
990402
9727
990775
994211
990078
992208
993640
990108
9147
990300
993722
994777
9233
9140
990888
991304
991912
994046
9855
994103
9238
992493
993390
990929
992936
48
992300
990344
994867
9112
993825
990930
993836
9788
9199
992097
991421
9798
993908
991092
990759
991608
9625
9611
991121
991934
992492
991094
993690
992502
992100
990734
993649
991543
9102
994338
993943
993382
990943
992271
994138
992643
993090
991972
991825
9498
994917
994428
9216
9084
990161
990887
994834
993466
993674
994486
994033
993778
993912
992863
9036
991633
993789
9447
992983
9576
994966
992900
993354
992160
994496
994533
991604
990531
990088
9599
9760
990337
993302
991567
994269
994537
992870
992082
990271
993135
9461
991184
992371
991234
993215
990637
994984
9795
993146
992707
990346
9191
991561
9130
991918
991238
991702
990294
990369
993457
991122
993568
994990
995007
9857
9568
993516
994191
991455
991332
993876
994655
991942
990983
993708
994663
992135
994133
9347
994254
991190
990140
992310
991665
990020
9473
990034
990879
993292
992539
991752
991682
993039
991883
992066
991043
991744
9464
990263
993206
9772
990858
991426
991232
992338
993681
992628
994274
993488
991144
990835
993166
992791
993254
991501
993895
994073
994285
992700
994083
990629
994257
992346
992158
993853
993858
992362
993324
991981
994788
994658
992640
992381
992340
992094
993997
990808
991150
993828
9025
993465
994705
990130
992869
991551
991997
993737
993448
9264
990827
9435
994903
991522
992063
991452
9174
994160
9480
9070
990393
990872
991258
993325
993189
993231
993813
993346
9550
990558
991512
9206
9515
9105
992743
990479
994137
992459
994173
993832
991726
993546
990718
9705
992253
992755
992469
993484
9402
992356
994421
994293
994112
991930
992771
991048
994592
994503
992537
993502
991948
991124
991922
992979
994425
994065
991104
993658
994354
994315
990469
9061
990617
994066
9824
993112
990422
990485
992723
990378
994898
994767
991249
992888
9228
992126
9073
9139
991416
9291
994644
994669
992645
9381
9802
991739
990476
991472
990852
994289
992372
9717
992301
992409
993994
994402
994050
994180
990213
993677
990548
9046
990714
9826
993052
992283
992014
991610
993397
993073
991622
991968
9122
994603
991432
994165
9164
991769
993541
990441
991666
992633
9893
994513
9138
994897
991424
991380
990504
993670
991107
991221
994052
994907
993539
990579
990752
993517
9000
991406
992829
991539
9774
9429
994586
9579
990051
992016
990343
992984
990854
993432
991242
993809
992402
992123
990495
992345
9459
994099
9890
9333
991659
990787
991949
992050
994768
993087
9346
994321
990754
991786
993033
993570
994577
994564
994442
992194
992876
993241
991957
995002
993356
992198
990670
992199
994794
993059
992562
990416
9359
994213
9269
9681
9623
992235
991063
9194
991746
992708
990911
9780
9215
9043
992525
994940
994775
993437
991483
992032
992760
9344
991371
992978
992596
992284
9661
990598
992727
992945
992446
994998
993300
991179
991230
9160
990298
991747
9609
9408
9696
992471
991830
990580
990855
990893
992267
992968
990366
990557
992287
990035
991263
992644
993730
990496
994443
991738
993422
991877
993656
990363
994210
993886
993365
994265
992483
994236
56
994770
992087
994927
993103
993098
991902
991578
994631
993355
9537
994509
990097
990700
994424
992948
994126
990904
990040
991718
993186
9094
992400
991477
993636
994459
992602
993496
9777
991404
993893
991641
990976
992563
991126
992053
992532
994071
993246
994250
991679
992556
990354
994219
994445
992167
992052
990895
993921
991984
990455
990576
991037
993071
990859
994873
993999
992765
992802
9297
994913
994620
991255
990507
994977
990661
991466
994994
9047
991246
990095
994108
991978
992359
991971
994326
994627
990825
992971
994018
992072
990958
9571
9302
993006
9685
994774
991754
993757
990609
991110
992709
992517
993396
9713
991899
992698
992972
992938
992259
994807
993883
992022
992608
9504
990371
991331
9871
994569
993386
993463
9419
9365
993256
993271
992720
87
9420
994687
994780
990341
991743
9003
993699
990288
991606
992449
993733
992447
994049
992914
990740
991983
990463
9421
992162
992917
991704
990219
993420
9646
990065
990230
994500
992245
9785
991428
990405
990980
990918
991945
993748
994989
994102
992020
992112
991634
994690
66
990633
994806
990726
994711
994580
991730
9183
993147
990400
9476
9655
991735
994047
992325
994003
993092
991156
992363
991585
990481
994765
991810
991414
9317
994258
991006
994559
991910
994776
993443
991297
992692
995008
9734
993363
994732
9658
9698
993933
992249
990270
993178
992195
993918
992939
992394
9200
991146
993804
9034
990524
9428
991119
993720
993731
993291
990384
990430
993657
990246
993577
992558
994039
9382
993202
991819
990771
9786
993460
993521
9746
992520
994536
991103
992230
994850
992908
992382
991376
994534
9853
9030
991989
993250
990039
990705
991938
9548
9536
994666
991787
990647
991947
992705
990129
993057
990757
990890
992233
993450
9474
991267
992424
9115
991660
991770
993132
992789
990076
992960
993320
990947
990293
991605
992159
993552
994981
990064
991796
992025
993162
9642
991075
9370
9557
990501
9648
994676
993035
9747
991218
992940
992739
993957
993362
993036
994634
994702
9703
9323
992068
992420
990170
991508
992815
992445
991857
990428
992092
992075
991740
992584
991456
993399
991525
992521
993029
994477
9652
992054
9761
993121
9113
994012
991349
993477
990545
994795
9256
9219
993863
994828
990951
993168
993749
993133
993810
993293
994694
9006
991325
994240
991579
992196
990770
992288
992954
991673
992847
9585
990512
991088
990991
994462
9601
992275
992380
9263
992257
992561
994351
992952
993752
991042
994919
991885
993777
991844
991420
9380
9330
990542
992389
990404
993826
994366
991305
991266
992192
994930
990782
990936
994793
990949
991337
990279
9167
993360
990169
991131
994019
992327
994168
991301
992203
992005
994752
990601
994467
9878
993124
993444
9478
992322
990528
990189
993038
991378
991982
994096
9485
994912
991559
990963
993596
992333
992675
993903
992412
991160
991629
994393
9298
994345
994372
993398
990919
992410
994218
994283
994371
993001
993665
990361
990120
993416
994715
993840
994343
994742
992190
990514
992512
994159
994630
991025
993480
991511
992800
992107
993425
992711
994686
992328
993287
994925
993149
991494
994622
9078
994248
9817
992085
993763
9758
994385
990291
9332
9693
993682
992853
993275
9813
993288
992413
994407
994408
991775
992548
990587
991941
9800
994230
993524
994759
994642
994074
9351
991336
992833
994996
991352
990595
992818
992316
991575
994125
991476
992746
991252
994171
992886
992127
991459
994879
992524
991391
991108
994287
74
993664
993429
992841
991207
992023
992418
992313
992758
9493
9013
990154
991016
992373
990894
992544
993673
993164
992877
990975
993527
9528
990062
991889
994700
990565
992987
990374
9248
993569
991188
991057
9644
991486
990932
994549
991540
990285
990850
994671
990690
993136
992994
991211
990562
991200
991170
990791
9305
993874
993062
992171
991793
994444
991635
994815
992716
993629
992892
991905
990070
993418
9126
994942
993159
993198
993797
992549
993931
992348
992081
993566
993060
993266
993175
990834
992293
9580
994539
994072
994999
992351
992077
990011
9357
990211
994465
992422
994628
994816
990967
9750
993232
994614
991577
994000
991116
9632
994249
991125
992896
990031
991340
992096
991969
991167
990000
990118
994558
990965
990642
994092
991716
992854
990555
992893
991640
9724
994589
993099
990287
992655
992713
992477
990818
9002
9220
994699
993712
991943
992266
994764
993478
9484
991907
9241
992309
990193
993703
994309
9806
992051
991183
993410
992396
994548
991820
991143
994523
9150
990831
9710
990750
994600
9114
991398
9659
993245
994948
992044
993314
9124
994135
994358
992580
993750
991527
994011
994572
993567
992835
990607
990790
994323
992922
994262
994379
993452
994158
994962
990898
992911
993611
993736
991515
991062
992291
9434
994376
993634
990780
993700
991960
990122
990362
992434
991865
992250
992695
9208
991849
992034
993319
990466
992122
992792
993839
9374
9590
993310
992387
990945
9673
994862
991531
993069
994556
9466
991558
992095
994081
990092
994624
994064
994782
994484
990386
993651
993823
992318
992557
994177
990739
990631
992297
9524
993696
993020
992226
994405
990621
993788
993646
992484
990869
992887
991134
992950
990702
993327
991686
992156
993154
993283
990853
990101
993273
991130
992073
993483
994915
992554
991145
991845
990711
9023
9553
993440
994681
991855
992161
993234
9684
993491
994803
992632
993861
994193
994055
993053
993913
994304
993528
993163
992331
991413
994015
994448
9511
993475
9577
992186
992974
990280
990826
990109
994192
994835
991764
9367
993578
993342
993439
993988
993834
993793
994616
9451
993719
9354
994438
9567
9883
994153
993538
991892
992488
993888
993742
991140
994565
9348
993732
990664
991389
9582
992150
993284
994146
994396
992706
991692
994378
9417
991806
9020
994022
993743
993790
50
991614
993485
991272
992405
9236
992704
994131
992636
993123
993244
993937
994646
993637
990704
993922
990721
990420
9442
993581
994633
993850
990373
994069
992011
992712
9867
994025
992697
993218
991197
990073
9024
991732
993890
990994
994237
992086
994745
994928
991274
992091
994453
993885
990741
991557
994032
994244
992664
990473
990342
994350
991914
990816
992478
990096
993535
991047
992036
992408
994004
991685
991067
993782
993542
991805
993064
991031
992295
990612
993126
9457
990491
994997
992889
993783
992069
993791
992784
990668
992894
9737
990809
9779
994348
990338
993134
9603
993034
992884
992425
990586
9583
990632
993476
991387
991939
994555
994040
993884
990574
994753
9686
993518
991450
991290
990066
993571
9816
993584
9598
990296
991964
994740
994089
88
993456
991478
992429
992397
990502
992507
994506
991714
9578
991809
993594
992571
991462
991465
992925
992234
994924
993786
992511
994504
990540
992421
993298
993195
991482
990777
994938
9388
992232
992547
990061
993771
990197
994090
991277
990924
991201
992465
990717
993860
990181
994415
991395
9265
991469
992828
992710
992881
9266
992858
991766
991765
990395
991916
990999
994899
994724
994238
993436
993935
9411
991133
9205
990772
994673
993762
993161
991846
993388
991448
992067
994561
990399
9562
9744
9393
994932
992605
994750
990683
992436
9143
991142
990582
994751
992152
994621
9887
992366
993056
992519
993759
991712
991926
991887
993803
993021
993041
991373
994895
9606
993267
992228
994456
990732
994045
993395
993421
991890
993479
990615
992435
991175
993413
990763
993010
994688
994629
9438
992701
9307
994026
990851
993707
9549
992603
991353
991639
994521
993607
992503
9767
991377
9074
990407
994373
990715
992392
990131
992729
9352
993108
9166
994195
993964
992280
991900
9453
990233
990385
992121
994657
990391
9118
994127
994557
993587
993120
9363
992961
994167
991236
993174
993695
993870
993499
992430
9400
994392
992273
992980
990185
994161
992501
991780
992627
991166
994545
9494
990415
994719
994437
990234
992393
993676
992170
994707
993153
9543
993239
994951
993806
994829
994656
994893
991181
993671
994357
994439
991362
991055
991226
991444
993953
993219
993066
994346
990538
992721
990569
993560
9565
9460
992218
990278
992533
993183
994084
9763
991374
990033
994145
991127
994317
993900
994861
990283
991073
992977
9833
990032
992414
991990
994800
992040
994451
993574
994953
993196
9173
994817
993180
9431
991923
