992637
994316
9725
993471
9148
992975
994599
992559
990806
990431
994944
991137
990856
994588
9687
993630
991321
9523
9680
994398
990004
991034
993955
991836
9085
990680
994623
994329
990023
993353
994155
994184
9141
993583
993513
994973
994926
992264
9745
991089
992785
991653
9738
994674
992428
991439
991196
991393
993529
992260
994367
991788
9001
991652
994562
993037
990554
991347
993426
994726
993669
992859
9328
63
993916
991847
990226
992857
994653
993201
990450
993647
990029
992115
994519
990365
9210
994391
9880
9433
9740
991661
990259
994910
993848
991552
9117
992168
9636
991663
990793
991958
990243
992106
994920
991894
991487
9489
990052
9610
991485
992534
9142
993377
994730
991803
991394
990518
993510
990207
992855
9787
994900
9844
993612
9396
994641
991435
9487
9213
993553
993961
994491
9702
991768
994234
991733
9111
992080
993431
993968
992575
994787
992766
9180
994471
994526
9067
991886
991076
992166
993638
992490
992685
9616
9865
993072
991453
992879
993873
993357
993544
992756
991507
990192
994094
990577
990640
9053
991864
991114
992550
9207
994353
992193
994310
990792
994660
9027
993845
992144
9128
9748
993667
990982
994420
991091
994837
990358
992010
993381
992395
991154
993734
990610
992019
992895
990736
991548
992778
994875
9542
993028
994596
993547
990735
992026
991736
991705
9500
990398
993204
991109
994403
9888
990457
992098
991215
993349
990299
994733
994718
994914
992762
990870
991058
990521
992035
9064
993228
995009
9410
994582
9032
991401
993179
990653
993003
990250
994852
993582
9336
993497
991882
9092
991648
993781
994827
990432
994945
993986
990436
990966
993523
993490
9704
993313
993368
992347
990267
991919
993877
990198
990001
9574
992783
993249
993049
994122
992967
9541
991050
990158
993296
994334
992944
990636
994947
993184
993348
994911
991596
994179
993533
994414
992875
992597
991346
990472
993995
994325
990925
993138
990907
991748
992378
994235
993641
9268
9250
993501
992302
990301
990948
992531
992109
993619
990541
993243
992747
9407
992145
990663
993936
990550
990935
991631
994054
9249
992837
991695
994458
991843
994233
990552
992594
993896
992703
993919
9362
993468
990231
9161
994864
994514
991471
991538
82
9436
994617
993423
993185
993934
990380
9530
990737
9663
990908
993833
992907
992136
992786
991773
992296
994243
991737
993856
992906
991709
992030
9320
9361
9718
994256
991359
9280
9203
9675
991777
994757
990347
991060
993573
991479
9513
993837
991284
994297
990203
9875
990768
993925
9707
991021
993875
994355
993849
993811
990440
990508
9273
9791
990944
992442
991219
993882
990218
991484
9736
993155
991839
992334
990027
994239
994677
9639
994061
992672
990500
992018
993017
990462
9008
994330
992108
994204
991929
990807
992148
990517
992634
993924
992457
9588
990026
990686
990596
994088
991927
991741
993520
992741
991829
992793
992131
991431
993339
9507
992912
995001
992714
993328
993026
9235
9109
992769
994744
990379
990616
993192
9701
991985
990335
992417
994057
991632
992289
990268
993309
991053
9868
991550
992285
994983
994261
9028
993370
991468
993906
993331
990089
991950
991767
991866
9858
991185
9532
9136
990059
992451
9545
991799
992304
993441
990784
9202
994517
992210
992856
994939
992779
993506
993469
992629
994255
991772
990729
994423
994245
990699
993728
991172
993966
991461
994801
990760
991727
993972
991113
9445
9331
990434
994386
992021
991323
9471
9690
9479
990656
990266
994470
9732
993774
990599
994684
993738
994749
994473
993672
992480
993526
993855
991425
994773
9859
991010
994934
991205
994799
993605
991345
992133
992415
994857
992518
995003
990860
993438
992694
994763
990836
993923
990281
990866
72
994992
992033
78
9065
9454
994144
990553
993076
990767
993472
994214
9056
990708
992715
992885
9282
990876
990606
993455
991592
990247
992440
992988
994894
990669
991251
992407
990927
9818
993663
991504
9251
993280
994728
991878
994832
9650
992616
994196
993404
994679
991101
994201
993203
994172
991496
994769
991591
993297
994162
991547
9350
9106
990897
9296
991044
991676
994280
993852
991187
9127
993758
9430
992479
991212
992545
9651
990829
992419
991045
993434
991917
9289
992929
9377
992993
994418
990433
990136
994722
992385
994833
991654
9828
9559
994568
994598
992955
993193
993514
992963
992693
990232
9005
991264
994761
991853
9253
990257
9231
991324
993862
991601
993680
993938
990086
990253
993080
991350
990418
993247
991642
991933
994683
990978
990269
994313
993814
991627
9014
9773
9360
991087
994495
992216
994318
993412
993747
994093
9602
991474
990624
9617
994013
991436
991763
993226
991952
991165
992808
990877
9068
992008
994400
993645
990038
76
990102
991503
9326
991607
9178
9522
990204
992824
993384
991674
994693
992118
994959
990262
993317
992355
994615
993505
994157
990348
9309
994188
992268
994198
992344
9004
993230
993391
990410
9234
990544
994043
990487
993068
993956
994746
994863
61
992486
993055
992767
992871
991409
992343
994937
994100
993928
9769
992738
992903
992754
991774
9091
992154
990435
990467
990015
993872
991861
991153
991399
994251
990292
992252
990350
9394
990124
992277
990058
993464
993458
992799
991840
994295
993332
993014
992323
990561
992730
993461
9222
991276
990703
993265
993262
992489
993978
991128
9884
992045
991776
994594
993887
991506
9119
993216
994455
992604
990142
991940
9227
991365
993705
9439
993761
9569
993879
991086
994460
992217
990619
990832
990195
993841
994275
991672
994923
991348
993279
994830
9612
990188
991203
993688
990952
993996
9316
991138
990581
992542
991816
991760
9025
990536
991669
993773
992949
994369
992965
990964
993500
992337
991518
994921
9591
994404
994320
991516
992149
990950
991407
990021
991921
990931
9822
992047
9185
993285
9525
993504
9837
992212
991008
991729
990375
9162
993522
9654
994104
991876
991617
992009
991454
992406
992169
991536
991026
9622
992535
991022
991724
991597
994547
993446
990339
992612
993549
992638
990520
992076
9647
992157
9392
990272
992279
993380
991174
990119
993512
994836
992070
990758
992898
993394
993787
992551
9385
992074
990651
991269
990921
992219
993562
991096
994399
993829
992319
990217
992243
993008
993050
9716
992335
994664
994877
991546
990506
9593
9116
991683
994302
990376
9643
993030
992932
993610
994067
992209
991168
9706
990675
993205
991881
990685
990843
9339
994980
991173
992846
9229
992007
9755
9529
994252
990591
990534
9416
992725
9620
9120
994892
993697
994612
992615
992751
9245
992816
992843
990477
9575
992684
993930
992553
993655
991932
993187
993792
993151
994738
993321
994872
991874
992866
992860
992973
991572
75
991721
991457
992530
993393
991911
994950
9514
9794
994856
9882
993745
991229
993335
994001
994786
993835
991442
9566
994322
992132
992179
992682
9441
993554
990008
990687
991443
994695
992839
990179
992256
992128
991537
991400
991169
994298
994993
993110
994502
994152
9184
9852
994136
9314
990370
993013
991379
990786
991123
992985
9592
992735
9386
991280
993659
68
990613
991797
994611
990522
990551
85
990223
991589
9192
990689
990438
990720
994390
993209
9050
992966
990626
994904
9343
990141
994618
991209
991268
993191
994331
993998
994020
993369
994017
992013
992321
990229
992848
992958
994419
991613
990753
9242
990539
993927
990345
991223
994288
990048
9335
990043
990778
993364
992543
993894
992942
9463
993152
993051
992947
992920
992482
9778
991071
9670
994591
991253
993805
991626
994985
991751
992433
994584
993182
9448
992773
991041
993946
994271
994967
993794
993561
990357
991731
991405
994650
9841
9158
994279
992320
994511
993559
990822
990191
990764
9728
990769
991749
991029
990981
990696
992923
993427
990302
9279
994905
990783
992788
9635
994494
991593
991524
9090
990979
990861
992241
994207
994522
994760
9035
991953
992653
991027
990080
993392
990546
993105
994413
994365
994831
994741
993662
990996
990312
993344
992646
993128
9783
990864
991993
992742
994632
994571
993211
990992
991410
991385
994277
992211
990665
993473
991102
990451
990844
9353
9829
992867
994028
992538
992251
9831
990244
991423
993775
993868
993766
993653
991366
9897
9770
990018
991643
991368
992794
992227
990928
993842
53
994264
990112
993022
9401
9491
991120
991628
990940
9776
991675
992702
9672
993962
990205
990712
992244
994319
9669
993907
991795
991372
992473
990290
990106
994714
993093
993229
990969
9144
990190
990532
993343
991783
992719
990074
992248
992909
992272
994678
990063
992101
9163
991759
993897
994401
995005
9081
994488
992568
991651
994007
991370
990138
991583
994095
990762
991753
84
990019
992654
990258
9715
990167
51
9366
992724
990494
993495
991342
994527
994643
994242
991637
10
993616
994956
992849
9418
993269
992311
991928
9217
992292
9015
993660
991017
993945
991298
992202
991199
990920
993223
994682
992768
992099
991495
994229
992294
993106
991369
993379
993598
992146
990036
993830
993770
991354
9756
990012
993389
992078
993289
992140
991992
993224
993843
991467
9179
992976
994142
994151
990845
990773
992883
993620
991513
994772
994986
994469
991149
990144
991700
994436
990273
993971
993002
9376
990946
992989
991056
992822
993359
994194
990091
994991
9372
994566
993595
990493
990401
990002
993816
992953
992286
992999
991458
994422
9898
9667
990600
992583
992526
993579
991009
994016
9093
993233
990252
994497
993960
990149
991148
9322
992029
994978
993970
9486
993096
991750
992874
991228
992873
991946
991974
992757
991898
990265
991186
992574
992970
993194
994931
992962
992573
994221
992652
9193
990068
9135
990743
991085
992064
990749
990423
993482
9596
993326
54
993753
993545
993097
993129
990650
994063
991097
992910
991302
990452
991412
992673
994276
990153
9483
994706
991446
990627
993451
990336
992649
992237
992749
990875
991995
992438
991275
992116
9587
992470
992801
990483
992819
991784
993406
991936
991838
990634
994667
990986
993109
992781
994113
990597
991066
991920
9088
992110
9334
994884
994551
991245
9387
994550
990955
994946
992495
991848
994337
992943
9324
994851
993846
992918
992172
994560
990916
993131
994203
9627
990249
9628
992105
991189
994044
993580
990107
993585
993387
994034
990260
991157
990264
994395
993048
990590
991028
993799
990163
991333
990355
994294
993593
992143
991384
991658
991261
990474
992330
9823
990157
990902
993217
9668
990025
990974
992299
994259
992621
990100
992796
992386
991283
9572
994796
990224
994583
990414
993548
993257
992443
9886
991879
992416
992827
9257
991822
993756
992332
994922
62
992497
993982
9539
9383
990381
994387
993942
991463
993024
993063
990403
994205
994097
993031
994508
9621
993125
993177
992915
990116
990282
994540
994543
991781
990168
993701
993910
992062
991344
992364
991909
990284
994581
994871
993557
992491
993100
992805
991668
994778
9634
992795
9072
994510
52
994890
993316
991609
991355
993089
994975
994124
991956
992454
990744
992600
993200
994384
990078
991935
993361
991339
993403
991975
990057
990531
9039
990533
993899
992635
994784
990608
993909
992300
992141
994535
993844
993040
992811
992821
9026
994868
994231
993767
9037
990186
990611
991214
990289
994482
992813
9700
9293
991875
9340
993290
993407
992780
990896
9848
9808
9820
994941
990759
993318
993492
994006
990588
994906
990333
993222
992231
993090
992220
990887
994359
990811
9604
993980
9475
993941
992734
992899
990180
990084
9325
991944
994077
994301
991254
9891
992329
990622
9498
9674
994211
990456
991757
992000
9084
9415
994377
9782
991121
992722
9252
994834
991210
991934
992472
993282
991296
9102
9131
9461
993139
86
991213
990444
994285
990644
993819
992450
990519
9147
992900
991825
9036
991541
994328
990751
992870
994727
994486
991304
992956
993227
991728
991094
990725
994269
991633
991072
993939
991912
993640
993007
9790
990397
992643
990990
992001
993466
992502
9472
990130
9564
9599
990045
9798
9199
990088
9727
992338
994737
990929
9238
990402
993904
994777
994955
994492
9502
993543
993789
992823
990364
992094
993825
990300
993137
991122
992097
994338
992326
990344
9239
992039
993876
990071
992508
993674
992936
990346
991092
9452
48
9174
991665
992927
991997
994788
9473
990227
992134
992640
990123
994120
9857
9788
990943
991942
9760
993146
991604
991726
992983
9576
990382
990930
995007
992700
990734
991070
9287
993354
992555
993908
993912
9611
9447
994027
990775
991190
993390
991421
992160
993943
992493
994533
990114
991238
994990
991455
9568
993836
9849
991991
994663
9112
990161
992082
990879
992346
9705
9625
991567
992492
991972
990827
994952
994138
994966
993160
993135
991043
991702
994046
992539
9855
990637
994291
993488
993708
990108
994083
990034
993025
991752
9802
990020
994428
990629
992707
990393
990271
994867
991918
9464
993516
991452
992633
991332
994191
992271
994537
991416
994503
991988
9795
990294
990858
991232
994033
9233
991744
991234
990337
990888
9402
993302
993778
994496
993330
994103
994066
992409
993215
994658
991343
992863
9140
9076
993568
994254
993254
992208
994655
993292
994984
994073
992100
991184
993231
993572
993649
993997
992381
994101
9216
993658
994513
990808
992537
990369
993546
994274
994257
993681
991543
991981
992063
993828
9264
994065
994767
9061
992469
992628
9435
993206
994315
991930
993448
993813
991551
993858
994112
992371
994173
991501
9291
9139
993484
991561
992235
9206
991426
991608
992869
9105
991150
994917
993382
9046
993465
990485
9191
993457
990548
992126
992791
992135
993541
992340
990378
9381
991522
9824
990263
990140
991682
993397
994903
994898
990479
994644
990617
992158
991877
993737
990852
991406
992743
9515
9717
992770
992829
993189
993073
994421
992310
990343
990983
993690
990422
993052
993325
993087
991512
991144
993324
993346
994916
991539
993722
990854
990872
994705
991739
992459
9347
994289
990476
9070
993039
994425
991483
991258
994160
994577
9480
993517
9550
990504
992948
994402
9359
992362
994592
992645
993112
990441
991246
9661
993832
9130
992402
991883
992066
991432
9228
991371
992596
993432
993033
994293
991472
9780
993895
9164
991221
993677
992876
990714
990469
9713
993365
990670
991922
990700
994180
992032
991249
9429
991948
994137
992979
990579
991666
992888
992984
991424
991659
9774
9194
993809
990558
990598
992356
993059
992525
990051
993853
994133
994669
993502
992267
9890
992301
990754
990363
992978
9772
991124
994586
9073
993994
991107
991641
991786
994165
990752
9408
9579
994940
990097
991769
994907
990576
994442
994354
991380
992760
991063
990213
990835
994770
992446
9122
994052
994050
991048
992014
994099
994603
991610
994768
990661
993103
9269
991957
992198
991126
992345
992052
991978
990976
992050
991718
993437
991830
991968
9826
990893
992253
992755
993670
9344
9537
991949
992602
994424
994897
993422
990416
993186
992968
992199
990557
992424
993539
994998
991746
9609
994443
991902
991578
994794
994213
990035
992287
992283
992483
9571
990496
993166
9094
9346
992284
994509
9000
992194
992372
993356
994445
9504
992563
990718
990855
991230
990288
992123
992016
993071
9006
991242
990040
990911
991179
994927
994564
992400
995002
991971
9681
9365
9428
990405
993886
994512
990371
9459
992708
993241
993893
992727
9420
990455
991747
991634
9138
9623
992471
991622
991104
994994
991738
994459
994236
993496
992447
991899
990787
991263
993355
990095
56
991983
994210
992087
992945
994265
990366
990904
992802
991754
992971
994326
87
9215
994250
994321
9893
994219
994536
992723
991404
992765
992562
993443
993006
993733
9777
991477
994500
990918
994071
992162
9047
9160
993636
990495
9333
9785
992195
990580
994108
991743
993921
994807
994620
990246
991704
994806
994627
991606
992245
9696
992259
991255
991037
990859
990219
992644
990895
990354
992072
992556
993098
994977
9183
993271
994631
993291
9646
992917
990400
993577
992022
994989
990230
990298
993656
991679
994687
990726
992053
992325
990958
994102
991428
994690
994913
9698
993246
992692
9003
9685
993999
994780
9871
992939
990740
992720
991156
991466
990270
994732
991730
993699
990481
993300
991910
990507
9200
994126
994258
9421
992517
994559
993804
994534
992532
993748
994774
9536
992771
9655
991006
991146
992394
993757
993202
66
992449
990633
9642
992709
992938
9302
992359
992363
993570
994580
9043
992972
993883
991110
993720
994018
990170
994765
992698
992159
992520
991735
991585
990890
991938
994775
990463
993363
993463
992167
993933
993396
9786
994047
991331
993178
992908
991787
993957
993552
990825
993386
993092
9734
993521
990501
993320
9030
990609
990065
992020
993420
991984
995008
9658
993731
9548
993147
991119
991819
993460
990384
990647
990757
991103
993657
990430
990341
992608
990076
992382
993256
990771
992940
9382
990705
994049
991414
994003
9113
990951
992233
993730
991042
992068
992025
990064
992445
994569
992196
991297
993918
993250
991796
990293
991376
9297
991508
991810
9370
991218
991075
994873
991660
993133
9317
990980
992075
994912
994634
991267
993162
990129
990428
994039
990039
992092
991673
992054
992249
9853
990782
990524
994930
9652
990770
9648
994919
994981
991989
993399
9474
992005
992230
990404
993826
9115
993035
993450
991349
990279
990947
992914
993132
992815
9256
992420
994676
992389
992739
994702
992789
991088
991945
9557
994776
9761
9034
9585
992192
992521
9703
993810
994715
9219
994366
990169
994012
993057
994666
991605
992584
994345
993121
993168
9746
990963
991456
992275
9747
991770
994019
994828
992558
9380
992112
993763
993124
994240
990512
993001
990587
992847
991301
993362
994694
991131
992327
992257
991160
991740
994477
993275
993444
990361
9263
994795
991885
992288
991857
9476
994462
993777
992886
990949
994351
993398
994850
991629
994343
992561
992952
990189
992960
994467
992412
990991
994622
992410
993749
994074
9419
9878
993863
994159
993149
991559
992333
993293
994230
991420
992705
991525
991844
9323
991305
994218
990545
991947
992322
992548
991266
991476
991579
992203
9298
9478
994752
990601
994371
990542
993287
994393
993038
993664
992328
9813
993752
994168
993360
990120
991325
992107
993036
993477
990919
990595
992675
9485
994248
9078
992316
990514
993416
991337
9601
991982
992413
992800
992373
991511
990291
992380
993029
993527
994407
994408
993840
992524
992711
991025
993425
993480
993665
994642
994283
993903
991336
991207
994700
992127
991494
992190
993524
992512
994996
990528
993596
991378
993682
994925
9167
994358
994630
994793
9351
994372
990850
994096
992841
991188
994879
992171
9758
993164
994742
991575
990791
991635
74
993062
991941
990936
9817
994815
9305
991252
992994
9332
991459
992544
992758
9248
9330
992746
994385
991016
993288
9013
994125
992418
994686
992422
992085
994465
990894
992818
994171
993198
991889
991905
991775
990118
9800
992023
992892
994072
992853
991340
991211
994549
990285
9493
990932
994444
992922
993797
991057
994287
9693
993566
992477
990070
992833
990690
993060
992549
992348
991167
990607
994589
994309
990154
992716
990562
994539
990967
990011
991793
994816
994558
993159
992293
993266
994759
990092
991540
9644
991108
992893
992896
990975
993629
990818
9150
991391
992313
990831
9724
994999
993429
994711
990834
991943
994249
994671
991640
9220
991352
993418
994614
992580
993452
990062
994628
993874
990211
991486
992095
994523
990555
992077
993673
994000
992877
9357
993750
994764
9528
993884
992987
9484
9002
992396
992655
993314
993712
990642
994942
994962
994600
991527
991820
993569
9710
990565
9114
993703
993136
9632
991200
991170
994948
994323
991577
992835
992122
994092
990287
990000
993232
994376
9124
990750
992297
992096
992713
994548
992792
9524
992051
9806
991183
993099
991398
994011
991062
991143
990898
990965
992351
993175
991116
9126
990386
9580
9750
992034
993611
990193
992044
992081
991969
993273
992434
993931
993634
9590
992309
992291
992695
993700
992266
992954
994081
990374
990362
993567
992488
994135
991125
990031
994699
990790
994262
994379
992318
991907
991515
992250
991849
993069
991716
993839
9374
992161
994064
9466
990780
992632
994862
994484
9241
9434
9659
990631
991134
992911
993736
994624
990280
993483
991686
992887
992073
991145
993823
991130
994572
990702
994803
993319
994405
993327
993491
993651
993234
991865
993154
991558
994448
994158
993788
990466
993244
990869
993646
9673
990101
990739
992226
993245
993310
990853
994055
994915
992554
9553
994835
992484
994556
990711
991764
993020
994681
993283
9354
992331
990721
9208
990122
991531
994378
993478
993834
993342
993440
991855
994782
990945
990621
991845
994022
991140
992156
993053
994633
992405
993163
993410
993475
992950
993528
993861
9567
993913
991960
994438
992387
991389
9883
9684
994565
992854
9442
991272
994146
993719
994396
992704
992636
993696
994193
9577
993284
994153
993637
993123
994015
9367
990826
994192
993485
991892
990109
990664
991413
990373
992557
990704
994304
993743
993888
992706
50
994646
994177
994616
991806
994025
9511
993538
990073
990741
9417
992091
9867
990473
992186
992974
993578
992697
990096
993439
992150
991274
993988
9451
993732
9020
994069
993890
993790
993850
990420
9236
992011
990994
9023
991197
994928
993937
991692
993742
993218
9024
991067
994237
992086
993885
9457
993793
991732
993782
991047
992712
992507
993584
993535
993581
994131
994555
994244
9348
993922
990668
990612
992664
991614
992408
990338
9603
994997
993542
994753
994004
992894
991809
991557
992889
990574
992295
990491
993476
991914
9737
993126
993456
990502
991805
994453
993064
994745
993034
9816
991450
991939
9582
993791
991387
9686
994350
990342
992884
992784
991031
992397
991964
990632
992925
9598
992036
9583
993134
994090
990809
993783
990816
992069
994348
994032
994938
994740
990540
992425
991462
9779
993571
994506
88
993786
991478
992828
991766
994089
990586
994040
991290
991714
9388
993518
990061
992421
990717
990066
991685
992429
992858
990296
993594
994504
992511
992571
992478
992710
994924
9578
991395
994415
993436
990197
991916
9266
991465
9265
993860
993195
993935
992881
992465
990924
993298
993388
993771
990395
992234
991277
992547
990683
991482
994561
9393
9562
990999
994750
9411
994724
993762
994899
991201
990777
991765
992067
993161
992232
991846
990772
991142
9143
9744
994673
994932
992605
990399
991133
991712
993267
990181
993041
990732
994621
990615
9887
990582
993021
990851
992366
991448
9606
991469
994751
991887
993056
993759
992436
992435
991353
991926
990763
994629
9438
993395
991175
994521
992603
991377
991890
993413
994688
992152
994238
993607
992503
992519
993803
994895
9549
992392
9205
993421
993479
994026
990385
991639
993010
994045
990407
991373
994456
9307
990715
992701
993964
990233
9767
990131
993707
9453
9166
991900
992280
993174
992729
992228
9074
9352
994557
994373
993120
991236
994657
990391
990185
994195
993695
993108
993587
994545
992961
992121
9118
994127
992501
992393
993239
993499
9363
992273
994392
992980
994161
9400
992430
993870
994719
994707
994167
994437
992627
992170
990234
990415
994656
991780
994439
993676
991362
990569
994951
991166
991444
9494
993153
993953
991226
993806
9543
991181
993671
991055
993560
9460
990538
994357
994893
9565
992721
994829
994346
994084
992533
993219
9763
991374
993066
990278
993183
994317
992218
991127
993900
994145
990033
990283
991073
990032
992977
992414
994861
992040
9833
994800
994451
991990
994953
993574
993196
9173
994817
993180
9431
991923
