994677
991495
991461
9250
991471
992597
9530
9407
994054
991772
993641
9513
993896
993619
993995
990948
990663
992703
994325
992378
990541
990656
992148
994355
993833
991799
991773
992747
993934
992531
992145
9203
9675
991631
991219
990508
994514
992875
992837
992030
9280
990925
990301
993856
9868
993138
990472
991021
9249
990218
990729
992296
9136
994458
993875
993936
993468
990908
82
992793
9663
9161
992786
993919
993423
9028
991839
990907
993506
990231
991359
9320
991741
994233
9639
993243
990026
9268
991346
992108
992302
995001
990203
993924
994297
990550
990944
992906
994864
9875
990380
992457
994728
990552
994061
9331
990500
992334
991709
992594
993328
992769
994235
9588
994204
990027
991748
991737
992912
993076
992136
990335
993331
992109
993966
990266
991479
993849
992741
992907
990935
991695
993811
993155
994243
992451
991878
990737
991284
993882
9273
9065
991843
9718
991185
993923
993185
9008
990596
994473
990257
990462
994088
990784
990616
992289
991425
991777
990440
9445
991676
993906
991929
993026
9736
993370
9202
990686
993339
993192
9362
994320
9701
993297
994256
993520
994470
993837
994239
991053
994255
992285
991496
991767
991829
991985
991504
991632
991431
9436
990768
994983
9471
993226
990434
994386
991933
994934
992480
992021
992714
993441
992634
993573
993469
9858
995003
9707
9791
993501
990379
991101
994330
990767
9507
991538
990836
991345
991205
992963
992518
991212
993526
993972
992442
9235
994939
991654
990599
994617
994214
992210
991484
990268
994057
992018
992304
992131
993017
993455
993855
990253
994744
991950
992856
994162
9532
991547
9690
994517
991591
992417
994769
992694
994757
9454
991172
991060
993316
994495
991927
993738
994261
991727
991010
994280
9818
9178
994245
991592
990247
993203
994196
994799
992629
993672
9361
990089
993472
990927
991627
994992
994749
992988
991044
991550
991607
990281
990829
994423
9106
992133
991045
990059
992693
993925
990606
994773
990708
992672
992033
994684
9545
991866
990760
993728
9091
992715
993774
9479
994460
993862
992779
990866
990136
990807
9859
993438
991187
994251
990897
991917
994763
9253
991324
991138
994894
994679
991323
992885
994937
990860
992008
994568
993814
994598
9056
990347
9251
9289
992440
9559
994801
991468
994157
992419
990418
994418
994313
992616
994144
994832
990699
990102
994833
994857
993230
994172
991264
992385
992216
9005
9296
990517
993996
990669
993404
994722
9732
993461
9650
993458
993309
990877
9828
991251
993247
993663
9350
994761
993434
993412
991776
994959
9617
992929
993773
993014
992808
993391
992545
993852
994404
994201
992279
994693
78
993938
9377
990553
9109
993605
990232
990348
990262
992479
991409
990978
61
994400
991774
993055
991674
992415
994863
993317
9522
990876
992754
9591
991853
990619
9231
994746
993956
993887
994093
76
994198
9769
991436
990624
992268
72
992730
993680
992344
993872
9014
993068
990119
990581
992355
9773
993928
9282
994594
9326
991365
994188
992252
991087
992407
9360
991940
992169
993879
991407
992076
991642
992993
992217
990038
993841
992045
993280
994683
9569
993193
990950
990292
990350
990204
994318
9004
991348
990832
992949
993645
991601
991952
990964
9602
993504
990086
992277
9234
993522
993688
990467
9068
994923
991008
993279
990561
992738
993514
990142
991763
991729
9416
990410
992871
990124
991026
992337
990435
992824
993262
991153
990021
993384
993332
993080
990433
993265
9651
9884
993446
991399
993747
994830
994275
990015
994295
991840
993216
9119
992903
990703
9222
9430
993505
9566
9339
993761
991861
993705
991506
991165
9439
991672
991597
990058
992898
9127
994100
990339
994136
990952
9309
991454
992767
991173
992343
9622
994455
994872
994921
9643
991536
993500
992154
991721
991096
991128
990843
993380
993930
991503
990487
994043
9394
991516
992955
991022
990544
991518
9837
990534
9227
994980
991724
990269
992486
990272
991203
991876
993758
992551
991683
993394
994067
994615
994611
992799
990651
9822
991921
990536
993464
994104
994302
991881
990931
992846
992535
991086
990591
992542
994252
990520
9316
991350
992157
992843
993205
993697
993030
991932
9852
993549
992009
9162
991874
991474
990195
9612
992965
992149
990217
993008
992047
992932
992118
991209
992074
9385
992553
992489
994369
9647
991276
992751
993321
9593
9025
992070
994322
994547
992530
991911
991617
992615
993512
993659
993978
992179
991816
991174
990376
990375
993562
991546
992212
994950
993285
990506
993335
992920
990921
990992
992323
991379
9575
994390
992860
991760
9716
9229
990786
990188
992638
992128
994013
993561
993655
990758
9386
991169
992604
9882
994836
9514
993393
992007
992319
993829
994502
990080
993187
992406
992543
994152
994664
991280
992335
990665
992682
992241
992848
9776
990345
993792
9120
994695
991457
992985
990191
990675
994786
992684
992219
991269
993554
991253
993787
9755
991120
9245
993110
990008
994331
991123
9392
991268
993013
993610
992958
9620
9184
991669
993050
994993
994298
993907
990043
9525
992013
993835
994904
992973
991223
994020
994856
990844
9343
994612
992211
993998
993745
991626
990312
990370
9441
9116
991537
990687
992243
9706
990685
991229
992433
9670
9654
9242
10
9491
991370
990229
991443
994591
992209
991442
990613
990141
994877
992132
990477
993182
990720
994650
994618
990522
990861
990223
994511
993369
68
994967
994892
994017
990626
994522
992816
990783
994584
9448
9185
993209
994319
992702
992866
85
990979
991423
991385
994738
992735
990438
993022
992612
994399
9372
9192
993559
991589
994365
994741
990764
990551
993894
992966
992883
994271
992321
992947
994001
992244
992839
993364
991731
994419
991643
992773
992320
9314
990778
993191
990357
993960
9035
993766
993805
9783
992867
990258
994277
993794
992251
53
9401
992923
990091
990290
993579
9829
75
9831
991993
993105
990981
994488
9728
991298
990539
990048
9050
994413
993927
991027
994985
990769
992653
990928
990532
994401
992482
992725
9592
994288
992248
993775
994279
991898
992719
992538
990018
991797
994931
991168
993962
9463
84
992654
994956
993843
993945
990627
993616
991751
993128
994028
992794
992272
991366
992029
995005
994905
993662
994714
990969
991593
9778
991675
994494
991071
992292
994831
991953
9279
9635
992140
992646
990689
990019
994007
991369
994207
992724
991302
991400
994264
992256
990753
990712
994095
994142
990144
993392
990822
993653
990179
991524
992942
993051
993093
993269
992788
992101
990167
992202
990762
9669
994469
991583
991056
991102
991149
992568
9366
993598
991467
993344
993151
993343
9841
990451
991795
991700
993660
993152
991572
991628
993379
9529
994682
991405
994678
993106
990773
991783
990106
990946
992237
994643
9163
993427
991410
994151
991613
990244
9179
990590
992673
990696
9794
992768
991637
993580
990940
990546
9897
991928
992227
990002
993223
994527
9335
992962
994760
992294
9770
992078
993753
9672
994632
993971
993842
991041
991749
990302
990205
994571
991651
993868
990845
993473
991513
9756
991759
991354
992172
992386
994436
993389
994986
994978
994194
992953
992909
9090
9144
993229
993289
993224
990996
992470
9158
990401
992910
9081
990600
991342
992801
992311
991753
994706
994422
992849
990864
992757
9587
990063
991199
993830
992976
991029
990012
990074
9898
993595
993897
991372
993359
990153
990149
991946
991186
993620
990749
992583
991848
992989
994229
992822
9667
9088
993946
991157
9072
994566
994772
990336
993799
991784
990190
9418
991261
991992
54
993326
993002
992146
993970
993211
9483
992064
9353
992873
9015
992099
994991
990036
992526
993770
994016
990138
991148
993233
9715
990597
990252
990474
993495
990264
991085
991009
990650
993129
991446
51
993097
990107
994497
990423
9376
993846
994387
992364
992649
992970
992573
993816
990986
994077
9322
991017
990974
993048
992742
994221
990116
992999
994922
990494
994113
991245
991275
992827
992438
994294
991995
990414
993387
993451
9596
992874
994395
9340
992110
990493
990920
991384
9486
992819
994667
991974
9193
993406
990186
993063
994551
9891
993217
992473
9334
990112
993194
993131
990483
9093
990100
9572
991750
990403
993403
992781
990224
992443
991458
994242
994205
993585
992454
994063
991838
994203
991920
994906
990634
990249
993701
990265
993031
992652
992918
993096
9823
993545
990025
992286
9324
993361
994946
62
992299
993548
992143
993482
990381
992795
990744
994508
991066
990902
991189
990608
991113
9135
992000
993024
991344
990743
991609
994796
994884
992332
994871
993109
994581
992796
993125
991228
991333
993819
994482
991412
9325
991879
990260
994583
990068
994259
990180
994535
990163
991936
994034
990355
9387
993899
990452
990273
992491
992231
990875
994510
992062
991028
994231
994337
990168
992116
992823
993942
9217
991283
9037
992105
991658
993290
9415
991822
990157
992497
994778
992495
991668
991909
993982
994269
993557
992621
994044
990896
991097
992943
9886
992734
992749
9848
990333
991368
990282
9539
994560
991339
993090
993939
994851
993177
992416
991355
990916
993980
990084
994543
991757
993318
990644
993844
992821
993910
992915
991935
990751
990444
994097
990456
992220
992039
994512
994540
990588
990284
990057
86
994377
994890
993257
9257
993674
991072
990611
994868
993593
994550
991214
991463
993100
993040
992722
993767
990622
994276
991956
994291
9849
9383
991781
992805
993407
994941
9621
992472
9798
9634
994124
990531
994975
991254
993941
992899
990955
990344
991944
990289
992330
992813
994211
992811
992300
994788
994359
992574
990364
992508
992956
9472
9668
993007
9782
993572
990078
9611
994784
9627
990533
9039
994834
991975
9140
992780
990929
9604
993640
993139
9287
992141
9252
9727
992870
992329
990725
992001
992600
9820
992450
991121
9102
993222
991934
994027
993836
992097
9564
991728
990759
993789
993137
993778
993200
990397
990130
994486
993543
994328
993025
9475
994301
9076
992326
994006
991421
991912
993909
9452
991070
990943
9628
991094
993492
993282
993904
991942
994428
9036
9199
991541
990887
990734
994917
993756
990811
994103
9147
993825
990775
991213
990990
994492
9461
990088
991210
993330
52
9238
994533
9239
9293
990930
992502
992635
992160
994867
992927
48
993708
9788
9599
9498
990045
994777
992936
994120
9112
994138
991343
993227
993876
994285
9808
9700
990402
992134
994916
991296
991633
993135
991702
992537
993390
991304
9084
993908
991122
991997
994952
994737
992063
991043
992158
994384
990382
992271
991825
992643
990637
9674
991238
992555
992770
993466
992493
991332
994083
992539
990346
991665
9216
991190
992640
994984
995007
991875
9473
991991
9568
994955
9576
991972
994338
990300
991988
993516
992492
991232
994658
991452
992208
992094
992338
994727
990983
990271
992135
991543
993568
992100
990123
9857
993146
990034
992371
9347
992082
992983
990227
993546
990629
9790
9802
994191
9233
994966
990858
994101
9447
992700
992633
991752
990888
992469
990393
990548
990020
991234
993912
990161
993382
993722
994990
991744
993160
9070
992863
9760
994046
990337
991739
992362
991604
990071
9502
991426
993292
991608
994073
991551
9191
993206
993354
992628
990114
992900
994065
994513
993690
990369
991981
9855
991930
994496
994663
994767
990519
9026
992381
991682
994644
994898
993254
994112
993457
993465
991726
990808
991567
991561
993858
993658
993997
990827
994066
9130
994537
993853
991501
991184
9402
9464
9206
994257
994655
992409
992402
9515
991539
994315
994160
991416
9061
992066
991883
993828
993895
992310
991522
994903
993813
993052
990852
993397
991455
994354
993649
9661
994503
992126
993488
990469
994592
990378
994669
9795
9550
993325
992743
9264
990108
993448
991769
992340
9381
992869
994293
991144
993039
992525
9625
991659
992707
994705
9174
992645
9705
9131
992979
994173
993324
991483
993943
9105
992014
992235
993231
990504
991512
993502
9435
9139
990294
994770
993302
994274
991424
9890
994033
991948
992829
993541
990835
992755
992791
993215
992984
993737
993539
993073
990485
990479
993517
993484
993346
991246
992459
9291
992356
994050
991048
994402
994564
991258
994137
990670
9774
994907
9046
990714
9713
993059
9717
992596
990441
994586
994425
991957
992253
991124
994442
991666
994421
9228
990854
993681
994254
991221
992723
991406
993809
992016
992301
991918
993832
990617
990872
993677
990476
992346
994165
994052
993112
993189
993365
991922
990140
990754
991104
991978
9537
9164
9359
990558
9269
990371
990579
991126
991150
994768
991371
990263
992876
993994
993166
991877
9824
992424
9344
9826
990718
992948
991472
992198
9194
990700
991380
990343
9043
990363
9408
994897
993186
994213
993356
993422
990879
994180
992771
9429
994133
992978
991578
992267
9480
991610
992372
994500
990752
991249
992446
995002
990893
991949
994603
992087
991063
9160
990576
994577
990422
992199
991971
991718
994219
993432
991622
9006
992602
990580
990455
990416
992284
990040
9073
993300
990366
990976
992194
9579
990496
9420
993033
991107
991641
992562
991830
994443
990035
991746
992123
991968
9772
993241
993437
990661
992483
992283
993733
992447
993636
994794
992050
994459
992760
992968
990598
990918
990051
991242
992727
9122
994321
992287
9504
990405
993893
9780
994289
991743
993071
992888
994927
990787
994998
9000
993670
994424
992162
994711
992556
994940
990904
991902
994236
990895
991432
990557
992708
994326
992052
994445
991747
990354
993087
9346
992032
992471
9696
9459
994631
990097
990911
991983
991230
994509
990740
992945
9609
992644
993656
993355
56
9003
993748
9681
992563
9646
994806
990213
9777
993570
990230
993103
994108
9428
994099
9094
991404
993886
87
993006
9571
992245
994780
993496
994994
990288
9215
9333
992938
992072
9421
994977
994775
991738
994807
993098
994126
994071
994989
992022
991910
994265
993246
992053
994913
9623
994536
990507
993271
992520
993757
9536
9871
991263
992532
991679
994210
994580
994732
993202
993921
990855
994774
992449
994102
991754
992325
990246
991466
991331
990609
992972
992802
991786
994627
994559
9893
994569
9785
991146
991606
991037
9302
9183
991255
990825
992608
9365
990726
9297
992917
992259
993386
992692
9200
990859
990270
990400
991634
992167
993396
990958
9548
990633
991179
994534
990170
9698
992517
993147
994687
991984
993460
993699
993291
9685
990341
993731
992765
991730
993443
990298
992971
994250
993552
66
994258
993256
990481
992939
991477
991938
991945
993089
993092
9138
993883
992195
990428
991414
992709
990980
990771
994776
994666
992020
993178
9658
991103
991704
9382
991735
991092
993320
991428
992112
990495
990065
994003
992092
993918
990890
994620
990095
990757
993804
992558
992720
992908
993162
993363
992363
990463
9370
9786
995008
991042
990064
993999
991006
992233
993521
993577
994047
991110
9655
990219
9476
992698
993657
993463
992159
990279
992420
992249
993826
993933
991796
9734
994765
990501
991660
994049
992025
992940
993957
993250
990039
990705
990524
994690
992914
992400
991218
992382
991787
991585
991119
9115
9030
994634
992054
992230
991673
993420
991349
991297
991075
991267
994039
994018
991740
992394
993730
994919
9853
9648
993057
992192
990076
991376
990404
991899
990384
994930
9113
9746
992739
9047
990129
993720
990512
990782
992410
993035
992196
993399
9703
9317
991508
990293
992068
993132
990949
993133
991989
990430
992521
992359
994019
992952
994912
9419
993362
990601
990947
992815
9652
990770
992705
992075
994240
9761
994981
994462
990951
992275
990545
993121
992789
991885
994702
992288
990587
992960
992584
993810
9747
991456
991810
994925
9034
991819
991770
991088
993749
994873
994393
991605
992322
992380
992445
993444
994795
991857
994676
992005
994715
993275
993168
991420
993293
994159
992327
994622
992847
991844
9642
991629
991156
994345
9263
991378
9557
990169
9474
991301
993450
9478
990361
9219
993001
991525
9256
991579
994850
992800
990991
993763
994467
9380
992257
9167
9585
992544
994828
991337
990647
994694
994074
994477
994351
990189
992886
993029
991325
990919
993124
991947
994343
994793
993477
990542
994366
991775
993360
991305
9078
994248
992561
993863
993287
993398
993752
990595
992203
991494
9878
9323
992107
994996
994168
994012
990120
992548
994218
9485
991266
990963
990528
994283
993164
993777
993149
991459
992333
992711
991160
991131
992328
992841
993425
993480
992127
992412
993665
990514
993840
9305
993527
993288
9758
9813
993062
992316
990154
993036
994372
990118
991252
992512
992413
991889
993416
991559
9330
991511
994096
990291
9644
994230
991635
993664
993682
991982
994171
991025
991207
9351
994752
992675
994630
993596
993198
990285
993524
994742
994385
993903
994408
994407
991476
9800
994759
994549
991188
990834
994371
994642
990894
9298
992758
9601
992994
992023
74
991108
9013
994072
994700
990936
992818
991340
992085
994309
992892
992190
991575
992987
992746
992373
992853
993038
9332
992389
9817
991016
992716
990062
991391
992418
990565
991793
991941
992345
991057
990850
994358
994465
994125
993673
991167
990562
992922
994815
990607
993874
992954
994764
990818
994287
994686
992833
990070
991211
993429
990967
990374
994444
994558
992422
9124
993136
9693
992122
992171
992896
992077
991170
991200
992877
993797
9528
994816
991486
991943
9750
993159
991905
992549
994323
9724
992893
991352
991143
991640
990932
991540
990791
992081
990975
994548
9150
992524
990287
991336
994879
993567
992313
990011
993569
992095
9357
991527
994628
9710
992477
994999
990642
990965
994671
993232
9493
9002
990000
990092
992434
992835
993703
994539
994523
994589
993418
992051
991907
991716
992351
992293
992655
994942
993452
994948
993314
990555
992348
994249
9580
991183
992713
993884
992096
990211
993712
990831
992792
993629
9248
991062
994376
992695
993931
993700
994000
993566
990898
990193
994600
991116
993060
9126
992297
990690
993266
993478
993410
993175
9434
992291
994011
993099
993611
994962
990031
990780
993273
9524
994614
9114
992396
993651
991125
992854
991577
992266
990621
9484
9241
990362
991398
993750
994092
990631
991820
992044
9632
992554
992309
993327
992034
992073
994135
992318
992580
993788
990711
994572
993069
990122
994699
991865
992632
9590
9374
990386
992250
994862
991849
991145
992387
994081
992887
992488
990853
9220
994064
991764
992484
990790
990739
991686
993244
992911
9659
990945
990280
993310
990702
993283
994055
993053
991558
992161
991130
9806
993483
993319
994782
993823
993634
993491
994304
991531
994405
993736
993342
9208
991969
994681
994158
992950
990750
9466
994556
9684
993020
994915
993834
993245
9867
993646
991845
994835
990721
9567
9553
992226
991515
994484
993742
990466
990101
991134
993839
994153
994646
991960
992091
994262
994379
994448
993154
9367
993163
994193
992557
991855
990741
994192
990869
993696
992156
994396
994633
994022
993475
994803
993913
994177
9442
9354
994378
994015
992186
994131
993123
9883
993719
991140
991272
994438
993284
993888
994624
993234
9023
993637
993861
994146
992331
993538
991806
990826
993578
991274
994565
993485
9451
991413
994616
993790
992706
993439
9577
991692
991389
993440
993732
993528
990096
992405
9673
993988
992704
990664
9417
990420
993581
994069
994025
992974
993850
990109
50
991892
993218
993743
990473
991047
990373
992150
992697
993793
992636
9236
991557
992086
994928
992712
990612
991732
990994
993937
992408
994997
990073
993126
994237
991197
994745
994244
993922
993782
991067
994350
992011
993791
993885
9348
990816
991031
991614
992507
9020
990704
993064
991914
993542
994032
992894
993535
992664
990668
990338
994453
9457
9024
990809
991387
993456
992889
992295
990491
993783
992784
9816
990632
992069
993890
990574
993584
991939
9737
990342
994004
992884
992036
994753
993476
9511
992925
994938
992397
9603
9582
991964
9779
990540
991714
991685
993786
994740
991290
993518
991766
9598
994090
992425
990502
993034
992429
994089
9583
9578
991805
993571
992478
990586
991809
992511
992421
991450
993134
994555
990924
9686
993594
994040
991462
994506
993771
990197
992828
994504
992547
991482
991478
9266
991465
992881
9411
990061
992858
994415
88
993436
990395
993298
990717
994561
991395
992232
991277
991916
9265
990296
992710
992465
990399
991201
993195
993935
992067
993860
990066
992571
9388
991765
994348
993388
990777
994932
994899
990999
994751
994750
994673
992234
991448
992605
994924
990772
993762
991887
991133
991846
9143
991712
993161
990181
994724
994238
994621
990851
993056
993021
991469
992366
990615
993267
993041
990732
9393
994895
9438
994456
990683
994629
992435
993395
991142
9562
992436
9606
991926
991175
992603
990582
993010
992519
993421
990763
9205
992152
994521
993803
993413
9549
991353
9166
994026
990233
9887
993607
9744
991377
991373
990407
9453
991890
992228
9767
993964
993479
992503
992729
990715
994373
994688
993707
9307
992701
994045
990385
992392
991639
992280
994657
991900
993759
990131
992121
993108
990391
993587
994195
991236
993120
994557
993499
994545
993174
994161
994127
9352
992430
990185
9118
993695
993870
994167
9074
994392
993239
992273
994437
992980
9363
992501
992393
993676
9400
991780
992961
992170
990415
994951
992627
994656
994707
9494
9543
993671
990569
994439
993806
991362
990234
993153
991181
994893
991226
991444
991166
994357
994346
993953
993560
994719
991055
992721
994829
993066
9565
994084
993183
990538
993219
991374
992218
9460
9763
994145
990278
991127
994317
993900
992977
990033
991073
994861
992533
990032
990283
9833
992040
994451
994953
991990
994800
992414
993574
993196
9173
993180
994817
9431
991923
