991113
990347
9109
993309
990699
991468
990866
990624
990517
990102
9282
991323
993247
992808
994313
994801
990669
9859
990433
9732
9773
992955
991138
9350
993996
994722
994568
993605
994679
994198
994144
991861
991324
994172
9289
9650
994598
992885
993852
991601
994763
78
994937
994251
992754
993317
993461
990978
990897
990876
992216
993055
992545
61
9559
990136
992419
992415
991917
994201
994857
990807
994418
993814
991774
993938
9377
990964
992993
9251
994188
993434
990232
993404
991251
9227
992440
992616
993663
992929
9360
990204
994318
9056
994863
992385
994832
9602
993193
993680
991763
993014
9326
994275
990877
994400
72
992268
990860
991264
992169
992279
994761
994833
993458
990262
993280
992277
9612
992118
994093
993841
9234
9005
991940
76
994894
990350
991853
992344
994157
993068
9569
994923
9296
990124
9430
994959
993080
991008
993391
991087
9522
991776
992730
993956
994746
990832
991165
993412
992076
993887
9253
9651
9828
993438
990418
993504
992479
991203
990015
9617
994693
994295
991436
992355
994404
990119
993705
993332
991350
9231
991952
992824
991674
990435
991348
991123
990553
993758
993514
9014
990544
9884
990348
990467
994100
993645
991642
990581
991506
992337
993285
991409
9622
9643
991503
991407
9769
992070
992407
990188
991365
993262
993773
994104
993464
990021
990086
990703
990292
993500
992343
990269
992871
992008
993279
991153
994136
992738
990950
991840
990487
990339
9439
994067
994594
993230
994683
990619
993505
990952
994043
994921
991173
9385
992751
994455
990843
992217
990058
993872
993879
991128
991721
991518
992767
992045
993688
993394
9127
991881
993265
991724
991516
990142
993512
990534
992799
990561
9068
993928
9316
992252
990038
990410
993522
992949
991536
990195
9591
993930
992612
991086
991454
990375
994830
9004
991457
991669
9647
992212
992898
993216
991874
992009
993384
993697
992615
992486
993761
990931
991729
991921
991932
993335
9837
993562
991174
992604
990921
993549
992903
992551
992684
991269
990536
9119
992920
994322
9309
991816
9654
993446
991280
992965
991597
992542
990520
994013
9025
992489
992074
991276
994331
992530
994872
993205
992013
994302
991760
9386
990591
991474
991022
9514
991672
9339
9394
991096
9822
992047
994611
992154
993978
993008
993321
992682
993380
991442
991683
993747
991399
9222
992543
990758
992157
992638
992553
994950
994615
992932
991187
9852
993659
9242
991253
992816
990217
991209
994612
990223
991168
994152
990141
991876
990685
990720
994399
992535
991169
992848
991617
9343
990506
9525
991537
9185
993829
9116
991026
990272
991229
990651
993554
993792
990043
990665
992335
9882
993013
992219
992843
991546
992241
990992
994664
992128
993187
994511
993110
9575
990438
992725
994252
990844
992433
990786
994786
993655
990477
993561
992211
992406
992209
9566
9162
992839
993610
992947
993616
992007
992958
994502
993030
990191
990626
990229
994390
85
994547
992244
990048
9245
992568
994298
990979
994591
9192
994836
9120
994993
990357
990764
9392
993745
993805
9716
993998
991400
994980
993787
990345
991120
994369
991911
992179
993369
990613
990675
994904
9593
990861
993364
994001
992251
993427
990080
9794
992323
993907
9706
993191
994618
992867
991797
990376
993945
992319
992923
992973
993775
991795
991423
991368
994695
992294
9416
990981
993182
992942
994738
9620
993835
992243
994271
992735
992773
994020
990370
993962
994632
991626
990179
990091
994877
993559
994985
994584
992866
990290
992132
991370
992538
75
10
991385
992985
993050
9783
993794
993151
990008
990522
9229
9279
991223
9401
994831
990312
990551
9670
9829
9314
992029
991593
993229
9035
991379
994967
994956
994522
9529
994892
992482
992966
990546
9635
9184
993894
990822
992860
993393
9755
994905
991027
994365
992909
991268
994494
990689
992846
991102
9372
990302
9448
992849
68
991953
994856
992654
990019
992883
991056
9441
992320
9776
992149
993128
991751
992788
990532
990778
9335
990244
993766
9353
994413
993473
992962
994760
992653
9592
9015
84
990928
990539
994419
993105
990258
994017
9158
995005
990167
993223
990753
991524
990696
991369
991149
990687
994319
990769
9770
993662
9491
994714
994288
992272
993868
992140
993269
990762
990144
992873
993392
993152
994007
991993
990773
991628
993051
990996
990969
9463
994488
991731
993209
992702
992321
994741
992719
994401
9050
991651
9841
990451
991898
991589
993343
994650
994678
994931
990153
9144
9756
994151
993842
992202
990018
991041
53
994264
994279
994277
990149
991749
991613
992794
994095
991753
991572
994978
993344
9897
992292
991643
990002
992256
991675
994571
993960
991928
993022
991700
990783
992386
992768
993660
991071
990940
993927
994028
990600
990106
993289
994142
992673
993753
993971
994682
990252
994422
990864
9831
992311
991372
991405
992646
990590
9898
993843
990190
993379
991759
991366
990074
9728
991443
994207
9366
992757
993106
992078
992724
992286
992237
994527
991302
993093
991410
51
994194
990946
992099
9217
990627
9672
9322
9778
990845
991298
993389
9179
994643
990012
990138
992146
991085
992989
9715
993002
992953
991583
993579
991186
990063
9163
991995
993830
994436
994242
992976
993580
991029
990597
994706
992101
992999
994469
994221
993359
990205
990273
9090
993224
991157
994203
991446
993970
993595
993211
993097
994229
991637
994986
993653
54
994113
991783
993770
992227
990025
993495
991261
994034
990112
992473
992574
9669
993194
991848
993129
993233
991017
992495
992742
994772
992822
992062
993598
992438
9081
993326
990920
994581
991974
991199
992110
992649
990608
991458
991275
991342
992819
990423
990036
991936
991097
990401
9088
993897
993406
9135
993620
992248
991946
993451
991009
990712
990116
990986
991784
990264
992796
9418
993946
9486
992143
993846
9483
990493
992910
991513
993063
992470
991879
990634
9596
990974
990494
9037
994922
993482
994497
990474
990452
994991
993217
990744
994566
994063
994387
994667
992573
994551
993048
991189
993585
994946
992781
994294
993816
991344
993177
993819
991609
992795
991467
991668
990650
993131
994205
990180
990902
993109
993942
990068
991333
991992
992652
993799
991935
991822
992416
994508
9667
994016
993361
992801
991838
991920
994796
990749
993125
991245
991354
9093
990260
9627
990163
992827
991148
992299
9334
993557
992583
993756
992621
993548
994395
990403
994077
9193
990896
994550
994778
993910
992220
990336
990224
990084
990751
992105
9823
992172
992749
991384
993403
9628
994124
994583
990265
994276
994851
990100
990875
9325
992443
991757
990284
991066
993767
9572
992915
991355
9072
992970
992497
990916
9387
992491
992918
990107
990381
994543
990531
990186
994006
990644
9891
994535
990168
991781
991909
9257
994259
993387
993090
990057
990249
994044
994510
993844
992064
991750
993089
992454
992300
993545
992943
993899
86
994540
993257
991412
9415
991283
990414
990483
992874
992364
993701
990533
992332
62
993674
994884
994941
994834
992722
992116
992780
9324
994231
994097
992821
9886
990456
991463
9604
992526
991658
994211
993031
994560
993096
992805
992329
992899
992000
993007
9039
994890
9621
991254
9472
991875
9539
993024
993290
9564
990157
994384
990355
993407
994337
991072
994377
992330
990955
994269
9848
9340
994482
993941
9782
9383
993318
994512
992450
993789
991092
994291
992813
993100
993982
994906
994103
991304
990078
990444
994328
990622
994868
52
992097
991956
991934
992600
9587
990333
993330
9668
991339
991121
991975
992635
9036
993040
993200
9473
990364
990611
990088
990588
993939
990759
994301
993572
993282
991944
994285
994784
993025
993492
994359
993222
9498
992734
991332
992231
991028
9102
9293
992472
9820
990519
992039
994788
990300
9700
994975
992900
992927
993543
9849
990130
992823
994533
990397
993909
993593
990811
9376
991228
990990
991912
990282
991728
9611
991210
992508
994952
990734
9808
992141
994867
994917
9287
992811
991942
991070
991122
990045
992160
990289
990743
992643
993466
992326
993354
994486
9634
992134
9798
993825
9026
991214
990929
994727
992493
991665
9147
991232
991541
994871
993137
9140
990943
9238
990887
9076
994083
991421
992870
9452
9239
993227
9461
994492
992492
992770
993876
994916
994737
993139
990123
9084
994984
9233
9674
9174
992539
994428
990382
990725
992555
991825
991296
993778
992338
992082
9199
994658
992956
990827
993640
990227
990346
991094
991633
990402
991238
993484
9788
9857
992502
990344
991543
993904
991043
993457
993980
993836
993390
993135
992633
990930
992158
9568
9216
992094
993690
990337
990161
992001
993708
991343
991997
994966
9252
993722
9464
990369
994033
990775
993828
990858
992863
48
991972
992063
990637
994338
994990
9112
990548
9802
994120
990271
992135
990629
991604
992700
991213
994027
993649
990983
990020
990034
990714
994160
991752
991702
9502
993465
9790
991930
992936
991551
991234
994066
994777
991501
993943
992640
992409
9475
9191
994046
993997
991918
994101
994073
993912
991744
994050
993568
9070
991682
993546
991981
994537
993382
993681
990808
9447
994257
991452
994767
994513
994138
9402
994503
992371
992707
994254
993516
991739
990888
992983
995007
992628
994955
993302
993488
991988
993853
992271
991991
992100
991539
993502
990294
990393
991567
993206
990617
993189
994065
994496
992469
993858
991190
991726
991769
994293
993254
9795
9760
9576
992340
990071
991561
992362
994898
991608
9705
9130
991424
992869
9105
994191
9206
993325
992381
9291
993231
9435
991659
991416
994112
994655
992525
993908
990469
9661
990504
994315
992402
9228
991144
994663
994669
990879
994903
990422
994592
993397
990108
991258
9264
993658
991957
991150
990114
994133
993292
992014
9774
992208
9515
990852
994705
994770
9890
9599
9131
993448
994644
992066
991883
991922
991221
990476
994137
993895
992301
991512
993346
994402
992537
9046
993813
991426
993039
993215
992346
990479
993073
991666
9164
990378
9194
991184
990485
993677
9855
993541
992596
990140
994274
993112
991104
993160
994173
9824
992743
992235
993422
992829
9550
992645
992791
991455
991483
990441
992267
992310
9381
990670
991472
990363
991246
993517
9347
994421
991432
992126
991124
992978
991578
991877
9269
993146
994564
992984
992459
992424
994052
994907
994289
991522
993059
991048
991063
990579
994219
992199
9625
991406
9139
990263
992356
991371
995002
994165
994425
993324
990754
994354
990752
991968
991249
991978
991610
992979
993052
9408
990872
9061
991380
993166
991948
992948
992050
991971
994180
993432
992198
991107
993033
994768
992032
9717
9780
991738
990558
994603
994443
993832
992723
992755
9344
9826
992087
993670
992446
993241
993437
994794
990051
993737
993356
991746
994577
991622
9420
9043
992968
993994
992287
992052
992253
994442
9579
992483
990598
9006
993809
990576
990893
9429
991230
991242
994998
994099
990343
992938
990976
990035
9333
992562
993300
9459
990835
994897
992644
990854
990416
990097
9537
992876
992602
993733
9359
993365
990455
991786
991949
9772
990700
993921
9623
993886
994424
990366
994994
994940
9073
990718
993186
992888
992708
9122
992760
994977
992162
992123
992556
992471
990580
994500
992771
994213
9609
990371
990557
994711
992245
993636
9346
990918
992372
994586
9160
990855
991747
991830
9571
994627
994631
9696
9094
991126
993103
990040
990661
993071
994509
993496
990213
992072
991902
9003
9536
994459
990507
994445
990911
990405
994071
992945
994536
993539
992563
990095
994620
991679
990787
990230
9727
994989
990288
9504
992016
991743
990904
994326
9480
994108
990246
992727
9365
993006
994774
994807
991718
9681
991754
992517
992345
994806
991910
56
991606
994913
9785
994236
993087
993098
992194
993656
993570
994321
993355
990895
9421
990496
994210
990495
9428
992284
992692
994250
9047
990354
991146
87
993443
9000
992400
992447
992972
992053
991730
994687
993271
991477
991641
991899
993757
994732
990633
994927
992325
994780
9777
9200
990740
991704
992939
992449
994569
991428
991156
993256
990726
992765
994690
991983
990980
992195
990170
991945
991263
9548
991119
991735
994258
993463
993883
992532
9698
990825
9646
993893
992608
993291
991634
992259
992802
9302
992520
992167
994559
990958
992917
991466
992709
993748
994126
993092
990400
994534
992159
990270
990341
993699
9658
9370
993804
9685
990609
993552
992020
992283
993396
990771
994580
991585
991103
990890
66
9734
990065
990064
990384
9138
992971
994102
993202
991255
994265
992233
993246
9215
993386
994666
991331
991414
993577
990859
990501
991037
994775
991179
992022
991404
993420
991938
9382
992394
990219
993178
990463
992092
993363
993999
994018
990298
9030
994850
991989
994047
991267
994930
993731
9871
992558
995008
992940
992908
993521
990430
993057
991796
993933
994765
990524
991006
990757
9183
993918
9297
9786
992249
992112
993320
991660
994634
990481
993657
993147
992698
991787
990428
991984
990293
990647
990279
9655
994919
9893
990039
992382
992720
992196
992025
992075
992363
9113
9476
991218
993460
990705
994003
990129
990404
994873
993162
992192
990545
994776
992739
994981
993035
993957
9648
992005
993250
993720
991857
991456
991508
993362
992952
9747
991349
994039
994049
994477
992847
9115
991110
990076
9853
9263
993826
991605
994240
9713
993124
994676
991673
990951
994462
991042
993730
990361
990770
9642
990947
992445
9256
994393
992359
991088
994912
991075
992521
994345
991297
9317
992288
9219
992275
992410
993477
991819
991376
990512
992705
992068
9419
990782
991325
994159
9746
9474
993133
9585
992584
993121
993293
9761
994074
9652
990991
994019
993749
991885
991629
990169
994622
992914
991740
993810
993399
993132
993444
993275
993168
994795
991810
992054
990601
991770
991525
993450
990949
993863
9703
991420
992327
9034
994694
9167
994702
993398
993763
990963
994925
992886
9078
992815
992561
994467
9557
992230
990120
991266
992203
992322
992316
990189
994366
992380
993752
991511
991301
994218
992789
991378
990587
991559
9878
993029
994351
991252
990154
992420
994715
990528
992711
994283
993777
991579
992257
993036
991844
993287
992412
994828
993840
993164
991947
9478
991337
994171
991305
994343
993360
992544
9485
993665
990514
991336
9380
991775
991494
990542
992127
994371
993149
993425
993903
990919
9323
990291
994168
993001
992548
992758
9758
994385
994096
993062
9305
993527
991476
992190
992675
993416
992960
9332
994407
994408
993038
9601
994996
994642
990595
994793
993664
992389
9817
991131
9330
994230
993682
9813
992896
991982
993596
992818
992328
994742
991635
992373
993480
994752
992841
991188
992524
9298
991207
992892
994012
993524
991016
992922
990932
9693
992171
990565
991340
992107
991905
994700
994358
991793
992418
994759
990936
991889
990285
994372
9351
992023
992333
992800
990850
992987
992994
992853
990818
991459
992413
993198
994287
992477
990967
9644
991352
994549
992085
990607
994465
994671
994686
991108
994630
9724
993429
994816
993797
994539
990894
990834
994125
993288
990062
994879
994072
991943
991160
9013
990562
991575
993569
994248
994764
993159
9800
990791
992893
992313
991211
990070
9248
992716
991941
992833
993874
992512
990690
993567
74
991025
992422
994815
990118
994548
992293
994558
992095
990555
9124
9750
990975
993266
991167
993175
990287
994999
9493
991170
991200
993673
991486
990092
991057
991640
993629
991540
992746
992877
992348
9524
993884
994589
9528
993418
990011
992077
994135
9150
990211
992655
994942
993232
993703
994962
992081
990831
992549
993712
9002
991391
9126
993136
994323
992835
9590
992792
991527
9580
994309
992580
991577
994092
991062
990000
992954
994614
992351
990374
993452
992096
991716
993060
994444
992034
993700
993750
993611
992122
9357
991907
990965
993931
993410
991183
993651
992161
993566
993314
992044
994628
991143
994600
994699
992266
991125
993099
9484
990780
993273
990898
990122
992051
9434
990193
992434
992250
991849
991398
994249
991969
994523
992713
992297
9220
994484
992695
993245
9806
992854
994948
990642
9659
992911
994862
9114
990790
992488
993788
9374
993646
991116
993327
994376
9710
991134
9632
990631
992291
990711
990750
993634
993483
990031
994158
992318
991515
994379
994262
992073
990621
990362
994572
991558
991145
993244
994803
991764
993069
993478
994081
993154
993823
990280
992632
993491
9241
992554
994681
992396
992387
993310
990853
991855
990386
994556
992331
992226
992887
994011
993736
991865
994624
991686
990739
990869
990101
993834
994915
990466
992484
994064
994448
994405
993234
991820
991960
993528
994146
991130
991531
994022
993319
992309
994633
992950
994015
994304
994055
990945
993475
990721
994192
994782
993020
990702
993163
992557
993793
994616
9567
994378
9442
993053
994835
993538
990826
9208
994438
9684
991845
993913
9553
993485
993123
993696
993283
993637
990741
993861
992186
9367
993742
994177
994396
992706
994565
991806
994193
992704
9867
992405
993839
9466
993342
992091
993937
991389
991892
993284
993885
993732
991692
9577
993578
990109
993790
9883
992636
994646
993719
990096
9354
991413
990704
9511
993439
991140
992156
994153
993440
991272
993218
990373
991067
994237
993535
992712
9236
993743
990664
993988
992086
993782
992697
994928
992974
993922
990473
993888
990420
50
9417
992011
9603
991557
993850
9023
993126
993581
992507
994069
991274
994025
991914
990338
994131
991732
990073
992295
991047
994453
9024
9451
994244
9673
991031
993584
990809
990668
994997
991197
9457
9816
992408
9020
9348
993890
992478
990632
991939
993791
994000
994745
992894
992150
992884
991387
992664
990816
993476
994938
990994
9582
990491
992425
990612
993542
993456
994350
992889
991685
994004
993786
9583
992784
991290
994753
993571
9737
9598
991964
991450
991714
990540
990574
992925
993064
990342
994032
993034
992429
992036
992397
994090
991805
9686
994555
990061
994506
991809
994740
992511
992069
9578
990502
993195
991766
994089
993771
991478
993134
992571
993518
991465
990586
991614
992465
9779
994504
990717
994040
990066
992421
992232
992881
993935
990924
990197
991462
993436
990399
992547
992828
993298
991277
992710
993594
993860
991395
994724
994415
993388
994924
9266
990296
990999
992858
994348
993783
990395
9388
9265
9411
88
994932
992605
994899
994751
994561
994673
991765
990777
991142
991201
991482
991469
990582
9143
991133
992067
9562
993762
994238
991448
994750
991846
991712
990181
991887
993056
994621
994895
991916
990732
994456
992366
990772
992234
993395
990851
993161
991353
993267
992519
9438
991377
992435
993041
994629
991926
9744
990683
992603
9606
993021
9887
9393
992436
993479
991890
993010
990615
992152
991373
994026
993803
994045
994521
992392
990763
9549
990407
994688
993421
992503
990715
993964
9166
990233
992701
992729
993607
9767
993413
993707
992280
992228
991639
9307
993759
991900
990131
9205
994373
994195
991175
994557
994657
990385
992121
990391
993587
993120
993499
993174
9453
991236
994545
992430
993108
993695
994161
993870
990185
993239
994127
992393
992980
992961
9352
992170
992273
993676
9118
9074
9400
9363
992501
994707
991780
992627
994392
994951
990234
990569
994167
994893
994656
994437
993806
990415
994439
9494
9543
993671
994719
991181
991362
993953
991226
991166
993560
991055
994084
993183
993219
993153
991444
994346
994829
992721
994357
990538
9460
993066
991374
9763
991127
993900
990278
994145
9565
992533
992218
994317
994861
990283
990033
990032
991073
992977
992414
992040
9833
994953
994800
991990
994451
993574
9173
993196
994817
993180
9431
991923
