991399
992157
994615
991617
992958
990758
9162
994399
992848
993747
994836
993978
9245
992323
9755
993321
9222
993829
9852
994612
85
990048
9525
9706
990438
991876
993008
994993
992211
990675
992932
993792
991911
992406
990043
991187
992682
992243
993393
993380
990217
991442
994950
994020
991169
992725
992973
992219
990786
994856
990522
991537
990665
9229
9185
991683
990345
991026
991229
993659
9242
991400
990992
990696
992543
992535
990720
993894
9441
993013
9620
992843
992433
9575
994252
992638
991209
993655
993561
9593
994786
990822
991368
994001
9716
990996
990229
994618
9116
990376
993835
994695
994547
9392
993745
992149
992553
991168
994152
992773
9343
992335
990685
9314
9882
9035
9670
993787
992816
994369
993182
993229
9120
993187
993050
991370
993369
992179
993616
990272
994591
9566
992839
990506
9794
9353
990778
991253
994298
990753
990844
991268
992860
992209
995005
994319
9529
991546
993030
990008
993794
992966
994365
994522
990357
994288
992846
992985
993223
993427
992866
994980
990312
992244
993610
990861
990551
992319
993945
990477
990179
68
993110
991443
994877
75
992923
993554
992735
991751
990651
994494
993998
991423
992241
990080
9592
9491
9416
990687
991223
992482
990091
992248
990981
992962
993051
993495
991379
993962
992849
9184
9635
994892
994390
993907
991795
992538
994511
992673
9279
990546
993775
994151
991120
994095
994664
994584
990532
994738
991928
990539
993364
9829
992653
990290
9672
994985
993105
993152
990969
9050
993662
994028
992128
991041
991589
992256
990223
990018
994413
9783
994904
991369
991613
993805
9841
993093
991993
991385
994650
990370
992942
991102
991366
990626
994741
991643
992272
993128
990141
990764
994271
994632
992007
994502
51
992568
993106
992794
990940
992101
993579
992702
994678
992132
9192
993598
990106
991027
993868
992654
992140
994682
992202
991953
993960
991731
991056
990149
9448
992646
991626
990979
9158
994401
990138
993191
993151
991797
993392
993473
990613
993344
10
991405
993842
991302
9463
9372
993559
992294
990864
993289
992909
993620
992286
993843
9401
990689
994277
9090
993211
994956
993897
994017
991783
994706
994967
990144
992251
9898
990252
84
990112
991593
994831
994207
993022
994279
990302
9715
991071
9728
994527
991372
993217
993343
9897
990258
9335
991675
991637
994419
990928
9770
990762
990002
992788
992742
993946
992724
991149
990712
992883
9366
992719
992953
9144
990783
53
992321
994571
9322
990019
994007
992573
991298
992873
990946
994264
990769
990205
9778
990773
993660
993766
991700
990025
992947
990273
991749
9081
993927
991342
991628
9179
994760
992292
990401
992976
994931
990153
993209
991583
992768
990590
992320
990451
992999
994242
990627
992029
991753
994142
991651
9163
992237
9776
992495
992386
993830
994986
992311
9093
991995
991513
9015
991410
993359
990063
991898
992867
993224
990600
990244
993653
991157
991199
991017
994978
991009
9088
994229
994436
994203
9387
993545
993846
993753
992970
993379
990167
9756
991759
993387
994772
992526
994194
994643
991992
993816
9831
990920
9596
992078
990845
990493
993326
994991
9667
993971
992473
991085
990650
991261
992822
990074
990265
994922
991186
993595
993389
990190
993799
990336
994387
990423
991974
993063
991275
992064
54
993002
990743
990191
991029
991848
9669
991446
992801
9486
994034
993970
992438
994581
994884
992757
991333
991879
992989
994016
993361
990163
994124
992652
992574
992910
9587
993097
993580
993982
990597
9483
990634
994667
992827
991524
992364
9418
993048
994422
992146
993701
9627
993942
994469
993770
991838
9217
994566
992796
9072
992819
992749
990224
993233
992649
9037
991668
991355
994205
991784
993451
992470
991572
993131
990264
993109
991148
994221
990986
990036
991822
992583
993096
993269
994006
993403
991189
990012
9334
9376
993194
992781
991946
991467
993548
992220
992110
994851
990916
990744
992143
992105
990974
994714
9193
992062
991658
994890
990452
992227
993593
994550
990414
994551
994946
994294
991609
994044
9628
993090
991097
994583
992874
994077
991920
9135
991245
994384
990107
9891
994231
993482
992918
990494
990381
993819
993406
993910
994063
994337
991228
992497
992332
991344
993290
991909
992099
994543
992141
990403
990186
993407
993125
993024
990875
992172
992330
990474
990284
993177
991975
9823
9039
994905
991757
994540
990260
992821
991412
990608
86
990902
994512
991028
993089
994796
990116
9340
990068
9324
992416
992000
990249
9257
993585
992443
990644
993844
994510
993040
994113
992621
994535
991339
993767
992491
991354
990749
993756
992943
62
9472
991283
994097
992805
992899
990355
990057
994941
994906
990533
994276
994560
991781
991214
990887
990896
994497
991463
992915
992795
993674
994868
993129
994508
994103
994395
994482
9848
990402
992454
993222
9621
992722
991072
993200
990483
990456
990282
994377
990084
994784
52
993980
9140
993257
994211
9325
991122
9102
993899
993007
994834
992231
991875
9886
990622
990168
992299
993909
994952
992039
992811
991213
991384
990444
991750
994359
993557
991304
994778
9564
990078
992300
992116
990811
993466
990611
992508
9634
993318
990100
9452
9383
990333
991121
990364
990088
991912
991936
991944
992600
9782
992635
990157
994259
992813
9727
9820
993543
993031
992734
991956
990123
990990
993572
991254
992502
9475
991066
992770
993941
993282
991210
9293
990161
993825
993100
993025
993640
992450
994871
993789
992780
994285
992555
990588
991343
992643
9199
994291
993227
9498
990759
9572
9798
9790
991421
990955
991232
993939
992326
990300
9604
992900
992472
994301
9287
993943
994975
9599
48
9112
994269
991633
994788
9539
9857
991728
9084
9415
9668
990775
994737
994488
9473
991092
990397
994727
991070
992097
992329
9788
993390
994867
990751
992338
9036
9174
993904
994658
9464
990130
992870
993492
9238
993516
9611
9808
9026
994492
991825
994338
994073
9700
990519
992823
9239
993912
9216
991541
992134
990725
990531
994777
993139
994328
993354
992160
9233
990289
990344
9849
993836
994027
991238
990734
992082
994046
994917
995007
9674
994428
991094
994065
991942
990346
991972
992493
992640
993135
992094
991665
990071
9076
990337
991744
994984
993330
9147
990180
990140
991296
993908
994138
990020
991332
9402
994955
990983
991918
9252
992492
9568
991997
991543
991458
994254
994486
990382
9760
990858
991043
992001
991551
991682
993465
993876
992063
990108
990929
994033
992707
990034
991604
993568
993708
990114
992700
991561
9291
992633
9502
994533
992539
992271
990629
994293
993137
990888
993215
9795
991234
994496
993448
992371
990930
992135
994655
994916
994274
992409
994083
990637
991702
993778
992863
993302
992381
992936
991501
9625
994663
994669
991416
991190
993146
991752
994191
993206
991452
992158
993828
993484
991991
9461
990714
9576
991608
993853
994503
993690
994160
992927
990271
9191
991567
994592
990943
9447
992628
991539
992340
993160
993895
993502
991432
990393
992235
993649
993457
993397
990227
991922
994644
991981
992014
991726
990294
990369
994513
990469
994990
990808
9705
994898
991258
992402
992525
9070
993997
993681
994066
992100
994537
993189
991988
994315
992869
990504
994903
991144
992645
993858
992791
994133
993517
994767
991522
994402
993722
993737
992362
993813
993292
991124
990485
990827
991930
992469
9429
994120
991150
994050
9131
9802
991739
991934
994112
9206
994966
991406
992983
992978
992066
991883
993166
990670
991666
993231
994101
993994
991426
990476
994603
993488
993059
990378
991935
990422
993112
990879
993254
992208
994705
993382
992016
991610
9061
9435
992301
9537
9264
992743
990441
993346
9046
993073
993039
992346
991246
991483
990045
992956
990548
994137
992267
994289
993325
994907
991968
994257
992979
993670
9130
992984
994564
994354
9381
993832
994180
9228
990363
990617
9122
992537
990700
992287
991472
993658
992356
9713
9347
994442
991455
992562
992446
991512
9661
9890
991424
991578
990558
990263
9139
992948
991221
991104
992888
9515
994770
991659
990852
991380
9855
990576
993809
9073
991184
9164
993541
991902
9772
991230
9194
9774
992723
994425
994173
990872
994940
992483
990854
991746
994421
992032
991622
990718
991957
9824
992198
992829
992052
992596
9826
990035
991830
990835
9344
994768
993071
990661
9717
992727
991371
993033
992253
994052
991948
990579
9780
9623
991769
9105
994219
990752
992771
991107
990051
9408
992602
9269
993052
993432
990366
991063
991249
991877
9006
9579
9000
995002
993422
9359
992050
992876
993186
991048
994500
9043
56
992126
992424
994794
993365
994165
9609
992968
993437
993324
990455
992345
993677
993356
992245
992310
9420
990097
994443
991738
993886
990754
992755
993546
994445
991971
991949
994994
993098
992087
994807
990557
994236
992199
990479
990371
9346
990416
994897
990580
994099
994213
990095
992563
9480
992972
9550
990343
993300
992517
993539
992194
9459
993733
993103
994424
991747
9160
993241
992459
994627
993087
990213
994711
9094
994977
993463
991242
9536
9571
992938
9504
994577
991404
994326
993496
990507
9421
994927
990895
991910
991641
9183
990918
991126
990976
992283
994321
994998
991263
992447
994687
990855
9696
994071
9333
992644
9302
992123
990893
992760
993893
9365
993355
991119
990219
994631
993006
993636
991718
9893
990740
9777
9646
9681
992917
993656
990040
991634
990911
994509
991156
993921
991606
990904
9047
87
994586
991428
9297
992284
994536
993291
992325
990354
991743
992945
990405
992363
991754
993443
991983
994018
994569
991899
993178
992400
992720
991786
9871
990496
994913
993757
994108
994806
994459
991938
994126
994620
990230
992971
991945
9138
994250
992167
992765
992692
992053
993256
992802
990598
994210
990288
994580
990609
990400
990246
992556
993271
994989
991704
992532
9200
992372
990958
990633
991477
993246
992471
992022
9003
992162
994780
990270
994265
992709
993570
991466
990495
991331
994774
993320
990170
993748
993933
992259
991255
992072
994732
991179
992394
994666
9685
990787
993202
992608
994559
993386
993699
990524
992195
993999
9698
993804
9428
9370
990298
990065
994102
992939
9785
991146
990825
991110
990859
990501
66
991006
994765
9548
993363
991679
994690
9215
993092
991585
990726
990076
993396
994049
990481
994775
992233
991103
994850
990428
990890
992092
993460
993420
992020
992520
990980
992112
991787
990757
993720
990647
994776
992382
994258
990463
990705
990384
9382
992449
991989
9030
993918
991796
993657
993035
993731
990064
9419
995008
992908
991984
994039
993162
992159
9746
991660
991857
990771
991735
991037
992445
990430
991042
9658
992359
9703
991376
9219
991740
991075
994534
993826
992698
990341
992708
991267
994477
993883
9317
991978
990782
992249
991414
991349
994047
992739
994634
994912
9476
991218
990293
993957
993521
9655
990129
992196
992521
993730
992584
991730
992025
991508
993399
9648
993577
9113
993147
9734
992558
993477
991456
9474
993132
992230
994919
993057
992005
991605
994981
994462
9853
990039
990770
993552
9585
991088
993250
991819
994467
9761
993133
990545
9256
9115
992847
9557
993124
994873
990512
991673
994715
992789
994828
9652
9263
992940
9878
990404
991629
992960
993362
990949
9034
994240
990601
994393
994676
990947
994795
992327
994003
990169
993810
992815
9380
994019
992410
992952
993293
992257
994012
992075
993749
9642
993444
992914
991297
993121
990279
993168
994702
991770
991378
992886
992705
9786
992322
994343
994159
992068
991420
994930
991579
991325
994371
991810
9478
9078
992203
990991
992288
992192
992333
990514
994345
993763
990542
991525
990951
9167
994366
991301
993287
991511
991885
992316
990919
991337
994925
993450
993275
993360
991476
993398
993001
993840
994168
992190
991947
9330
991266
992420
991305
991494
990120
991844
993682
990587
994642
992380
991336
993903
993524
994622
9813
990963
9747
993062
992389
992054
993752
992548
994694
990361
990189
993029
993164
993777
992275
992561
994096
992412
994074
991131
993038
992512
992711
994171
992477
992758
994218
993863
994793
9693
990285
9758
9323
991207
993596
992107
992413
994283
990528
9485
993664
990291
994372
992922
994996
990834
994630
991252
992841
991025
9817
994408
994407
9601
994742
990154
9332
991889
994248
992418
992877
993665
992524
993429
991775
992127
991559
990850
991635
991459
994125
993425
994385
992328
992171
991982
994358
994230
993527
993036
991793
9298
992853
994879
990936
992373
994752
991016
993480
994700
992987
992800
991340
994351
990818
992023
990932
9351
991160
991188
991211
992818
992544
990565
994686
994287
992675
994816
990690
992994
9305
9248
992085
994549
990967
993797
991905
993416
992833
992422
993159
994671
994072
990118
992892
990791
993288
991486
994589
991391
9724
994309
994465
993149
991941
994764
994558
993874
991540
993266
990070
990374
994614
992077
994815
994759
990894
994699
993136
993452
992549
991943
994999
994539
9124
991575
990287
993703
9528
9357
992348
992293
991640
991167
991108
990555
992313
990642
992896
9013
990011
992746
992954
993175
994092
9750
990595
993629
993567
990562
9493
990062
990831
9806
74
994135
990092
992122
9580
993673
992893
991907
9632
993569
9150
994323
992396
9644
990607
9800
990975
992095
994628
994444
993566
994249
992655
993931
993198
994011
990211
993712
994942
991716
993060
992044
991057
9710
994523
9126
994376
990362
991398
9002
991577
993611
992792
993418
994000
994600
993232
9524
991352
991527
992034
994548
992096
990965
993099
994948
993634
990000
993651
990193
994262
994379
991125
994962
990780
992351
993700
992051
990621
992291
9484
992266
992911
991170
991200
991116
992081
991849
993245
992835
994556
993319
991143
994158
9590
993750
993314
993069
993478
991183
992716
9220
992695
990031
993646
992580
992484
9241
994484
9374
9114
990898
992887
993788
993410
990790
991960
990750
993310
9208
9659
9434
992950
994405
991820
994081
992434
992854
991969
993884
992554
994055
992297
991062
991515
992073
993475
990122
992387
990853
992161
992488
990702
994378
992331
994146
994572
992226
994862
990739
993491
990711
990280
991145
993327
993823
991134
990101
992318
992557
993839
990631
991764
993020
991531
992309
992250
993736
994064
991686
994633
992713
993834
993053
994192
990741
993234
993483
993440
990869
991865
993528
994835
993283
994681
990466
9867
991558
993154
994624
994022
993342
990721
994304
993163
990945
990826
9684
994193
991130
991855
994448
994803
993273
992405
9567
993244
994782
9511
9466
994177
993485
991389
991845
993988
993888
993284
9442
992704
993742
993913
994015
993793
994646
9354
993696
993538
993123
993719
992091
994153
992632
990096
9673
990373
991413
994616
992156
9553
994915
992636
991892
992186
993218
991692
993637
990109
993732
991806
992706
990386
991557
992011
994438
992712
994565
9367
992697
993885
9348
994396
993861
993937
993535
991274
993578
993782
991067
993581
992150
993439
9883
992086
990664
993126
990704
993850
50
992664
992974
993743
994025
991047
9577
991272
991140
9236
991197
994131
994928
993791
993790
990612
990420
990816
9451
994069
993922
992889
994350
990994
992408
993584
991387
991732
994237
9024
992894
9417
9457
990491
9582
990473
991914
990809
990668
994938
990632
9603
994244
993542
994453
991939
9583
9023
992507
994032
994555
991031
992295
993786
9020
993476
994997
990073
994745
993034
994753
992036
993890
992784
991290
993064
994506
990338
9686
992884
990342
991714
9737
993456
991614
991809
994090
992478
992425
990540
993518
991450
991805
994004
990574
990502
991478
991964
9816
9598
990061
991685
992232
994740
9779
992069
990586
992571
992429
88
993571
993134
990717
994348
993594
992421
992828
991766
9578
990924
994899
994089
992397
994415
991482
993195
993436
993771
992465
991462
992925
994040
991465
992511
992710
993298
994504
992547
990197
990066
993783
993388
992858
993860
990999
9388
990399
9265
991395
990395
992881
9411
991277
9266
993762
994724
993935
990296
994924
994673
991765
991846
991469
9562
9143
991916
993161
991201
994750
994751
994932
990683
994561
991448
990777
992234
992605
992067
994238
991887
994456
991712
991142
990582
994621
9744
994895
991353
993395
990181
990732
993479
994629
990772
993021
990851
991133
993803
993267
990615
992701
990407
994045
994521
992603
992519
9887
990763
993056
9606
991890
9393
992503
9549
991926
992152
993421
9205
991373
991175
993707
990715
990233
993010
993964
993759
9307
994026
992392
993041
9438
991639
993607
992280
994557
991377
9767
994657
993587
993413
994195
992228
992366
992436
992729
994373
991900
9166
990385
992435
994688
992980
993120
990131
992121
993108
9453
993174
993499
992501
9352
992961
993870
994545
991236
990185
992393
993239
9074
990391
992430
9118
994167
992170
993695
9400
994127
991780
994707
992273
992627
994161
994392
991362
9363
990415
994951
990234
994437
993676
994719
991226
994893
990569
991166
994656
993671
9494
991181
994439
993806
993219
993153
994346
993953
9543
994829
990538
993183
991055
991444
993560
994357
992721
9565
994084
993066
9460
994317
994145
991374
993900
9763
991127
992533
992218
990278
990283
991073
992977
994861
990032
990033
994800
992040
992414
9833
991990
994451
994953
993574
993196
9173
994817
993180
9431
991923
