992947
993766
993209
990191
9778
994931
992227
993379
9756
992768
991513
991572
994905
990451
992867
990063
991157
993269
994714
992029
990773
990946
994986
993971
991759
991749
991583
994264
990769
991628
990167
991700
992470
9093
990205
991085
9667
993660
994643
993927
992311
990493
990273
9376
993653
991186
991410
992386
994772
992320
994194
992292
992649
991228
992495
991342
991524
990074
994978
991753
994203
993224
992583
994497
993096
993194
993545
990153
993970
993359
9179
992757
991995
993002
994387
993097
991017
994488
990025
994760
991651
994242
994991
990244
991946
992976
992526
993389
994229
9596
994124
991029
9163
992438
990597
991784
990590
994142
992819
9587
9831
990163
991838
994016
990600
993816
993770
990845
9776
990336
990036
991848
994294
994063
994884
9418
992801
990401
991355
990494
993109
993830
9088
992473
994221
993799
54
9669
994422
993753
992078
991446
991275
990634
992110
994436
991467
9387
9135
992796
994077
990650
991879
991936
994922
993942
992237
992989
994851
992910
991898
9081
991199
992999
994543
993361
991658
991261
992970
9334
990265
993177
991009
993406
992781
993048
991668
990627
992143
992652
993701
990744
991097
9483
992099
993063
992146
990452
990284
994113
993129
9627
991992
992827
990381
993131
994551
991344
990403
992443
990483
991333
991148
993326
9072
992874
992943
990974
993595
992491
990264
990186
992105
990249
991757
990224
86
992873
992749
993580
993031
992064
993585
990012
9217
993593
992574
991974
990533
994535
994566
991975
991412
993451
991935
990916
994205
993089
994469
991245
994581
994231
993557
994667
991072
994044
993982
990743
990107
993482
994259
9539
990057
990896
990608
991066
991609
992918
993548
993200
994796
9848
990190
992062
9486
993040
994337
991909
992822
990474
990749
9823
993233
993125
990414
994550
993387
9324
993756
990260
993257
990355
994583
993819
990986
992300
992332
990423
994512
991283
991339
992000
990887
994508
9039
9257
992364
991458
994510
9886
990168
994540
993844
990920
990902
991781
992141
991254
990622
994560
991920
992329
994395
991384
992299
9383
990116
991028
990644
990588
990725
993290
993407
992502
993909
9891
992821
9415
991944
994301
9628
9727
990084
9572
9325
9340
9037
990157
991956
62
991822
994906
994034
990456
990289
990300
990282
994890
9193
9820
993767
994097
990180
9634
994377
992805
992116
992927
990100
990078
991343
994211
992621
992416
991304
992600
991214
994784
994778
992497
990751
991189
993403
992823
990333
990045
994946
9808
994737
993543
991092
993778
992900
992330
993318
990068
991875
994777
9015
992899
993846
994384
993007
9102
990875
990088
992770
993939
994941
991354
994955
991912
991825
991121
991942
991750
9472
9782
992734
994952
993789
9599
992172
990943
991213
992956
9621
9147
993100
992160
992722
994868
991633
994285
990955
9498
990344
9674
991122
993941
992508
990990
993640
990759
9461
992472
993137
9788
9668
994328
994834
992870
992338
990397
990444
994276
990611
9700
994482
991543
992097
994359
991463
991070
993836
993910
9564
993024
990382
994727
9849
9475
9790
9502
993492
992811
994006
52
994658
992555
994103
990775
9473
992231
994492
994428
991997
993876
9568
994917
991232
994027
990123
993904
990364
9293
992780
992450
994033
9140
993354
990929
992795
991702
991934
994867
993090
994269
9238
992082
992936
993899
990108
993908
9199
990402
994533
990811
9604
992158
9447
994083
993943
991991
992643
9287
991094
9174
991604
990637
990114
993912
48
9076
992915
992454
992863
991501
992039
9036
990161
993484
994975
993572
990983
992813
994191
993674
991728
990271
9798
991452
994046
994663
994788
991238
9084
992983
993025
991918
9576
995007
992707
992409
990346
992326
991972
993568
992135
991421
992271
991726
990858
9216
991190
990020
993227
9452
990531
992700
994990
992633
994291
994073
993390
9239
990930
992493
994871
994101
9760
9857
994065
990140
991682
991043
991561
993302
992362
9252
994916
993282
993222
991665
990734
9402
994984
990071
994513
993828
992635
9611
994254
992492
9131
992381
992094
992539
9855
994066
993722
991922
992001
993215
991567
993160
9233
993330
992869
993825
9112
994160
993254
993189
990827
994138
991541
993737
994274
992134
994503
990034
994257
994496
993895
990227
991608
993206
9795
991752
993135
994655
993690
991296
990337
993457
9191
991981
993997
991744
991416
992340
994767
990294
990393
994592
993231
9802
9625
9464
991957
994112
992537
993980
994537
994644
993649
992014
990808
9381
991234
990714
9194
993325
993397
992063
992791
991659
9705
993139
994898
994293
992645
993382
993146
992371
991930
9070
991610
993346
992979
992402
991144
992743
991877
991210
990130
991739
991988
991332
994669
990476
994577
9774
992525
993813
994289
990629
994966
992235
9026
992469
993516
994338
991455
9347
993853
992346
991551
991104
993681
994180
993292
992066
991883
9435
993832
992356
993466
991184
990369
9291
990485
990469
994315
990422
990718
990519
991512
991432
994907
9105
9890
9264
9130
991426
994486
990700
9661
991221
993488
990879
991246
993546
9206
992640
992208
993677
9515
993708
993465
990617
994133
991666
993809
9046
994770
9061
992100
9228
991539
991406
993994
994564
990670
993517
992126
994421
990888
991948
990213
992948
994402
991380
993033
992628
990504
990558
994120
9550
9623
992596
992829
994050
994137
9824
994794
991048
992301
992978
993073
990263
9713
994705
991483
991150
992562
990378
9537
9408
994425
9429
992287
992087
990754
993039
991126
9164
993356
994768
994903
992723
991746
993502
993658
993541
990752
993496
990548
990479
990661
992198
9344
990872
991522
991258
991063
9122
991371
990854
9043
992267
994631
993052
994173
990441
990835
994165
993300
9073
991949
993448
990904
992050
992459
994603
992563
9346
991249
990363
991578
990576
994459
994998
993432
990040
993437
992727
9006
990343
991747
990035
994442
991968
991230
994500
993921
9000
995002
993858
992032
9609
991107
992972
990579
9094
991769
992283
9365
992253
990852
992372
992345
993112
990455
990051
991641
993365
992602
992771
992556
993166
992199
991622
992755
994326
993059
993355
9420
993186
991971
991830
994994
992245
9139
992708
994927
992310
993670
993656
990416
991786
9047
9480
9269
994443
993733
56
9160
994940
994445
992760
992876
990219
994099
9579
990557
993539
993246
991983
992424
993098
992888
991902
992984
9826
991743
994711
990371
993241
990976
990855
993071
990895
992016
9536
993463
992968
990095
9696
9459
994213
994509
992162
990598
993636
990918
992483
992052
991472
993103
991119
990366
993324
994321
990609
9333
9777
990097
993570
9297
991910
992325
994424
992644
991404
9646
994071
990580
994774
994807
994627
990354
990246
990495
990893
991754
994052
990726
9780
9359
993893
9681
994687
992720
991718
990507
993757
990787
993006
9504
993271
990270
9717
992471
994108
994897
991978
9428
994989
990980
991477
993422
992400
9893
994219
9302
992765
9772
990405
994977
9685
994250
992938
993443
990496
992220
992917
993291
992709
9138
991634
9785
991606
991738
990633
990825
990230
991255
993087
991730
9200
994586
992692
994620
9571
992194
992945
991424
993386
992971
994536
992446
991679
991179
991331
994236
992284
991466
994534
994258
994354
993886
990859
990890
994913
87
992517
992363
991124
994102
994780
990298
993999
993748
993699
9548
991156
992053
9183
990958
994806
991938
993804
992123
993396
992802
991263
994126
9698
991899
994690
66
994559
991146
994049
991857
992020
991787
990911
994047
992608
992092
9871
993883
990481
990170
992449
991218
992447
992520
993035
994265
991984
9003
992532
990288
991428
993147
992233
9658
990400
992939
990076
990039
991945
991006
992394
991037
991376
993178
993092
992195
993460
991242
990771
994210
9030
994775
990740
994732
993731
992698
9786
990341
992025
991103
991735
991075
993363
991740
994666
992075
994018
990524
990428
993256
992445
993320
992167
991660
994580
9419
993933
991349
994776
9734
991704
992359
992908
993720
991673
9115
994039
993730
993202
9421
993521
9648
993552
991810
993133
9853
993918
992022
993657
994850
994569
991796
990705
9476
991819
995008
9642
993957
990647
991414
990782
990463
992940
991585
994765
992112
992249
990757
991267
992521
9746
9215
990065
994919
990512
993250
991508
994715
994159
992584
991989
990951
992159
994930
993124
990293
9317
992005
994467
993420
991110
990064
9382
993162
990947
9370
990501
9585
990129
9747
994019
991456
9474
9219
990384
992259
994676
993863
993399
993057
992068
994012
9557
992847
994694
994873
992192
993826
992333
992382
992558
994477
994702
993477
991297
9652
992275
9761
994622
9703
990949
992705
994240
991042
994828
9034
991088
990169
994925
992420
992960
993132
991605
994351
9256
9113
9167
994003
994981
990770
992914
994912
990279
993810
990514
991325
992257
991525
994343
992196
990542
992322
992288
993293
992327
992952
990404
993749
991770
994345
993752
990991
992230
991511
9655
9878
991629
993444
993577
9380
990963
991844
990430
992316
992561
992412
990545
991885
993275
994371
9078
994462
9263
992815
994795
993168
994634
991337
991947
991266
993398
992548
994366
992544
990189
991559
992203
993360
991476
990919
994393
993029
994248
990361
994630
990120
993450
993840
993121
992410
994218
9351
9813
992739
994074
992190
992389
994752
990936
991301
990291
993665
992789
991305
993149
991336
993362
993777
994283
9248
993164
990601
9305
992054
991378
992171
9332
994372
994168
994793
992512
993763
992922
991160
9601
9298
993198
992886
992127
990154
994171
992107
992413
992328
994230
993038
993036
990587
991982
993001
993524
9323
993287
9478
990850
994642
994759
992892
991131
990834
992994
992072
992800
990285
992675
992818
994407
994408
993425
990528
991775
993682
991420
991025
991494
9758
991579
993062
9330
993903
994096
992987
993480
990118
991167
992380
992085
994309
994742
990690
990932
992711
994072
992418
991575
9693
991941
991889
992077
991207
992758
994996
993136
993429
990894
74
992896
994385
993416
994549
990374
991486
993874
991016
994815
992716
993797
993596
991211
992313
9528
9724
992524
993288
992893
992477
994358
991391
992841
992877
9013
991108
993266
9493
9485
994816
990595
9817
994999
994558
990967
992833
991540
994879
991635
994465
992853
992422
994287
991252
9750
990062
994700
991340
990211
994000
992549
991459
993418
994092
991200
991170
994614
993159
991352
991905
994764
990607
991188
992373
993664
994323
9580
990011
990791
9710
9644
994011
991143
990642
993569
994686
9800
994249
993566
993452
990555
993060
991793
994942
990287
992348
992835
9357
994444
994548
992746
990565
994628
991062
9659
992023
990790
9806
993527
990070
993478
990975
991849
9590
992954
993703
990831
991640
991057
993175
991943
9524
994081
994962
993700
990031
994523
993232
990965
991527
993712
992293
990562
9484
9220
9124
993673
990193
993410
994589
992396
9002
991125
992351
992034
992434
994699
994600
992266
9434
991907
990621
994125
994671
992081
993629
994948
993611
991398
9126
993931
991116
990750
990631
990362
991716
994539
993245
993567
992655
993069
9632
992792
993884
993483
992297
994376
9114
993750
990000
991820
9150
993646
990898
992161
993823
991183
9374
992044
991969
992318
993283
992096
992713
990780
993310
992122
994624
990092
993327
992911
992695
991577
993788
990818
994055
991865
992580
992291
994262
994379
994681
992250
990739
992226
994782
992095
992073
994064
993099
992488
994484
9241
993696
993651
994862
994158
992854
993234
993314
992557
994135
994405
993020
992309
993154
991134
990122
991515
992387
993834
991686
993319
993273
991558
993742
990702
994556
993736
992051
990711
991764
990386
993440
991855
990466
991845
9208
9567
991960
9442
992632
990101
993634
992887
991531
994448
993528
992484
994646
993053
990945
993475
990280
992554
993244
991892
993719
992331
994835
993839
9553
990826
993342
993284
994177
990869
992950
994572
991130
9684
994304
9511
990741
994616
994438
994378
994193
994396
994192
993163
992186
994146
993888
991389
993439
991140
993988
991692
994565
994803
991145
993937
993491
992405
993861
9348
992704
993793
990721
994015
990704
990664
992156
994915
9673
993885
990853
994022
9354
9867
992086
991557
994025
992697
991274
9466
990373
993578
993485
9367
993535
993538
993637
990096
992091
9577
991806
993123
991197
993791
990109
992974
993732
9883
990420
991067
992706
50
993743
994633
992150
993790
994237
993782
992712
991413
993126
9582
994453
990073
992664
994350
994069
992011
990632
992408
9024
990473
991272
9417
991290
993850
990994
994153
994997
990668
993542
993786
994032
991031
9236
994244
991914
991939
991387
991614
993581
991732
993218
991964
9686
991047
990612
9020
994555
991450
993584
990574
994938
9451
992295
994004
990809
991685
994131
994928
990816
993571
992636
992894
9457
9603
990491
992889
993922
9023
990342
993913
994745
992478
991805
993890
994753
992036
993518
992429
993034
992425
990338
992571
991809
9779
994740
992421
993476
992507
9737
990586
992925
992232
9598
9578
992069
994415
9583
994348
991465
992784
994089
9816
994040
994090
992884
992397
9388
990717
992828
990540
991478
994506
991766
992511
990197
993134
993298
990924
993860
991462
994924
991469
9266
993456
993064
992547
9265
990502
990061
993783
990296
991714
993436
992858
994932
992465
88
993771
990395
994899
990999
993935
993594
994724
993195
991277
993388
9562
994673
991482
992710
9411
994504
991395
992881
994750
991765
991133
990399
990066
992234
994621
994238
992067
994561
993161
991712
990777
991916
992366
9143
990181
993021
994629
990732
991201
990615
991142
9744
993762
990683
992603
991846
990582
992605
9393
991448
992436
993056
9606
994045
990772
994751
993041
992435
994456
9887
992701
991175
993395
9205
993803
994521
992519
991887
994895
992503
993010
9549
990851
9307
993607
991890
994026
9166
992152
990763
993267
9438
992392
993413
994688
992228
991377
993759
992729
994557
990385
993707
9453
990233
990407
993964
991926
9767
990715
993108
994657
991353
993479
994195
991373
993587
991639
993499
992121
991900
990131
993120
993174
994373
991236
9352
993421
992961
992980
992501
992280
990391
9074
994127
993239
994545
993870
992273
9363
990234
992430
9118
992627
993695
994707
993676
990185
992393
994161
9400
991780
994167
994392
994719
991362
990569
994437
990415
992170
993671
994951
993806
991166
994656
991444
994829
993953
994439
994357
991226
991181
993560
9494
994346
9543
994893
993066
990538
993183
991055
993153
993219
992721
9565
9763
9460
990278
992533
994084
992218
994145
994317
993900
991374
991127
990033
994861
992977
990283
991073
990032
992040
991990
994800
9833
992414
994451
994953
993196
993574
9173
994817
993180
991923
9431
