992220
993910
994006
993222
993674
994868
993024
9621
992722
9036
990955
9473
992231
992915
990364
994276
9611
994269
9026
9174
9674
9498
993282
993090
52
993980
993227
990519
991094
9452
991122
992472
993943
993466
9147
992450
991728
991232
990811
9293
991934
992508
994834
992635
993825
990929
990775
992780
990402
994428
993836
9564
990161
991918
993137
994482
991463
990444
9239
994359
992811
9668
994727
9216
9475
994101
993941
991633
994492
991543
994658
994103
991604
993899
991665
990382
993876
992795
9112
990531
990930
48
9798
992338
990734
993640
994975
994293
991070
992094
992135
990337
990759
994990
9502
993025
992409
992097
992493
990123
992870
991702
992160
9252
990611
993484
992936
991452
992643
9199
9140
992863
994328
994533
994027
992039
992813
990271
991567
9287
991296
993100
992707
992134
993904
994966
992492
994073
990990
993708
9700
990858
990397
991332
9076
993390
990071
9857
992633
994788
991501
994917
9447
993649
9790
9461
994867
991238
9238
994033
994285
993382
9084
993912
994065
994291
992158
991421
994663
992271
994138
994254
9291
990034
991972
992700
993572
990227
993492
991981
992537
990108
994338
991541
993568
994984
994871
9849
993546
992983
990983
991682
993457
990140
992555
9402
991551
992082
991190
9604
991744
993908
990637
995007
991561
994191
993354
990369
992956
9802
994486
992326
990114
994916
9788
994644
991043
993302
994274
993215
990130
993330
990827
990344
994046
992340
9233
993206
993135
994496
994083
994655
992454
992381
9705
993231
991991
9576
993828
991957
9568
990469
991726
991752
9131
994112
992628
993166
9795
991608
994257
993994
992014
992869
990441
994513
992371
991210
991997
991104
992539
992235
993112
991930
993722
9855
9464
992063
994592
993690
991432
990714
991739
990808
990879
990346
993189
9625
9070
993448
992301
9264
992100
991659
990548
993681
993397
990629
994503
993997
994537
993813
994289
993139
992362
993160
991234
993073
994903
993832
991922
993292
993517
990504
9537
991150
994133
994770
993146
993346
9061
992001
990617
992469
994160
994050
9760
990485
990294
992743
991380
994180
994669
9105
990422
991184
993853
990476
991988
992346
990213
993502
992402
991124
9191
993737
993895
991426
9130
9206
994219
994066
992948
991883
992066
991978
990393
992645
994603
990888
992602
9122
990718
9429
991610
992287
991230
992979
994315
9347
9515
993059
994173
993300
9194
9046
993488
990558
991406
991246
991424
994421
9381
9435
992791
993677
991416
993809
993658
990378
994898
991144
993254
992267
990020
991769
991455
991221
9550
994767
992596
991539
991578
992525
992208
991483
993541
991949
991258
990854
994137
9344
990095
992198
991968
9164
991948
994577
993365
990343
993437
990752
991472
994768
994907
992446
991522
993465
991902
9579
992563
990598
993098
990097
993052
9713
993039
992050
990670
990700
993422
991107
994564
994402
991371
992984
992424
992356
9420
991877
9269
990455
9228
991063
993858
991754
990263
994705
992829
994509
990835
990872
9609
990479
994794
992126
993496
9780
9365
991746
990754
992283
9824
992888
993325
990852
991249
994442
9890
994425
994897
992052
992972
991048
9661
994120
993516
993033
991126
990035
994998
992978
995002
9772
994994
993087
993921
9333
992245
992727
991786
992032
994445
9536
9160
992723
992016
992640
990557
9623
9006
990661
990366
990040
9000
9774
991622
993241
991830
9139
993670
992644
992162
993355
994052
994250
992483
992345
990576
993636
9408
992199
991404
9073
991666
9047
992459
992760
993186
991512
993324
56
992562
9043
991738
990371
992471
994459
992072
9359
991679
993886
992123
990363
992310
994631
992755
992876
991983
9346
994099
991641
991477
992968
993463
992771
990219
990580
990416
990270
993246
992517
992938
993271
993071
992708
991179
992945
9094
990246
994711
994443
9003
994774
990895
991899
991119
994424
9459
9200
992372
993432
994536
993733
993656
990787
9696
991743
9893
991718
994213
994071
994354
990051
993893
994732
993006
992971
9138
9480
990958
990904
994102
994977
994500
991730
993103
993570
994687
990495
994326
9785
9646
991331
994580
992253
9504
994569
992765
993356
994108
994321
9571
994806
990918
994620
991156
9717
994165
994258
9826
9428
994627
990405
990354
994807
990893
992087
9777
993147
991414
994586
991971
992720
992556
990298
991910
992194
990170
990230
993539
993657
9871
990976
992692
9698
990609
994940
994534
994559
990507
992400
9370
990633
994210
990579
990911
991006
9302
991634
992284
993386
992532
991242
992195
994989
990980
991938
991466
994265
991255
992917
993291
990855
992939
991146
990481
87
990496
994236
992802
992167
993443
994018
990726
994927
992325
990288
991735
992233
991787
992394
992159
992363
9421
992608
991945
992449
990771
991747
993720
993748
992709
991110
993883
990384
990293
9685
993730
994049
993521
990501
9681
993999
995008
993933
994780
9183
991989
993804
991376
992698
991984
990859
990076
9548
9746
991267
993460
994930
990341
9297
991428
992020
993256
992914
990524
992447
990825
993035
991740
993552
992908
991263
9219
993918
994765
990039
994690
9030
992092
994913
992445
994039
9747
9215
994775
991349
994126
990430
990065
994467
9115
993250
990890
991508
990757
992112
992053
993320
990647
993092
9317
991660
994850
991075
993202
993826
993699
990951
991037
991585
990428
992584
991819
991606
990463
992847
990400
994666
992192
993132
992940
993577
991796
994003
992259
992382
9658
9256
991103
990514
992075
9734
993178
9655
9853
993275
990545
990740
992230
991704
991857
990169
993124
994828
9476
992249
991673
993477
990064
994047
994873
993162
994019
991456
9786
994702
992022
993363
993420
992410
9648
9585
993731
990782
9034
994919
9557
66
992789
992558
9167
990279
993957
990949
994393
991337
992068
990947
9419
994012
9474
994715
994477
990129
991297
9113
993810
9263
994159
993133
992952
990512
994462
993863
991042
992521
993396
994074
9878
992005
993062
994981
992025
990361
992359
993444
994622
994795
991305
990705
994634
994345
994371
9652
9380
992327
990404
992196
990991
992275
993749
991810
991885
994676
991218
992705
991325
991088
992288
993057
992561
9382
991266
992886
992127
9761
9078
993360
992420
993399
991844
994240
992520
994752
994351
992512
991336
994776
9813
9642
991476
991525
990154
992257
990542
994366
994694
991559
993752
993362
992316
990528
992739
991579
994925
992322
9601
991947
991131
992389
992815
9703
991605
991378
993777
993398
993763
990587
993450
994343
993682
993001
991770
992203
993149
992107
990919
9298
991301
990770
992548
9332
992675
9485
992711
994230
993168
990963
993840
992054
992333
994912
993121
992171
991629
992960
992412
994168
994283
992190
992877
994372
993425
994759
994385
993038
991511
990291
994171
994218
993293
992413
991207
993903
9305
994793
992922
74
994642
994996
991775
990936
990690
991160
9248
9817
993416
990189
993029
992800
994879
993596
994742
992716
992841
9351
990120
993164
9478
994407
994408
992544
994700
993629
990285
993480
991459
994309
9758
994630
991252
994072
993175
991494
991420
992328
992994
993797
991905
993665
992085
991982
990932
9323
994248
990565
990118
990595
990834
993036
991025
991108
992896
993288
993198
992524
994999
994358
991340
9330
993429
991889
991486
990894
991016
9693
990850
991211
991635
994465
994549
991352
992758
992313
991167
990967
991391
990601
994287
992853
9357
994125
993060
993664
992987
990211
992477
990062
992818
993673
994816
994699
992549
990011
993527
991200
991170
994815
990791
993287
992380
993700
994589
993569
992422
9013
992418
992833
9493
994539
994671
9124
9724
993524
991575
9750
993266
990607
993566
992892
994614
993757
9580
9524
994764
992580
993452
993874
994686
994558
9710
994323
9800
992373
9806
991941
992266
993410
994000
994092
994096
990374
994011
9220
990070
991188
990555
9002
990642
993159
991793
992023
994942
9528
991943
993418
991143
992835
992911
991062
9644
992077
993884
992746
990975
990562
993567
9484
992348
9150
992293
991515
993712
991183
993750
991057
991125
993136
991640
990362
992396
991540
991716
992351
992434
992044
992122
994548
993931
992034
993611
994862
994948
994523
990831
993703
994962
9434
993634
993232
990965
992073
994081
990287
992695
990092
990818
990898
993273
9632
992051
994135
992655
993483
992161
994628
992096
990621
994249
991969
993651
994600
993314
990750
992250
991116
9241
9659
990031
992954
992081
9126
993327
993788
991398
991558
992792
993154
993310
991527
992291
994444
990711
991849
9374
990780
994158
992226
994262
994379
990000
990826
990790
991907
993478
992893
992297
992632
992095
990631
994484
994556
9114
993736
991820
992854
990193
9553
993823
991134
990386
991577
993099
991686
992488
994624
993234
994055
990280
991865
993696
992331
993283
991855
992309
990122
994193
993245
9567
990741
994064
990853
992950
992557
994782
993491
993069
9442
991960
990869
993528
994177
994835
993742
992387
994146
994803
993475
9590
992318
992484
990101
9208
990466
993244
990945
993163
993319
991531
994681
992713
991764
992887
993719
9466
992156
990739
991845
992091
994405
994376
993834
993053
991892
9684
993646
994565
993485
991130
994378
993839
994396
991145
994572
990721
9673
994438
993440
993538
991389
993020
992086
993937
9354
993342
991557
994192
991692
990109
993913
992405
9883
992186
992706
993888
994304
992554
9867
993793
994646
990702
993284
9511
993988
994015
990373
990664
993535
992704
990704
994633
992974
992636
991197
994022
994616
994237
994915
50
991806
991140
991413
9367
991067
994448
992697
991031
9417
993885
993790
991274
992011
993637
993126
9577
993123
993439
991387
9348
990096
994025
9686
994997
994153
9582
991272
991732
994069
994350
993743
992150
990668
9024
993791
992894
993578
993782
993732
9236
993581
993861
993218
990342
993850
994453
990809
992295
992664
991964
990073
990632
990612
992478
9023
992889
992712
991914
993034
990420
9603
990574
9020
991047
993786
990473
993542
9451
992925
994745
9737
991939
991290
991614
990338
991450
991685
993584
994928
9598
992507
992571
992425
992408
994090
993922
991805
990502
994131
990491
994740
993134
990586
994004
992397
994753
994938
993890
994348
992232
9457
992036
991714
994244
993476
9388
992069
991809
9583
992511
993571
9578
990061
993518
994089
9816
991478
992429
994506
992784
993771
993456
992884
990816
990994
990197
994415
991277
994032
990540
994040
990717
992421
993860
992710
9411
993935
990395
991462
9779
990066
992465
991766
992828
993436
993298
88
994932
990999
990296
993388
994899
993783
990399
991465
993195
992881
9266
994504
994924
993064
991469
991201
991395
994238
994673
991765
994724
9562
990924
9265
994751
992605
9143
991846
992547
990772
991482
994555
990582
993594
992858
994456
993161
990777
9744
991142
994561
990732
992234
991916
992436
994750
992067
9606
993762
993056
990615
990181
992603
993803
991887
994045
993021
991448
991133
991712
992435
992519
9887
9393
990851
992366
991926
991175
990407
994629
993479
991377
994621
994895
990683
991353
994026
993041
992503
993759
9205
993395
992392
993707
992701
992152
9307
9549
993267
9438
993964
991373
9767
992729
991890
9166
990763
994688
9453
990233
993607
993421
993108
994657
994557
993010
990715
992280
994521
991900
990385
992980
991639
994373
991236
992228
993499
994195
993120
993413
990131
993587
992121
9352
993239
992961
994127
993174
990185
992501
992430
994545
994707
9074
993870
992627
9118
990391
992273
992393
9400
9363
993695
990234
994161
993676
991780
994167
994392
994439
994437
994719
991362
992170
994893
991166
990415
993806
991444
993560
991181
9543
993671
994951
993953
990569
991226
994656
990538
9494
993153
994829
994357
993183
994084
9460
993219
991055
993066
994346
992721
991374
990278
993900
992533
9763
994317
991127
9565
994145
992218
990283
994861
992977
990033
991073
990032
992414
992040
9833
991990
994800
994953
993574
994451
9173
993196
994817
993180
9431
991923
