992640
994354
992978
990852
994442
9043
9890
993670
995002
991048
991666
9536
9408
993325
994425
991242
9824
9774
993496
993516
9661
994120
9359
990661
990579
990035
9006
992372
993071
9623
994994
56
993241
991249
991746
990754
992245
990416
992199
9139
9826
992938
9504
993186
991477
991738
992483
992755
992345
9717
992532
991899
994631
994052
994500
992723
992517
994424
993636
993921
990354
994897
992052
9772
9480
9346
994998
990976
9047
992032
994445
992972
992727
993886
992968
990051
9696
992016
994213
994108
992123
991512
991622
991718
992771
992644
9459
993656
994711
994165
992945
993432
9646
994536
994326
992556
990366
992283
9073
990363
994250
9777
991786
990904
990371
991404
993356
992087
994443
994940
9333
992876
994569
992162
992471
990496
992459
992253
991119
990219
993246
990958
994459
993733
992400
991743
87
992760
993463
991971
991983
9160
994586
993757
993324
992708
990609
994321
991641
994774
9200
990580
994236
994977
993539
990246
994071
9871
9000
991331
990557
994687
994018
993103
991179
990576
9780
991156
994807
991126
994732
990895
9421
9893
990040
992939
990787
994102
9428
994806
993006
993291
9571
9365
990740
993087
992325
9003
9685
992310
994627
992802
991730
992053
994099
992284
990270
991747
994265
991830
990893
993893
990495
9094
992167
9681
990918
994989
9785
990400
991414
993271
992692
993999
990230
991938
992917
991910
994620
992562
992159
993443
992447
992608
993570
990288
992449
992971
994559
992709
991679
993355
992720
991634
992765
994580
992194
9698
994258
994210
990825
992908
991466
990341
990405
990633
9215
994930
992520
9302
990855
9183
992072
990757
992233
991146
991735
993386
990980
991606
993720
990911
991984
993256
994927
990726
992363
990507
993460
993033
992888
990064
993552
994039
990430
990771
991110
994049
9297
993092
992394
993883
990524
994534
993748
9734
992075
990293
9138
990890
995008
993731
994047
990647
994780
9658
993035
990428
993178
992249
993396
990501
991255
990170
990298
991263
991787
993699
993918
991945
994666
992020
991989
990859
990463
9030
994913
991267
994690
991006
993320
991673
993420
9786
994126
9219
9370
994775
993202
992112
990782
991740
991042
994467
993147
991428
993826
991660
993132
991376
992359
992195
992698
993933
990076
991349
993363
993957
993804
994477
991585
990481
991796
9317
9548
994850
990169
990705
994765
993521
9034
992584
990384
990065
991037
991857
9655
993577
9382
994873
9747
993657
9115
991508
990039
992914
992382
9648
992092
992445
9256
991103
991819
992259
994919
992558
993250
991885
991297
993133
994462
992025
994240
993124
991704
994003
993730
994676
9746
992257
994019
990545
66
993863
992739
9476
992192
994159
993477
992410
991456
992022
992068
9853
9380
994776
990512
992705
991947
990129
993162
9263
992322
992420
9078
992789
9652
990947
994393
9761
991378
993810
991218
9113
994012
994795
994702
991336
991337
9557
994715
994371
992940
993399
994634
992847
994345
994912
991325
992275
990991
992521
990514
9419
990949
991420
993425
993450
992203
994828
991770
990404
991810
992960
993752
991844
9642
993057
994622
991579
9585
994981
991088
992005
993121
992316
993062
992561
990279
993275
991131
992952
9878
993749
992815
9474
994074
992230
994925
992196
990601
991605
994230
990542
994343
993362
992544
993777
993763
992412
991075
993444
991301
993293
993168
990361
991305
994366
992512
991266
9167
990528
993682
992127
994793
994694
990587
992288
990951
993840
993164
990770
992886
994759
993001
993360
991629
992054
991559
993029
994168
990919
992818
990291
9703
994385
992327
992548
991476
990189
994096
990595
994351
990154
992389
991207
993398
992333
991525
994218
992841
992380
9813
993149
990120
991775
994407
994408
9323
992524
9305
994996
993038
9601
992107
993036
994700
993416
993665
992922
991982
990285
990936
992994
994752
991494
992413
993287
994642
990690
993527
9758
994248
994742
994283
992190
992077
9478
992758
74
992328
994372
993797
9485
992085
993596
994287
9351
992171
992477
993480
991016
991905
991167
991889
991025
994549
9298
992800
992853
993524
991108
990932
991211
994815
992675
990565
990850
993175
994309
9693
991575
994125
994072
9124
992987
990967
990374
994092
994879
992711
9817
991635
9493
994323
994686
994614
991160
990791
990894
991511
9330
990834
990118
990963
994171
992896
991340
9332
991352
994671
9800
994816
991459
990011
993673
991252
9528
992716
993159
9750
994999
992422
990818
990555
993664
992833
9724
994465
993198
991188
991540
993266
992348
992892
990092
994358
993429
994558
9484
9580
990562
991941
9357
9248
991943
990062
993884
992655
992418
991486
992893
994764
992373
992549
993569
994539
991143
990070
9710
990211
993566
9644
993567
991200
991170
992746
991391
994249
9524
991057
993700
991793
993060
993452
993418
993703
992580
9002
993712
994962
993874
993136
9150
990607
991907
994523
990831
991640
994444
993288
994548
992073
991183
994630
994942
992911
994379
994262
992293
992313
992835
993410
994699
991577
990965
993314
991515
991125
991716
994948
992877
993651
993903
993931
993788
994556
993634
993629
994011
992081
992351
992396
990287
992954
990362
990898
994484
9126
992034
993646
993099
9114
994135
9434
990642
992051
991960
993327
990000
992488
993245
9241
991849
992023
991116
994081
994628
993483
990869
992695
994589
9013
994000
992095
992122
993232
992792
992096
9220
993273
992854
991865
994146
9374
9590
9632
990631
990780
992250
991398
990193
993611
993154
992044
992434
993750
992950
994600
991134
991062
992291
992161
994862
990031
992484
9806
9659
990280
992713
993069
991820
992266
994782
992887
990621
994158
994376
993319
992632
993834
990975
990853
991558
993053
990711
993823
994064
993244
990750
991145
991527
993283
991531
993310
993234
9208
992226
9553
993020
992318
990826
994055
994192
991845
990122
992387
990790
994193
992297
994803
993736
993475
991686
994681
992331
991969
992557
994378
990741
990739
993342
993491
990945
9567
990101
993485
990386
992704
993440
993528
992554
994405
994835
994396
992091
994304
994448
993163
992309
992156
994015
993478
994565
994616
994624
990466
994633
993839
993742
9466
993696
992186
9442
991130
990721
992405
990109
994572
9684
994646
990373
991764
991389
9867
994177
991892
993284
991557
990702
993913
993126
993861
9673
9354
994438
9883
992697
991140
990096
991855
992706
993218
993888
994915
993937
9511
993535
993793
993578
993538
991413
992636
992011
990473
993790
9367
993743
994237
993123
991031
994022
9577
990704
991197
993850
994350
992086
993885
993719
994025
993637
991692
992150
991272
991732
992974
990420
990664
993782
993732
994153
994069
991274
991614
9236
990668
994131
991067
993439
992408
994928
992712
992894
993988
994453
993581
9417
990342
990491
9583
993922
9451
991806
992889
992478
990612
9603
993034
991914
990994
990073
990809
993786
50
991714
994244
991450
993890
994997
992664
991685
992507
9348
9020
991939
993542
991290
991047
9024
994740
990632
991387
994004
992884
994032
990502
994555
990816
994506
993791
990338
992425
991805
992571
9023
994090
992925
992784
990574
994745
990061
992232
992295
994753
992511
993134
992397
994938
992036
993518
993571
991809
991964
9737
992429
992069
9598
9457
9582
9686
992421
990197
990540
991462
992465
9816
994089
990586
9578
993456
993860
993388
993476
993064
993195
992881
994348
993584
9266
994932
990717
9411
993298
991465
992828
994899
991277
991482
994415
991766
9779
990066
993935
993436
993783
993771
990395
990999
994724
990924
991469
88
990399
992858
993594
990296
9265
991478
994924
992710
993161
991846
994751
9388
994504
992547
994673
991765
991142
991201
991395
994561
994040
9562
994750
994238
9143
991133
993762
990772
992366
992067
990777
990683
9606
991448
993021
991712
990615
994456
992605
9744
991887
993056
9887
990732
993479
992234
991916
994521
990582
990407
994895
990851
994026
991353
990233
993041
994045
991926
990763
992435
993803
992603
9205
993395
994629
993267
994621
990181
992519
992701
992436
993010
9549
992392
993964
992729
9393
9307
9166
991890
991377
992152
991175
992503
994557
992280
9767
993707
992228
9438
993413
994657
994373
993759
994688
993587
993499
990385
991900
990715
9453
993607
993108
990131
991639
993421
993120
994127
991236
992121
991373
994195
993174
990185
993870
990391
9118
993239
994545
992393
992961
992980
9352
992430
992501
9400
9363
9074
993676
992170
993695
994167
994707
994161
992627
991780
994437
992273
994392
994719
994439
993806
990234
994951
990569
991362
994656
994893
991226
9494
991181
993560
993183
991166
993953
9543
994357
993219
991444
994346
993671
990415
993153
994084
994829
990538
991055
993066
992721
9460
9763
991127
991374
990278
9565
994317
992218
992533
994145
993900
992977
990283
994861
990033
992040
990032
9833
991990
994953
994800
992414
991073
994451
993574
9173
993196
994817
993180
9431
991923
