994336
32
993301
993586
25
994339
38
994812
994848
31
994886
993713
994798
994466
992206
991798
993679
993117
994182
993624
9315
9573
39
992201
994734
994175
991870
18
992505
993156
994878
37
994814
29
992748
994123
992753
36
9356
11
994847
990695
993824
46
990309
990460
33
994606
994960
992506
9488
9157
993710
994662
992587
23
27
20
03
40
9378
994811
993984
994446
994880
994819
992986
993977
993626
994051
994075
991481
992282
990311
993084
993277
01
992681
43
24
16
991490
992679
991623
990543
992176
994531
02
993947
994363
993213
990614
991310
35
22
47
04
19
990785
990067
13
992669
991489
993715
993428
994332
990510
993270
990568
991315
9389
05
992463
993652
991271
9508
992935
07
993622
992718
994070
993170
993725
12
994783
990079
45
991556
991320
992399
30
993498
991812
992398
991970
990799
991117
990995
991488
990885
994813
9547
990322
992111
991756
9342
991694
990688
990014
990094
08
993602
991015
990319
994450
991778
992452
992599
994130
990367
990103
990526
991573
991111
990228
994818
991801
990200
993599
992178
990957
991334
991159
992864
9212
994268
994605
994805
990667
991083
994433
993588
990306
992620
992042
993454
994356
994887
994273
994717
992680
993601
993376
9467
992647
992581
991288
992441
9057
993046
993865
994661
994246
992368
06
14
00
990332
993088
993337
992467
990482
9834
992663
9181
993768
994824
991599
993400
994220
991308
9021
990276
9169
9223
993940
992540
9742
994516
9538
993537
994149
990676
990421
990323
990461
993944
991098
990677
994908
990162
992342
990492
993115
992225
9368
9364
991998
991842
992151
991396
993726
990933
9016
993299
9311
990468
994554
991913
991965
993519
991896
990383
9449
990133
990649
994223
9190
991278
994518
994846
990988
992861
990505
993401
994808
994881
9455
992850
991248
992224
992509
990135
992336
992163
992376
993303
991001
994352
993091
990317
991519
991602
991813
991872
990047
992578
9048
990137
994976
990602
992147
993683
992027
990567
990442
990674
993987
992862
992623
990723
73
990761
992560
993592
993258
994227
994528
9662
994128
992787
991562
992690
9010
991265
991937
990340
21
993854
991136
991762
9854
993604
991565
9310
992566
990147
993199
991761
992185
992307
990277
992358
994823
993948
990274
991800
9856
991307
991312
28
992444
992809
990497
9196
992529
990419
991065
990389
991688
990054
995004
990823
991180
994849
994472
41
992865
990824
9586
990774
990839
990573
990196
9752
992317
994731
991129
993817
9512
9225
992222
991655
990698
993311
9177
993102
9556
991868
992565
991530
990672
9188
991758
991093
991064
9679
992589
993045
992817
993268
990901
9045
994185
994360
991582
993717
992677
993012
992650
9843
992071
09
990308
990206
991850
9653
990742
992579
994143
993306
992084
990795
990236
991309
993891
992240
992541
993487
990746
9306
993113
990803
993169
990310
993929
9733
991616
993104
991594
990201
993704
993366
992043
15
9465
990175
990016
991293
990017
990805
994222
994226
9398
990605
993373
994821
991802
9499
991860
990155
990387
994479
992845
990956
993043
993600
990797
994810
993405
994964
990525
992460
994689
990009
991624
990679
994712
992182
990886
991600
993709
993143
990307
990174
990643
990682
991193
9895
994841
993740
991285
991434
991313
990671
990199
994375
991319
9876
991299
991560
994725
990304
994480
9759
990657
992937
994792
992177
992006
992585
994397
9811
990235
9666
990800
994186
992924
991595
991289
993531
993259
991176
994607
993983
992744
990324
992153
992631
994844
992919
994971
994762
9683
990694
994010
9544
990212
993378
42
994860
990801
991311
993623
994111
994361
992305
993815
994292
9845
991279
990842
994797
991451
9792
990077
993383
994452
993101
991908
990425
993993
991891
993508
994197
994432
9060
992461
993694
992496
990971
992481
993140
994085
991619
994590
991019
9819
992648
994080
994427
992117
992513
990139
994840
991171
993989
994721
994789
991147
9022
993018
991013
992360
9633
992242
991135
992384
994215
990655
994335
994716
994119
992733
991014
992959
990241
994224
990819
994701
9771
992668
9440
991528
9481
993802
990722
992388
992306
993614
71
991351
991808
991084
991951
993563
993307
990900
991811
9784
9793
992365
991330
992223
992926
992426
993615
9096
9552
990903
993308
993606
991779
993881
991867
992453
994078
992276
993263
993632
994225
994429
993902
991636
991566
992622
993898
990529
991300
992717
992314
994139
994802
9835
991433
990889
992946
993474
990261
991580
993503
992630
990446
991814
992601
990585
991581
9894
994174
993507
992403
992367
9099
991535
9840
994024
994212
994411
991360
26
993917
990923
9851
993821
992660
990056
994290
59
994524
994107
993445
992138
990499
994822
990152
990489
990892
991005
9019
990779
993047
990439
991445
993435
991095
992688
990873
991967
994476
9260
9497
991316
9049
991742
993114
992588
994430
991534
9804
991338
994758
990194
991542
9594
991574
9211
994281
9630
994587
992593
991873
991081
990727
990511
992017
992048
992015
992514
991262
992427
990471
994166
993627
991422
991318
992181
9308
991361
993237
990899
992570
994820
992448
9437
991827
992229
990125
993142
993116
990710
992595
993171
990164
9040
9501
993358
991358
9712
992254
994364
994935
990254
9424
993054
993122
9303
9638
992183
44
9300
993643
992102
990146
993951
992916
991587
990883
9294
994961
990868
994858
991493
990915
990914
993714
991689
990134
992215
9753
9329
992361
994187
993118
994314
9129
992090
994021
990024
990498
991363
992659
9714
9349
990178
992173
9176
993058
990713
9531
990709
990673
994825
990055
993755
992957
994117
9108
993015
992951
9482
994530
991270
990874
9080
992611
9155
993597
991584
993016
993668
990443
990465
9836
990625
991986
990248
991621
994929
991722
990297
993336
9397
991893
990104
991040
993575
994729
994475
993019
990638
993954
994748
991161
990110
991090
9232
992354
993236
991178
992905
990426
993220
993415
992992
994091
990697
9051
9869
994843
991833
993323
991841
992375
991105
9535
992798
994968
991100
990394
992464
992079
994790
990575
993744
994593
991295
990251
9827
990117
991576
990388
991856
993920
991906
991520
992174
990747
991059
994659
9186
994720
992904
9614
993176
992298
991517
9107
991491
9237
9720
992891
990830
990087
990171
990654
994058
990326
991497
991851
9641
9608
992591
9629
994754
993613
9254
990583
9796
994370
993769
9721
991564
991163
990662
990447
994685
992139
991510
992522
991711
993145
994542
993221
991240
994347
9768
990645
990127
991429
992657
994440
991835
993625
992369
994485
990941
994553
992390
993212
990788
990085
9860
993260
991068
992576
994573
994132
994129
994574
990202
993481
992038
991871
990209
993188
990984
990328
994735
993322
992370
9613
991118
993409
991002
9450
9506
990372
9757
990814
992586
990910
993141
994005
990881
993648
9261
991895
990730
992901
991717
994053
994305
991826
9722
991852
992838
991823
994546
990173
990115
993278
993333
9688
9581
993776
991915
994208
9589
993350
58
994668
992262
993447
993459
992238
993315
992439
9278
9551
990417
991509
993411
994943
992281
9775
994869
994278
992812
991586
994031
992852
991099
994082
9731
991794
993692
991204
994176
9033
9270
9301
990475
994781
9058
992031
993798
990862
991492
994038
9899
993044
993741
9518
9815
991235
9132
992339
991250
991237
993534
991473
9872
9187
992582
990997
991281
991244
994608
990733
9558
992024
994809
9403
993550
990356
9422
990516
994885
9877
991227
990513
34
993158
990049
990691
994766
992639
990480
9799
992998
991023
990314
990977
67
9657
9218
992797
9739
9691
9087
991328
990796
993402
991364
993255
994037
991294
992969
994882
991052
993150
994490
992803
994567
9154
990022
991638
994079
9821
991220
992844
994876
992678
993375
993430
994076
993352
993181
991963
991789
990766
9153
991973
994156
991612
990007
990810
994791
993127
993784
9103
991980
9637
993992
990934
990315
994324
9281
994576
994520
990813
992089
991449
9862
991687
991155
9373
991791
992061
990128
994889
992807
9689
994121
991447
994697
9741
9866
990926
9226
990329
993590
991415
993949
990821
992731
991259
990318
991701
991790
992383
990352
9505
9879
9456
994228
994538
994272
994106
9797
991206
993509
994969
991198
993351
991247
994933
992662
993286
992124
9283
993486
991038
990390
9375
992661
994854
992832
990006
992592
9803
990684
990812
9197
9172
9018
991003
993042
992352
990165
9246
992868
990987
993675
9110
991962
9885
990724
991684
992207
9290
994300
990564
990210
9318
991771
9735
993086
994575
994141
9082
9881
994483
992012
991241
992689
991286
9384
994296
992670
9540
994170
994110
992269
991164
990559
9490
994181
9017
992825
993979
9850
994838
990962
991563
990666
994648
991523
9151
993857
993493
993965
994626
993083
991499
9399
991314
991383
990906
994023
990503
990331
994972
992836
9446
994909
992065
992699
9554
9709
990303
994602
993859
990841
994118
992401
9149
992528
9765
993532
9170
993666
992485
992341
993023
990706
990177
993950
994529
994311
994723
994041
9358
992840
994888
994183
993525
9313
9201
992214
993807
9812
991317
9432
994499
993818
994692
992164
993608
994008
991382
994202
9719
992290
993967
991544
994388
992737
991976
9062
992103
991603
9645
993111
991322
993603
994855
990953
992830
9708
992466
9519
994412
993952
993345
994468
9083
991529
990484
991977
9870
992037
993976
992890
991115
9379
991007
990013
990030
991693
9145
9726
9125
991818
990748
991869
993880
991824
990884
992315
9159
990970
990320
993261
993628
990351
993065
991987
9259
994105
992239
991708
992205
9321
990993
9492
9495
990658
991030
990256
994649
991710
994062
9560
991707
991441
9749
990937
993253
992437
993338
994957
994189
993621
990789
994449
990182
993693
990604
9676
991427
991533
9406
991152
993009
994474
9764
991966
992658
994636
994263
994974
995006
994515
992810
49
994042
992921
992155
9198
994209
992003
9656
9462
991715
992247
990111
994845
994739
990470
9077
9863
991994
994505
991832
9066
992814
990454
992726
994333
992456
990060
9275
992462
990593
993119
9766
994541
990878
9244
993208
993609
994029
990132
990745
992258
991698
995000
991590
994579
992626
994394
991162
992527
994199
991500
993706
992598
992913
991303
993433
990954
9789
993551
990939
991625
9626
990321
993985
991815
992997
990648
991630
9286
994481
990353
991725
990183
9175
991182
994434
993866
991051
990857
994563
991961
991367
992349
994416
9546
994708
993078
991645
994870
990240
991390
992851
992546
994902
9341
992515
992982
990238
991618
991402
993981
991903
992350
992184
83
9839
9801
994874
991532
994785
993075
993172
994109
994995
9095
993975
994060
992213
9063
990245
9830
992002
9098
991671
994979
992374
994115
65
993639
993969
992120
990093
991706
991437
990728
990222
993795
992826
994970
991079
990863
9443
993958
992476
991012
990411
990589
991792
994478
990156
994464
9743
55
990459
992618
994381
991569
991713
990938
990377
994640
993107
994866
9137
992423
993173
993678
994585
9470
991734
992357
993723
990942
991931
990486
993915
994595
990678
9230
994691
992255
994936
993190
991691
993214
991239
994068
992761
992577
991996
9255
993565
990295
990427
990488
994417
994675
993686
9729
993633
992564
991831
992046
9075
991243
990105
9168
992114
994949
9319
993635
993926
993878
994341
80
994709
992878
992265
994036
991224
994552
994507
994216
994654
994493
64
990305
992775
993889
9555
994014
993689
17
994625
990042
992567
994489
993252
994217
990838
9533
9517
994896
993687
992651
992691
991411
9496
991555
991326
992665
993449
991225
994009
993235
992687
991664
994779
993424
993240
992175
990833
992104
993772
9618
992656
990584
9510
992745
9204
992752
994613
9171
993467
993555
990010
994982
990408
9195
990150
994954
990840
990563
991106
990865
992487
9031
993591
994306
994307
994349
993515
991078
993067
991291
993157
990225
994883
991080
992782
994842
992119
9079
9371
990817
991924
992468
990121
993685
994190
9600
992165
990081
993144
993764
992933
991191
993851
992930
60
994410
993489
9665
992964
993340
991681
990409
993005
991588
990719
992740
990776
994340
990681
992057
991141
991386
993341
991620
993618
992619
990961
993032
9146
9503
993698
990041
990973
992474
993000
992404
993442
990172
992667
992990
990623
9619
990413
990098
990849
994525
993276
9089
990922
990145
991925
991696
9682
994270
994163
992736
991032
990798
9677
991782
992882
992188
994114
991194
990126
993167
994532
993414
991000
994368
992125
990237
991897
991745
990028
994342
992353
993272
994362
9011
9754
990075
57
994651
991257
991662
994383
994635
9605
993251
991862
992928
991571
9427
993530
991901
9156
992641
991020
9274
991011
9277
991498
990603
991287
9864
991356
9477
9337
994178
993312
992609
993702
994303
990891
990846
990523
9730
990641
994704
992991
994406
992764
991570
990828
991216
993727
991723
990005
990535
994988
991598
9395
991036
991256
9694
9814
993785
990847
9134
991327
993081
991195
992590
9292
991505
990216
990628
992676
993831
994756
993684
9069
992774
993061
994232
994241
993892
992236
990547
990592
991884
992129
990913
991475
9810
993847
994140
990701
993780
990998
994282
993371
994578
992312
992058
990368
9012
991357
994447
994260
994169
994134
991611
990160
990692
9258
992776
993536
994086
993650
993735
9832
993540
81
994267
994672
991954
9345
994147
991719
993765
993914
990985
993901
9807
990478
990646
991408
9413
992696
993576
990464
990003
9288
990099
994703
994266
994116
991837
990143
9723
9624
993095
9889
993617
990330
993372
992523
993739
991074
9285
9762
994859
993796
991061
9059
991514
990458
991192
990578
9086
992996
991703
991151
990960
994164
994098
992187
994839
9214
992455
9100
9751
992831
992180
992274
9042
992498
991177
992191
89
991854
992308
9243
994609
9007
992060
993631
993959
991502
990871
9570
9299
9516
994150
991863
992049
994865
994048
993838
994639
994344
993027
991381
992624
992189
992379
9391
994441
992088
9247
991699
992763
990406
992666
992516
9262
9597
990046
991139
990083
991419
9327
991069
990050
9892
990286
992674
990716
9182
992246
9221
992995
990184
991690
991397
9534
991955
990325
992683
994312
993165
990515
994501
990334
990560
992059
990113
990909
993800
992324
990215
991804
993905
990359
991112
992614
990794
9847
990989
991615
990804
990429
9649
993754
990781
994382
9838
9123
994409
994645
990392
994755
994327
994680
990639
9563
991888
991341
990053
993148
993963
993990
991388
993264
994431
992607
9425
993274
993070
994206
991755
9468
991647
9101
993248
992613
993661
9029
994652
994637
993470
990848
9521
994308
993304
992494
990731
994253
990313
993871
9209
991858
992004
992981
993225
992536
994454
992411
992934
993494
991554
994804
991657
992510
992671
993462
991644
9121
993932
993281
991656
990652
990449
9338
9295
994710
993801
990327
991273
992056
991039
990255
990239
991677
9861
993869
994087
992642
991999
991035
990159
992625
991392
994148
990707
991720
991817
992261
9692
992872
990069
9697
9660
9412
992221
9044
992278
991521
993079
991553
992504
990437
990905
991697
992610
9809
9699
990360
991329
992431
9520
9846
9469
994696
990917
992270
993367
994059
994665
9526
9240
991667
992728
994461
991292
990837
992820
994619
9276
993644
992732
993385
990082
9874
991680
991222
9267
9071
990537
990424
991440
994958
990972
9607
992777
994457
9842
991233
992204
990448
993074
993589
992790
994487
994698
9272
990815
9527
9640
991132
992055
993974
990660
990037
77
990453
994247
991282
992772
991821
9284
993691
994670
993329
993242
9678
991018
993130
9369
993558
9615
990693
993408
991260
994604
994736
994918
992804
991082
991217
990166
994747
990214
990756
994601
991880
991549
990556
9664
993556
993808
990959
992303
994965
993305
994056
994647
993511
991375
990151
994002
9444
990571
993827
993864
9133
9781
990765
991417
991545
9038
990509
990912
990867
9509
994389
992897
993867
994200
991202
9426
9409
993004
9104
9595
992750
994374
993718
992941
994284
990530
990349
9052
992931
992263
991208
990275
992880
994498
994426
990316
993210
993207
993453
991650
993812
990490
9825
990880
991470
991807
992759
991231
993724
990044
991568
990242
993642
9097
9405
9414
994570
993085
9695
991418
993295
994826
992028
993294
991403
991158
991046
994154
993729
992475
990802
991646
990635
993654
994853
993991
994463
991828
992041
994030
9458
991785
993417
992842
991464
991054
990220
992606
991306
991438
9165
9271
70
993347
991430
991335
990755
993721
993197
991024
993374
994713
991033
993564
994544
991678
993973
991460
994035
994380
993077
991904
990630
9584
990659
993716
990618
9304
993238
993822
992200
991859
990820
992569
992552
9896
992499
993746
994597
9805
990148
992834
990594
9312
992806
993820
994299
993094
993911
991526
990882
994435
9009
9055
992142
990445
990090
9873
994987
992130
992432
9189
993779
992137
990221
992377
993751
992391
990412
994743
990570
994901
990620
9404
991649
9423
994286
991959
992617
993011
9561
992458
991670
990187
991077
9355
993760
994771
990572
992572
993711
9041
992093
990208
990566
990176
9152
992197
993334
79
994891
990738
9054
992500
992113
993419
994610
992083
69
993082
9631
990396
990968
992902
9390
990527
994638
9671
992686
991049
990072
990549
991004
991834
994963
9711
9224
991979
991480
992637
994316
9725
993471
9148
992975
994599
992559
990806
990431
994944
991137
990856
994588
9687
993630
991321
9523
9680
994398
990004
991034
993955
991836
9085
990680
994623
994329
990023
993353
994155
994184
9141
993583
993513
994973
994926
992264
9745
991089
992785
991653
9738
994674
992428
991439
991196
991393
993529
992260
994367
991788
9001
991652
994562
993037
990554
991347
993426
994726
993669
992859
9328
63
993916
991847
990226
992857
994653
993201
990450
993647
990029
992115
994519
990365
9210
994391
9880
9433
9740
991661
990259
994910
993848
991552
9117
992168
9636
991663
990793
991958
990243
992106
994920
991894
991487
9489
990052
9610
991485
992534
9142
993377
994730
991803
991394
990518
993510
990207
992855
9787
994900
9844
993612
9396
994641
991435
9487
9213
993553
993961
994491
9702
991768
994234
991733
9111
992080
993431
993968
992575
994787
992766
9180
994471
994526
9067
991886
991076
992166
993638
992490
992685
9616
9865
993072
991453
992879
993873
993357
993544
992756
991507
990192
994094
990577
990640
9053
991864
991114
992550
9207
994353
992193
994310
990792
994660
9027
993845
992144
9128
9748
993667
990982
994420
991091
994837
990358
992010
993381
992395
991154
993734
990610
992019
992895
990736
991548
992778
994875
9542
993028
994596
993547
990735
992026
991736
991705
9500
990398
993204
991109
994403
9888
990457
992098
991215
993349
990299
994733
994718
994914
992762
990870
991058
990521
992035
9064
993228
995009
9410
994582
9032
991401
993179
990653
993003
990250
994852
993582
9336
993497
991882
9092
991648
993781
994827
990432
994945
993986
990436
990966
993523
993490
9704
993313
993368
992347
990267
991919
993877
990198
990001
9574
992783
993249
993049
994122
992967
9541
991050
990158
993296
994334
992944
990636
994947
993184
993348
994911
991596
994179
993533
994414
994677
991495
991461
9250
991471
992597
9530
9407
994054
991772
993641
9513
993896
993619
993995
990948
990663
992703
994325
992378
990541
990656
992148
994355
993833
991799
991773
992747
993934
992531
992145
9203
9675
991631
991219
990508
994514
992875
992837
992030
9280
990925
990301
993856
9868
993138
990472
991021
9249
990218
990729
992296
9136
994458
993875
993936
993468
990908
82
992793
9663
9161
992786
993919
993423
9028
991839
990907
993506
990231
991359
9320
991741
994233
9639
993243
990026
9268
991346
992108
992302
995001
990203
993924
994297
990550
990944
992906
994864
9875
990380
992457
994728
990552
994061
9331
990500
992334
991709
992594
993328
992769
994235
9588
994204
990027
991748
991737
992912
993076
992136
990335
993331
992109
993966
990266
991479
993849
992741
992907
990935
991695
993811
993155
994243
992451
991878
990737
991284
993882
9273
9065
991843
9718
991185
993923
993185
9008
990596
994473
990257
990462
994088
990784
990616
992289
991425
991777
990440
9445
991676
993906
991929
993026
9736
993370
9202
990686
993339
993192
9362
994320
9701
993297
994256
993520
994470
993837
994239
991053
994255
992285
991496
991767
991829
991985
991504
991632
991431
9436
990768
994983
9471
993226
990434
994386
991933
994934
992480
992021
992714
993441
992634
993573
993469
9858
995003
9707
9791
993501
990379
991101
994330
990767
9507
991538
990836
991345
991205
992963
992518
991212
993526
993972
992442
9235
994939
991654
990599
994617
994214
992210
991484
990268
994057
992018
992304
992131
993017
993455
993855
990253
994744
991950
992856
994162
9532
991547
9690
994517
991591
992417
994769
992694
994757
9454
991172
991060
993316
994495
991927
993738
994261
991727
991010
994280
9818
9178
994245
991592
990247
993203
994196
994799
992629
993672
9361
990089
993472
990927
991627
994992
994749
992988
991044
991550
991607
990281
990829
994423
9106
992133
991045
990059
992693
993925
990606
994773
990708
992672
992033
994684
9545
991866
990760
993728
9091
992715
993774
9479
994460
993862
992779
991113
990347
9109
993309
990699
991468
990866
990624
990517
990102
9282
991323
993247
992808
994313
994801
990669
9859
990433
9732
9773
992955
991138
9350
993996
994722
994568
993605
994679
994198
994144
991861
991324
994172
9289
9650
994598
992885
993852
991601
994763
78
994937
994251
992754
993317
993461
990978
990897
990876
992216
993055
992545
61
9559
990136
992419
992415
991917
994201
994857
990807
994418
993814
991774
993938
9377
990964
992993
9251
994188
993434
990232
993404
991251
9227
992440
992616
993663
992929
9360
990204
994318
9056
994863
992385
994832
9602
993193
993680
991763
993014
9326
994275
990877
994400
72
992268
990860
991264
992169
992279
994761
994833
993458
990262
993280
992277
9612
992118
994093
993841
9234
9005
991940
76
994894
990350
991853
992344
994157
993068
9569
994923
9296
990124
9430
994959
993080
991008
993391
991087
9522
991776
992730
993956
994746
990832
991165
993412
992076
993887
9253
9651
9828
993438
990418
993504
992479
991203
990015
9617
994693
994295
991436
992355
994404
990119
993705
993332
991350
9231
991952
992824
991674
990435
991348
991123
990553
993758
993514
9014
990544
9884
990348
990467
994100
993645
991642
990581
991506
992337
993285
991409
9622
9643
991503
991407
9769
992070
992407
990188
991365
993262
993773
994104
993464
990021
990086
990703
990292
993500
992343
990269
992871
992008
993279
991153
994136
992738
990950
991840
990487
990339
9439
994067
994594
993230
994683
990619
993505
990952
994043
994921
991173
9385
992751
994455
990843
992217
990058
993872
993879
991128
991721
991518
992767
992045
993688
993394
9127
991881
993265
991724
991516
990142
993512
990534
992799
990561
9068
993928
9316
992252
990038
990410
993522
992949
991536
990195
9591
993930
992612
991086
991454
990375
994830
9004
991457
991669
9647
992212
992898
993216
991874
992009
993384
993697
992615
992486
993761
990931
991729
991921
991932
993335
9837
993562
991174
992604
990921
993549
992903
992551
992684
991269
990536
9119
992920
994322
9309
991816
9654
993446
991280
992965
991597
992542
990520
994013
9025
992489
992074
991276
994331
992530
994872
993205
992013
994302
991760
9386
990591
991474
991022
9514
991672
9339
9394
991096
9822
992047
994611
992154
991399
992157
994615
991617
992958
990758
9162
994399
992848
993747
994836
993978
9245
992323
9755
993321
9222
993829
9852
994612
85
990048
9525
9706
990438
991876
993008
994993
992211
990675
992932
993792
991911
992406
990043
991187
992682
992243
993393
993380
990217
991442
994950
994020
991169
992725
992973
992219
990786
994856
990522
991537
990665
9229
9185
991683
990345
991026
991229
993659
9242
991400
990992
990696
992543
992535
990720
993894
9441
993013
9620
992843
992433
9575
994252
992638
991209
993655
993561
9593
994786
990822
991368
994001
9716
990996
990229
994618
9116
990376
993835
994695
994547
9392
993745
992149
992553
991168
994152
992773
9343
992335
990685
9314
9882
9035
9670
993787
992816
994369
993182
993229
9120
993187
993050
991370
993369
992179
993616
990272
994591
9566
992839
990506
9794
9353
990778
991253
994298
990753
990844
991268
992860
992209
995005
994319
9529
991546
993030
990008
993794
992966
994365
994522
990357
994288
992846
992985
993223
993427
992866
994980
990312
992244
993610
990861
990551
992319
993945
990477
990179
68
993110
991443
994877
75
992923
993554
992735
991751
990651
994494
993998
991423
992241
990080
9592
9491
9416
990687
991223
992482
990091
992248
990981
992962
993051
993495
991379
993962
992849
9184
9635
994892
994390
993907
991795
992538
994511
992673
9279
990546
993775
994151
991120
994095
994664
994584
990532
994738
991928
990539
993364
9829
992653
990290
9672
994985
993105
993152
990969
9050
993662
994028
992128
991041
991589
992256
990223
990018
994413
9783
994904
991369
991613
993805
9841
993093
991993
991385
994650
990370
992942
991102
991366
990626
994741
991643
992272
993128
990141
990764
994271
994632
992007
994502
51
992568
993106
992794
990940
992101
993579
992702
994678
992132
9192
993598
990106
991027
993868
992654
992140
994682
992202
991953
993960
991731
991056
990149
9448
992646
991626
990979
9158
994401
990138
993191
993151
991797
993392
993473
990613
993344
10
991405
993842
991302
9463
9372
993559
992294
990864
993289
992909
993620
992286
993843
9401
990689
994277
9090
993211
994956
993897
994017
991783
994706
994967
990144
992251
9898
990252
84
990112
991593
994831
994207
993022
994279
990302
9715
991071
9728
994527
991372
993217
993343
9897
990258
9335
991675
991637
994419
990928
9770
990762
990002
992788
992742
993946
992724
991149
990712
992883
9366
992719
992953
9144
990783
53
992321
994571
9322
990019
994007
992573
991298
992947
993766
993209
990191
9778
994931
992227
993379
9756
992768
991513
991572
994905
990451
992867
990063
991157
993269
994714
992029
990773
990946
994986
993971
991759
991749
991583
994264
990769
991628
990167
991700
992470
9093
990205
991085
9667
993660
994643
993927
992311
990493
990273
9376
993653
991186
991410
992386
994772
992320
994194
992292
992649
991228
992495
991342
991524
990074
994978
991753
994203
993224
992583
994497
993096
993194
993545
990153
993970
993359
9179
992757
991995
993002
994387
993097
991017
994488
990025
994760
991651
994242
994991
990244
991946
992976
992526
993389
994229
9596
994124
991029
9163
992438
990597
991784
990590
994142
992819
9587
9831
990163
991838
994016
990600
993816
993770
990845
9776
990336
990036
991848
994294
994063
994884
9418
992801
990401
991355
990494
993109
993830
9088
992473
994221
993799
54
9669
994422
993753
992078
991446
991275
990634
992110
994436
991467
9387
9135
992796
994077
990650
991879
991936
994922
993942
992237
992989
994851
992910
991898
9081
991199
992999
994543
993361
991658
991261
992970
9334
990265
993177
991009
993406
992781
993048
991668
990627
992143
992652
993701
990744
991097
9483
992099
993063
992146
990452
990284
994113
993129
9627
991992
992827
990381
993131
994551
991344
990403
992443
990483
991333
991148
993326
9072
992874
992943
990974
993595
992491
990264
990186
992105
990249
991757
990224
86
992873
992749
993580
993031
992064
993585
990012
9217
993593
992574
991974
990533
994535
994566
991975
991412
993451
991935
990916
994205
993089
994469
991245
994581
994231
993557
994667
991072
994044
993982
990743
990107
993482
994259
9539
990057
990896
990608
991066
991609
992918
993548
993200
994796
9848
990190
992062
9486
993040
994337
991909
992822
990474
990749
9823
993233
993125
990414
994550
993387
9324
993756
990260
993257
990355
994583
993819
990986
992300
992332
990423
994512
991283
991339
992000
990887
994508
9039
9257
992364
991458
994510
9886
990168
994540
993844
990920
990902
991781
992141
991254
990622
994560
991920
992329
994395
991384
992299
9383
990116
991028
990644
990588
990725
993290
993407
992502
993909
9891
992821
9415
991944
994301
9628
9727
990084
9572
9325
9340
9037
990157
991956
62
991822
994906
994034
990456
990289
990300
990282
994890
9193
9820
993767
994097
990180
9634
994377
992805
992116
992927
990100
990078
991343
994211
992621
992416
991304
992600
991214
994784
994778
992497
990751
991189
993403
992823
990333
990045
994946
9808
994737
993543
991092
993778
992900
992330
993318
990068
991875
994777
9015
992899
993846
994384
993007
9102
990875
990088
992770
993939
994941
991354
994955
991912
991825
991121
991942
991750
9472
9782
992734
994952
993789
9599
992172
990943
991213
992220
993910
994006
993222
993674
994868
993024
9621
992722
9036
990955
9473
992231
992915
990364
994276
9611
994269
9026
9174
9674
9498
993282
993090
52
993980
993227
990519
991094
9452
991122
992472
993943
993466
9147
992450
991728
991232
990811
9293
991934
992508
994834
992635
993825
990929
990775
992780
990402
994428
993836
9564
990161
991918
993137
994482
991463
990444
9239
994359
992811
9668
994727
9216
9475
994101
993941
991633
994492
991543
994658
994103
991604
993899
991665
990382
993876
992795
9112
990531
990930
48
9798
992338
990734
993640
994975
994293
991070
992094
992135
990337
990759
994990
9502
993025
992409
992097
992493
990123
992870
991702
992160
9252
990611
993484
992936
991452
992643
9199
9140
992863
994328
994533
994027
992039
992813
990271
991567
9287
991296
993100
992707
992134
993904
994966
992492
994073
990990
993708
9700
990858
990397
991332
9076
993390
990071
9857
992633
994788
991501
994917
9447
993649
9790
9461
994867
991238
9238
994033
994285
993382
9084
993912
994065
994291
992158
991421
994663
992271
994138
994254
9291
990034
991972
992700
993572
990227
993492
991981
992537
990108
994338
991541
993568
994984
994871
9849
993546
992983
990983
991682
993457
990140
992555
9402
991551
992082
991190
9604
991744
993908
990637
995007
991561
994191
993354
990369
992956
9802
994486
992326
990114
994916
9788
994644
991043
993302
994274
993215
990130
993330
990827
990344
994046
992340
9233
993206
993135
994496
994083
994655
992454
992381
9705
993231
991991
9576
993828
991957
9568
990469
991726
991752
9131
994112
992628
993166
9795
991608
994257
993994
992014
992869
990441
994513
992371
991210
991997
991104
992539
992235
993112
991930
993722
9855
9464
992063
994592
993690
991432
990714
991739
990808
990879
990346
993189
9625
9070
993448
992301
9264
992100
991659
990548
993681
993397
990629
994503
993997
994537
993813
994289
993139
992362
993160
991234
993073
994903
993832
991922
993292
993517
990504
9537
991150
994133
994770
993146
993346
9061
992001
990617
992469
994160
994050
9760
990485
990294
992743
991380
994180
994669
9105
990422
991184
993853
990476
991988
992346
990213
993502
992402
991124
9191
993737
993895
991426
9130
9206
994219
994066
992948
991883
992066
991978
990393
992645
994603
990888
992602
9122
990718
9429
991610
992287
991230
992979
994315
9347
9515
993059
994173
993300
9194
9046
993488
990558
991406
991246
991424
994421
9381
9435
992791
993677
991416
993809
993658
990378
994898
991144
993254
992267
990020
991769
991455
991221
9550
994767
992596
991539
991578
992525
992208
991483
993541
991949
991258
990854
994137
9344
990095
992198
991968
9164
991948
994577
993365
990343
993437
990752
991472
994768
994907
992446
991522
993465
991902
9579
992563
990598
993098
990097
993052
9713
993039
992050
990670
990700
993422
991107
994564
994402
991371
992984
992424
992356
9420
991877
9269
990455
9228
991063
993858
991754
990263
994705
992829
994509
990835
990872
9609
990479
994794
992126
992640
994354
992978
990852
994442
9043
9890
993670
995002
991048
991666
9536
9408
993325
994425
991242
9824
9774
993496
993516
9661
994120
9359
990661
990579
990035
9006
992372
993071
9623
994994
56
993241
991249
991746
990754
992245
990416
992199
9139
9826
992938
9504
993186
991477
991738
992483
992755
992345
9717
992532
991899
994631
994052
994500
992723
992517
994424
993636
993921
990354
994897
992052
9772
9480
9346
994998
990976
9047
992032
994445
992972
992727
993886
992968
990051
9696
992016
994213
994108
992123
991512
991622
991718
992771
992644
9459
993656
994711
994165
992945
993432
9646
994536
994326
992556
990366
992283
9073
990363
994250
9777
991786
990904
990371
991404
993356
992087
994443
994940
9333
992876
994569
992162
992471
990496
992459
992253
991119
990219
993246
990958
994459
993733
992400
991743
87
992760
993463
991971
991983
9160
994586
993757
993324
992708
990609
994321
991641
994774
9200
990580
994236
994977
993539
990246
994071
9871
9000
991331
990557
994687
994018
993103
991179
990576
9780
991156
994807
991126
994732
990895
9421
9893
990040
992939
990787
994102
9428
994806
993006
993291
9571
9365
990740
993087
992325
9003
9685
992310
994627
992802
991730
992053
994099
992284
990270
991747
994265
991830
990893
993893
990495
9094
992167
9681
990918
994989
9785
990400
991414
993271
992692
993999
990230
991938
992917
991910
994620
992562
992159
993443
992447
992608
993570
990288
992449
992971
994559
992709
991679
993355
992720
991634
992765
994580
992194
9698
994258
994210
990825
992908
991466
990341
990405
990633
9215
994930
992520
9302
990855
9183
992072
990757
992233
991146
991735
993386
990980
991606
993720
990911
991984
993256
994927
990726
992363
990507
993460
993033
992888
990064
993552
994039
990430
990771
991110
994049
9297
993092
992394
993883
990524
994534
993748
9734
992075
990293
9138
990890
995008
993731
994047
990647
994780
9658
993035
990428
993178
992249
993396
990501
991255
990170
990298
991263
991787
993699
993918
991945
994666
992020
991989
990859
990463
9030
994913
991267
994690
991006
993320
991673
993420
9786
994126
9219
9370
994775
993202
992112
990782
991740
991042
994467
993147
991428
993826
991660
993132
991376
992359
992195
992698
993933
990076
991349
993363
993957
993804
994477
991585
990481
991796
9317
9548
994850
990169
990705
994765
993521
9034
992584
990384
990065
991037
991857
9655
993577
9382
994873
9747
993657
9115
991508
990039
992914
992382
9648
992092
992445
9256
991103
991819
992259
994919
992558
993250
991885
991297
993133
994462
992025
994240
993124
991704
994003
993730
994676
9746
992257
994019
990545
66
993863
992739
9476
992192
994159
993477
992410
991456
992022
992068
9853
9380
994776
990512
992705
991947
990129
993162
9263
992322
992420
9078
992789
9652
990947
994393
9761
991378
993810
991218
9113
994012
994795
994702
991336
991337
9557
994715
994371
992940
993399
994634
992847
994345
994912
991325
992275
990991
992521
990514
9419
990949
991420
993425
993450
992203
994828
991770
990404
991810
992960
993752
991844
9642
993057
994622
991579
9585
994981
991088
992005
993121
992316
993062
992561
990279
993275
991131
992952
9878
993749
992815
9474
994074
992230
994925
992196
990601
991605
994230
990542
994343
993362
992544
993777
993763
992412
991075
992389
993444
991559
9167
990963
991305
990154
990951
991476
994385
994351
993038
991301
993001
994752
992818
992675
992333
9478
993149
991266
992512
9485
992548
994793
994694
992327
993682
994096
992107
990528
990361
994759
994996
994366
990690
994309
994879
991525
9813
990919
991775
992413
992054
994408
994407
990595
991207
9693
994372
992711
9601
993797
994742
993360
990285
993293
993029
993527
993168
990291
994700
992922
991629
993840
994815
992841
991025
991108
990587
9703
992853
992994
9351
994171
991160
992190
9332
992328
994218
991016
994168
74
9248
991459
993416
993480
993429
9724
991494
990850
990770
993175
992896
9298
990211
993288
992171
992313
993164
994816
993036
9710
993524
9323
992987
994072
992085
990894
991340
9305
994287
992524
992800
994999
9750
993629
994248
992758
994642
993398
992477
991905
992127
9357
993060
992716
990936
992886
994358
990565
992877
994614
990120
992348
992422
991167
993566
991575
993665
992288
992380
993703
990011
993136
9330
991511
994558
990189
9493
992833
991982
991486
990834
991391
991057
992077
990062
993198
992073
9524
993266
993712
993700
990967
994125
993884
994630
991540
990070
991352
9644
992418
992892
990818
991941
990118
9800
992893
992911
992580
9124
991635
9528
990791
993410
9580
994671
990374
993287
994549
990932
992549
991211
990562
994764
9013
9220
994000
993418
994699
994465
991252
9484
993673
991398
993596
993874
9758
992954
992746
9434
994942
993567
992266
994283
991943
992044
994862
994011
994686
993651
990790
991188
994962
993159
993273
991889
994249
991170
991200
992373
992488
994523
992655
9241
9806
991125
993452
990555
991143
993569
991558
994081
990092
990621
992396
994948
994444
992081
992695
993788
992293
990831
994092
994628
994556
991907
994135
994484
992351
991849
993646
993314
994539
990965
991183
993634
993154
993245
990287
992161
9150
990031
991515
993664
992034
993310
992434
990975
992792
9374
991793
991716
993319
992835
990642
990193
991960
992122
993491
991820
9002
991527
9632
992226
991116
994624
994177
9126
990869
992095
992250
991640
994055
992051
993069
990000
994548
991062
990750
993232
994146
992950
992484
992331
993234
994379
994262
991531
994782
9659
990607
991577
992096
990945
990631
990122
992318
990780
992557
991855
992632
990826
993903
992023
990362
994193
9817
992854
993283
992713
994158
9553
990280
994396
993478
994376
993327
994192
990741
993839
9466
992291
991969
993823
993483
993834
993163
993020
9114
993742
992309
994304
990853
991764
990711
993475
991865
994064
9511
994600
993736
994589
994835
993485
991140
994565
993053
993750
991145
992387
9208
991389
993440
994323
9673
991892
992706
992405
993937
991134
994803
993099
993931
990109
993342
994405
992186
994616
991845
990739
993696
992887
992091
992636
994378
992156
990898
993793
9354
993913
9567
50
993719
9590
993611
994633
994646
992704
994681
993528
993535
994237
992974
990373
990386
992554
993244
991130
990466
993988
991557
994015
9883
991031
992697
993284
992086
994448
990101
991686
993126
993850
992011
993888
9442
993743
990704
990096
994915
990702
994572
9577
991067
9417
9684
992712
9024
993885
993790
993218
993538
991272
9686
993578
9582
994350
992889
992150
994438
994131
990342
991197
993439
9367
991274
993637
9348
991692
9603
993791
9583
9236
994997
991614
991290
994555
990632
992664
993782
990664
990668
992232
994025
993542
993732
9023
994453
9867
994032
990061
993581
992297
991964
992571
994153
9020
993890
990809
992408
994244
992478
990721
990073
991805
991806
991714
994928
993786
991387
991047
990502
990473
992894
993034
993123
992036
990994
993861
991914
991413
991732
9737
991939
990420
9451
990491
994740
993518
992784
994022
993922
990816
994069
991450
992397
990612
992507
994938
994745
992295
990574
992425
992069
993571
990338
994004
9578
993388
994090
991685
992511
993935
9457
9598
993584
994506
994753
992421
990540
992884
994724
992465
994089
993298
992710
993436
994348
993476
991766
992925
991465
990296
993064
990999
994040
992881
993134
992429
991809
9411
991462
994932
990197
993783
9779
990924
993771
993860
991277
9562
9388
993456
88
994751
994415
994238
994561
991469
990586
993594
990066
992547
993195
9266
991482
991846
991201
994899
990399
994504
990717
991142
990395
994924
991478
992828
991395
990683
990772
991448
994673
994045
991765
990615
993762
9887
992067
9143
994750
9606
992234
993056
990777
992858
992701
992603
991926
9265
991353
9393
990582
992605
993479
993803
992519
990732
991175
991133
9744
993021
990407
990851
9205
993161
994521
990181
993041
994456
991887
991712
992435
990763
994026
993964
993010
994895
992366
991916
992436
992152
994629
993707
992280
991900
991377
992392
9816
994621
993395
990233
993267
9767
994557
993759
9453
991890
990385
994657
994373
993108
9549
9307
991236
993607
992729
993421
994688
992121
993239
991639
9166
993499
9438
993587
991373
992503
990131
993413
992228
990715
993174
990185
993870
992961
993120
992430
994545
994195
992980
9352
9363
992393
991780
994127
9074
9400
994161
992273
993676
993695
990391
992170
992501
9118
994167
994893
992627
994392
994656
994719
994439
994437
994951
993560
994707
993183
990569
991166
993953
990234
993806
993671
991181
991362
993219
9460
990538
991444
994829
9543
993153
993066
991226
990415
9763
992721
991127
994346
994357
994084
991055
9565
990278
991374
994317
994145
9494
993900
992533
990283
992977
992040
992414
992218
994861
990032
994800
990033
9833
994451
991990
991073
993574
9173
994953
993196
994817
993180
9431
991923
